BRKGA-Heuristic:

Execution 1:
Parametros: P=1000, Pe=0.3, Pm=0.15, pe=0.7, Parada=100
Start Time (hh:mm:ss.ms) 2023-07-17 09:45:54.072995
gen	min    	max    	avg    	std    
0  	344.975	380.738	374.937	4.00086
1  	287.295	379.828	346.725	25.8615
41 	287.078	379.128	304.493	29.653 
43 	285.538	379.898	303.043	30.0056
44 	284.845	378.848	302.635	30.5128
47 	284.425	378.498	300.83 	31.1186
48 	284.215	378.435	300.454	31.6085
49 	283.585	379.058	299.996	31.8106
51 	283.025	378.708	298.947	31.9132
52 	281.968	378.778	298.572	32.1892
55 	281.408	379.968	297.486	32.5222
56 	281.198	378.918	297.093	32.4942
58 	280.918	379.828	296.624	32.9416
59 	280.778	379.618	296.361	33.0971
61 	280.358	379.338	295.785	33.0186
62 	279.588	378.708	295.721	33.4906
67 	279.448	379.415	294.823	33.9744
68 	279.3  	378.498	294.506	33.7089
69 	279.175	378.575	294.355	33.8298
70 	279.035	378.358	294.21 	33.9079
71 	278.958	378.918	293.992	33.8241
72 	278.888	379.198	293.923	34.042 
73 	278.888	378.708	293.837	34.1344
74 	278.748	379.135	293.741	34.2166
75 	278.475	378.855	293.635	34.2773
76 	278.398	379.128	293.529	34.2378
77 	278.188	378.988	293.432	34.2706
80 	278.118	378.988	293.218	34.4047
81 	278.048	379.198	293.055	34.1776
82 	277.978	379.338	293.048	34.3296
85 	277.908	380.248	292.916	34.3551
86 	277.838	380.178	292.841	34.3336
88 	277.768	379.058	292.65 	34.2991
90 	277.705	378.988	292.612	34.667 
92 	277.558	379.128	292.459	34.6199
95 	277.495	379.478	292.292	34.6576
97 	277.495	379.128	292.213	34.5521
100	277.48 	379.205	292.24 	34.6851
201	277.48 	379.898	292.126	34.9038
End Time (hh:mm:ss.ms) 2023-07-17 09:48:52.324424
Total Time (hh:mm:ss.ms) 0:02:58.251429
Individuo: [[89, 29, 43, 85, 52, 10, 59, 4, 23, 19, 86, 36, 97, 96, 45, 44, 88, 39, 22, 49, 79, 66, 0, 38, 8, 61, 34, 40, 18, 26, 7, 87, 99, 9, 54, 25, 68, 28, 56, 12, 80, 14, 20, 3, 17, 98, 42, 67, 1, 57, 73, 2, 13, 83, 60, 32, 82, 71, 5, 69, 65, 93, 64, 27, 92, 91, 58, 81, 37, 24, 78, 46, 90, 51, 48, 33, 84, 15, 63, 76, 72, 41, 21, 47, 50, 74, 11, 77, 16, 31, 55, 35, 6, 75, 94, 30, 95, 62, 70, 53], [0, 0, 0, 1, 1, 1, 1, 1, 1, 1, 1, 1, 0, 0, 0, 0, 0, 1, 1, 1, 1, 1, 1, 0, 0, 0, 1, 0, 1, 0, 0, 0, 0, 0, 1, 0, 0, 0, 0, 1, 0, 1, 0, 0, 0, 1, 0, 1, 0, 1, 0, 0, 1, 1, 1, 1, 1, 1, 1, 1, 0, 0, 1, 0, 0, 0, 0, 0, 0, 0, 0, 1, 0, 0, 0, 0, 0, 0, 0, 0, 0, 0, 0, 0, 0, 0, 1, 1, 0, 0, 0, 1, 0, 0, 1, 0, 1, 0, 1, 1]]
Fitness:  277.4800000000003
Gens:  [0, 1, 2, 3, 4, 5, 6, 7, 8, 9, 10, 11, 12, 13, 14, 15, 16, 17, 18, 19, 20, 21, 22, 23, 24, 25, 26, 27, 28, 29, 30, 31, 32, 33, 34, 35, 36, 37, 38, 39, 40, 41, 42, 43, 44, 45, 46, 47, 48, 49, 50, 51, 52, 53, 54, 55, 56, 57, 58, 59, 60, 61, 62, 63, 64, 65, 66, 67, 68, 69, 70, 71, 72, 73, 74, 75, 76, 77, 78, 79, 80, 81, 82, 83, 84, 85, 86, 87, 88, 89, 90, 91, 92, 93, 94, 95, 96, 97, 98, 99, 100, 101, 102, 103, 104, 105, 106, 107, 108, 109, 110, 111, 112, 113, 114, 115, 116, 117, 118, 119, 120, 121, 122, 123, 124, 125, 126, 127, 128, 129, 130, 131, 132, 133, 134, 135, 136, 137, 138, 139, 140, 141, 142, 143, 144, 145, 146, 147, 148, 149, 150, 151, 152, 153, 154, 155, 156, 157, 158, 159, 160, 161, 162, 163, 164, 165, 166, 167, 168, 169, 170, 171, 172, 173, 174, 175, 176, 177, 178, 179, 180, 181, 182, 183, 184, 185, 186, 187, 188, 189, 190, 191, 192, 193, 194, 195, 196, 197, 198, 199, 200, 201]
Inds:  [344.97500000000065, 287.29500000000013, 287.29500000000013, 287.29500000000013, 287.29500000000013, 287.29500000000013, 287.29500000000013, 287.29500000000013, 287.29500000000013, 287.29500000000013, 287.29500000000013, 287.29500000000013, 287.29500000000013, 287.29500000000013, 287.29500000000013, 287.29500000000013, 287.29500000000013, 287.29500000000013, 287.29500000000013, 287.29500000000013, 287.29500000000013, 287.29500000000013, 287.29500000000013, 287.29500000000013, 287.29500000000013, 287.29500000000013, 287.29500000000013, 287.29500000000013, 287.29500000000013, 287.29500000000013, 287.29500000000013, 287.29500000000013, 287.29500000000013, 287.29500000000013, 287.29500000000013, 287.29500000000013, 287.29500000000013, 287.29500000000013, 287.29500000000013, 287.29500000000013, 287.29500000000013, 287.07750000000004, 287.07750000000004, 285.5375000000001, 284.8450000000001, 284.8450000000001, 284.8450000000001, 284.4250000000001, 284.2150000000001, 283.5850000000001, 283.5850000000001, 283.0250000000001, 281.96750000000014, 281.96750000000014, 281.96750000000014, 281.40750000000014, 281.1975000000002, 281.1975000000002, 280.91750000000025, 280.7775000000002, 280.7775000000002, 280.35750000000013, 279.58750000000026, 279.58750000000026, 279.58750000000026, 279.58750000000026, 279.58750000000026, 279.4475000000001, 279.30000000000024, 279.17500000000024, 279.0350000000001, 278.9575000000002, 278.8875000000002, 278.88750000000016, 278.74750000000023, 278.47500000000025, 278.3975000000003, 278.1875000000002, 278.1875000000002, 278.1875000000002, 278.1175000000003, 278.0475000000003, 277.9775000000003, 277.9775000000003, 277.9775000000003, 277.90750000000025, 277.83750000000026, 277.83750000000026, 277.76750000000027, 277.76750000000027, 277.70500000000027, 277.70500000000027, 277.5575000000003, 277.5575000000003, 277.5575000000003, 277.49500000000035, 277.49500000000035, 277.4950000000003, 277.4950000000003, 277.4950000000003, 277.4800000000003, 277.4800000000003, 277.4800000000003, 277.4800000000003, 277.4800000000003, 277.4800000000003, 277.4800000000003, 277.4800000000003, 277.4800000000003, 277.4800000000003, 277.4800000000003, 277.4800000000003, 277.4800000000003, 277.4800000000003, 277.4800000000003, 277.4800000000003, 277.4800000000003, 277.4800000000003, 277.4800000000003, 277.4800000000003, 277.4800000000003, 277.4800000000003, 277.4800000000003, 277.4800000000003, 277.4800000000003, 277.4800000000003, 277.4800000000003, 277.4800000000003, 277.4800000000003, 277.4800000000003, 277.4800000000003, 277.4800000000003, 277.4800000000003, 277.4800000000003, 277.4800000000003, 277.4800000000003, 277.4800000000003, 277.4800000000003, 277.4800000000003, 277.4800000000003, 277.4800000000003, 277.4800000000003, 277.4800000000003, 277.4800000000003, 277.4800000000003, 277.4800000000003, 277.4800000000003, 277.4800000000003, 277.4800000000003, 277.4800000000003, 277.4800000000003, 277.4800000000003, 277.4800000000003, 277.4800000000003, 277.4800000000003, 277.4800000000003, 277.4800000000003, 277.4800000000003, 277.4800000000003, 277.4800000000003, 277.4800000000003, 277.4800000000003, 277.4800000000003, 277.4800000000003, 277.4800000000003, 277.4800000000003, 277.4800000000003, 277.4800000000003, 277.4800000000003, 277.4800000000003, 277.4800000000003, 277.4800000000003, 277.4800000000003, 277.4800000000003, 277.4800000000003, 277.4800000000003, 277.4800000000003, 277.4800000000003, 277.4800000000003, 277.4800000000003, 277.4800000000003, 277.4800000000003, 277.4800000000003, 277.4800000000003, 277.4800000000003, 277.4800000000003, 277.4800000000003, 277.4800000000003, 277.4800000000003, 277.4800000000003, 277.4800000000003, 277.4800000000003, 277.4800000000003, 277.4800000000003, 277.4800000000003, 277.4800000000003, 277.4800000000003, 277.4800000000003, 277.4800000000003, 277.4800000000003, 277.4800000000003, 277.4800000000003]

Execution 2:
Parametros: P=1000, Pe=0.3, Pm=0.15, pe=0.7, Parada=100
Start Time (hh:mm:ss.ms) 2023-07-17 09:48:53.900417
gen	min    	max    	avg    	std    
0  	345.808	379.688	374.822	4.47743
1  	289.535	380.178	345.974	26.4493
19 	287.008	379.548	315.456	25.8199
36 	286.517	378.295	306.196	28.7199
39 	286.098	378.855	303.717	30.0648
40 	285.468	379.688	302.813	30.4907
41 	283.998	379.338	302.231	30.8108
44 	282.738	379.408	300.47 	31.4823
46 	282.388	379.128	299.342	31.7297
47 	281.758	378.358	299.054	32.0742
49 	281.198	378.708	298.117	32.4003
50 	280.988	378.778	297.62 	32.5052
51 	280.218	379.478	297.26 	32.5587
53 	279.448	379.478	296.612	33.1301
55 	279.315	379.338	295.902	33.286 
56 	279.028	378.988	295.822	33.5635
57 	278.608	379.058	295.307	33.4509
58 	278.328	379.548	295.074	33.5995
59 	278.258	378.918	294.86 	33.798 
60 	277.978	378.988	294.461	33.8776
61 	277.838	379.548	294.393	34.007 
62 	277.208	379.135	294.248	34.0333
64 	276.998	378.918	293.625	34.1497
65 	276.648	378.498	293.445	34.409 
66 	276.088	379.205	293.296	34.7457
67 	276.088	379.128	293.082	34.5851
68 	275.878	378.855	292.715	34.7358
69 	275.738	379.625	292.336	34.5144
70 	275.598	379.618	292.046	34.8852
72 	275.388	378.498	291.886	34.979 
73 	274.548	378.568	291.563	34.7937
77 	274.338	378.988	291.146	35.3459
79 	274.268	379.128	290.817	35.4407
80 	274.198	379.205	290.513	35.4201
81 	274.128	378.708	290.195	35.5412
82 	273.918	378.988	290.243	35.6478
83 	273.848	379.408	290.067	35.679 
87 	273.778	378.918	289.811	35.8371
90 	273.708	379.275	289.508	36.1655
98 	273.638	379.758	288.852	36.069 
199	273.638	379.268	288.752	36.0184
End Time (hh:mm:ss.ms) 2023-07-17 09:51:48.674902
Total Time (hh:mm:ss.ms) 0:02:54.774485
Individuo: [[5, 65, 69, 96, 12, 53, 39, 54, 22, 20, 62, 91, 81, 58, 48, 41, 72, 76, 63, 15, 84, 33, 7, 26, 49, 37, 24, 78, 93, 42, 57, 1, 73, 38, 67, 2, 0, 66, 79, 92, 17, 32, 82, 71, 29, 3, 97, 83, 13, 8, 16, 90, 51, 21, 87, 47, 64, 9, 80, 14, 34, 35, 55, 31, 61, 46, 98, 95, 60, 18, 6, 75, 4, 59, 10, 52, 85, 43, 89, 70, 19, 86, 88, 36, 44, 45, 56, 28, 68, 25, 30, 27, 94, 23, 99, 77, 11, 74, 50, 40], [1, 1, 1, 0, 1, 0, 1, 0, 0, 1, 1, 0, 1, 1, 1, 1, 1, 1, 1, 1, 1, 1, 1, 1, 0, 0, 0, 0, 1, 0, 0, 0, 0, 0, 0, 1, 0, 0, 1, 1, 0, 1, 1, 1, 1, 0, 1, 0, 0, 1, 0, 0, 0, 0, 0, 0, 0, 0, 0, 1, 0, 0, 1, 1, 1, 1, 1, 1, 1, 0, 0, 1, 0, 0, 0, 0, 0, 0, 1, 0, 0, 1, 1, 1, 1, 1, 1, 1, 1, 1, 1, 0, 0, 1, 1, 0, 0, 1, 1, 1]]
Fitness:  273.6375000000004
Gens:  [0, 1, 2, 3, 4, 5, 6, 7, 8, 9, 10, 11, 12, 13, 14, 15, 16, 17, 18, 19, 20, 21, 22, 23, 24, 25, 26, 27, 28, 29, 30, 31, 32, 33, 34, 35, 36, 37, 38, 39, 40, 41, 42, 43, 44, 45, 46, 47, 48, 49, 50, 51, 52, 53, 54, 55, 56, 57, 58, 59, 60, 61, 62, 63, 64, 65, 66, 67, 68, 69, 70, 71, 72, 73, 74, 75, 76, 77, 78, 79, 80, 81, 82, 83, 84, 85, 86, 87, 88, 89, 90, 91, 92, 93, 94, 95, 96, 97, 98, 99, 100, 101, 102, 103, 104, 105, 106, 107, 108, 109, 110, 111, 112, 113, 114, 115, 116, 117, 118, 119, 120, 121, 122, 123, 124, 125, 126, 127, 128, 129, 130, 131, 132, 133, 134, 135, 136, 137, 138, 139, 140, 141, 142, 143, 144, 145, 146, 147, 148, 149, 150, 151, 152, 153, 154, 155, 156, 157, 158, 159, 160, 161, 162, 163, 164, 165, 166, 167, 168, 169, 170, 171, 172, 173, 174, 175, 176, 177, 178, 179, 180, 181, 182, 183, 184, 185, 186, 187, 188, 189, 190, 191, 192, 193, 194, 195, 196, 197, 198, 199]
Inds:  [345.80750000000046, 289.535, 289.535, 289.535, 289.535, 289.535, 289.535, 289.535, 289.535, 289.535, 289.535, 289.535, 289.535, 289.535, 289.535, 289.535, 289.535, 289.535, 289.535, 287.0075000000001, 287.0075000000001, 287.0075000000001, 287.0075000000001, 287.0075000000001, 287.0075000000001, 287.0075000000001, 287.0075000000001, 287.0075000000001, 287.0075000000001, 287.0075000000001, 287.0075000000001, 287.0075000000001, 287.0075000000001, 287.0075000000001, 287.0075000000001, 287.0075000000001, 286.5175, 286.5175, 286.5175, 286.0975000000001, 285.46750000000003, 283.9975000000001, 283.9975000000001, 283.9975000000001, 282.7375000000002, 282.7375000000002, 282.38750000000005, 281.7575000000001, 281.7575000000001, 281.1975000000001, 280.9875000000002, 280.2175000000002, 280.2175000000002, 279.4475000000002, 279.4475000000002, 279.3150000000002, 279.02750000000015, 278.6075000000002, 278.3275000000003, 278.2575000000003, 277.97750000000025, 277.8375000000002, 277.20750000000027, 277.20750000000027, 276.99750000000023, 276.64750000000026, 276.0875000000003, 276.08750000000026, 275.8775000000003, 275.7375000000003, 275.59750000000025, 275.59750000000025, 275.38750000000033, 274.5475000000003, 274.5475000000003, 274.5475000000003, 274.5475000000003, 274.3375000000003, 274.3375000000003, 274.2675000000003, 274.19750000000033, 274.1275000000004, 273.91750000000036, 273.84750000000037, 273.84750000000037, 273.84750000000037, 273.84750000000037, 273.7775000000004, 273.7775000000004, 273.7775000000004, 273.7075000000004, 273.7075000000004, 273.7075000000004, 273.7075000000004, 273.7075000000004, 273.7075000000004, 273.7075000000004, 273.7075000000004, 273.6375000000004, 273.6375000000004, 273.6375000000004, 273.6375000000004, 273.6375000000004, 273.6375000000004, 273.6375000000004, 273.6375000000004, 273.6375000000004, 273.6375000000004, 273.6375000000004, 273.6375000000004, 273.6375000000004, 273.6375000000004, 273.6375000000004, 273.6375000000004, 273.6375000000004, 273.6375000000004, 273.6375000000004, 273.6375000000004, 273.6375000000004, 273.6375000000004, 273.6375000000004, 273.6375000000004, 273.6375000000004, 273.6375000000004, 273.6375000000004, 273.6375000000004, 273.6375000000004, 273.6375000000004, 273.6375000000004, 273.6375000000004, 273.6375000000004, 273.6375000000004, 273.6375000000004, 273.6375000000004, 273.6375000000004, 273.6375000000004, 273.6375000000004, 273.6375000000004, 273.6375000000004, 273.6375000000004, 273.6375000000004, 273.6375000000004, 273.6375000000004, 273.6375000000004, 273.6375000000004, 273.6375000000004, 273.6375000000004, 273.6375000000004, 273.6375000000004, 273.6375000000004, 273.6375000000004, 273.6375000000004, 273.6375000000004, 273.6375000000004, 273.6375000000004, 273.6375000000004, 273.6375000000004, 273.6375000000004, 273.6375000000004, 273.6375000000004, 273.6375000000004, 273.6375000000004, 273.6375000000004, 273.6375000000004, 273.6375000000004, 273.6375000000004, 273.6375000000004, 273.6375000000004, 273.6375000000004, 273.6375000000004, 273.6375000000004, 273.6375000000004, 273.6375000000004, 273.6375000000004, 273.6375000000004, 273.6375000000004, 273.6375000000004, 273.6375000000004, 273.6375000000004, 273.6375000000004, 273.6375000000004, 273.6375000000004, 273.6375000000004, 273.6375000000004, 273.6375000000004, 273.6375000000004, 273.6375000000004, 273.6375000000004, 273.6375000000004, 273.6375000000004, 273.6375000000004, 273.6375000000004, 273.6375000000004, 273.6375000000004, 273.6375000000004, 273.6375000000004, 273.6375000000004, 273.6375000000004, 273.6375000000004, 273.6375000000004]

Execution 3:
Parametros: P=1000, Pe=0.3, Pm=0.15, pe=0.7, Parada=100
Start Time (hh:mm:ss.ms) 2023-07-17 09:51:50.109035
gen	min    	max    	avg    	std    
0  	342.658	379.688	374.635	4.38115
1  	290.928	378.848	345.595	26.0381
53 	289.325	378.918	307.58 	28.4327
54 	288.905	379.065	306.806	28.7451
55 	288.757	378.925	306.173	29.1524
56 	287.63 	378.918	305.267	29.6615
57 	286.105	378.568	304.481	29.6388
59 	285.895	378.778	303.075	30.4506
60 	285.188	379.338	302.374	30.722 
61 	284.075	379.408	301.663	30.7794
62 	283.928	379.268	300.949	30.9614
63 	283.508	379.758	300.303	31.3498
64 	282.738	379.198	299.91 	31.7134
65 	282.465	379.338	299.118	31.78  
66 	281.128	379.688	298.886	32.1439
68 	280.505	379.968	297.755	32.601 
69 	280.435	380.178	297.334	32.6018
70 	280.015	378.855	296.95 	32.9733
71 	279.448	379.548	296.467	33.0188
72 	278.888	379.408	296.117	33.2291
74 	277.705	379.198	295.177	33.4783
76 	276.998	379.618	294.648	33.9026
78 	276.725	380.738	294.044	34.1692
81 	276.375	378.638	293.193	34.2511
82 	276.36 	379.198	292.92 	34.4634
84 	276.018	379.765	292.415	34.6955
85 	276.01 	379.548	292.123	34.6652
86 	275.73 	379.128	291.942	34.7513
87 	275.458	379.688	291.76 	35.0076
90 	275.318	378.715	291.262	35.2237
91 	274.898	379.758	291.094	35.2987
95 	274.835	379.275	290.479	35.3737
96 	274.82 	379.548	290.376	35.475 
97 	274.548	379.548	290.274	35.5353
100	274.54 	378.008	289.911	35.5022
101	274.135	378.925	289.958	35.8183
104	274.128	379.478	289.793	35.9599
105	274.058	378.638	289.632	35.7653
206	274.058	379.198	289.043	35.7266
End Time (hh:mm:ss.ms) 2023-07-17 09:54:45.563194
Total Time (hh:mm:ss.ms) 0:02:55.454159
Individuo: [[88, 39, 22, 54, 35, 9, 40, 34, 80, 6, 18, 29, 32, 82, 3, 62, 14, 75, 4, 59, 10, 52, 85, 43, 71, 17, 67, 42, 57, 1, 73, 2, 38, 0, 66, 79, 26, 49, 7, 48, 21, 87, 47, 27, 94, 95, 97, 20, 96, 92, 5, 65, 98, 60, 11, 77, 61, 78, 24, 37, 81, 58, 33, 84, 15, 63, 76, 72, 41, 31, 55, 50, 74, 69, 90, 16, 51, 45, 44, 36, 86, 19, 93, 13, 83, 23, 53, 12, 56, 28, 68, 25, 30, 64, 91, 99, 46, 8, 89, 70], [0, 1, 0, 0, 1, 1, 0, 1, 0, 1, 1, 0, 1, 1, 0, 0, 0, 1, 0, 0, 0, 0, 0, 1, 1, 0, 0, 0, 0, 0, 0, 0, 1, 0, 0, 0, 0, 1, 0, 1, 0, 0, 0, 0, 0, 0, 0, 1, 1, 1, 1, 1, 0, 1, 1, 1, 0, 1, 1, 1, 1, 1, 0, 0, 0, 0, 0, 0, 0, 0, 0, 0, 0, 0, 1, 0, 0, 0, 0, 0, 0, 0, 1, 1, 1, 1, 1, 0, 1, 1, 1, 1, 1, 0, 1, 1, 1, 1, 1, 0]]
Fitness:  274.0575000000003
Gens:  [0, 1, 2, 3, 4, 5, 6, 7, 8, 9, 10, 11, 12, 13, 14, 15, 16, 17, 18, 19, 20, 21, 22, 23, 24, 25, 26, 27, 28, 29, 30, 31, 32, 33, 34, 35, 36, 37, 38, 39, 40, 41, 42, 43, 44, 45, 46, 47, 48, 49, 50, 51, 52, 53, 54, 55, 56, 57, 58, 59, 60, 61, 62, 63, 64, 65, 66, 67, 68, 69, 70, 71, 72, 73, 74, 75, 76, 77, 78, 79, 80, 81, 82, 83, 84, 85, 86, 87, 88, 89, 90, 91, 92, 93, 94, 95, 96, 97, 98, 99, 100, 101, 102, 103, 104, 105, 106, 107, 108, 109, 110, 111, 112, 113, 114, 115, 116, 117, 118, 119, 120, 121, 122, 123, 124, 125, 126, 127, 128, 129, 130, 131, 132, 133, 134, 135, 136, 137, 138, 139, 140, 141, 142, 143, 144, 145, 146, 147, 148, 149, 150, 151, 152, 153, 154, 155, 156, 157, 158, 159, 160, 161, 162, 163, 164, 165, 166, 167, 168, 169, 170, 171, 172, 173, 174, 175, 176, 177, 178, 179, 180, 181, 182, 183, 184, 185, 186, 187, 188, 189, 190, 191, 192, 193, 194, 195, 196, 197, 198, 199, 200, 201, 202, 203, 204, 205, 206]
Inds:  [342.6575000000004, 290.9275, 290.9275, 290.9275, 290.9275, 290.9275, 290.9275, 290.9275, 290.9275, 290.9275, 290.9275, 290.9275, 290.9275, 290.9275, 290.9275, 290.9275, 290.9275, 290.9275, 290.9275, 290.9275, 290.9275, 290.9275, 290.9275, 290.9275, 290.9275, 290.9275, 290.9275, 290.9275, 290.9275, 290.9275, 290.9275, 290.9275, 290.9275, 290.9275, 290.9275, 290.9275, 290.9275, 290.9275, 290.9275, 290.9275, 290.9275, 290.9275, 290.9275, 290.9275, 290.9275, 290.9275, 290.9275, 290.9275, 290.9275, 290.9275, 290.9275, 290.9275, 290.9275, 289.3249999999998, 288.9050000000001, 288.75749999999994, 287.63000000000005, 286.105, 286.105, 285.895, 285.18750000000006, 284.075, 283.92750000000007, 283.5075000000001, 282.7375000000001, 282.46500000000003, 281.1275000000001, 281.1275000000001, 280.50500000000017, 280.435, 280.0150000000001, 279.4475000000001, 278.8875000000001, 278.8875000000001, 277.7050000000002, 277.7050000000002, 276.9975000000002, 276.9975000000002, 276.72500000000014, 276.72500000000014, 276.72500000000014, 276.37500000000017, 276.3600000000001, 276.3600000000001, 276.0175000000002, 276.0100000000002, 275.7300000000002, 275.45750000000027, 275.45750000000027, 275.45750000000027, 275.3175000000002, 274.89750000000026, 274.89750000000026, 274.89750000000026, 274.89750000000026, 274.83500000000026, 274.8200000000002, 274.54750000000024, 274.54750000000024, 274.54750000000024, 274.5400000000003, 274.1350000000003, 274.1350000000003, 274.1350000000003, 274.1275000000003, 274.0575000000003, 274.0575000000003, 274.0575000000003, 274.0575000000003, 274.0575000000003, 274.0575000000003, 274.0575000000003, 274.0575000000003, 274.0575000000003, 274.0575000000003, 274.0575000000003, 274.0575000000003, 274.0575000000003, 274.0575000000003, 274.0575000000003, 274.0575000000003, 274.0575000000003, 274.0575000000003, 274.0575000000003, 274.0575000000003, 274.0575000000003, 274.0575000000003, 274.0575000000003, 274.0575000000003, 274.0575000000003, 274.0575000000003, 274.0575000000003, 274.0575000000003, 274.0575000000003, 274.0575000000003, 274.0575000000003, 274.0575000000003, 274.0575000000003, 274.0575000000003, 274.0575000000003, 274.0575000000003, 274.0575000000003, 274.0575000000003, 274.0575000000003, 274.0575000000003, 274.0575000000003, 274.0575000000003, 274.0575000000003, 274.0575000000003, 274.0575000000003, 274.0575000000003, 274.0575000000003, 274.0575000000003, 274.0575000000003, 274.0575000000003, 274.0575000000003, 274.0575000000003, 274.0575000000003, 274.0575000000003, 274.0575000000003, 274.0575000000003, 274.0575000000003, 274.0575000000003, 274.0575000000003, 274.0575000000003, 274.0575000000003, 274.0575000000003, 274.0575000000003, 274.0575000000003, 274.0575000000003, 274.0575000000003, 274.0575000000003, 274.0575000000003, 274.0575000000003, 274.0575000000003, 274.0575000000003, 274.0575000000003, 274.0575000000003, 274.0575000000003, 274.0575000000003, 274.0575000000003, 274.0575000000003, 274.0575000000003, 274.0575000000003, 274.0575000000003, 274.0575000000003, 274.0575000000003, 274.0575000000003, 274.0575000000003, 274.0575000000003, 274.0575000000003, 274.0575000000003, 274.0575000000003, 274.0575000000003, 274.0575000000003, 274.0575000000003, 274.0575000000003, 274.0575000000003, 274.0575000000003, 274.0575000000003, 274.0575000000003, 274.0575000000003, 274.0575000000003, 274.0575000000003, 274.0575000000003, 274.0575000000003, 274.0575000000003]

Execution 4:
Parametros: P=1000, Pe=0.3, Pm=0.15, pe=0.7, Parada=100
Start Time (hh:mm:ss.ms) 2023-07-17 09:54:46.927161
gen	min    	max    	avg   	std    
0  	347.838	379.135	374.85	4.07375
1  	287.855	380.178	346.342	26.1862
44 	287.007	380.388	304.762	29.8364
45 	286.175	379.758	304.104	30.0878
46 	285.817	378.925	303.283	30.1112
47 	285.467	380.318	302.744	30.6634
48 	285.047	378.778	302.022	30.5541
49 	284.137	381.578	301.486	30.9379
50 	282.955	379.555	300.748	31.1275
52 	281.695	378.575	299.646	31.731 
53 	281.345	379.268	299.022	31.9657
55 	280.435	379.205	297.752	32.2934
56 	280.358	380.248	297.277	32.8236
57 	280.225	379.268	296.638	32.7561
58 	279.315	378.498	296.325	33.0818
59 	279.315	379.478	295.844	33.0801
60 	278.755	379.478	295.537	33.4941
61 	278.685	379.688	294.985	33.6435
62 	277.915	378.498	294.663	33.4718
65 	277.208	378.918	293.86 	34.1866
66 	277.138	378.155	293.419	34.1946
67 	276.788	379.338	293.104	34.2321
69 	276.298	378.568	292.721	34.7492
71 	276.018	379.968	292.282	34.8184
72 	275.878	379.065	291.922	34.7262
73 	275.598	378.778	291.734	35.0889
74 	275.528	379.415	291.356	34.8311
75 	275.318	378.428	291.359	35.2541
76 	275.178	378.708	291.053	35.1334
77 	275.108	379.898	290.82 	35.2483
78 	274.828	379.338	290.663	35.3401
79 	274.618	378.988	290.52 	35.4352
83 	274.548	379.408	290.162	35.6959
84 	274.415	378.988	290.072	35.7145
85 	274.338	379.828	290.018	35.916 
86 	274.198	379.275	289.854	35.8739
89 	274.128	379.478	289.583	35.797 
90 	274.128	378.568	289.586	35.9687
191	274.128	378.638	289.253	36.0412
End Time (hh:mm:ss.ms) 2023-07-17 09:57:35.108268
Total Time (hh:mm:ss.ms) 0:02:48.181107
Individuo: [[19, 86, 88, 45, 12, 22, 89, 36, 44, 56, 93, 99, 40, 24, 78, 38, 2, 73, 1, 57, 42, 0, 66, 79, 68, 92, 17, 97, 60, 18, 35, 55, 31, 11, 46, 8, 67, 13, 83, 32, 71, 5, 65, 74, 50, 9, 27, 30, 25, 76, 28, 91, 37, 96, 69, 77, 61, 16, 51, 48, 58, 81, 49, 26, 7, 33, 84, 15, 63, 72, 41, 21, 87, 47, 90, 98, 62, 20, 29, 3, 14, 95, 54, 39, 53, 64, 94, 75, 80, 34, 6, 4, 82, 43, 85, 52, 10, 59, 23, 70], [1, 1, 1, 1, 1, 0, 1, 1, 1, 0, 1, 0, 1, 0, 0, 1, 1, 1, 1, 1, 1, 0, 0, 0, 0, 1, 1, 0, 1, 0, 0, 1, 1, 1, 1, 0, 0, 1, 1, 1, 1, 1, 1, 1, 1, 0, 1, 0, 0, 1, 0, 0, 0, 1, 1, 1, 0, 0, 0, 0, 0, 0, 1, 0, 0, 0, 0, 0, 0, 0, 0, 0, 0, 0, 1, 0, 0, 0, 0, 1, 0, 0, 1, 0, 1, 1, 0, 0, 1, 0, 0, 0, 1, 0, 1, 1, 1, 1, 1, 1]]
Fitness:  274.12750000000017
Gens:  [0, 1, 2, 3, 4, 5, 6, 7, 8, 9, 10, 11, 12, 13, 14, 15, 16, 17, 18, 19, 20, 21, 22, 23, 24, 25, 26, 27, 28, 29, 30, 31, 32, 33, 34, 35, 36, 37, 38, 39, 40, 41, 42, 43, 44, 45, 46, 47, 48, 49, 50, 51, 52, 53, 54, 55, 56, 57, 58, 59, 60, 61, 62, 63, 64, 65, 66, 67, 68, 69, 70, 71, 72, 73, 74, 75, 76, 77, 78, 79, 80, 81, 82, 83, 84, 85, 86, 87, 88, 89, 90, 91, 92, 93, 94, 95, 96, 97, 98, 99, 100, 101, 102, 103, 104, 105, 106, 107, 108, 109, 110, 111, 112, 113, 114, 115, 116, 117, 118, 119, 120, 121, 122, 123, 124, 125, 126, 127, 128, 129, 130, 131, 132, 133, 134, 135, 136, 137, 138, 139, 140, 141, 142, 143, 144, 145, 146, 147, 148, 149, 150, 151, 152, 153, 154, 155, 156, 157, 158, 159, 160, 161, 162, 163, 164, 165, 166, 167, 168, 169, 170, 171, 172, 173, 174, 175, 176, 177, 178, 179, 180, 181, 182, 183, 184, 185, 186, 187, 188, 189, 190, 191]
Inds:  [347.8375000000006, 287.855, 287.855, 287.855, 287.855, 287.855, 287.855, 287.855, 287.855, 287.855, 287.855, 287.855, 287.855, 287.855, 287.855, 287.855, 287.855, 287.855, 287.855, 287.855, 287.855, 287.855, 287.855, 287.855, 287.855, 287.855, 287.855, 287.855, 287.855, 287.855, 287.855, 287.855, 287.855, 287.855, 287.855, 287.855, 287.855, 287.855, 287.855, 287.855, 287.855, 287.855, 287.855, 287.855, 287.0074999999999, 286.17499999999995, 285.81749999999977, 285.4674999999999, 285.04749999999984, 284.13749999999993, 282.95499999999987, 282.95499999999987, 281.69500000000005, 281.34499999999997, 281.34499999999997, 280.43500000000006, 280.3575, 280.22500000000014, 279.3150000000001, 279.315, 278.7550000000001, 278.68500000000023, 277.91500000000013, 277.91500000000013, 277.91500000000013, 277.2075000000002, 277.13750000000005, 276.7875000000002, 276.7875000000002, 276.29750000000024, 276.29750000000024, 276.01750000000015, 275.87750000000017, 275.5975000000002, 275.52750000000015, 275.3175000000002, 275.17750000000024, 275.1075000000002, 274.8275000000002, 274.6175000000002, 274.6175000000002, 274.6175000000002, 274.6175000000002, 274.54750000000024, 274.41500000000013, 274.3375000000002, 274.1975000000002, 274.1975000000002, 274.1975000000002, 274.1275000000003, 274.12750000000017, 274.12750000000017, 274.12750000000017, 274.12750000000017, 274.12750000000017, 274.12750000000017, 274.12750000000017, 274.12750000000017, 274.12750000000017, 274.12750000000017, 274.12750000000017, 274.12750000000017, 274.12750000000017, 274.12750000000017, 274.12750000000017, 274.12750000000017, 274.12750000000017, 274.12750000000017, 274.12750000000017, 274.12750000000017, 274.12750000000017, 274.12750000000017, 274.12750000000017, 274.12750000000017, 274.12750000000017, 274.12750000000017, 274.12750000000017, 274.12750000000017, 274.12750000000017, 274.12750000000017, 274.12750000000017, 274.12750000000017, 274.12750000000017, 274.12750000000017, 274.12750000000017, 274.12750000000017, 274.12750000000017, 274.12750000000017, 274.12750000000017, 274.12750000000017, 274.12750000000017, 274.12750000000017, 274.12750000000017, 274.12750000000017, 274.12750000000017, 274.12750000000017, 274.12750000000017, 274.12750000000017, 274.12750000000017, 274.12750000000017, 274.12750000000017, 274.12750000000017, 274.12750000000017, 274.12750000000017, 274.12750000000017, 274.12750000000017, 274.12750000000017, 274.12750000000017, 274.12750000000017, 274.12750000000017, 274.12750000000017, 274.12750000000017, 274.12750000000017, 274.12750000000017, 274.12750000000017, 274.12750000000017, 274.12750000000017, 274.12750000000017, 274.12750000000017, 274.12750000000017, 274.12750000000017, 274.12750000000017, 274.12750000000017, 274.12750000000017, 274.12750000000017, 274.12750000000017, 274.12750000000017, 274.12750000000017, 274.12750000000017, 274.12750000000017, 274.12750000000017, 274.12750000000017, 274.12750000000017, 274.12750000000017, 274.12750000000017, 274.12750000000017, 274.12750000000017, 274.12750000000017, 274.12750000000017, 274.12750000000017, 274.12750000000017, 274.12750000000017, 274.12750000000017, 274.12750000000017, 274.12750000000017, 274.12750000000017, 274.12750000000017, 274.12750000000017, 274.12750000000017, 274.12750000000017, 274.12750000000017, 274.12750000000017]

Execution 5:
Parametros: P=1000, Pe=0.3, Pm=0.15, pe=0.7, Parada=100
Start Time (hh:mm:ss.ms) 2023-07-17 09:57:36.445267
gen	min    	max    	avg    	std    
0  	349.525	379.338	374.916	3.90333
1  	287.435	380.255	346.59 	25.873 
37 	287.295	378.778	304.493	29.8852
38 	287.085	379.975	303.754	29.918 
40 	285.755	378.848	302.345	30.2039
41 	284.985	378.855	301.814	30.6159
42 	284.565	379.898	301.243	30.9515
43 	284.075	379.058	300.683	31.1215
44 	284.075	379.198	300.178	31.4083
45 	283.585	378.498	299.801	31.7283
47 	283.165	380.045	298.837	31.9545
48 	282.885	379.135	298.555	32.2283
49 	282.605	380.038	298.12 	32.1743
50 	281.485	379.688	297.69 	32.4382
51 	281.205	378.715	297.332	32.391 
53 	280.995	378.708	296.836	32.8212
54 	280.855	380.395	296.539	33.0325
55 	280.645	378.708	296.26 	33.0742
56 	280.225	378.855	295.919	33.1906
57 	279.805	380.948	295.741	33.4446
58 	279.595	379.345	295.441	33.47  
59 	279.518	378.638	295.02 	33.2956
60 	279.308	379.198	294.853	33.6579
61 	279.168	378.988	294.586	33.798 
62 	278.748	379.058	294.372	33.9817
63 	278.328	380.108	294.106	34.017 
65 	278.258	379.058	293.626	34.1141
66 	278.118	379.338	293.44 	34.2577
67 	277.978	379.478	293.181	34.1786
68 	277.838	379.695	293.047	34.3256
69 	277.768	380.248	292.984	34.5838
70 	277.628	379.128	292.762	34.4056
71 	277.558	379.765	292.691	34.594 
72 	277.488	379.828	292.548	34.5864
73 	277.208	379.128	292.424	34.6004
75 	277.138	378.778	292.297	34.8651
76 	277.068	379.898	292.163	34.8166
78 	276.858	380.318	291.966	34.8413
80 	276.788	379.975	291.72 	34.7175
181	276.788	379.688	291.444	34.9301
End Time (hh:mm:ss.ms) 2023-07-17 10:00:11.014582
Total Time (hh:mm:ss.ms) 0:02:34.569315
Individuo: [[23, 95, 71, 43, 85, 52, 10, 59, 4, 75, 14, 20, 24, 78, 2, 73, 1, 57, 13, 42, 67, 77, 11, 83, 17, 5, 98, 3, 82, 32, 65, 74, 96, 56, 28, 68, 30, 9, 21, 41, 47, 87, 72, 76, 63, 15, 84, 33, 81, 49, 79, 0, 51, 93, 61, 46, 8, 38, 66, 99, 27, 64, 40, 90, 16, 31, 55, 48, 7, 50, 69, 18, 6, 80, 34, 35, 97, 60, 92, 26, 37, 58, 91, 25, 94, 70, 19, 86, 88, 36, 44, 45, 12, 53, 22, 54, 39, 62, 29, 89], [0, 1, 0, 0, 1, 1, 1, 1, 1, 0, 1, 0, 0, 0, 1, 1, 1, 1, 1, 1, 1, 0, 0, 1, 1, 0, 0, 0, 0, 0, 1, 1, 0, 1, 1, 1, 1, 1, 1, 1, 1, 1, 1, 1, 1, 1, 1, 1, 0, 1, 1, 1, 0, 0, 1, 1, 1, 1, 0, 0, 1, 0, 0, 0, 1, 0, 1, 0, 1, 0, 0, 0, 0, 1, 0, 0, 0, 1, 0, 1, 0, 1, 1, 0, 1, 0, 1, 1, 1, 1, 1, 1, 1, 0, 0, 0, 0, 1, 0, 1]]
Fitness:  276.7875000000001
Gens:  [0, 1, 2, 3, 4, 5, 6, 7, 8, 9, 10, 11, 12, 13, 14, 15, 16, 17, 18, 19, 20, 21, 22, 23, 24, 25, 26, 27, 28, 29, 30, 31, 32, 33, 34, 35, 36, 37, 38, 39, 40, 41, 42, 43, 44, 45, 46, 47, 48, 49, 50, 51, 52, 53, 54, 55, 56, 57, 58, 59, 60, 61, 62, 63, 64, 65, 66, 67, 68, 69, 70, 71, 72, 73, 74, 75, 76, 77, 78, 79, 80, 81, 82, 83, 84, 85, 86, 87, 88, 89, 90, 91, 92, 93, 94, 95, 96, 97, 98, 99, 100, 101, 102, 103, 104, 105, 106, 107, 108, 109, 110, 111, 112, 113, 114, 115, 116, 117, 118, 119, 120, 121, 122, 123, 124, 125, 126, 127, 128, 129, 130, 131, 132, 133, 134, 135, 136, 137, 138, 139, 140, 141, 142, 143, 144, 145, 146, 147, 148, 149, 150, 151, 152, 153, 154, 155, 156, 157, 158, 159, 160, 161, 162, 163, 164, 165, 166, 167, 168, 169, 170, 171, 172, 173, 174, 175, 176, 177, 178, 179, 180, 181]
Inds:  [349.52500000000055, 287.435, 287.435, 287.435, 287.435, 287.435, 287.435, 287.435, 287.435, 287.435, 287.435, 287.435, 287.435, 287.435, 287.435, 287.435, 287.435, 287.435, 287.435, 287.435, 287.435, 287.435, 287.435, 287.435, 287.435, 287.435, 287.435, 287.435, 287.435, 287.435, 287.435, 287.435, 287.435, 287.435, 287.435, 287.435, 287.435, 287.29499999999996, 287.0849999999999, 287.0849999999999, 285.755, 284.98499999999996, 284.565, 284.07500000000005, 284.07499999999993, 283.585, 283.585, 283.16499999999996, 282.885, 282.605, 281.48500000000007, 281.2050000000001, 281.2050000000001, 280.9950000000001, 280.8550000000001, 280.64500000000004, 280.2250000000001, 279.8050000000001, 279.5950000000001, 279.5175000000001, 279.3075000000001, 279.1675000000001, 278.74750000000006, 278.32750000000016, 278.32750000000016, 278.25750000000016, 278.1175000000001, 277.9775000000001, 277.83750000000015, 277.7675000000001, 277.62750000000017, 277.5575000000001, 277.4875000000001, 277.2075000000001, 277.2075000000001, 277.13750000000016, 277.0675000000001, 277.0675000000001, 276.8575000000001, 276.8575000000001, 276.7875000000001, 276.7875000000001, 276.7875000000001, 276.7875000000001, 276.7875000000001, 276.7875000000001, 276.7875000000001, 276.7875000000001, 276.7875000000001, 276.7875000000001, 276.7875000000001, 276.7875000000001, 276.7875000000001, 276.7875000000001, 276.7875000000001, 276.7875000000001, 276.7875000000001, 276.7875000000001, 276.7875000000001, 276.7875000000001, 276.7875000000001, 276.7875000000001, 276.7875000000001, 276.7875000000001, 276.7875000000001, 276.7875000000001, 276.7875000000001, 276.7875000000001, 276.7875000000001, 276.7875000000001, 276.7875000000001, 276.7875000000001, 276.7875000000001, 276.7875000000001, 276.7875000000001, 276.7875000000001, 276.7875000000001, 276.7875000000001, 276.7875000000001, 276.7875000000001, 276.7875000000001, 276.7875000000001, 276.7875000000001, 276.7875000000001, 276.7875000000001, 276.7875000000001, 276.7875000000001, 276.7875000000001, 276.7875000000001, 276.7875000000001, 276.7875000000001, 276.7875000000001, 276.7875000000001, 276.7875000000001, 276.7875000000001, 276.7875000000001, 276.7875000000001, 276.7875000000001, 276.7875000000001, 276.7875000000001, 276.7875000000001, 276.7875000000001, 276.7875000000001, 276.7875000000001, 276.7875000000001, 276.7875000000001, 276.7875000000001, 276.7875000000001, 276.7875000000001, 276.7875000000001, 276.7875000000001, 276.7875000000001, 276.7875000000001, 276.7875000000001, 276.7875000000001, 276.7875000000001, 276.7875000000001, 276.7875000000001, 276.7875000000001, 276.7875000000001, 276.7875000000001, 276.7875000000001, 276.7875000000001, 276.7875000000001, 276.7875000000001, 276.7875000000001, 276.7875000000001, 276.7875000000001, 276.7875000000001, 276.7875000000001, 276.7875000000001, 276.7875000000001, 276.7875000000001, 276.7875000000001, 276.7875000000001, 276.7875000000001, 276.7875000000001, 276.7875000000001, 276.7875000000001, 276.7875000000001, 276.7875000000001, 276.7875000000001]

Execution 6:
Parametros: P=1000, Pe=0.3, Pm=0.15, pe=0.7, Parada=100
Start Time (hh:mm:ss.ms) 2023-07-17 10:00:12.435582
gen	min    	max    	avg    	std    
0  	350.638	379.268	374.815	3.96897
1  	290.928	379.058	346.509	25.7964
52 	290.85 	379.548	307.422	28.5908
53 	289.66 	379.548	306.451	28.8823
54 	289.59 	378.855	305.832	29.0467
55 	289.17 	379.135	305.161	29.5167
56 	288.33 	379.478	304.488	29.6932
57 	288.05 	379.695	303.841	29.7598
58 	287.56 	379.758	303.232	30.0902
59 	287.14 	378.848	302.86 	30.5663
61 	285.958	378.855	301.77 	30.3991
63 	285.678	379.695	301.217	31.2746
64 	285.53 	382.425	300.731	30.9586
65 	284.977	379.835	300.407	31.266 
67 	284.83 	378.988	299.779	31.665 
68 	284.278	379.548	299.448	31.7222
69 	283.57 	379.828	299.099	31.7183
71 	283.017	378.785	298.711	32.0748
73 	282.458	379.408	298.227	32.4108
75 	282.387	379.695	297.649	32.4048
76 	282.03 	379.898	297.374	32.4524
78 	281.268	379.968	297.065	32.8309
80 	281.26 	378.638	296.554	32.9705
81 	281.058	379.548	296.305	32.9599
82 	280.7  	378.988	296.085	32.9776
83 	280.28 	378.988	296.011	33.3779
87 	279.938	379.275	295.204	33.6655
88 	279.93 	380.178	294.923	33.542 
89 	279.65 	379.345	294.858	33.8224
90 	279.098	379.408	294.664	33.8377
95 	279.028	379.828	293.976	33.997 
96 	278.958	379.198	293.918	34.184 
97 	278.888	379.198	293.746	34.0746
98 	278.678	378.848	293.649	34.0829
99 	278.678	379.408	293.556	34.1085
100	278.53 	378.708	293.489	34.2128
101	278.53 	379.268	293.423	34.2571
102	278.32 	379.905	293.298	34.1667
106	278.32 	379.478	293.034	34.2158
107	278.25 	378.435	293.088	34.4739
109	278.18 	380.528	292.846	34.3252
210	278.18 	378.715	292.736	34.6595
End Time (hh:mm:ss.ms) 2023-07-17 10:03:13.911602
Total Time (hh:mm:ss.ms) 0:03:01.476020
Individuo: [[70, 91, 22, 54, 89, 32, 83, 13, 80, 59, 75, 4, 93, 0, 66, 96, 27, 9, 55, 50, 40, 64, 76, 28, 95, 35, 18, 99, 8, 46, 77, 60, 3, 17, 97, 65, 85, 94, 20, 14, 23, 19, 86, 88, 36, 44, 56, 45, 12, 25, 68, 21, 30, 47, 87, 41, 33, 72, 63, 15, 84, 58, 81, 49, 26, 7, 48, 51, 31, 16, 79, 98, 6, 53, 39, 62, 29, 5, 71, 82, 10, 52, 43, 92, 37, 24, 61, 74, 69, 90, 78, 38, 1, 57, 73, 2, 42, 67, 11, 34], [0, 1, 0, 0, 0, 0, 0, 0, 0, 0, 1, 0, 0, 0, 0, 0, 0, 1, 1, 1, 1, 1, 0, 0, 0, 1, 1, 1, 0, 0, 0, 0, 0, 0, 1, 1, 1, 0, 1, 0, 1, 1, 1, 1, 1, 1, 1, 1, 1, 0, 1, 1, 1, 1, 1, 1, 1, 1, 1, 1, 1, 0, 0, 1, 0, 0, 1, 1, 0, 0, 1, 0, 1, 0, 1, 1, 0, 0, 0, 0, 0, 0, 1, 0, 0, 0, 1, 0, 0, 1, 1, 1, 1, 1, 0, 1, 1, 1, 0, 0]]
Fitness:  278.1800000000001
Gens:  [0, 1, 2, 3, 4, 5, 6, 7, 8, 9, 10, 11, 12, 13, 14, 15, 16, 17, 18, 19, 20, 21, 22, 23, 24, 25, 26, 27, 28, 29, 30, 31, 32, 33, 34, 35, 36, 37, 38, 39, 40, 41, 42, 43, 44, 45, 46, 47, 48, 49, 50, 51, 52, 53, 54, 55, 56, 57, 58, 59, 60, 61, 62, 63, 64, 65, 66, 67, 68, 69, 70, 71, 72, 73, 74, 75, 76, 77, 78, 79, 80, 81, 82, 83, 84, 85, 86, 87, 88, 89, 90, 91, 92, 93, 94, 95, 96, 97, 98, 99, 100, 101, 102, 103, 104, 105, 106, 107, 108, 109, 110, 111, 112, 113, 114, 115, 116, 117, 118, 119, 120, 121, 122, 123, 124, 125, 126, 127, 128, 129, 130, 131, 132, 133, 134, 135, 136, 137, 138, 139, 140, 141, 142, 143, 144, 145, 146, 147, 148, 149, 150, 151, 152, 153, 154, 155, 156, 157, 158, 159, 160, 161, 162, 163, 164, 165, 166, 167, 168, 169, 170, 171, 172, 173, 174, 175, 176, 177, 178, 179, 180, 181, 182, 183, 184, 185, 186, 187, 188, 189, 190, 191, 192, 193, 194, 195, 196, 197, 198, 199, 200, 201, 202, 203, 204, 205, 206, 207, 208, 209, 210]
Inds:  [350.63750000000044, 290.9275000000001, 290.9275000000001, 290.9275000000001, 290.9275000000001, 290.9275000000001, 290.9275000000001, 290.9275000000001, 290.9275000000001, 290.9275000000001, 290.9275000000001, 290.9275000000001, 290.9275000000001, 290.9275000000001, 290.9275000000001, 290.9275000000001, 290.9275000000001, 290.9275000000001, 290.9275000000001, 290.9275000000001, 290.9275000000001, 290.9275000000001, 290.9275000000001, 290.9275000000001, 290.9275000000001, 290.9275000000001, 290.9275000000001, 290.9275000000001, 290.9275000000001, 290.9275000000001, 290.9275000000001, 290.9275000000001, 290.9275000000001, 290.9275000000001, 290.9275000000001, 290.9275000000001, 290.9275000000001, 290.9275000000001, 290.9275000000001, 290.9275000000001, 290.9275000000001, 290.9275000000001, 290.9275000000001, 290.9275000000001, 290.9275000000001, 290.9275000000001, 290.9275000000001, 290.9275000000001, 290.9275000000001, 290.9275000000001, 290.9275000000001, 290.9275000000001, 290.84999999999985, 289.65999999999985, 289.59000000000003, 289.1699999999999, 288.32999999999987, 288.0499999999999, 287.56, 287.1399999999999, 287.1399999999999, 285.95750000000004, 285.95750000000004, 285.6775, 285.53000000000003, 284.9774999999999, 284.9774999999999, 284.83000000000004, 284.27750000000003, 283.57, 283.57, 283.0174999999999, 283.0174999999999, 282.4575000000001, 282.4575000000001, 282.38749999999993, 282.03000000000003, 282.03000000000003, 281.26750000000004, 281.26750000000004, 281.2600000000001, 281.05750000000006, 280.7, 280.28000000000003, 280.28000000000003, 280.28000000000003, 280.28000000000003, 279.9375, 279.93000000000006, 279.65000000000003, 279.0975000000002, 279.0975000000002, 279.0975000000002, 279.0975000000002, 279.0975000000002, 279.02750000000003, 278.9575000000001, 278.88750000000016, 278.6775000000001, 278.67750000000007, 278.5300000000002, 278.53000000000014, 278.32000000000016, 278.32000000000016, 278.32000000000016, 278.32000000000016, 278.3200000000001, 278.2500000000001, 278.2500000000001, 278.1800000000001, 278.1800000000001, 278.1800000000001, 278.1800000000001, 278.1800000000001, 278.1800000000001, 278.1800000000001, 278.1800000000001, 278.1800000000001, 278.1800000000001, 278.1800000000001, 278.1800000000001, 278.1800000000001, 278.1800000000001, 278.1800000000001, 278.1800000000001, 278.1800000000001, 278.1800000000001, 278.1800000000001, 278.1800000000001, 278.1800000000001, 278.1800000000001, 278.1800000000001, 278.1800000000001, 278.1800000000001, 278.1800000000001, 278.1800000000001, 278.1800000000001, 278.1800000000001, 278.1800000000001, 278.1800000000001, 278.1800000000001, 278.1800000000001, 278.1800000000001, 278.1800000000001, 278.1800000000001, 278.1800000000001, 278.1800000000001, 278.1800000000001, 278.1800000000001, 278.1800000000001, 278.1800000000001, 278.1800000000001, 278.1800000000001, 278.1800000000001, 278.1800000000001, 278.1800000000001, 278.1800000000001, 278.1800000000001, 278.1800000000001, 278.1800000000001, 278.1800000000001, 278.1800000000001, 278.1800000000001, 278.1800000000001, 278.1800000000001, 278.1800000000001, 278.1800000000001, 278.1800000000001, 278.1800000000001, 278.1800000000001, 278.1800000000001, 278.1800000000001, 278.1800000000001, 278.1800000000001, 278.1800000000001, 278.1800000000001, 278.1800000000001, 278.1800000000001, 278.1800000000001, 278.1800000000001, 278.1800000000001, 278.1800000000001, 278.1800000000001, 278.1800000000001, 278.1800000000001, 278.1800000000001, 278.1800000000001, 278.1800000000001, 278.1800000000001, 278.1800000000001, 278.1800000000001, 278.1800000000001, 278.1800000000001, 278.1800000000001, 278.1800000000001, 278.1800000000001, 278.1800000000001, 278.1800000000001, 278.1800000000001, 278.1800000000001, 278.1800000000001, 278.1800000000001, 278.1800000000001, 278.1800000000001, 278.1800000000001, 278.1800000000001, 278.1800000000001, 278.1800000000001, 278.1800000000001, 278.1800000000001, 278.1800000000001]

Execution 7:
Parametros: P=1000, Pe=0.3, Pm=0.15, pe=0.7, Parada=100
Start Time (hh:mm:ss.ms) 2023-07-17 10:03:15.537696
gen	min    	max    	avg    	std    
0  	346.095	379.898	374.818	4.21185
1  	290.025	379.828	346.15 	26.116 
52 	289.325	379.548	308.58 	28.3843
53 	287.435	379.338	307.384	28.6917
56 	287.287	379.688	305.041	29.5948
57 	286.238	379.408	304.246	29.9356
58 	284.845	378.498	303.461	30.1194
61 	284.355	379.198	301.359	30.9942
62 	282.115	379.058	300.741	31.5201
65 	281.065	379.758	298.8  	32.0537
67 	280.925	379.058	297.835	32.4559
68 	279.805	379.128	297.35 	32.497 
69 	279.098	378.638	296.821	32.823 
72 	278.895	379.695	295.707	33.3404
73 	278.258	379.268	295.183	33.2788
75 	277.915	378.428	294.653	33.8387
76 	277.698	379.128	294.239	33.9111
77 	277.425	378.785	293.893	34.0506
78 	276.515	379.058	293.653	34.2169
81 	276.375	379.268	292.662	34.4279
82 	276.095	379.548	292.436	34.6875
83 	275.955	379.338	292.141	34.5601
84 	275.185	379.198	292.061	34.8516
89 	274.905	378.848	290.931	35.3308
90 	274.555	378.638	290.659	35.2015
93 	274.415	378.918	290.237	35.5294
95 	274.275	379.898	289.973	35.5773
97 	274.065	379.765	289.795	35.7857
98 	273.995	379.758	289.615	35.671 
99 	273.925	378.988	289.552	35.782 
100	273.785	379.345	289.466	35.7553
109	273.785	379.268	288.936	36.0988
210	273.785	379.688	288.961	36.1565
End Time (hh:mm:ss.ms) 2023-07-17 10:06:10.131945
Total Time (hh:mm:ss.ms) 0:02:54.594249
Individuo: [[86, 19, 92, 0, 97, 71, 82, 32, 3, 62, 20, 60, 69, 74, 37, 24, 78, 38, 66, 79, 26, 7, 58, 81, 49, 91, 96, 18, 35, 55, 31, 84, 90, 8, 67, 13, 83, 17, 5, 29, 98, 46, 61, 16, 51, 41, 72, 76, 63, 15, 33, 48, 21, 87, 47, 27, 53, 12, 95, 9, 30, 25, 68, 28, 56, 45, 44, 36, 88, 70, 39, 22, 50, 89, 43, 85, 52, 10, 59, 4, 75, 14, 40, 54, 64, 94, 23, 80, 34, 6, 93, 42, 57, 1, 73, 2, 99, 77, 11, 65], [0, 0, 0, 1, 0, 0, 0, 0, 0, 0, 0, 1, 1, 1, 0, 0, 0, 1, 0, 0, 0, 0, 0, 0, 1, 0, 1, 0, 0, 1, 1, 1, 1, 0, 0, 1, 1, 1, 0, 0, 1, 0, 0, 0, 0, 1, 1, 1, 1, 1, 1, 1, 0, 0, 0, 0, 1, 0, 0, 1, 0, 0, 0, 0, 0, 0, 0, 0, 0, 1, 1, 1, 0, 0, 0, 1, 1, 1, 1, 1, 0, 1, 1, 1, 0, 0, 1, 0, 0, 0, 1, 0, 0, 0, 0, 0, 1, 0, 0, 1]]
Fitness:  273.7850000000003
Gens:  [0, 1, 2, 3, 4, 5, 6, 7, 8, 9, 10, 11, 12, 13, 14, 15, 16, 17, 18, 19, 20, 21, 22, 23, 24, 25, 26, 27, 28, 29, 30, 31, 32, 33, 34, 35, 36, 37, 38, 39, 40, 41, 42, 43, 44, 45, 46, 47, 48, 49, 50, 51, 52, 53, 54, 55, 56, 57, 58, 59, 60, 61, 62, 63, 64, 65, 66, 67, 68, 69, 70, 71, 72, 73, 74, 75, 76, 77, 78, 79, 80, 81, 82, 83, 84, 85, 86, 87, 88, 89, 90, 91, 92, 93, 94, 95, 96, 97, 98, 99, 100, 101, 102, 103, 104, 105, 106, 107, 108, 109, 110, 111, 112, 113, 114, 115, 116, 117, 118, 119, 120, 121, 122, 123, 124, 125, 126, 127, 128, 129, 130, 131, 132, 133, 134, 135, 136, 137, 138, 139, 140, 141, 142, 143, 144, 145, 146, 147, 148, 149, 150, 151, 152, 153, 154, 155, 156, 157, 158, 159, 160, 161, 162, 163, 164, 165, 166, 167, 168, 169, 170, 171, 172, 173, 174, 175, 176, 177, 178, 179, 180, 181, 182, 183, 184, 185, 186, 187, 188, 189, 190, 191, 192, 193, 194, 195, 196, 197, 198, 199, 200, 201, 202, 203, 204, 205, 206, 207, 208, 209, 210]
Inds:  [346.0950000000005, 290.0249999999999, 290.0249999999999, 290.0249999999999, 290.0249999999999, 290.0249999999999, 290.0249999999999, 290.0249999999999, 290.0249999999999, 290.0249999999999, 290.0249999999999, 290.0249999999999, 290.0249999999999, 290.0249999999999, 290.0249999999999, 290.0249999999999, 290.0249999999999, 290.0249999999999, 290.0249999999999, 290.0249999999999, 290.0249999999999, 290.0249999999999, 290.0249999999999, 290.0249999999999, 290.0249999999999, 290.0249999999999, 290.0249999999999, 290.0249999999999, 290.0249999999999, 290.0249999999999, 290.0249999999999, 290.0249999999999, 290.0249999999999, 290.0249999999999, 290.0249999999999, 290.0249999999999, 290.0249999999999, 290.0249999999999, 290.0249999999999, 290.0249999999999, 290.0249999999999, 290.0249999999999, 290.0249999999999, 290.0249999999999, 290.0249999999999, 290.0249999999999, 290.0249999999999, 290.0249999999999, 290.0249999999999, 290.0249999999999, 290.0249999999999, 290.0249999999999, 289.32499999999993, 287.4349999999999, 287.4349999999999, 287.4349999999999, 287.2874999999999, 286.2375, 284.84499999999997, 284.84499999999997, 284.84499999999997, 284.3550000000001, 282.11500000000007, 282.11500000000007, 282.11500000000007, 281.0650000000001, 281.0650000000001, 280.9250000000002, 279.8050000000001, 279.0975000000002, 279.0975000000002, 279.0975000000002, 278.8950000000002, 278.2575000000002, 278.2575000000002, 277.91500000000025, 277.69750000000033, 277.42500000000035, 276.5150000000002, 276.5150000000002, 276.5150000000002, 276.3750000000003, 276.09500000000025, 275.9550000000002, 275.1850000000003, 275.1850000000003, 275.1850000000003, 275.1850000000003, 275.1850000000003, 274.9050000000003, 274.5550000000004, 274.5550000000004, 274.5550000000004, 274.4150000000003, 274.4150000000003, 274.2750000000003, 274.2750000000003, 274.06500000000034, 273.99500000000035, 273.92500000000035, 273.78500000000037, 273.78500000000037, 273.78500000000037, 273.78500000000037, 273.78500000000037, 273.78500000000037, 273.78500000000037, 273.78500000000037, 273.78500000000037, 273.7850000000003, 273.7850000000003, 273.7850000000003, 273.7850000000003, 273.7850000000003, 273.7850000000003, 273.7850000000003, 273.7850000000003, 273.7850000000003, 273.7850000000003, 273.7850000000003, 273.7850000000003, 273.7850000000003, 273.7850000000003, 273.7850000000003, 273.7850000000003, 273.7850000000003, 273.7850000000003, 273.7850000000003, 273.7850000000003, 273.7850000000003, 273.7850000000003, 273.7850000000003, 273.7850000000003, 273.7850000000003, 273.7850000000003, 273.7850000000003, 273.7850000000003, 273.7850000000003, 273.7850000000003, 273.7850000000003, 273.7850000000003, 273.7850000000003, 273.7850000000003, 273.7850000000003, 273.7850000000003, 273.7850000000003, 273.7850000000003, 273.7850000000003, 273.7850000000003, 273.7850000000003, 273.7850000000003, 273.7850000000003, 273.7850000000003, 273.7850000000003, 273.7850000000003, 273.7850000000003, 273.7850000000003, 273.7850000000003, 273.7850000000003, 273.7850000000003, 273.7850000000003, 273.7850000000003, 273.7850000000003, 273.7850000000003, 273.7850000000003, 273.7850000000003, 273.7850000000003, 273.7850000000003, 273.7850000000003, 273.7850000000003, 273.7850000000003, 273.7850000000003, 273.7850000000003, 273.7850000000003, 273.7850000000003, 273.7850000000003, 273.7850000000003, 273.7850000000003, 273.7850000000003, 273.7850000000003, 273.7850000000003, 273.7850000000003, 273.7850000000003, 273.7850000000003, 273.7850000000003, 273.7850000000003, 273.7850000000003, 273.7850000000003, 273.7850000000003, 273.7850000000003, 273.7850000000003, 273.7850000000003, 273.7850000000003, 273.7850000000003, 273.7850000000003, 273.7850000000003, 273.7850000000003, 273.7850000000003, 273.7850000000003, 273.7850000000003, 273.7850000000003, 273.7850000000003, 273.7850000000003, 273.7850000000003, 273.7850000000003, 273.7850000000003, 273.7850000000003, 273.7850000000003, 273.7850000000003, 273.7850000000003, 273.7850000000003]

Execution 8:
Parametros: P=1000, Pe=0.3, Pm=0.15, pe=0.7, Parada=100
Start Time (hh:mm:ss.ms) 2023-07-17 10:06:11.563945
gen	min    	max    	avg    	std    
0  	347.355	380.528	374.596	4.27898
1  	292.748	378.848	346.06 	25.7014
27 	292.265	378.848	313.99 	25.9468
28 	290.655	379.828	313.677	26.1495
31 	288.765	378.848	312.472	26.9483
34 	286.665	379.828	309.805	27.3927
39 	286.385	379.128	305.968	29.2349
42 	285.965	378.638	303.983	29.9982
43 	285.957	378.918	303.554	30.2811
44 	284.775	379.065	302.703	30.3072
45 	284.775	379.128	302.042	30.6048
46 	283.095	379.128	301.455	30.9613
48 	282.885	378.638	300.208	31.2981
49 	282.115	379.415	299.857	31.5548
51 	280.575	379.695	298.752	32.0564
52 	280.085	379.198	298.295	32.3867
55 	278.755	379.478	296.694	32.9058
57 	278.335	379.205	296.078	33.3252
58 	278.265	378.918	295.688	33.4575
59 	277.635	379.408	295.141	33.4904
60 	277.005	379.275	294.688	33.7998
62 	277.005	380.605	294.079	34.108 
63 	276.585	378.988	293.857	34.1249
64 	275.605	379.058	293.26 	34.1975
65 	275.325	379.408	293.088	34.6118
67 	274.485	379.555	292.293	34.7018
69 	274.415	379.198	291.713	34.9451
70 	274.345	378.988	291.652	35.0759
72 	273.925	379.058	291.274	35.5126
73 	273.645	379.268	291.103	35.4978
74 	273.365	378.715	290.854	35.6083
77 	273.295	378.288	290.391	35.6616
78 	273.225	378.785	290.356	35.6581
79 	273.015	379.268	290.165	35.686 
80 	272.805	378.778	289.775	35.5535
81 	272.735	380.248	289.737	35.717 
82 	272.595	379.128	289.886	36.0189
83 	272.385	378.995	289.51 	36.0971
85 	272.385	378.925	289.074	36.0857
86 	272.315	378.645	288.861	36.3215
87 	272.245	379.485	288.787	36.3628
88 	272.175	378.568	288.444	36.5335
89 	272.105	378.995	288.377	36.4857
90 	272.035	379.268	288.168	36.3408
98 	271.965	378.925	287.988	36.6329
199	271.965	379.128	287.434	36.8228
End Time (hh:mm:ss.ms) 2023-07-17 10:09:01.045605
Total Time (hh:mm:ss.ms) 0:02:49.481660
Individuo: [[23, 71, 29, 3, 4, 59, 10, 52, 85, 43, 82, 32, 17, 65, 74, 50, 55, 31, 16, 61, 38, 95, 20, 96, 56, 28, 68, 25, 30, 27, 54, 39, 19, 86, 88, 36, 44, 45, 12, 53, 92, 49, 81, 58, 33, 84, 15, 63, 76, 72, 41, 21, 87, 47, 64, 9, 40, 35, 34, 80, 6, 18, 69, 11, 77, 46, 67, 42, 57, 1, 73, 2, 0, 66, 79, 26, 7, 48, 51, 90, 93, 83, 13, 97, 60, 5, 62, 98, 8, 78, 24, 37, 89, 91, 22, 99, 94, 75, 14, 70], [0, 1, 1, 1, 0, 0, 0, 0, 0, 1, 0, 0, 1, 1, 1, 1, 1, 1, 1, 1, 1, 1, 0, 0, 1, 1, 1, 1, 1, 0, 1, 0, 1, 1, 1, 1, 1, 1, 1, 0, 0, 0, 1, 1, 0, 0, 0, 0, 0, 0, 0, 0, 0, 0, 0, 0, 0, 1, 1, 0, 1, 1, 1, 1, 1, 1, 0, 0, 0, 0, 0, 0, 0, 0, 0, 0, 0, 1, 1, 0, 1, 1, 0, 0, 1, 0, 0, 1, 1, 1, 1, 1, 1, 1, 0, 0, 0, 0, 1, 0]]
Fitness:  271.9650000000004
Gens:  [0, 1, 2, 3, 4, 5, 6, 7, 8, 9, 10, 11, 12, 13, 14, 15, 16, 17, 18, 19, 20, 21, 22, 23, 24, 25, 26, 27, 28, 29, 30, 31, 32, 33, 34, 35, 36, 37, 38, 39, 40, 41, 42, 43, 44, 45, 46, 47, 48, 49, 50, 51, 52, 53, 54, 55, 56, 57, 58, 59, 60, 61, 62, 63, 64, 65, 66, 67, 68, 69, 70, 71, 72, 73, 74, 75, 76, 77, 78, 79, 80, 81, 82, 83, 84, 85, 86, 87, 88, 89, 90, 91, 92, 93, 94, 95, 96, 97, 98, 99, 100, 101, 102, 103, 104, 105, 106, 107, 108, 109, 110, 111, 112, 113, 114, 115, 116, 117, 118, 119, 120, 121, 122, 123, 124, 125, 126, 127, 128, 129, 130, 131, 132, 133, 134, 135, 136, 137, 138, 139, 140, 141, 142, 143, 144, 145, 146, 147, 148, 149, 150, 151, 152, 153, 154, 155, 156, 157, 158, 159, 160, 161, 162, 163, 164, 165, 166, 167, 168, 169, 170, 171, 172, 173, 174, 175, 176, 177, 178, 179, 180, 181, 182, 183, 184, 185, 186, 187, 188, 189, 190, 191, 192, 193, 194, 195, 196, 197, 198, 199]
Inds:  [347.3550000000005, 292.7475, 292.7475, 292.7475, 292.7475, 292.7475, 292.7475, 292.7475, 292.7475, 292.7475, 292.7475, 292.7475, 292.7475, 292.7475, 292.7475, 292.7475, 292.7475, 292.7475, 292.7475, 292.7475, 292.7475, 292.7475, 292.7475, 292.7475, 292.7475, 292.7475, 292.7475, 292.2650000000001, 290.655, 290.655, 290.655, 288.76499999999993, 288.76499999999993, 288.76499999999993, 286.665, 286.665, 286.665, 286.665, 286.665, 286.38500000000016, 286.38500000000016, 286.38500000000016, 285.96500000000003, 285.9574999999999, 284.77500000000015, 284.77500000000003, 283.0950000000001, 283.0950000000001, 282.885, 282.11499999999995, 282.11499999999995, 280.5750000000001, 280.0850000000001, 280.0850000000001, 280.0850000000001, 278.75500000000017, 278.75500000000017, 278.3350000000001, 278.26500000000016, 277.6350000000002, 277.0050000000002, 277.0050000000002, 277.00500000000017, 276.5850000000003, 275.6050000000002, 275.32500000000016, 275.32500000000016, 274.48500000000024, 274.48500000000024, 274.4150000000002, 274.34500000000025, 274.34500000000025, 273.9250000000003, 273.6450000000004, 273.36500000000035, 273.36500000000035, 273.36500000000035, 273.2950000000003, 273.2250000000003, 273.0150000000003, 272.80500000000035, 272.7350000000003, 272.5950000000003, 272.3850000000004, 272.3850000000004, 272.38500000000033, 272.31500000000034, 272.24500000000035, 272.17500000000035, 272.10500000000036, 272.03500000000037, 272.03500000000037, 272.03500000000037, 272.03500000000037, 272.03500000000037, 272.03500000000037, 272.03500000000037, 272.03500000000037, 271.9650000000004, 271.9650000000004, 271.9650000000004, 271.9650000000004, 271.9650000000004, 271.9650000000004, 271.9650000000004, 271.9650000000004, 271.9650000000004, 271.9650000000004, 271.9650000000004, 271.9650000000004, 271.9650000000004, 271.9650000000004, 271.9650000000004, 271.9650000000004, 271.9650000000004, 271.9650000000004, 271.9650000000004, 271.9650000000004, 271.9650000000004, 271.9650000000004, 271.9650000000004, 271.9650000000004, 271.9650000000004, 271.9650000000004, 271.9650000000004, 271.9650000000004, 271.9650000000004, 271.9650000000004, 271.9650000000004, 271.9650000000004, 271.9650000000004, 271.9650000000004, 271.9650000000004, 271.9650000000004, 271.9650000000004, 271.9650000000004, 271.9650000000004, 271.9650000000004, 271.9650000000004, 271.9650000000004, 271.9650000000004, 271.9650000000004, 271.9650000000004, 271.9650000000004, 271.9650000000004, 271.9650000000004, 271.9650000000004, 271.9650000000004, 271.9650000000004, 271.9650000000004, 271.9650000000004, 271.9650000000004, 271.9650000000004, 271.9650000000004, 271.9650000000004, 271.9650000000004, 271.9650000000004, 271.9650000000004, 271.9650000000004, 271.9650000000004, 271.9650000000004, 271.9650000000004, 271.9650000000004, 271.9650000000004, 271.9650000000004, 271.9650000000004, 271.9650000000004, 271.9650000000004, 271.9650000000004, 271.9650000000004, 271.9650000000004, 271.9650000000004, 271.9650000000004, 271.9650000000004, 271.9650000000004, 271.9650000000004, 271.9650000000004, 271.9650000000004, 271.9650000000004, 271.9650000000004, 271.9650000000004, 271.9650000000004, 271.9650000000004, 271.9650000000004, 271.9650000000004, 271.9650000000004, 271.9650000000004, 271.9650000000004, 271.9650000000004, 271.9650000000004, 271.9650000000004, 271.9650000000004, 271.9650000000004, 271.9650000000004, 271.9650000000004, 271.9650000000004, 271.9650000000004, 271.9650000000004, 271.9650000000004, 271.9650000000004]

Execution 9:
Parametros: P=1000, Pe=0.3, Pm=0.15, pe=0.7, Parada=100
Start Time (hh:mm:ss.ms) 2023-07-17 10:09:02.378608
gen	min    	max    	avg    	std    
0  	347.565	379.275	374.825	4.27677
1  	290.375	379.268	346.161	26.3521
54 	289.87 	379.555	308.946	28.0641
57 	289.598	378.638	306.364	29.0681
58 	289.318	378.638	305.149	29.3361
59 	287.008	378.995	304.571	29.678 
61 	286.665	379.828	303.421	30.0914
63 	286.595	378.918	302.546	30.4273
64 	286.308	379.058	302.299	30.8783
65 	285.685	378.568	301.799	30.7923
66 	285.405	378.988	301.413	30.9676
67 	284.915	378.988	301.005	31.1915
68 	284.635	378.645	300.701	31.3794
69 	283.858	378.988	300.218	31.252 
70 	283.648	379.065	300.041	31.6205
72 	283.095	379.478	299.19 	31.5237
74 	282.605	379.618	298.681	31.9245
76 	282.465	379.338	298.164	32.3325
77 	281.975	379.135	297.74 	32.4939
78 	281.968	378.498	297.325	32.3441
79 	281.205	379.695	297.102	32.7258
81 	281.058	378.995	296.558	32.9306
82 	280.638	379.338	296.263	33.1476
83 	280.498	378.708	295.941	33.0552
84 	280.435	378.778	295.737	33.2725
85 	280.015	379.338	295.541	33.3875
86 	279.518	378.848	295.269	33.5061
88 	279.385	379.128	294.809	33.5155
90 	279.378	380.038	294.632	33.9907
91 	279.308	380.178	294.41 	34.0194
92 	279.175	379.828	294.178	33.9398
93 	279.098	379.205	294.129	34.037 
94 	278.958	378.638	293.98 	34.0749
95 	278.888	379.128	293.749	33.7749
96 	278.615	379.268	293.692	33.9915
97 	278.545	378.918	293.617	34.0079
98 	278.538	378.848	293.575	34.2436
100	278.405	378.708	293.417	34.2907
101	278.328	378.925	293.368	34.4234
103	278.328	378.848	293.249	34.4558
104	278.258	378.855	293.13 	34.3617
107	278.188	379.548	292.999	34.4033
109	278.118	379.128	292.986	34.6069
110	278.048	379.128	292.884	34.4365
111	278.048	378.778	292.852	34.4525
113	277.978	379.618	292.78 	34.4499
118	277.908	379.128	292.678	34.6138
120	277.838	378.988	292.532	34.4821
130	277.838	379.128	292.51 	34.7408
231	277.838	378.218	292.295	34.4617
End Time (hh:mm:ss.ms) 2023-07-17 10:12:16.056771
Total Time (hh:mm:ss.ms) 0:03:13.678163
Individuo: [[86, 19, 70, 77, 61, 11, 16, 51, 41, 63, 15, 84, 76, 72, 33, 26, 49, 24, 78, 38, 46, 67, 2, 1, 57, 42, 93, 0, 66, 73, 37, 79, 92, 17, 32, 43, 85, 52, 10, 59, 4, 23, 39, 74, 69, 34, 6, 75, 14, 20, 98, 13, 83, 95, 88, 54, 22, 12, 56, 30, 28, 68, 25, 47, 87, 21, 58, 81, 48, 7, 91, 89, 18, 5, 3, 62, 29, 71, 65, 60, 35, 50, 80, 96, 45, 44, 36, 97, 82, 90, 8, 94, 99, 40, 55, 64, 27, 9, 31, 53], [0, 0, 1, 1, 0, 1, 0, 0, 1, 1, 1, 1, 0, 0, 0, 1, 0, 0, 0, 1, 1, 0, 1, 1, 1, 1, 1, 0, 1, 1, 1, 1, 1, 0, 1, 0, 1, 1, 1, 1, 1, 1, 1, 0, 0, 0, 0, 0, 1, 0, 1, 1, 1, 0, 0, 1, 1, 0, 1, 1, 1, 1, 1, 1, 1, 1, 0, 0, 0, 1, 1, 1, 1, 1, 1, 1, 0, 0, 1, 0, 0, 0, 0, 0, 0, 0, 0, 1, 0, 1, 0, 1, 0, 1, 0, 1, 0, 1, 0, 0]]
Fitness:  277.8375000000001
Gens:  [0, 1, 2, 3, 4, 5, 6, 7, 8, 9, 10, 11, 12, 13, 14, 15, 16, 17, 18, 19, 20, 21, 22, 23, 24, 25, 26, 27, 28, 29, 30, 31, 32, 33, 34, 35, 36, 37, 38, 39, 40, 41, 42, 43, 44, 45, 46, 47, 48, 49, 50, 51, 52, 53, 54, 55, 56, 57, 58, 59, 60, 61, 62, 63, 64, 65, 66, 67, 68, 69, 70, 71, 72, 73, 74, 75, 76, 77, 78, 79, 80, 81, 82, 83, 84, 85, 86, 87, 88, 89, 90, 91, 92, 93, 94, 95, 96, 97, 98, 99, 100, 101, 102, 103, 104, 105, 106, 107, 108, 109, 110, 111, 112, 113, 114, 115, 116, 117, 118, 119, 120, 121, 122, 123, 124, 125, 126, 127, 128, 129, 130, 131, 132, 133, 134, 135, 136, 137, 138, 139, 140, 141, 142, 143, 144, 145, 146, 147, 148, 149, 150, 151, 152, 153, 154, 155, 156, 157, 158, 159, 160, 161, 162, 163, 164, 165, 166, 167, 168, 169, 170, 171, 172, 173, 174, 175, 176, 177, 178, 179, 180, 181, 182, 183, 184, 185, 186, 187, 188, 189, 190, 191, 192, 193, 194, 195, 196, 197, 198, 199, 200, 201, 202, 203, 204, 205, 206, 207, 208, 209, 210, 211, 212, 213, 214, 215, 216, 217, 218, 219, 220, 221, 222, 223, 224, 225, 226, 227, 228, 229, 230, 231]
Inds:  [347.56500000000057, 290.37500000000017, 290.37500000000017, 290.37500000000017, 290.37500000000017, 290.37500000000017, 290.37500000000017, 290.37500000000017, 290.37500000000017, 290.37500000000017, 290.37500000000017, 290.37500000000017, 290.37500000000017, 290.37500000000017, 290.37500000000017, 290.37500000000017, 290.37500000000017, 290.37500000000017, 290.37500000000017, 290.37500000000017, 290.37500000000017, 290.37500000000017, 290.37500000000017, 290.37500000000017, 290.37500000000017, 290.37500000000017, 290.37500000000017, 290.37500000000017, 290.37500000000017, 290.37500000000017, 290.37500000000017, 290.37500000000017, 290.37500000000017, 290.37500000000017, 290.37500000000017, 290.37500000000017, 290.37500000000017, 290.37500000000017, 290.37500000000017, 290.37500000000017, 290.37500000000017, 290.37500000000017, 290.37500000000017, 290.37500000000017, 290.37500000000017, 290.37500000000017, 290.37500000000017, 290.37500000000017, 290.37500000000017, 290.37500000000017, 290.37500000000017, 290.37500000000017, 290.37500000000017, 290.37500000000017, 289.8700000000001, 289.8700000000001, 289.8700000000001, 289.59750000000014, 289.31750000000017, 287.00750000000016, 287.00750000000016, 286.66500000000013, 286.66500000000013, 286.5950000000001, 286.3075000000002, 285.68500000000006, 285.40500000000003, 284.9150000000001, 284.63500000000005, 283.8575000000001, 283.64750000000015, 283.64750000000015, 283.09500000000025, 283.09500000000025, 282.605, 282.605, 282.4650000000001, 281.97500000000014, 281.9675000000001, 281.2050000000001, 281.2050000000001, 281.0575000000002, 280.6375000000001, 280.4975000000002, 280.43500000000006, 280.0150000000001, 279.51750000000015, 279.51750000000015, 279.3850000000001, 279.3850000000001, 279.3775000000002, 279.3075000000002, 279.1750000000002, 279.09750000000014, 278.95750000000015, 278.8875000000001, 278.61500000000007, 278.545, 278.5375000000001, 278.5375000000001, 278.40500000000003, 278.32750000000016, 278.32750000000016, 278.3275000000001, 278.2575000000001, 278.2575000000001, 278.2575000000001, 278.1875000000001, 278.1875000000001, 278.11750000000006, 278.0475000000001, 278.04750000000007, 278.04750000000007, 277.9775000000001, 277.9775000000001, 277.9775000000001, 277.9775000000001, 277.9775000000001, 277.9075000000002, 277.9075000000002, 277.8375000000002, 277.8375000000002, 277.8375000000002, 277.8375000000002, 277.8375000000002, 277.8375000000002, 277.8375000000002, 277.8375000000002, 277.8375000000002, 277.8375000000002, 277.8375000000001, 277.8375000000001, 277.8375000000001, 277.8375000000001, 277.8375000000001, 277.8375000000001, 277.8375000000001, 277.8375000000001, 277.8375000000001, 277.8375000000001, 277.8375000000001, 277.8375000000001, 277.8375000000001, 277.8375000000001, 277.8375000000001, 277.8375000000001, 277.8375000000001, 277.8375000000001, 277.8375000000001, 277.8375000000001, 277.8375000000001, 277.8375000000001, 277.8375000000001, 277.8375000000001, 277.8375000000001, 277.8375000000001, 277.8375000000001, 277.8375000000001, 277.8375000000001, 277.8375000000001, 277.8375000000001, 277.8375000000001, 277.8375000000001, 277.8375000000001, 277.8375000000001, 277.8375000000001, 277.8375000000001, 277.8375000000001, 277.8375000000001, 277.8375000000001, 277.8375000000001, 277.8375000000001, 277.8375000000001, 277.8375000000001, 277.8375000000001, 277.8375000000001, 277.8375000000001, 277.8375000000001, 277.8375000000001, 277.8375000000001, 277.8375000000001, 277.8375000000001, 277.8375000000001, 277.8375000000001, 277.8375000000001, 277.8375000000001, 277.8375000000001, 277.8375000000001, 277.8375000000001, 277.8375000000001, 277.8375000000001, 277.8375000000001, 277.8375000000001, 277.8375000000001, 277.8375000000001, 277.8375000000001, 277.8375000000001, 277.8375000000001, 277.8375000000001, 277.8375000000001, 277.8375000000001, 277.8375000000001, 277.8375000000001, 277.8375000000001, 277.8375000000001, 277.8375000000001, 277.8375000000001, 277.8375000000001, 277.8375000000001, 277.8375000000001, 277.8375000000001, 277.8375000000001, 277.8375000000001, 277.8375000000001, 277.8375000000001, 277.8375000000001, 277.8375000000001, 277.8375000000001, 277.8375000000001, 277.8375000000001, 277.8375000000001, 277.8375000000001, 277.8375000000001, 277.8375000000001, 277.8375000000001, 277.8375000000001, 277.8375000000001, 277.8375000000001, 277.8375000000001, 277.8375000000001, 277.8375000000001, 277.8375000000001]

Execution 10:
Parametros: P=1000, Pe=0.3, Pm=0.15, pe=0.7, Parada=100
Start Time (hh:mm:ss.ms) 2023-07-17 10:12:17.600770
gen	min    	max    	avg    	std    
0  	351.695	379.415	374.951	4.07204
1  	287.707	379.828	346.507	26.2535
55 	286.658	379.058	304.755	29.7143
57 	286.448	378.708	303.265	30.0845
58 	285.958	378.568	302.622	30.2532
60 	284.698	378.925	301.487	30.865 
61 	283.928	378.848	300.931	30.8711
63 	283.718	379.058	299.931	31.4692
64 	283.158	379.478	299.311	31.5714
66 	282.248	378.708	298.739	32.1894
67 	281.968	379.135	298.283	32.3658
68 	281.268	378.715	298.014	32.3622
71 	281.128	378.848	296.967	32.6461
72 	280.848	379.338	296.826	33.0241
73 	280.638	379.058	296.383	32.8701
75 	280.078	378.988	296.006	33.101 
76 	280.008	378.918	295.669	33.4327
77 	279.938	378.708	295.597	33.5462
78 	279.798	379.205	295.29 	33.7269
79 	279.588	379.275	294.965	33.4601
80 	279.588	378.435	294.793	33.6114
81 	279.448	379.828	294.696	33.5926
82 	279.028	379.695	294.602	33.9275
85 	278.958	379.065	294.249	33.9522
87 	278.678	379.268	294.035	34.0134
89 	278.538	379.275	293.851	33.9771
91 	278.468	379.828	293.719	34.2317
93 	278.398	379.128	293.447	33.9672
94 	278.188	378.785	293.332	34.0098
96 	278.118	378.498	293.248	34.2298
97 	277.908	379.058	293.214	34.1931
98 	277.838	379.268	293.135	34.2475
101	277.838	378.358	292.872	34.4834
103	277.628	378.645	292.753	34.5913
104	277.558	379.828	292.647	34.5431
112	277.488	379.968	292.218	34.9124
213	277.488	379.128	292.017	34.6231
End Time (hh:mm:ss.ms) 2023-07-17 10:15:11.493641
Total Time (hh:mm:ss.ms) 0:02:53.892871
Individuo: [[86, 19, 70, 23, 39, 88, 45, 36, 44, 95, 62, 60, 96, 3, 90, 46, 61, 16, 51, 41, 84, 33, 48, 58, 21, 47, 27, 54, 91, 24, 81, 7, 26, 92, 5, 83, 71, 82, 32, 17, 65, 74, 50, 72, 15, 63, 76, 94, 9, 35, 6, 52, 10, 85, 43, 75, 53, 12, 56, 28, 68, 25, 87, 30, 64, 55, 93, 78, 31, 37, 49, 79, 66, 38, 0, 8, 67, 42, 57, 1, 73, 2, 13, 97, 20, 14, 80, 34, 18, 69, 11, 98, 77, 89, 4, 59, 29, 99, 40, 22], [0, 0, 1, 0, 0, 1, 1, 1, 1, 1, 1, 1, 1, 0, 1, 0, 0, 0, 0, 1, 1, 1, 1, 1, 1, 0, 0, 1, 0, 1, 1, 1, 0, 1, 0, 0, 0, 0, 0, 1, 1, 1, 1, 0, 0, 0, 0, 1, 1, 1, 0, 0, 1, 0, 1, 1, 1, 0, 1, 1, 1, 1, 1, 1, 0, 1, 0, 1, 1, 1, 1, 1, 1, 1, 1, 0, 0, 0, 0, 0, 0, 0, 1, 0, 1, 0, 1, 0, 1, 1, 1, 1, 0, 0, 1, 0, 1, 0, 0, 1]]
Fitness:  277.4875000000002
Gens:  [0, 1, 2, 3, 4, 5, 6, 7, 8, 9, 10, 11, 12, 13, 14, 15, 16, 17, 18, 19, 20, 21, 22, 23, 24, 25, 26, 27, 28, 29, 30, 31, 32, 33, 34, 35, 36, 37, 38, 39, 40, 41, 42, 43, 44, 45, 46, 47, 48, 49, 50, 51, 52, 53, 54, 55, 56, 57, 58, 59, 60, 61, 62, 63, 64, 65, 66, 67, 68, 69, 70, 71, 72, 73, 74, 75, 76, 77, 78, 79, 80, 81, 82, 83, 84, 85, 86, 87, 88, 89, 90, 91, 92, 93, 94, 95, 96, 97, 98, 99, 100, 101, 102, 103, 104, 105, 106, 107, 108, 109, 110, 111, 112, 113, 114, 115, 116, 117, 118, 119, 120, 121, 122, 123, 124, 125, 126, 127, 128, 129, 130, 131, 132, 133, 134, 135, 136, 137, 138, 139, 140, 141, 142, 143, 144, 145, 146, 147, 148, 149, 150, 151, 152, 153, 154, 155, 156, 157, 158, 159, 160, 161, 162, 163, 164, 165, 166, 167, 168, 169, 170, 171, 172, 173, 174, 175, 176, 177, 178, 179, 180, 181, 182, 183, 184, 185, 186, 187, 188, 189, 190, 191, 192, 193, 194, 195, 196, 197, 198, 199, 200, 201, 202, 203, 204, 205, 206, 207, 208, 209, 210, 211, 212, 213]
Inds:  [351.6950000000004, 287.7075, 287.7075, 287.7075, 287.7075, 287.7075, 287.7075, 287.7075, 287.7075, 287.7075, 287.7075, 287.7075, 287.7075, 287.7075, 287.7075, 287.7075, 287.7075, 287.7075, 287.7075, 287.7075, 287.7075, 287.7075, 287.7075, 287.7075, 287.7075, 287.7075, 287.7075, 287.7075, 287.7075, 287.7075, 287.7075, 287.7075, 287.7075, 287.7075, 287.7075, 287.7075, 287.7075, 287.7075, 287.7075, 287.7075, 287.7075, 287.7075, 287.7075, 287.7075, 287.7075, 287.7075, 287.7075, 287.7075, 287.7075, 287.7075, 287.7075, 287.7075, 287.7075, 287.7075, 287.7075, 286.6575000000001, 286.6575000000001, 286.44750000000005, 285.95750000000004, 285.95750000000004, 284.69750000000005, 283.9275000000001, 283.9275000000001, 283.7175000000001, 283.1575, 283.1575, 282.2475, 281.9675000000001, 281.2675000000001, 281.2675000000001, 281.2675000000001, 281.12750000000005, 280.8475, 280.6375000000001, 280.6375000000001, 280.07750000000016, 280.00750000000016, 279.93750000000017, 279.7975000000001, 279.58750000000015, 279.5875000000001, 279.44750000000016, 279.02750000000015, 279.02750000000015, 279.02750000000015, 278.9575000000001, 278.9575000000001, 278.6775000000001, 278.6775000000001, 278.5375000000002, 278.5375000000002, 278.4675000000002, 278.4675000000002, 278.3975000000002, 278.18750000000017, 278.18750000000017, 278.1175000000002, 277.90750000000014, 277.8375000000002, 277.8375000000002, 277.8375000000002, 277.83750000000015, 277.83750000000015, 277.62750000000017, 277.5575000000002, 277.5575000000002, 277.5575000000002, 277.5575000000002, 277.5575000000002, 277.5575000000002, 277.5575000000002, 277.5575000000002, 277.4875000000002, 277.4875000000002, 277.4875000000002, 277.4875000000002, 277.4875000000002, 277.4875000000002, 277.4875000000002, 277.4875000000002, 277.4875000000002, 277.4875000000002, 277.4875000000002, 277.4875000000002, 277.4875000000002, 277.4875000000002, 277.4875000000002, 277.4875000000002, 277.4875000000002, 277.4875000000002, 277.4875000000002, 277.4875000000002, 277.4875000000002, 277.4875000000002, 277.4875000000002, 277.4875000000002, 277.4875000000002, 277.4875000000002, 277.4875000000002, 277.4875000000002, 277.4875000000002, 277.4875000000002, 277.4875000000002, 277.4875000000002, 277.4875000000002, 277.4875000000002, 277.4875000000002, 277.4875000000002, 277.4875000000002, 277.4875000000002, 277.4875000000002, 277.4875000000002, 277.4875000000002, 277.4875000000002, 277.4875000000002, 277.4875000000002, 277.4875000000002, 277.4875000000002, 277.4875000000002, 277.4875000000002, 277.4875000000002, 277.4875000000002, 277.4875000000002, 277.4875000000002, 277.4875000000002, 277.4875000000002, 277.4875000000002, 277.4875000000002, 277.4875000000002, 277.4875000000002, 277.4875000000002, 277.4875000000002, 277.4875000000002, 277.4875000000002, 277.4875000000002, 277.4875000000002, 277.4875000000002, 277.4875000000002, 277.4875000000002, 277.4875000000002, 277.4875000000002, 277.4875000000002, 277.4875000000002, 277.4875000000002, 277.4875000000002, 277.4875000000002, 277.4875000000002, 277.4875000000002, 277.4875000000002, 277.4875000000002, 277.4875000000002, 277.4875000000002, 277.4875000000002, 277.4875000000002, 277.4875000000002, 277.4875000000002, 277.4875000000002, 277.4875000000002, 277.4875000000002, 277.4875000000002, 277.4875000000002, 277.4875000000002, 277.4875000000002, 277.4875000000002, 277.4875000000002, 277.4875000000002, 277.4875000000002, 277.4875000000002, 277.4875000000002, 277.4875000000002, 277.4875000000002, 277.4875000000002, 277.4875000000002, 277.4875000000002]

