BRKGA-Heuristic:

Execution 1:
Parametros: P=1000, Pe=0.3, Pm=0.15, pe=0.7, Parada=100
Start Time (hh:mm:ss.ms) 2023-07-17 09:38:33.269189
gen	min    	max   	avg    	std    
0  	167.722	176.99	173.257	1.27354
4  	167.722	176.92 	171.646	1.49247
7  	166.925	177.312	171.115	1.59689
8  	165.805	177.76 	171.081	1.69756
16 	163.872	176.36 	170.265	1.90939
38 	163.705	176.78 	167.117	2.70298
39 	163.32 	176.262	166.941	2.86541
41 	162.69 	176.465	166.402	3.00044
42 	162.55 	176.99 	166.209	3.10039
43 	162.34 	177.137	165.929	3.17301
45 	160.87 	176.08 	165.508	3.35527
52 	160.835	176.15 	164.19 	3.85808
53 	160.45 	176.99 	164.038	3.91937
54 	160.345	176.465	163.908	4.02909
56 	160.31 	176.325	163.599	4.15886
58 	159.75 	176.885	163.322	4.22398
61 	159.61 	176.612	162.988	4.3942 
63 	159.575	176.43 	162.762	4.55269
64 	159.26 	177.445	162.604	4.56952
65 	159.155	176.745	162.459	4.60267
66 	158.945	177.445	162.328	4.64288
68 	158.875	175.905	162.09 	4.73848
69 	158.49 	176.465	161.945	4.77459
71 	158.245	176.473	161.674	4.94649
72 	158.07 	176.297	161.499	4.99363
74 	157.93 	176.087	161.178	5.01117
75 	157.79 	176.36 	161.116	5.23093
76 	157.685	176.507	160.994	5.22277
77 	157.615	176.36 	160.847	5.26797
78 	157.37 	176.885	160.74 	5.36239
80 	157.09 	176.325	160.437	5.35894
81 	156.845	176.325	160.343	5.44977
83 	156.705	176.5  	160.131	5.59743
84 	156.705	176.815	159.967	5.57974
85 	156.635	175.947	159.848	5.64377
86 	156.495	176.962	159.718	5.71427
88 	156.425	177.095	159.51 	5.91879
91 	156.355	176.57 	159.205	5.9602 
92 	156.355	176.06 	159.153	6.01035
95 	156.285	176.78 	158.985	6.01691
97 	156.285	177.76 	158.938	6.05288
99 	156.285	176.648	158.915	6.06553
109	156.25 	175.877	158.905	6.03914
110	156.25 	176.5  	158.841	6.06459
211	156.25 	176.62 	158.798	6.08086
End Time (hh:mm:ss.ms) 2023-07-17 09:39:18.237538
Total Time (hh:mm:ss.ms) 0:00:44.968349
Individuo: [[18, 15, 27, 43, 13, 23, 16, 7, 0, 22, 5, 30, 36, 1, 6, 34, 33, 41, 8, 44, 37, 38, 42, 31, 14, 32, 3, 24, 40, 11, 28, 45, 39, 17, 25, 2, 19, 9, 4, 21, 26, 35, 10, 20, 12, 29], [0, 0, 0, 0, 0, 1, 1, 1, 1, 0, 1, 1, 0, 0, 0, 0, 0, 0, 0, 0, 0, 0, 0, 0, 0, 0, 0, 0, 0, 0, 0, 0, 0, 0, 0, 0, 0, 1, 1, 1, 1, 0, 1, 0, 0, 0]]
Fitness:  156.25
Gens:  [0, 1, 2, 3, 4, 5, 6, 7, 8, 9, 10, 11, 12, 13, 14, 15, 16, 17, 18, 19, 20, 21, 22, 23, 24, 25, 26, 27, 28, 29, 30, 31, 32, 33, 34, 35, 36, 37, 38, 39, 40, 41, 42, 43, 44, 45, 46, 47, 48, 49, 50, 51, 52, 53, 54, 55, 56, 57, 58, 59, 60, 61, 62, 63, 64, 65, 66, 67, 68, 69, 70, 71, 72, 73, 74, 75, 76, 77, 78, 79, 80, 81, 82, 83, 84, 85, 86, 87, 88, 89, 90, 91, 92, 93, 94, 95, 96, 97, 98, 99, 100, 101, 102, 103, 104, 105, 106, 107, 108, 109, 110, 111, 112, 113, 114, 115, 116, 117, 118, 119, 120, 121, 122, 123, 124, 125, 126, 127, 128, 129, 130, 131, 132, 133, 134, 135, 136, 137, 138, 139, 140, 141, 142, 143, 144, 145, 146, 147, 148, 149, 150, 151, 152, 153, 154, 155, 156, 157, 158, 159, 160, 161, 162, 163, 164, 165, 166, 167, 168, 169, 170, 171, 172, 173, 174, 175, 176, 177, 178, 179, 180, 181, 182, 183, 184, 185, 186, 187, 188, 189, 190, 191, 192, 193, 194, 195, 196, 197, 198, 199, 200, 201, 202, 203, 204, 205, 206, 207, 208, 209, 210, 211]
Inds:  [167.7225, 167.7225, 167.7225, 167.7225, 167.7224999999999, 167.7224999999999, 167.7224999999999, 166.92499999999995, 165.80499999999998, 165.80499999999998, 165.80499999999998, 165.80499999999998, 165.80499999999998, 165.80499999999998, 165.80499999999998, 165.80499999999998, 163.87249999999995, 163.87249999999995, 163.87249999999995, 163.87249999999995, 163.87249999999995, 163.87249999999995, 163.87249999999995, 163.87249999999995, 163.87249999999995, 163.87249999999995, 163.87249999999995, 163.87249999999995, 163.87249999999995, 163.87249999999995, 163.87249999999995, 163.87249999999995, 163.87249999999995, 163.87249999999995, 163.87249999999995, 163.87249999999995, 163.87249999999995, 163.87249999999995, 163.70499999999996, 163.31999999999994, 163.31999999999994, 162.68999999999994, 162.54999999999998, 162.33999999999995, 162.33999999999995, 160.87, 160.87, 160.87, 160.87, 160.87, 160.87, 160.87, 160.835, 160.44999999999993, 160.345, 160.345, 160.30999999999995, 160.30999999999995, 159.74999999999997, 159.74999999999997, 159.74999999999997, 159.60999999999996, 159.60999999999996, 159.57499999999996, 159.25999999999996, 159.15500000000003, 158.94499999999996, 158.94499999999996, 158.87499999999997, 158.49, 158.49, 158.24499999999995, 158.07, 158.07, 157.93, 157.78999999999996, 157.685, 157.615, 157.36999999999998, 157.36999999999998, 157.09, 156.845, 156.845, 156.705, 156.70499999999996, 156.63500000000002, 156.49499999999998, 156.49499999999998, 156.42499999999998, 156.42499999999998, 156.42499999999998, 156.355, 156.35499999999996, 156.35499999999996, 156.35499999999996, 156.28500000000003, 156.28500000000003, 156.285, 156.285, 156.28499999999997, 156.28499999999997, 156.28499999999997, 156.28499999999997, 156.28499999999997, 156.28499999999997, 156.28499999999997, 156.28499999999997, 156.28499999999997, 156.28499999999997, 156.25000000000003, 156.25, 156.25, 156.25, 156.25, 156.25, 156.25, 156.25, 156.25, 156.25, 156.25, 156.25, 156.25, 156.25, 156.25, 156.25, 156.25, 156.25, 156.25, 156.25, 156.25, 156.25, 156.25, 156.25, 156.25, 156.25, 156.25, 156.25, 156.25, 156.25, 156.25, 156.25, 156.25, 156.25, 156.25, 156.25, 156.25, 156.25, 156.25, 156.25, 156.25, 156.25, 156.25, 156.25, 156.25, 156.25, 156.25, 156.25, 156.25, 156.25, 156.25, 156.25, 156.25, 156.25, 156.25, 156.25, 156.25, 156.25, 156.25, 156.25, 156.25, 156.25, 156.25, 156.25, 156.25, 156.25, 156.25, 156.25, 156.25, 156.25, 156.25, 156.25, 156.25, 156.25, 156.25, 156.25, 156.25, 156.25, 156.25, 156.25, 156.25, 156.25, 156.25, 156.25, 156.25, 156.25, 156.25, 156.25, 156.25, 156.25, 156.25, 156.25, 156.25, 156.25, 156.25, 156.25, 156.25, 156.25, 156.25, 156.25, 156.25, 156.25, 156.25]

Execution 2:
Parametros: P=1000, Pe=0.3, Pm=0.15, pe=0.7, Parada=100
Start Time (hh:mm:ss.ms) 2023-07-17 09:39:19.355153
gen	min    	max    	avg    	std  
0  	168.177	177.418	173.239	1.299
2  	167.1  	176.605	172.116	1.34135
7  	167.015	176.192	171.114	1.65742
11 	166.75 	177.55 	170.663	1.8398 
12 	166.532	176.55 	170.49 	1.86968
14 	166.435	176.92 	170.149	1.9403 
16 	166.392	176.402	170.019	2.07076
17 	166.26 	177.418	169.78 	2.01655
18 	165.342	177.095	169.669	2.05017
24 	164.545	176.43 	168.609	2.33912
25 	164.545	175.87 	168.48 	2.36951
28 	164.44 	175.905	167.92 	2.44872
29 	164.055	176.262	167.766	2.63313
30 	163.985	177.347	167.602	2.77979
32 	163.565	176.745	167.067	2.70349
34 	163.32 	176.508	166.752	2.90467
35 	162.41 	177.172	166.582	2.98178
39 	162.06 	176.017	165.876	3.20899
43 	161.92 	176.613	165.291	3.4419 
44 	161.535	176.395	165.135	3.47042
46 	161.185	176.263	164.893	3.59143
50 	160.835	177.592	164.39 	3.82902
52 	160.625	176.332	164.173	3.94568
56 	160.555	178.04 	163.703	4.14935
57 	160.065	176.36 	163.483	4.11372
58 	159.785	176.675	163.388	4.19583
59 	159.54 	176.395	163.223	4.30417
63 	159.505	175.982	162.695	4.46049
64 	159.225	176.5  	162.563	4.53682
67 	158.84 	177.067	162.283	4.66947
70 	158.665	176.577	161.995	4.80636
71 	158.56 	176.5  	161.899	4.82781
74 	158.35 	177.2  	161.601	4.95864
75 	158.14 	176.955	161.467	4.99119
76 	158.14 	176.123	161.353	5.02739
77 	157.93 	176.045	161.246	5.08411
78 	157.895	176.892	161.105	5.15013
79 	157.79 	176.325	160.989	5.19003
80 	157.58 	176.64 	160.864	5.25236
81 	157.545	176.5  	160.7  	5.23944
83 	157.405	176.927	160.428	5.39155
84 	157.23 	175.765	160.328	5.48123
85 	157.09 	177.025	160.177	5.5006 
86 	156.88 	177.13 	160.052	5.57629
88 	156.81 	176.647	159.833	5.64254
91 	156.705	176.682	159.615	5.77657
96 	156.635	176.025	159.372	5.90278
197	156.635	176.262	159.116	5.92914
End Time (hh:mm:ss.ms) 2023-07-17 09:40:03.616828
Total Time (hh:mm:ss.ms) 0:00:44.261675
Individuo: [[29, 12, 20, 10, 15, 27, 43, 13, 19, 39, 28, 3, 24, 11, 6, 34, 33, 44, 37, 38, 42, 31, 22, 14, 1, 5, 0, 25, 26, 4, 16, 9, 7, 35, 23, 40, 32, 8, 41, 36, 30, 17, 45, 2, 21, 18], [1, 1, 1, 1, 0, 0, 0, 0, 1, 0, 1, 1, 0, 1, 0, 0, 0, 0, 0, 0, 0, 0, 0, 0, 0, 1, 0, 0, 1, 1, 1, 0, 0, 0, 0, 1, 1, 1, 1, 1, 1, 1, 0, 1, 0, 1]]
Fitness:  156.63500000000005
Gens:  [0, 1, 2, 3, 4, 5, 6, 7, 8, 9, 10, 11, 12, 13, 14, 15, 16, 17, 18, 19, 20, 21, 22, 23, 24, 25, 26, 27, 28, 29, 30, 31, 32, 33, 34, 35, 36, 37, 38, 39, 40, 41, 42, 43, 44, 45, 46, 47, 48, 49, 50, 51, 52, 53, 54, 55, 56, 57, 58, 59, 60, 61, 62, 63, 64, 65, 66, 67, 68, 69, 70, 71, 72, 73, 74, 75, 76, 77, 78, 79, 80, 81, 82, 83, 84, 85, 86, 87, 88, 89, 90, 91, 92, 93, 94, 95, 96, 97, 98, 99, 100, 101, 102, 103, 104, 105, 106, 107, 108, 109, 110, 111, 112, 113, 114, 115, 116, 117, 118, 119, 120, 121, 122, 123, 124, 125, 126, 127, 128, 129, 130, 131, 132, 133, 134, 135, 136, 137, 138, 139, 140, 141, 142, 143, 144, 145, 146, 147, 148, 149, 150, 151, 152, 153, 154, 155, 156, 157, 158, 159, 160, 161, 162, 163, 164, 165, 166, 167, 168, 169, 170, 171, 172, 173, 174, 175, 176, 177, 178, 179, 180, 181, 182, 183, 184, 185, 186, 187, 188, 189, 190, 191, 192, 193, 194, 195, 196, 197]
Inds:  [168.17749999999995, 168.17749999999995, 167.09999999999997, 167.09999999999997, 167.09999999999997, 167.09999999999997, 167.09999999999997, 167.01499999999993, 167.01499999999993, 167.01499999999993, 167.01499999999993, 166.74999999999997, 166.5325, 166.5325, 166.43500000000003, 166.43500000000003, 166.3924999999999, 166.25999999999996, 165.34249999999994, 165.34249999999994, 165.34249999999994, 165.34249999999994, 165.34249999999994, 165.34249999999994, 164.545, 164.54499999999996, 164.54499999999996, 164.54499999999996, 164.4399999999999, 164.05499999999995, 163.98499999999996, 163.98499999999996, 163.56499999999994, 163.56499999999994, 163.32000000000002, 162.40999999999994, 162.40999999999994, 162.40999999999994, 162.40999999999994, 162.05999999999992, 162.05999999999992, 162.05999999999992, 162.05999999999992, 161.91999999999996, 161.535, 161.535, 161.18499999999997, 161.18499999999997, 161.18499999999997, 161.18499999999997, 160.83499999999998, 160.83499999999998, 160.625, 160.625, 160.625, 160.625, 160.555, 160.06500000000003, 159.78499999999997, 159.53999999999994, 159.53999999999994, 159.53999999999994, 159.53999999999994, 159.50499999999997, 159.225, 159.225, 159.225, 158.84000000000003, 158.84000000000003, 158.84000000000003, 158.66500000000008, 158.56000000000003, 158.56000000000003, 158.56000000000003, 158.35000000000008, 158.14000000000004, 158.14, 157.93000000000006, 157.89500000000004, 157.78999999999996, 157.5800000000001, 157.54500000000007, 157.54500000000007, 157.40500000000003, 157.23000000000002, 157.09000000000003, 156.8800000000001, 156.8800000000001, 156.81000000000006, 156.81000000000006, 156.81000000000006, 156.70500000000004, 156.70500000000004, 156.70500000000004, 156.70500000000004, 156.70500000000004, 156.63500000000005, 156.63500000000005, 156.63500000000005, 156.63500000000005, 156.63500000000005, 156.63500000000005, 156.63500000000005, 156.63500000000005, 156.63500000000005, 156.63500000000005, 156.63500000000005, 156.63500000000005, 156.63500000000005, 156.63500000000005, 156.63500000000005, 156.63500000000005, 156.63500000000005, 156.63500000000005, 156.63500000000005, 156.63500000000005, 156.63500000000005, 156.63500000000005, 156.63500000000005, 156.63500000000005, 156.63500000000005, 156.63500000000005, 156.63500000000005, 156.63500000000005, 156.63500000000005, 156.63500000000005, 156.63500000000005, 156.63500000000005, 156.63500000000005, 156.63500000000005, 156.63500000000005, 156.63500000000005, 156.63500000000005, 156.63500000000005, 156.63500000000005, 156.63500000000005, 156.63500000000005, 156.63500000000005, 156.63500000000005, 156.63500000000005, 156.63500000000005, 156.63500000000005, 156.63500000000005, 156.63500000000005, 156.63500000000005, 156.63500000000005, 156.63500000000005, 156.63500000000005, 156.63500000000005, 156.63500000000005, 156.63500000000005, 156.63500000000005, 156.63500000000005, 156.63500000000005, 156.63500000000005, 156.63500000000005, 156.63500000000005, 156.63500000000005, 156.63500000000005, 156.63500000000005, 156.63500000000005, 156.63500000000005, 156.63500000000005, 156.63500000000005, 156.63500000000005, 156.63500000000005, 156.63500000000005, 156.63500000000005, 156.63500000000005, 156.63500000000005, 156.63500000000005, 156.63500000000005, 156.63500000000005, 156.63500000000005, 156.63500000000005, 156.63500000000005, 156.63500000000005, 156.63500000000005, 156.63500000000005, 156.63500000000005, 156.63500000000005, 156.63500000000005, 156.63500000000005, 156.63500000000005, 156.63500000000005, 156.63500000000005, 156.63500000000005, 156.63500000000005, 156.63500000000005, 156.63500000000005, 156.63500000000005, 156.63500000000005, 156.63500000000005, 156.63500000000005, 156.63500000000005, 156.63500000000005, 156.63500000000005, 156.63500000000005]

Execution 3:
Parametros: P=1000, Pe=0.3, Pm=0.15, pe=0.7, Parada=100
Start Time (hh:mm:ss.ms) 2023-07-17 09:40:04.794012
gen	min    	max    	avg    	std    
0  	167.995	177.935	173.197	1.35473
4  	167.625	176.535	171.554	1.49853
5  	167.337	176.465	171.339	1.53234
6  	165.245	177.375	171.237	1.63178
21 	164.615	176.262	168.894	2.31729
26 	164.44 	176.36 	167.784	2.46405
27 	164.125	176.29 	167.653	2.6414 
28 	163.88 	176.22 	167.396	2.69189
29 	163.25 	176.325	167.201	2.79344
31 	162.445	177.382	166.737	2.8041 
36 	162.34 	176.43 	165.766	3.23456
38 	162.06 	176.472	165.414	3.46072
39 	161.535	177.347	165.185	3.47391
42 	161.045	176.29 	164.556	3.79142
44 	160.415	175.975	164.081	3.91171
46 	160.31 	176.542	163.635	4.08617
47 	160.1  	176.5  	163.44 	4.21058
48 	159.995	176.857	163.198	4.26683
49 	159.89 	176.332	163.029	4.3142 
50 	159.785	176.087	162.874	4.43273
51 	159.365	175.983	162.695	4.46086
53 	159.05 	176.892	162.337	4.59802
54 	158.805	176.088	162.209	4.64771
56 	158.525	176.01 	161.952	4.77118
58 	158.525	176.298	161.665	4.9435 
59 	158.49 	176.375	161.538	5.00059
60 	158    	175.975	161.39 	4.97916
63 	157.93 	176.087	161.011	5.09073
64 	157.79 	177.025	160.923	5.19422
65 	157.755	176.92 	160.82 	5.21582
66 	157.685	176.5  	160.719	5.31274
67 	157.58 	176.48 	160.611	5.32048
68 	157.475	176.885	160.517	5.40578
70 	157.265	176.06 	160.336	5.50512
73 	157.23 	177.418	160.107	5.54888
74 	157.195	176.5  	160.066	5.62133
76 	157.16 	175.94 	159.931	5.64017
77 	157.055	176.15 	159.877	5.64557
79 	156.95 	177.34 	159.795	5.71773
80 	156.915	176.29 	159.742	5.70751
82 	156.81 	176.78 	159.712	5.82659
183	156.81 	177.41 	159.27 	5.88012
End Time (hh:mm:ss.ms) 2023-07-17 09:40:46.776482
Total Time (hh:mm:ss.ms) 0:00:41.982470
Individuo: [[29, 18, 15, 27, 35, 9, 19, 21, 26, 45, 24, 40, 6, 34, 33, 44, 1, 14, 5, 0, 25, 39, 7, 13, 43, 16, 4, 20, 2, 17, 3, 28, 32, 8, 41, 22, 31, 42, 38, 37, 36, 30, 11, 23, 10, 12], [0, 0, 0, 0, 1, 0, 0, 1, 1, 1, 0, 0, 0, 0, 0, 1, 1, 1, 1, 0, 0, 1, 0, 1, 1, 1, 1, 1, 0, 0, 0, 0, 1, 1, 1, 1, 1, 1, 1, 1, 1, 1, 1, 1, 1, 0]]
Fitness:  156.81000000000003
Gens:  [0, 1, 2, 3, 4, 5, 6, 7, 8, 9, 10, 11, 12, 13, 14, 15, 16, 17, 18, 19, 20, 21, 22, 23, 24, 25, 26, 27, 28, 29, 30, 31, 32, 33, 34, 35, 36, 37, 38, 39, 40, 41, 42, 43, 44, 45, 46, 47, 48, 49, 50, 51, 52, 53, 54, 55, 56, 57, 58, 59, 60, 61, 62, 63, 64, 65, 66, 67, 68, 69, 70, 71, 72, 73, 74, 75, 76, 77, 78, 79, 80, 81, 82, 83, 84, 85, 86, 87, 88, 89, 90, 91, 92, 93, 94, 95, 96, 97, 98, 99, 100, 101, 102, 103, 104, 105, 106, 107, 108, 109, 110, 111, 112, 113, 114, 115, 116, 117, 118, 119, 120, 121, 122, 123, 124, 125, 126, 127, 128, 129, 130, 131, 132, 133, 134, 135, 136, 137, 138, 139, 140, 141, 142, 143, 144, 145, 146, 147, 148, 149, 150, 151, 152, 153, 154, 155, 156, 157, 158, 159, 160, 161, 162, 163, 164, 165, 166, 167, 168, 169, 170, 171, 172, 173, 174, 175, 176, 177, 178, 179, 180, 181, 182, 183]
Inds:  [167.995, 167.995, 167.995, 167.995, 167.625, 167.33749999999992, 165.245, 165.245, 165.245, 165.245, 165.245, 165.245, 165.245, 165.245, 165.245, 165.245, 165.245, 165.245, 165.245, 165.245, 165.245, 164.6149999999999, 164.6149999999999, 164.6149999999999, 164.6149999999999, 164.6149999999999, 164.44, 164.12499999999991, 163.88, 163.24999999999997, 163.24999999999997, 162.44500000000002, 162.44500000000002, 162.44500000000002, 162.44500000000002, 162.44500000000002, 162.33999999999995, 162.33999999999995, 162.06, 161.535, 161.535, 161.535, 161.04500000000002, 161.04500000000002, 160.41499999999996, 160.41499999999996, 160.31000000000003, 160.09999999999997, 159.99499999999998, 159.88999999999996, 159.785, 159.36499999999995, 159.36499999999995, 159.04999999999998, 158.80500000000004, 158.80500000000004, 158.52500000000003, 158.52500000000003, 158.52499999999998, 158.49, 158.00000000000003, 158.00000000000003, 158.00000000000003, 157.93, 157.79000000000002, 157.755, 157.68499999999997, 157.57999999999998, 157.475, 157.475, 157.265, 157.265, 157.265, 157.23000000000005, 157.195, 157.195, 157.16000000000003, 157.055, 157.055, 156.95000000000002, 156.91500000000005, 156.91500000000005, 156.81000000000003, 156.81000000000003, 156.81000000000003, 156.81000000000003, 156.81000000000003, 156.81000000000003, 156.81000000000003, 156.81000000000003, 156.81000000000003, 156.81000000000003, 156.81000000000003, 156.81000000000003, 156.81000000000003, 156.81000000000003, 156.81000000000003, 156.81000000000003, 156.81000000000003, 156.81000000000003, 156.81000000000003, 156.81000000000003, 156.81000000000003, 156.81000000000003, 156.81000000000003, 156.81000000000003, 156.81000000000003, 156.81000000000003, 156.81000000000003, 156.81000000000003, 156.81000000000003, 156.81000000000003, 156.81000000000003, 156.81000000000003, 156.81000000000003, 156.81000000000003, 156.81000000000003, 156.81000000000003, 156.81000000000003, 156.81000000000003, 156.81000000000003, 156.81000000000003, 156.81000000000003, 156.81000000000003, 156.81000000000003, 156.81000000000003, 156.81000000000003, 156.81000000000003, 156.81000000000003, 156.81000000000003, 156.81000000000003, 156.81000000000003, 156.81000000000003, 156.81000000000003, 156.81000000000003, 156.81000000000003, 156.81000000000003, 156.81000000000003, 156.81000000000003, 156.81000000000003, 156.81000000000003, 156.81000000000003, 156.81000000000003, 156.81000000000003, 156.81000000000003, 156.81000000000003, 156.81000000000003, 156.81000000000003, 156.81000000000003, 156.81000000000003, 156.81000000000003, 156.81000000000003, 156.81000000000003, 156.81000000000003, 156.81000000000003, 156.81000000000003, 156.81000000000003, 156.81000000000003, 156.81000000000003, 156.81000000000003, 156.81000000000003, 156.81000000000003, 156.81000000000003, 156.81000000000003, 156.81000000000003, 156.81000000000003, 156.81000000000003, 156.81000000000003, 156.81000000000003, 156.81000000000003, 156.81000000000003, 156.81000000000003, 156.81000000000003, 156.81000000000003, 156.81000000000003, 156.81000000000003, 156.81000000000003, 156.81000000000003, 156.81000000000003, 156.81000000000003, 156.81000000000003, 156.81000000000003, 156.81000000000003, 156.81000000000003]

Execution 4:
Parametros: P=1000, Pe=0.3, Pm=0.15, pe=0.7, Parada=100
Start Time (hh:mm:ss.ms) 2023-07-17 09:40:47.742446
gen	min    	max   	avg    	std    
0  	169.333	177.83	173.223	1.30202
1  	169.08 	176.57	172.439	1.24415
2  	167.89 	176.935	172.055	1.35285
3  	167.617	176.745	171.876	1.45745
5  	167.512	175.94 	171.409	1.54736
9  	165.875	176.052	170.885	1.7614 
14 	165.308	176.08 	170.152	1.91196
21 	165.28 	176.535	168.944	2.22596
23 	165.245	176.5  	168.606	2.31756
24 	165.105	176.605	168.509	2.37407
25 	164.755	176.43 	168.31 	2.46168
27 	163.872	176.857	167.997	2.52139
28 	163.635	177.235	167.819	2.55523
32 	163.565	176.955	167.159	2.72796
33 	163.285	176.535	167.033	2.81948
34 	163.103	176.122	166.864	2.86507
36 	162.97 	176.787	166.559	2.94751
40 	162.725	176.395	165.96 	3.16423
41 	161.78 	176.29 	165.843	3.20994
45 	161.387	176.752	165.304	3.46285
49 	161.255	175.737	164.676	3.65512
52 	161.045	176.717	164.209	3.87796
53 	160.555	176.885	164.088	3.92564
55 	160.31 	176.717	163.832	4.09014
57 	160.1  	176.71 	163.451	4.14055
58 	159.925	176.612	163.253	4.19544
59 	159.505	176.788	163.092	4.31595
60 	159.295	176.157	162.93 	4.43722
62 	158.98 	176.99 	162.539	4.56365
64 	158.63 	176.185	162.167	4.72323
66 	158.42 	176.613	161.857	4.80422
68 	158.14 	176.088	161.544	4.94149
70 	158.07 	176.29 	161.276	5.02431
72 	157.79 	176.185	161.082	5.13978
74 	157.65 	177.13 	160.875	5.27261
75 	157.58 	176.57 	160.766	5.34986
77 	157.37 	176.185	160.532	5.42482
80 	157.16 	176.717	160.232	5.52042
81 	157.09 	176.192	160.098	5.49639
82 	157.09 	176.395	160.034	5.63589
83 	156.88 	176.507	159.925	5.63624
84 	156.81 	177.025	159.825	5.61277
86 	156.67 	176.612	159.689	5.69787
91 	156.46 	176.22 	159.412	5.81104
95 	156.39 	177.34 	159.26 	5.92617
196	156.39 	176.29 	158.885	5.95914
End Time (hh:mm:ss.ms) 2023-07-17 09:41:31.860380
Total Time (hh:mm:ss.ms) 0:00:44.117934
Individuo: [[29, 18, 43, 27, 15, 10, 13, 19, 45, 28, 3, 5, 14, 38, 37, 44, 41, 33, 34, 8, 32, 6, 40, 24, 17, 11, 23, 16, 35, 7, 9, 2, 25, 0, 22, 31, 42, 1, 36, 30, 39, 21, 26, 4, 20, 12], [0, 0, 1, 1, 1, 0, 0, 1, 1, 1, 1, 1, 0, 1, 1, 1, 1, 1, 1, 1, 0, 1, 1, 1, 1, 1, 1, 1, 1, 1, 0, 1, 1, 1, 0, 1, 1, 1, 1, 1, 1, 1, 1, 1, 1, 0]]
Fitness:  156.39000000000001
Gens:  [0, 1, 2, 3, 4, 5, 6, 7, 8, 9, 10, 11, 12, 13, 14, 15, 16, 17, 18, 19, 20, 21, 22, 23, 24, 25, 26, 27, 28, 29, 30, 31, 32, 33, 34, 35, 36, 37, 38, 39, 40, 41, 42, 43, 44, 45, 46, 47, 48, 49, 50, 51, 52, 53, 54, 55, 56, 57, 58, 59, 60, 61, 62, 63, 64, 65, 66, 67, 68, 69, 70, 71, 72, 73, 74, 75, 76, 77, 78, 79, 80, 81, 82, 83, 84, 85, 86, 87, 88, 89, 90, 91, 92, 93, 94, 95, 96, 97, 98, 99, 100, 101, 102, 103, 104, 105, 106, 107, 108, 109, 110, 111, 112, 113, 114, 115, 116, 117, 118, 119, 120, 121, 122, 123, 124, 125, 126, 127, 128, 129, 130, 131, 132, 133, 134, 135, 136, 137, 138, 139, 140, 141, 142, 143, 144, 145, 146, 147, 148, 149, 150, 151, 152, 153, 154, 155, 156, 157, 158, 159, 160, 161, 162, 163, 164, 165, 166, 167, 168, 169, 170, 171, 172, 173, 174, 175, 176, 177, 178, 179, 180, 181, 182, 183, 184, 185, 186, 187, 188, 189, 190, 191, 192, 193, 194, 195, 196]
Inds:  [169.3325, 169.07999999999998, 167.89, 167.61749999999995, 167.61749999999995, 167.5125, 167.5125, 167.5125, 167.5125, 165.87499999999997, 165.87499999999997, 165.87499999999997, 165.87499999999997, 165.87499999999997, 165.30750000000006, 165.30750000000006, 165.30750000000006, 165.30750000000006, 165.30750000000006, 165.30750000000006, 165.30750000000006, 165.28, 165.28, 165.24500000000003, 165.10500000000002, 164.755, 164.755, 163.87249999999997, 163.635, 163.635, 163.635, 163.635, 163.565, 163.28499999999994, 163.10250000000002, 163.10250000000002, 162.96999999999994, 162.96999999999994, 162.96999999999994, 162.96999999999994, 162.72499999999997, 161.77999999999994, 161.77999999999994, 161.77999999999994, 161.77999999999994, 161.38749999999993, 161.38749999999993, 161.38749999999993, 161.38749999999993, 161.25499999999997, 161.25499999999997, 161.25499999999997, 161.04500000000002, 160.55499999999998, 160.55499999999998, 160.30999999999995, 160.30999999999995, 160.1, 159.92499999999993, 159.50499999999997, 159.295, 159.295, 158.97999999999996, 158.97999999999996, 158.62999999999997, 158.62999999999997, 158.42000000000002, 158.42000000000002, 158.14000000000001, 158.14000000000001, 158.07000000000002, 158.07000000000002, 157.79000000000002, 157.79000000000002, 157.65, 157.57999999999998, 157.57999999999998, 157.37, 157.37, 157.37, 157.16, 157.09000000000003, 157.09, 156.88, 156.81, 156.81, 156.67000000000002, 156.67000000000002, 156.67000000000002, 156.67000000000002, 156.67000000000002, 156.46, 156.46, 156.46, 156.46, 156.39000000000001, 156.39000000000001, 156.39000000000001, 156.39000000000001, 156.39000000000001, 156.39000000000001, 156.39000000000001, 156.39000000000001, 156.39000000000001, 156.39000000000001, 156.39000000000001, 156.39000000000001, 156.39000000000001, 156.39000000000001, 156.39000000000001, 156.39000000000001, 156.39000000000001, 156.39000000000001, 156.39000000000001, 156.39000000000001, 156.39000000000001, 156.39000000000001, 156.39000000000001, 156.39000000000001, 156.39000000000001, 156.39000000000001, 156.39000000000001, 156.39000000000001, 156.39000000000001, 156.39000000000001, 156.39000000000001, 156.39000000000001, 156.39000000000001, 156.39000000000001, 156.39000000000001, 156.39000000000001, 156.39000000000001, 156.39000000000001, 156.39000000000001, 156.39000000000001, 156.39000000000001, 156.39000000000001, 156.39000000000001, 156.39000000000001, 156.39000000000001, 156.39000000000001, 156.39000000000001, 156.39000000000001, 156.39000000000001, 156.39000000000001, 156.39000000000001, 156.39000000000001, 156.39000000000001, 156.39000000000001, 156.39000000000001, 156.39000000000001, 156.39000000000001, 156.39000000000001, 156.39000000000001, 156.39000000000001, 156.39000000000001, 156.39000000000001, 156.39000000000001, 156.39000000000001, 156.39000000000001, 156.39000000000001, 156.39000000000001, 156.39000000000001, 156.39000000000001, 156.39000000000001, 156.39000000000001, 156.39000000000001, 156.39000000000001, 156.39000000000001, 156.39000000000001, 156.39000000000001, 156.39000000000001, 156.39000000000001, 156.39000000000001, 156.39000000000001, 156.39000000000001, 156.39000000000001, 156.39000000000001, 156.39000000000001, 156.39000000000001, 156.39000000000001, 156.39000000000001, 156.39000000000001, 156.39000000000001, 156.39000000000001, 156.39000000000001, 156.39000000000001, 156.39000000000001, 156.39000000000001, 156.39000000000001, 156.39000000000001, 156.39000000000001, 156.39000000000001, 156.39000000000001, 156.39000000000001, 156.39000000000001, 156.39000000000001]

Execution 5:
Parametros: P=1000, Pe=0.3, Pm=0.15, pe=0.7, Parada=100
Start Time (hh:mm:ss.ms) 2023-07-17 09:41:32.864491
gen	min    	max    	avg    	std    
0  	168.807	176.577	173.232	1.34708
2  	168.395	176.577	171.986	1.33265
4  	168.002	176.29 	171.569	1.50573
5  	167.975	177.207	171.392	1.57854
6  	167.512	176.605	171.216	1.59958
7  	167.407	176.192	171.089	1.64286
8  	166.925	176.395	170.991	1.68083
13 	166.637	176.15 	170.294	1.86662
14 	166.26 	176.605	170.15 	1.92454
15 	165.875	176.857	170.119	2.0184 
16 	165.587	176.158	169.914	2.01191
19 	164.93 	176.577	169.48 	2.08143
24 	164.923	177.243	168.582	2.33221
26 	164.685	176.255	168.259	2.46371
27 	164.195	176.892	168.068	2.51922
30 	163.81 	176.57 	167.607	2.72119
32 	163.005	176.535	167.238	2.75582
37 	162.935	176.255	166.469	3.06154
38 	162.9  	177.138	166.3  	3.09704
39 	162.585	176.01 	166.123	3.12457
40 	161.64 	176.605	166.008	3.22149
44 	161.535	176.193	165.275	3.43892
46 	161.535	176.78 	164.957	3.60203
47 	161.29 	176.08 	164.735	3.68168
48 	161.115	176.045	164.523	3.76169
49 	160.547	176.465	164.34 	3.85326
52 	160.52 	176.43 	163.782	4.11948
53 	159.68 	176.99 	163.608	4.05594
57 	159.645	176.123	163.008	4.36091
58 	159.295	176.815	162.788	4.40598
61 	159.12 	176.745	162.405	4.62414
62 	158.91 	176.115	162.306	4.6379 
66 	158.805	176.29 	161.904	4.76957
67 	158.595	176.885	161.796	4.80381
68 	158.49 	176.157	161.72 	4.85567
70 	158.42 	177.235	161.575	4.97074
71 	158.307	177.445	161.49 	5.02303
72 	158.28 	177.2  	161.388	5.0695 
73 	158.168	176.01 	161.307	5.08518
74 	157.93 	176.298	161.217	5.11836
76 	157.895	177.593	161.062	5.18791
77 	157.65 	177.305	160.966	5.19148
78 	157.405	176.192	160.854	5.2127 
80 	157.265	177.025	160.645	5.31588
83 	157.195	176.745	160.233	5.43649
85 	157.153	176.857	160.08 	5.62916
86 	157.048	176.045	159.959	5.53693
90 	156.845	176.535	159.747	5.66163
92 	156.705	176.465	159.606	5.67552
95 	156.698	176.745	159.492	5.78353
96 	156.565	177.725	159.488	5.87517
97 	156.495	176.5  	159.423	5.87438
99 	156.425	177.34 	159.316	5.8253 
100	156.355	176.927	159.279	5.89216
103	156.285	177.06 	159.148	6.02958
204	156.285	176.612	158.818	6.04905
End Time (hh:mm:ss.ms) 2023-07-17 09:42:19.935532
Total Time (hh:mm:ss.ms) 0:00:47.071041
Individuo: [[4, 19, 7, 39, 14, 5, 31, 42, 32, 8, 41, 33, 34, 30, 36, 38, 37, 44, 1, 3, 17, 28, 11, 23, 16, 35, 13, 10, 43, 20, 21, 2, 45, 40, 6, 24, 22, 0, 25, 26, 9, 27, 15, 18, 12, 29], [0, 0, 1, 0, 1, 1, 1, 1, 1, 1, 1, 1, 1, 0, 0, 1, 1, 1, 1, 1, 1, 1, 1, 1, 1, 1, 1, 1, 0, 0, 1, 0, 1, 0, 0, 1, 1, 0, 0, 1, 1, 1, 1, 1, 0, 0]]
Fitness:  156.28500000000005
Gens:  [0, 1, 2, 3, 4, 5, 6, 7, 8, 9, 10, 11, 12, 13, 14, 15, 16, 17, 18, 19, 20, 21, 22, 23, 24, 25, 26, 27, 28, 29, 30, 31, 32, 33, 34, 35, 36, 37, 38, 39, 40, 41, 42, 43, 44, 45, 46, 47, 48, 49, 50, 51, 52, 53, 54, 55, 56, 57, 58, 59, 60, 61, 62, 63, 64, 65, 66, 67, 68, 69, 70, 71, 72, 73, 74, 75, 76, 77, 78, 79, 80, 81, 82, 83, 84, 85, 86, 87, 88, 89, 90, 91, 92, 93, 94, 95, 96, 97, 98, 99, 100, 101, 102, 103, 104, 105, 106, 107, 108, 109, 110, 111, 112, 113, 114, 115, 116, 117, 118, 119, 120, 121, 122, 123, 124, 125, 126, 127, 128, 129, 130, 131, 132, 133, 134, 135, 136, 137, 138, 139, 140, 141, 142, 143, 144, 145, 146, 147, 148, 149, 150, 151, 152, 153, 154, 155, 156, 157, 158, 159, 160, 161, 162, 163, 164, 165, 166, 167, 168, 169, 170, 171, 172, 173, 174, 175, 176, 177, 178, 179, 180, 181, 182, 183, 184, 185, 186, 187, 188, 189, 190, 191, 192, 193, 194, 195, 196, 197, 198, 199, 200, 201, 202, 203, 204]
Inds:  [168.8074999999999, 168.8074999999999, 168.395, 168.395, 168.00249999999994, 167.97499999999994, 167.51249999999993, 167.4074999999999, 166.925, 166.925, 166.925, 166.925, 166.925, 166.6374999999999, 166.26000000000002, 165.875, 165.5874999999999, 165.5874999999999, 165.5874999999999, 164.92999999999995, 164.92999999999995, 164.92999999999995, 164.92999999999995, 164.92999999999995, 164.9225, 164.9225, 164.68499999999995, 164.19499999999994, 164.19499999999994, 164.19499999999994, 163.80999999999995, 163.80999999999995, 163.00499999999997, 163.00499999999997, 163.00499999999997, 163.00499999999997, 163.00499999999997, 162.93499999999995, 162.9, 162.58499999999995, 161.63999999999996, 161.63999999999996, 161.63999999999996, 161.63999999999996, 161.53500000000003, 161.53500000000003, 161.53499999999997, 161.29000000000002, 161.11500000000004, 160.54749999999999, 160.54749999999999, 160.54749999999999, 160.51999999999998, 159.68000000000004, 159.68000000000004, 159.68000000000004, 159.68000000000004, 159.64500000000004, 159.295, 159.295, 159.295, 159.12, 158.91000000000003, 158.91000000000003, 158.91000000000003, 158.91000000000003, 158.80500000000004, 158.595, 158.49, 158.49, 158.42, 158.30749999999998, 158.28, 158.16750000000005, 157.93, 157.93, 157.89500000000007, 157.65, 157.40500000000003, 157.40500000000003, 157.26500000000004, 157.26500000000004, 157.26500000000004, 157.19500000000005, 157.19500000000005, 157.15250000000003, 157.04750000000004, 157.04750000000004, 157.04750000000004, 157.04750000000004, 156.84500000000006, 156.84500000000006, 156.70500000000004, 156.70500000000004, 156.70500000000004, 156.69750000000002, 156.56500000000005, 156.49500000000006, 156.49500000000006, 156.42500000000004, 156.35500000000005, 156.35500000000005, 156.35500000000005, 156.28500000000005, 156.28500000000005, 156.28500000000005, 156.28500000000005, 156.28500000000005, 156.28500000000005, 156.28500000000005, 156.28500000000005, 156.28500000000005, 156.28500000000005, 156.28500000000005, 156.28500000000005, 156.28500000000005, 156.28500000000005, 156.28500000000005, 156.28500000000005, 156.28500000000005, 156.28500000000005, 156.28500000000005, 156.28500000000005, 156.28500000000005, 156.28500000000005, 156.28500000000005, 156.28500000000005, 156.28500000000005, 156.28500000000005, 156.28500000000005, 156.28500000000005, 156.28500000000005, 156.28500000000005, 156.28500000000005, 156.28500000000005, 156.28500000000005, 156.28500000000005, 156.28500000000005, 156.28500000000005, 156.28500000000005, 156.28500000000005, 156.28500000000005, 156.28500000000005, 156.28500000000005, 156.28500000000005, 156.28500000000005, 156.28500000000005, 156.28500000000005, 156.28500000000005, 156.28500000000005, 156.28500000000005, 156.28500000000005, 156.28500000000005, 156.28500000000005, 156.28500000000005, 156.28500000000005, 156.28500000000005, 156.28500000000005, 156.28500000000005, 156.28500000000005, 156.28500000000005, 156.28500000000005, 156.28500000000005, 156.28500000000005, 156.28500000000005, 156.28500000000005, 156.28500000000005, 156.28500000000005, 156.28500000000005, 156.28500000000005, 156.28500000000005, 156.28500000000005, 156.28500000000005, 156.28500000000005, 156.28500000000005, 156.28500000000005, 156.28500000000005, 156.28500000000005, 156.28500000000005, 156.28500000000005, 156.28500000000005, 156.28500000000005, 156.28500000000005, 156.28500000000005, 156.28500000000005, 156.28500000000005, 156.28500000000005, 156.28500000000005, 156.28500000000005, 156.28500000000005, 156.28500000000005, 156.28500000000005, 156.28500000000005, 156.28500000000005, 156.28500000000005, 156.28500000000005, 156.28500000000005, 156.28500000000005, 156.28500000000005, 156.28500000000005, 156.28500000000005, 156.28500000000005, 156.28500000000005, 156.28500000000005, 156.28500000000005]

Execution 6:
Parametros: P=1000, Pe=0.3, Pm=0.15, pe=0.7, Parada=100
Start Time (hh:mm:ss.ms) 2023-07-17 09:42:20.949209
gen	min  	max    	avg    	std    
0  	169.5	177.865	173.235	1.33596
1  	168.457	176.22 	172.409	1.24385
3  	168.185	176.822	171.882	1.42166
5  	168.142	176.507	171.53 	1.55541
6  	167.022	175.66 	171.336	1.56877
13 	167.015	176.577	170.566	1.8843 
14 	166.847	176.43 	170.484	1.89878
15 	166.645	175.912	170.266	1.86132
17 	166.33 	176.395	170.104	1.98672
19 	165.91 	176.29 	169.897	2.08644
20 	165.49 	176.57 	169.633	2.07377
24 	165.28 	177.13 	169.138	2.21824
25 	164.93 	176.85 	168.979	2.24894
28 	164.895	177.2  	168.507	2.44305
29 	164.72 	176.36 	168.315	2.47501
30 	164.65 	177.453	168.056	2.44354
32 	164.475	177.305	167.787	2.5997 
33 	163.845	176.858	167.621	2.61416
34 	163.565	176.185	167.407	2.67175
36 	163.495	176.822	167.064	2.8243 
37 	163.355	177.41 	166.845	2.83944
38 	162.935	176.71 	166.737	2.9497 
40 	162.935	177.375	166.322	3.05931
41 	162.375	176.29 	166.138	3.11482
43 	162.2  	176.745	165.803	3.35762
44 	162.025	175.66 	165.561	3.26055
46 	161.885	177.165	165.282	3.53322
47 	161.815	176.71 	165.068	3.53839
49 	161.43 	176.017	164.74 	3.56257
51 	161.08 	177.235	164.408	3.81356
52 	161.045	176.78 	164.266	3.84468
54 	161.01 	177.305	163.968	3.93749
55 	160.59 	176.55 	163.858	4.11483
56 	160.03 	176.5  	163.64 	4.03594
58 	159.995	176.052	163.376	4.20964
61 	159.75 	176.43 	162.925	4.30532
63 	159.505	176.613	162.654	4.48376
64 	159.295	176.5  	162.512	4.52549
66 	159.12 	176.99 	162.232	4.63049
68 	158.77 	176.465	162.039	4.79166
71 	158.49 	176.045	161.664	4.86212
73 	158.385	177.13 	161.442	4.90239
74 	158.315	176.22 	161.376	5.02466
75 	158.28 	176.605	161.279	5.08238
77 	158.14 	176.815	161.052	5.11333
78 	157.965	176.85 	160.987	5.17282
79 	157.965	176.647	160.933	5.28719
83 	157.86 	176.185	160.545	5.31595
184	157.86 	177.417	160.218	5.46692
End Time (hh:mm:ss.ms) 2023-07-17 09:42:59.838758
Total Time (hh:mm:ss.ms) 0:00:38.889549
Individuo: [[29, 21, 26, 45, 17, 5, 31, 42, 41, 6, 16, 7, 19, 20, 18, 15, 10, 43, 27, 23, 11, 3, 36, 1, 8, 44, 38, 37, 22, 0, 14, 30, 24, 32, 33, 34, 40, 28, 2, 25, 39, 9, 35, 13, 4, 12], [0, 1, 1, 1, 0, 1, 1, 1, 1, 1, 1, 1, 0, 0, 0, 0, 0, 1, 0, 0, 0, 0, 0, 0, 1, 0, 1, 1, 1, 0, 0, 1, 1, 1, 1, 1, 1, 0, 1, 0, 1, 1, 0, 0, 1, 0]]
Fitness:  157.86000000000004
Gens:  [0, 1, 2, 3, 4, 5, 6, 7, 8, 9, 10, 11, 12, 13, 14, 15, 16, 17, 18, 19, 20, 21, 22, 23, 24, 25, 26, 27, 28, 29, 30, 31, 32, 33, 34, 35, 36, 37, 38, 39, 40, 41, 42, 43, 44, 45, 46, 47, 48, 49, 50, 51, 52, 53, 54, 55, 56, 57, 58, 59, 60, 61, 62, 63, 64, 65, 66, 67, 68, 69, 70, 71, 72, 73, 74, 75, 76, 77, 78, 79, 80, 81, 82, 83, 84, 85, 86, 87, 88, 89, 90, 91, 92, 93, 94, 95, 96, 97, 98, 99, 100, 101, 102, 103, 104, 105, 106, 107, 108, 109, 110, 111, 112, 113, 114, 115, 116, 117, 118, 119, 120, 121, 122, 123, 124, 125, 126, 127, 128, 129, 130, 131, 132, 133, 134, 135, 136, 137, 138, 139, 140, 141, 142, 143, 144, 145, 146, 147, 148, 149, 150, 151, 152, 153, 154, 155, 156, 157, 158, 159, 160, 161, 162, 163, 164, 165, 166, 167, 168, 169, 170, 171, 172, 173, 174, 175, 176, 177, 178, 179, 180, 181, 182, 183, 184]
Inds:  [169.49999999999997, 168.45749999999995, 168.45749999999995, 168.18499999999995, 168.18499999999995, 168.14249999999996, 167.02249999999998, 167.02249999999998, 167.02249999999998, 167.02249999999998, 167.02249999999998, 167.02249999999998, 167.02249999999998, 167.01499999999996, 166.84749999999994, 166.64499999999998, 166.64499999999998, 166.32999999999987, 166.32999999999987, 165.9099999999999, 165.48999999999995, 165.48999999999995, 165.48999999999995, 165.48999999999995, 165.27999999999992, 164.92999999999995, 164.92999999999995, 164.92999999999995, 164.8949999999999, 164.72, 164.65, 164.65, 164.47499999999994, 163.84499999999997, 163.56499999999994, 163.56499999999994, 163.49499999999995, 163.355, 162.935, 162.935, 162.93499999999997, 162.37500000000006, 162.37500000000006, 162.20000000000002, 162.02499999999998, 162.02499999999998, 161.88499999999993, 161.8149999999999, 161.8149999999999, 161.42999999999992, 161.42999999999992, 161.07999999999998, 161.045, 161.045, 161.01000000000002, 160.59000000000003, 160.03000000000006, 160.03000000000006, 159.995, 159.995, 159.995, 159.75, 159.75, 159.50500000000002, 159.29500000000002, 159.29500000000002, 159.12, 159.12, 158.77000000000004, 158.77000000000004, 158.77000000000004, 158.49, 158.49, 158.38500000000005, 158.31500000000005, 158.28000000000006, 158.28000000000006, 158.14000000000004, 157.96500000000006, 157.96500000000003, 157.96500000000003, 157.96500000000003, 157.96500000000003, 157.86000000000004, 157.86000000000004, 157.86000000000004, 157.86000000000004, 157.86000000000004, 157.86000000000004, 157.86000000000004, 157.86000000000004, 157.86000000000004, 157.86000000000004, 157.86000000000004, 157.86000000000004, 157.86000000000004, 157.86000000000004, 157.86000000000004, 157.86000000000004, 157.86000000000004, 157.86000000000004, 157.86000000000004, 157.86000000000004, 157.86000000000004, 157.86000000000004, 157.86000000000004, 157.86000000000004, 157.86000000000004, 157.86000000000004, 157.86000000000004, 157.86000000000004, 157.86000000000004, 157.86000000000004, 157.86000000000004, 157.86000000000004, 157.86000000000004, 157.86000000000004, 157.86000000000004, 157.86000000000004, 157.86000000000004, 157.86000000000004, 157.86000000000004, 157.86000000000004, 157.86000000000004, 157.86000000000004, 157.86000000000004, 157.86000000000004, 157.86000000000004, 157.86000000000004, 157.86000000000004, 157.86000000000004, 157.86000000000004, 157.86000000000004, 157.86000000000004, 157.86000000000004, 157.86000000000004, 157.86000000000004, 157.86000000000004, 157.86000000000004, 157.86000000000004, 157.86000000000004, 157.86000000000004, 157.86000000000004, 157.86000000000004, 157.86000000000004, 157.86000000000004, 157.86000000000004, 157.86000000000004, 157.86000000000004, 157.86000000000004, 157.86000000000004, 157.86000000000004, 157.86000000000004, 157.86000000000004, 157.86000000000004, 157.86000000000004, 157.86000000000004, 157.86000000000004, 157.86000000000004, 157.86000000000004, 157.86000000000004, 157.86000000000004, 157.86000000000004, 157.86000000000004, 157.86000000000004, 157.86000000000004, 157.86000000000004, 157.86000000000004, 157.86000000000004, 157.86000000000004, 157.86000000000004, 157.86000000000004, 157.86000000000004, 157.86000000000004, 157.86000000000004, 157.86000000000004, 157.86000000000004, 157.86000000000004, 157.86000000000004, 157.86000000000004, 157.86000000000004, 157.86000000000004, 157.86000000000004, 157.86000000000004, 157.86000000000004]

Execution 7:
Parametros: P=1000, Pe=0.3, Pm=0.15, pe=0.7, Parada=100
Start Time (hh:mm:ss.ms) 2023-07-17 09:43:00.891761
gen	min    	max    	avg   	std    
0  	168.668	177.032	173.24	1.31142
2  	168.59 	176.85 	172.139	1.33765
3  	168.255	177.2  	171.874	1.35588
4  	167.407	176.262	171.601	1.45063
12 	167.198	177.375	170.562	1.81775
13 	166.61 	177.34 	170.48 	1.88483
15 	165.945	176.297	170.21 	1.91374
18 	165.84 	177.523	169.815	2.0564 
19 	165.735	176.542	169.726	2.10431
22 	165.097	176.255	169.314	2.13982
25 	165.035	176.787	168.932	2.24958
31 	164.055	176.71 	168.204	2.5005 
32 	163.95 	176.192	168.06 	2.55942
37 	163.775	176.29 	167.223	2.75723
38 	163.635	176.22 	167.096	2.7633 
39 	163.285	176.78 	166.977	2.8374 
41 	162.97 	176.535	166.614	3.03903
44 	162.935	176.115	166.132	3.14294
45 	162.725	177.305	165.961	3.20255
46 	162.445	175.94 	165.758	3.24103
47 	162.41 	176.815	165.604	3.32649
48 	161.815	177.34 	165.466	3.43601
50 	161.535	176.745	165.089	3.5776 
52 	161.22 	176.507	164.771	3.70573
53 	160.87 	176.325	164.572	3.6569 
54 	160.345	176.2  	164.414	3.78169
57 	160.31 	176.15 	163.821	4.01691
59 	160.205	176.683	163.437	4.13563
60 	159.96 	176.963	163.251	4.29596
61 	159.715	176.36 	163.006	4.25235
62 	159.54 	176.15 	162.904	4.39017
63 	159.47 	175.702	162.764	4.49556
64 	159.365	176.15 	162.603	4.61692
65 	159.155	176.15 	162.362	4.48979
66 	158.945	175.885	162.261	4.57538
67 	158.84 	177.97 	162.122	4.70182
69 	158.525	177.172	161.839	4.84566
70 	158.175	176.997	161.659	4.86036
73 	158.035	176.85 	161.282	4.95844
75 	158    	176.675	161.078	5.08788
76 	157.965	176.76 	160.974	5.13265
77 	157.825	176.71 	160.924	5.29721
78 	157.685	176.262	160.814	5.27899
79 	157.335	177.103	160.736	5.36456
84 	157.195	176.43 	160.368	5.47852
85 	157.195	176.71 	160.303	5.55375
87 	157.055	175.45 	160.095	5.4877 
89 	156.845	176.683	159.952	5.65036
90 	156.775	176.682	159.841	5.65907
91 	156.67 	175.765	159.755	5.68357
95 	156.635	176.325	159.505	5.72948
98 	156.565	176.955	159.392	5.83908
101	156.495	176.43 	159.289	5.89334
202	156.495	176.605	159.013	6.00936
End Time (hh:mm:ss.ms) 2023-07-17 09:43:41.829058
Total Time (hh:mm:ss.ms) 0:00:40.937297
Individuo: [[29, 12, 21, 26, 4, 20, 2, 22, 5, 0, 25, 39, 19, 9, 35, 16, 23, 40, 28, 17, 11, 6, 34, 33, 24, 3, 36, 1, 44, 41, 8, 32, 30, 37, 38, 42, 31, 14, 45, 7, 13, 27, 10, 43, 15, 18], [1, 1, 1, 1, 1, 1, 1, 0, 1, 0, 0, 1, 0, 1, 0, 0, 0, 1, 0, 0, 1, 0, 0, 0, 1, 0, 0, 0, 0, 0, 0, 0, 0, 0, 0, 0, 0, 0, 0, 0, 1, 1, 0, 1, 1, 1]]
Fitness:  156.49500000000003
Gens:  [0, 1, 2, 3, 4, 5, 6, 7, 8, 9, 10, 11, 12, 13, 14, 15, 16, 17, 18, 19, 20, 21, 22, 23, 24, 25, 26, 27, 28, 29, 30, 31, 32, 33, 34, 35, 36, 37, 38, 39, 40, 41, 42, 43, 44, 45, 46, 47, 48, 49, 50, 51, 52, 53, 54, 55, 56, 57, 58, 59, 60, 61, 62, 63, 64, 65, 66, 67, 68, 69, 70, 71, 72, 73, 74, 75, 76, 77, 78, 79, 80, 81, 82, 83, 84, 85, 86, 87, 88, 89, 90, 91, 92, 93, 94, 95, 96, 97, 98, 99, 100, 101, 102, 103, 104, 105, 106, 107, 108, 109, 110, 111, 112, 113, 114, 115, 116, 117, 118, 119, 120, 121, 122, 123, 124, 125, 126, 127, 128, 129, 130, 131, 132, 133, 134, 135, 136, 137, 138, 139, 140, 141, 142, 143, 144, 145, 146, 147, 148, 149, 150, 151, 152, 153, 154, 155, 156, 157, 158, 159, 160, 161, 162, 163, 164, 165, 166, 167, 168, 169, 170, 171, 172, 173, 174, 175, 176, 177, 178, 179, 180, 181, 182, 183, 184, 185, 186, 187, 188, 189, 190, 191, 192, 193, 194, 195, 196, 197, 198, 199, 200, 201, 202]
Inds:  [168.66750000000002, 168.66750000000002, 168.58999999999995, 168.255, 167.40749999999997, 167.40749999999997, 167.40749999999997, 167.40749999999997, 167.40749999999997, 167.40749999999997, 167.40749999999997, 167.40749999999997, 167.19750000000002, 166.60999999999999, 166.60999999999999, 165.94499999999996, 165.94499999999996, 165.94499999999996, 165.83999999999995, 165.73499999999996, 165.73499999999996, 165.73499999999996, 165.09749999999997, 165.09749999999997, 165.09749999999997, 165.03499999999994, 165.03499999999994, 165.03499999999994, 165.03499999999994, 165.03499999999994, 165.03499999999994, 164.055, 163.94999999999993, 163.94999999999993, 163.94999999999993, 163.94999999999993, 163.94999999999993, 163.77499999999995, 163.63499999999996, 163.28499999999997, 163.28499999999997, 162.97, 162.97, 162.97, 162.93499999999997, 162.72499999999997, 162.44499999999994, 162.40999999999997, 161.81500000000003, 161.81500000000003, 161.53499999999994, 161.53499999999994, 161.21999999999997, 160.86999999999998, 160.34499999999997, 160.34499999999997, 160.34499999999997, 160.31000000000003, 160.31000000000003, 160.20499999999998, 159.96, 159.71499999999997, 159.54, 159.47000000000003, 159.365, 159.155, 158.94500000000002, 158.84, 158.84, 158.52500000000003, 158.175, 158.175, 158.175, 158.03500000000003, 158.03500000000003, 158.0, 157.96500000000003, 157.82500000000005, 157.68500000000003, 157.33500000000004, 157.33500000000004, 157.33500000000004, 157.33500000000004, 157.33500000000004, 157.19500000000002, 157.195, 157.195, 157.05500000000004, 157.05500000000004, 156.84500000000006, 156.775, 156.67000000000004, 156.67000000000004, 156.67000000000004, 156.67000000000004, 156.63500000000002, 156.63500000000002, 156.63500000000002, 156.56500000000003, 156.56500000000003, 156.56500000000003, 156.49500000000003, 156.49500000000003, 156.49500000000003, 156.49500000000003, 156.49500000000003, 156.49500000000003, 156.49500000000003, 156.49500000000003, 156.49500000000003, 156.49500000000003, 156.49500000000003, 156.49500000000003, 156.49500000000003, 156.49500000000003, 156.49500000000003, 156.49500000000003, 156.49500000000003, 156.49500000000003, 156.49500000000003, 156.49500000000003, 156.49500000000003, 156.49500000000003, 156.49500000000003, 156.49500000000003, 156.49500000000003, 156.49500000000003, 156.49500000000003, 156.49500000000003, 156.49500000000003, 156.49500000000003, 156.49500000000003, 156.49500000000003, 156.49500000000003, 156.49500000000003, 156.49500000000003, 156.49500000000003, 156.49500000000003, 156.49500000000003, 156.49500000000003, 156.49500000000003, 156.49500000000003, 156.49500000000003, 156.49500000000003, 156.49500000000003, 156.49500000000003, 156.49500000000003, 156.49500000000003, 156.49500000000003, 156.49500000000003, 156.49500000000003, 156.49500000000003, 156.49500000000003, 156.49500000000003, 156.49500000000003, 156.49500000000003, 156.49500000000003, 156.49500000000003, 156.49500000000003, 156.49500000000003, 156.49500000000003, 156.49500000000003, 156.49500000000003, 156.49500000000003, 156.49500000000003, 156.49500000000003, 156.49500000000003, 156.49500000000003, 156.49500000000003, 156.49500000000003, 156.49500000000003, 156.49500000000003, 156.49500000000003, 156.49500000000003, 156.49500000000003, 156.49500000000003, 156.49500000000003, 156.49500000000003, 156.49500000000003, 156.49500000000003, 156.49500000000003, 156.49500000000003, 156.49500000000003, 156.49500000000003, 156.49500000000003, 156.49500000000003, 156.49500000000003, 156.49500000000003, 156.49500000000003, 156.49500000000003, 156.49500000000003, 156.49500000000003, 156.49500000000003, 156.49500000000003, 156.49500000000003, 156.49500000000003, 156.49500000000003, 156.49500000000003, 156.49500000000003, 156.49500000000003, 156.49500000000003, 156.49500000000003, 156.49500000000003]

Execution 8:
Parametros: P=1000, Pe=0.3, Pm=0.15, pe=0.7, Parada=100
Start Time (hh:mm:ss.ms) 2023-07-17 09:43:42.827059
gen	min    	max   	avg    	std    
0  	169.648	176.76	173.178	1.29754
1  	168.597	176.472	172.364	1.26904
3  	167.407	176.78 	171.798	1.45792
6  	167.337	176.752	171.146	1.65507
8  	166.61 	176.36 	170.882	1.76824
10 	166.077	176.64 	170.557	1.83225
15 	166.05 	176.298	169.85 	2.05284
17 	165.595	176.22 	169.498	2.09703
19 	165.105	177.48 	169.159	2.24582
22 	164.685	177.13 	168.591	2.36552
23 	164.545	177.025	168.371	2.40601
27 	164.3  	176.745	167.675	2.64234
29 	164.09 	176.955	167.288	2.75896
30 	163.11 	176.5  	167.067	2.7808 
31 	162.445	176.99 	166.878	2.88529
36 	162.165	177.005	165.914	3.23144
40 	162.13 	176.542	165.312	3.40381
41 	161.885	176.158	165.194	3.45973
43 	161.745	177.27 	164.945	3.60175
44 	161.43 	176.263	164.809	3.57046
47 	160.94 	176.08 	164.527	3.72984
49 	160.94 	176.535	164.178	3.79289
50 	160.485	175.808	164.082	3.90004
51 	160.31 	176.92 	163.968	3.98679
54 	160.17 	177.137	163.586	4.10136
56 	159.89 	176.438	163.354	4.21251
58 	159.54 	176.542	163.158	4.38008
60 	159.33 	176.535	162.888	4.44626
62 	159.295	176.745	162.701	4.55875
63 	159.225	176.857	162.547	4.52005
66 	159.155	176.465	162.174	4.65589
67 	158.945	176.613	162.067	4.76407
68 	158.77 	176.885	161.905	4.74618
69 	158.735	176.752	161.823	4.92474
70 	158.35 	176.655	161.667	4.90858
74 	158.28 	176.185	161.207	5.0395 
75 	158.07 	176.92 	161.121	5.07736
77 	158    	175.59 	160.969	5.20668
78 	157.93 	176.71 	160.869	5.2127 
80 	157.58 	176.325	160.699	5.22652
85 	157.51 	175.765	160.376	5.48432
87 	157.475	176.29 	160.198	5.51706
88 	157.44 	176.052	160.092	5.50726
89 	157.37 	176.325	160.032	5.56406
90 	157.37 	177.9  	159.995	5.64275
191	157.37 	176.535	159.756	5.6931 
End Time (hh:mm:ss.ms) 2023-07-17 09:44:25.909091
Total Time (hh:mm:ss.ms) 0:00:43.082032
Individuo: [[29, 12, 20, 13, 16, 43, 10, 15, 35, 19, 45, 28, 24, 30, 36, 3, 14, 1, 37, 38, 44, 8, 41, 33, 34, 32, 5, 42, 31, 17, 39, 9, 26, 2, 7, 23, 11, 6, 40, 22, 0, 25, 21, 4, 27, 18], [1, 1, 1, 0, 0, 0, 1, 0, 1, 1, 1, 1, 1, 0, 0, 1, 1, 0, 0, 1, 1, 1, 1, 1, 1, 0, 1, 0, 0, 1, 1, 0, 0, 0, 0, 0, 0, 1, 1, 1, 0, 0, 0, 0, 1, 1]]
Fitness:  157.36999999999998
Gens:  [0, 1, 2, 3, 4, 5, 6, 7, 8, 9, 10, 11, 12, 13, 14, 15, 16, 17, 18, 19, 20, 21, 22, 23, 24, 25, 26, 27, 28, 29, 30, 31, 32, 33, 34, 35, 36, 37, 38, 39, 40, 41, 42, 43, 44, 45, 46, 47, 48, 49, 50, 51, 52, 53, 54, 55, 56, 57, 58, 59, 60, 61, 62, 63, 64, 65, 66, 67, 68, 69, 70, 71, 72, 73, 74, 75, 76, 77, 78, 79, 80, 81, 82, 83, 84, 85, 86, 87, 88, 89, 90, 91, 92, 93, 94, 95, 96, 97, 98, 99, 100, 101, 102, 103, 104, 105, 106, 107, 108, 109, 110, 111, 112, 113, 114, 115, 116, 117, 118, 119, 120, 121, 122, 123, 124, 125, 126, 127, 128, 129, 130, 131, 132, 133, 134, 135, 136, 137, 138, 139, 140, 141, 142, 143, 144, 145, 146, 147, 148, 149, 150, 151, 152, 153, 154, 155, 156, 157, 158, 159, 160, 161, 162, 163, 164, 165, 166, 167, 168, 169, 170, 171, 172, 173, 174, 175, 176, 177, 178, 179, 180, 181, 182, 183, 184, 185, 186, 187, 188, 189, 190, 191]
Inds:  [169.6475, 168.59749999999988, 168.59749999999988, 167.40749999999997, 167.40749999999997, 167.40749999999997, 167.33749999999998, 167.33749999999998, 166.60999999999996, 166.60999999999996, 166.0775, 166.0775, 166.0775, 166.0775, 166.0775, 166.05, 166.05, 165.595, 165.595, 165.105, 165.105, 165.105, 164.68499999999997, 164.54500000000004, 164.54500000000004, 164.54500000000004, 164.54500000000004, 164.29999999999995, 164.29999999999995, 164.09, 163.10999999999993, 162.44499999999994, 162.44499999999994, 162.44499999999994, 162.44499999999994, 162.44499999999994, 162.165, 162.165, 162.165, 162.165, 162.12999999999994, 161.88499999999993, 161.88499999999993, 161.745, 161.42999999999995, 161.42999999999995, 161.42999999999995, 160.94, 160.94, 160.93999999999994, 160.48499999999999, 160.30999999999997, 160.30999999999997, 160.30999999999997, 160.17, 160.17, 159.89, 159.89, 159.54, 159.54, 159.32999999999998, 159.32999999999998, 159.29499999999996, 159.225, 159.225, 159.225, 159.15499999999997, 158.945, 158.77, 158.73499999999999, 158.35, 158.35, 158.35, 158.35, 158.28, 158.07000000000002, 158.07000000000002, 158.0, 157.93, 157.93, 157.58, 157.58, 157.58, 157.58, 157.58, 157.51, 157.51, 157.47499999999997, 157.44, 157.37, 157.36999999999998, 157.36999999999998, 157.36999999999998, 157.36999999999998, 157.36999999999998, 157.36999999999998, 157.36999999999998, 157.36999999999998, 157.36999999999998, 157.36999999999998, 157.36999999999998, 157.36999999999998, 157.36999999999998, 157.36999999999998, 157.36999999999998, 157.36999999999998, 157.36999999999998, 157.36999999999998, 157.36999999999998, 157.36999999999998, 157.36999999999998, 157.36999999999998, 157.36999999999998, 157.36999999999998, 157.36999999999998, 157.36999999999998, 157.36999999999998, 157.36999999999998, 157.36999999999998, 157.36999999999998, 157.36999999999998, 157.36999999999998, 157.36999999999998, 157.36999999999998, 157.36999999999998, 157.36999999999998, 157.36999999999998, 157.36999999999998, 157.36999999999998, 157.36999999999998, 157.36999999999998, 157.36999999999998, 157.36999999999998, 157.36999999999998, 157.36999999999998, 157.36999999999998, 157.36999999999998, 157.36999999999998, 157.36999999999998, 157.36999999999998, 157.36999999999998, 157.36999999999998, 157.36999999999998, 157.36999999999998, 157.36999999999998, 157.36999999999998, 157.36999999999998, 157.36999999999998, 157.36999999999998, 157.36999999999998, 157.36999999999998, 157.36999999999998, 157.36999999999998, 157.36999999999998, 157.36999999999998, 157.36999999999998, 157.36999999999998, 157.36999999999998, 157.36999999999998, 157.36999999999998, 157.36999999999998, 157.36999999999998, 157.36999999999998, 157.36999999999998, 157.36999999999998, 157.36999999999998, 157.36999999999998, 157.36999999999998, 157.36999999999998, 157.36999999999998, 157.36999999999998, 157.36999999999998, 157.36999999999998, 157.36999999999998, 157.36999999999998, 157.36999999999998, 157.36999999999998, 157.36999999999998, 157.36999999999998, 157.36999999999998, 157.36999999999998, 157.36999999999998, 157.36999999999998, 157.36999999999998, 157.36999999999998, 157.36999999999998, 157.36999999999998, 157.36999999999998, 157.36999999999998, 157.36999999999998, 157.36999999999998, 157.36999999999998]

Execution 9:
Parametros: P=1000, Pe=0.3, Pm=0.15, pe=0.7, Parada=100
Start Time (hh:mm:ss.ms) 2023-07-17 09:44:27.041083
gen	min   	max    	avg    	std    
0  	169.13	177.165	173.183	1.40239
1  	168.632	176.997	172.389	1.31482
3  	167.267	176.43 	171.745	1.43374
7  	166.82 	176.682	171.092	1.60021
11 	166.113	176.22 	170.511	1.81222
15 	165.84 	176.185	169.866	1.96504
16 	165.77 	176.325	169.689	2.02475
18 	165.56 	177.305	169.291	2.15834
19 	165.455	176.262	169.076	2.16221
20 	165.385	176.325	168.852	2.26046
21 	164.965	176.472	168.647	2.26288
22 	164.545	176.325	168.462	2.31573
25 	164.37 	177.103	167.839	2.58892
26 	163.985	176.395	167.604	2.63547
27 	163.635	176.465	167.424	2.72715
29 	163.355	176.185	167.059	2.80076
33 	162.97 	177.2  	166.459	2.99697
34 	162.69 	176.29 	166.299	3.07258
37 	162.48 	176.612	165.961	3.26391
39 	162.375	176.395	165.653	3.34765
40 	161.885	177.13 	165.562	3.33617
43 	161.71 	176.087	165.148	3.56611
44 	161.5  	176.185	164.916	3.52822
45 	161.395	176.955	164.836	3.6982 
46 	161.255	176.395	164.628	3.67557
48 	160.625	176.64 	164.359	3.86104
49 	160.485	177.102	164.219	3.89138
52 	160.205	176.465	163.702	4.07701
53 	160.205	176.255	163.521	4.08145
54 	159.925	176.605	163.398	4.16447
55 	159.68 	177.025	163.263	4.31679
56 	159.365	176.535	163.108	4.34266
59 	159.295	176.507	162.62 	4.49285
61 	159.085	176.045	162.322	4.54153
62 	158.98 	176.36 	162.219	4.62549
63 	158.98 	176.97 	162.09 	4.71673
64 	158.77 	176.725	162.016	4.77186
65 	158.385	177.417	161.891	4.81921
69 	158.175	177.83 	161.403	5.01351
71 	157.93 	176.08 	161.195	5.0146 
75 	157.86 	175.975	160.873	5.31755
76 	157.65 	175.983	160.712	5.28623
77 	157.51 	176.745	160.648	5.35655
78 	157.405	175.87 	160.513	5.33498
80 	157.405	177.165	160.346	5.42464
81 	157.335	176.78 	160.266	5.49291
82 	157.23 	176.64 	160.171	5.51762
84 	157.125	176.115	160.035	5.60478
85 	157.055	176.15 	159.946	5.59989
87 	157.055	175.982	159.805	5.655  
88 	156.985	177.025	159.75 	5.71269
89 	156.845	176.15 	159.66 	5.6554 
90 	156.775	177.305	159.651	5.78505
191	156.775	176.255	159.222	5.84573
End Time (hh:mm:ss.ms) 2023-07-17 09:45:08.509106
Total Time (hh:mm:ss.ms) 0:00:41.468023
Individuo: [[12, 20, 19, 10, 15, 27, 9, 0, 25, 21, 4, 35, 16, 23, 28, 17, 24, 40, 6, 34, 33, 41, 37, 44, 1, 14, 42, 38, 31, 22, 5, 39, 26, 2, 7, 45, 3, 30, 36, 8, 32, 11, 13, 43, 18, 29], [1, 1, 1, 1, 0, 0, 0, 0, 0, 0, 0, 0, 0, 0, 0, 0, 0, 0, 0, 0, 0, 0, 0, 1, 1, 1, 1, 1, 0, 0, 1, 1, 0, 0, 1, 1, 0, 0, 0, 1, 0, 1, 1, 1, 1, 1]]
Fitness:  156.77500000000003
Gens:  [0, 1, 2, 3, 4, 5, 6, 7, 8, 9, 10, 11, 12, 13, 14, 15, 16, 17, 18, 19, 20, 21, 22, 23, 24, 25, 26, 27, 28, 29, 30, 31, 32, 33, 34, 35, 36, 37, 38, 39, 40, 41, 42, 43, 44, 45, 46, 47, 48, 49, 50, 51, 52, 53, 54, 55, 56, 57, 58, 59, 60, 61, 62, 63, 64, 65, 66, 67, 68, 69, 70, 71, 72, 73, 74, 75, 76, 77, 78, 79, 80, 81, 82, 83, 84, 85, 86, 87, 88, 89, 90, 91, 92, 93, 94, 95, 96, 97, 98, 99, 100, 101, 102, 103, 104, 105, 106, 107, 108, 109, 110, 111, 112, 113, 114, 115, 116, 117, 118, 119, 120, 121, 122, 123, 124, 125, 126, 127, 128, 129, 130, 131, 132, 133, 134, 135, 136, 137, 138, 139, 140, 141, 142, 143, 144, 145, 146, 147, 148, 149, 150, 151, 152, 153, 154, 155, 156, 157, 158, 159, 160, 161, 162, 163, 164, 165, 166, 167, 168, 169, 170, 171, 172, 173, 174, 175, 176, 177, 178, 179, 180, 181, 182, 183, 184, 185, 186, 187, 188, 189, 190, 191]
Inds:  [169.13000000000005, 168.63249999999996, 168.63249999999996, 167.26749999999996, 167.26749999999996, 167.26749999999996, 167.26749999999996, 166.82000000000002, 166.82000000000002, 166.82000000000002, 166.82000000000002, 166.1125, 166.1125, 166.1125, 166.1125, 165.83999999999997, 165.76999999999995, 165.76999999999995, 165.55999999999997, 165.45499999999993, 165.38499999999996, 164.96499999999997, 164.545, 164.545, 164.545, 164.36999999999998, 163.98499999999996, 163.63500000000002, 163.63500000000002, 163.35499999999993, 163.35499999999993, 163.35499999999993, 163.35499999999993, 162.96999999999997, 162.68999999999997, 162.68999999999997, 162.68999999999997, 162.47999999999996, 162.47999999999996, 162.37499999999997, 161.885, 161.885, 161.885, 161.71, 161.5, 161.39499999999998, 161.25499999999994, 161.25499999999994, 160.625, 160.48499999999999, 160.48499999999999, 160.48499999999999, 160.20499999999996, 160.20499999999993, 159.92499999999995, 159.68, 159.365, 159.365, 159.365, 159.29500000000004, 159.29500000000004, 159.085, 158.98, 158.97999999999996, 158.76999999999998, 158.385, 158.385, 158.385, 158.385, 158.17499999999998, 158.17499999999998, 157.93, 157.93, 157.93, 157.93, 157.86, 157.65, 157.51000000000002, 157.40500000000003, 157.40500000000003, 157.405, 157.335, 157.23000000000002, 157.23000000000002, 157.12500000000003, 157.05500000000004, 157.05500000000004, 157.055, 156.985, 156.84500000000003, 156.77500000000003, 156.77500000000003, 156.77500000000003, 156.77500000000003, 156.77500000000003, 156.77500000000003, 156.77500000000003, 156.77500000000003, 156.77500000000003, 156.77500000000003, 156.77500000000003, 156.77500000000003, 156.77500000000003, 156.77500000000003, 156.77500000000003, 156.77500000000003, 156.77500000000003, 156.77500000000003, 156.77500000000003, 156.77500000000003, 156.77500000000003, 156.77500000000003, 156.77500000000003, 156.77500000000003, 156.77500000000003, 156.77500000000003, 156.77500000000003, 156.77500000000003, 156.77500000000003, 156.77500000000003, 156.77500000000003, 156.77500000000003, 156.77500000000003, 156.77500000000003, 156.77500000000003, 156.77500000000003, 156.77500000000003, 156.77500000000003, 156.77500000000003, 156.77500000000003, 156.77500000000003, 156.77500000000003, 156.77500000000003, 156.77500000000003, 156.77500000000003, 156.77500000000003, 156.77500000000003, 156.77500000000003, 156.77500000000003, 156.77500000000003, 156.77500000000003, 156.77500000000003, 156.77500000000003, 156.77500000000003, 156.77500000000003, 156.77500000000003, 156.77500000000003, 156.77500000000003, 156.77500000000003, 156.77500000000003, 156.77500000000003, 156.77500000000003, 156.77500000000003, 156.77500000000003, 156.77500000000003, 156.77500000000003, 156.77500000000003, 156.77500000000003, 156.77500000000003, 156.77500000000003, 156.77500000000003, 156.77500000000003, 156.77500000000003, 156.77500000000003, 156.77500000000003, 156.77500000000003, 156.77500000000003, 156.77500000000003, 156.77500000000003, 156.77500000000003, 156.77500000000003, 156.77500000000003, 156.77500000000003, 156.77500000000003, 156.77500000000003, 156.77500000000003, 156.77500000000003, 156.77500000000003, 156.77500000000003, 156.77500000000003, 156.77500000000003, 156.77500000000003, 156.77500000000003, 156.77500000000003, 156.77500000000003, 156.77500000000003, 156.77500000000003, 156.77500000000003, 156.77500000000003, 156.77500000000003, 156.77500000000003, 156.77500000000003]

Execution 10:
Parametros: P=1000, Pe=0.3, Pm=0.15, pe=0.7, Parada=100
Start Time (hh:mm:ss.ms) 2023-07-17 09:45:09.565662
gen	min    	max    	avg    	std    
0  	169.507	177.935	173.234	1.33393
1  	168.535	176.43 	172.44 	1.2648 
3  	167.66 	176.745	171.766	1.36429
6  	167.548	176.29 	171.237	1.63035
8  	166.715	176.955	170.982	1.72215
10 	165.665	176.122	170.693	1.778  
19 	165.175	176.745	169.399	2.08111
21 	164.922	175.765	169.116	2.1034 
27 	164.825	176.36 	168.19 	2.43866
28 	164.755	176.36 	168.025	2.45331
29 	164.125	176.045	167.838	2.51837
30 	163.88 	175.765	167.62 	2.5244 
31 	163.565	176.255	167.501	2.63799
32 	163.495	176.787	167.354	2.73402
36 	163.11 	175.975	166.654	2.90463
37 	162.34 	176.927	166.507	2.96717
43 	161.815	176.71 	165.571	3.25224
48 	161.185	176.5  	164.817	3.54374
52 	161.115	176.745	164.264	3.83293
53 	161.045	175.66 	164.111	3.86467
54 	160.345	176.78 	163.996	3.97198
55 	160.275	176.885	163.812	3.99284
57 	160.03 	177.795	163.492	4.09827
59 	159.75 	176.01 	163.197	4.34756
62 	159.435	176.262	162.758	4.41907
63 	158.98 	176.36 	162.628	4.50389
66 	158.875	176.78 	162.203	4.71938
68 	158.56 	176.577	161.871	4.72725
69 	158.49 	177.137	161.802	4.91313
70 	158.35 	176.885	161.675	4.90361
71 	158    	176.71 	161.524	4.96644
72 	157.93 	176.332	161.39 	5.00245
73 	157.65 	176.57 	161.259	5.02559
78 	157.475	176.157	160.637	5.24709
80 	157.265	177.305	160.514	5.47062
84 	157.055	176.43 	160.137	5.54181
86 	156.915	176.745	160.004	5.60164
90 	156.88 	176.535	159.744	5.65823
91 	156.845	176.885	159.687	5.69208
93 	156.635	176.92 	159.576	5.84341
194	156.635	176.438	159.174	6.0645 
End Time (hh:mm:ss.ms) 2023-07-17 09:45:53.012688
Total Time (hh:mm:ss.ms) 0:00:43.447026
Individuo: [[12, 29, 20, 40, 24, 17, 45, 2, 25, 26, 19, 4, 9, 7, 39, 3, 30, 8, 41, 33, 34, 6, 32, 31, 42, 38, 37, 44, 1, 36, 14, 28, 11, 23, 16, 35, 10, 13, 5, 22, 0, 21, 43, 27, 15, 18], [1, 0, 1, 1, 1, 1, 0, 1, 1, 1, 0, 0, 1, 1, 0, 0, 0, 1, 1, 1, 1, 1, 0, 1, 1, 1, 1, 1, 1, 1, 1, 1, 1, 1, 1, 1, 0, 0, 0, 1, 0, 0, 1, 1, 1, 1]]
Fitness:  156.6350000000001
Gens:  [0, 1, 2, 3, 4, 5, 6, 7, 8, 9, 10, 11, 12, 13, 14, 15, 16, 17, 18, 19, 20, 21, 22, 23, 24, 25, 26, 27, 28, 29, 30, 31, 32, 33, 34, 35, 36, 37, 38, 39, 40, 41, 42, 43, 44, 45, 46, 47, 48, 49, 50, 51, 52, 53, 54, 55, 56, 57, 58, 59, 60, 61, 62, 63, 64, 65, 66, 67, 68, 69, 70, 71, 72, 73, 74, 75, 76, 77, 78, 79, 80, 81, 82, 83, 84, 85, 86, 87, 88, 89, 90, 91, 92, 93, 94, 95, 96, 97, 98, 99, 100, 101, 102, 103, 104, 105, 106, 107, 108, 109, 110, 111, 112, 113, 114, 115, 116, 117, 118, 119, 120, 121, 122, 123, 124, 125, 126, 127, 128, 129, 130, 131, 132, 133, 134, 135, 136, 137, 138, 139, 140, 141, 142, 143, 144, 145, 146, 147, 148, 149, 150, 151, 152, 153, 154, 155, 156, 157, 158, 159, 160, 161, 162, 163, 164, 165, 166, 167, 168, 169, 170, 171, 172, 173, 174, 175, 176, 177, 178, 179, 180, 181, 182, 183, 184, 185, 186, 187, 188, 189, 190, 191, 192, 193, 194]
Inds:  [169.5075, 168.53499999999997, 168.53499999999997, 167.65999999999997, 167.65999999999997, 167.65999999999997, 167.5475, 167.5475, 166.71499999999997, 166.71499999999997, 165.66500000000002, 165.66500000000002, 165.66500000000002, 165.66500000000002, 165.66500000000002, 165.66500000000002, 165.66500000000002, 165.66500000000002, 165.66500000000002, 165.17499999999995, 165.17499999999995, 164.92249999999996, 164.92249999999996, 164.92249999999996, 164.92249999999996, 164.92249999999996, 164.92249999999996, 164.82500000000002, 164.75499999999994, 164.1249999999999, 163.87999999999997, 163.565, 163.49499999999995, 163.49499999999995, 163.49499999999995, 163.49499999999995, 163.10999999999996, 162.33999999999997, 162.33999999999997, 162.33999999999997, 162.33999999999997, 162.33999999999997, 162.33999999999997, 161.8149999999999, 161.8149999999999, 161.8149999999999, 161.8149999999999, 161.8149999999999, 161.18500000000003, 161.18500000000003, 161.18500000000003, 161.18500000000003, 161.11499999999998, 161.04500000000002, 160.345, 160.275, 160.275, 160.03000000000003, 160.03000000000003, 159.75, 159.75, 159.75, 159.43500000000006, 158.98000000000005, 158.98000000000005, 158.98000000000005, 158.87500000000003, 158.87500000000003, 158.56000000000003, 158.49000000000007, 158.35000000000002, 158.00000000000006, 157.93000000000006, 157.65000000000006, 157.65000000000006, 157.65000000000006, 157.65000000000006, 157.65000000000006, 157.47500000000005, 157.47500000000005, 157.26500000000007, 157.26500000000007, 157.26500000000007, 157.26500000000007, 157.0550000000001, 157.0550000000001, 156.91500000000008, 156.91500000000008, 156.91500000000008, 156.91500000000008, 156.88000000000005, 156.84500000000008, 156.84500000000008, 156.6350000000001, 156.6350000000001, 156.6350000000001, 156.6350000000001, 156.6350000000001, 156.6350000000001, 156.6350000000001, 156.6350000000001, 156.6350000000001, 156.6350000000001, 156.6350000000001, 156.6350000000001, 156.6350000000001, 156.6350000000001, 156.6350000000001, 156.6350000000001, 156.6350000000001, 156.6350000000001, 156.6350000000001, 156.6350000000001, 156.6350000000001, 156.6350000000001, 156.6350000000001, 156.6350000000001, 156.6350000000001, 156.6350000000001, 156.6350000000001, 156.6350000000001, 156.6350000000001, 156.6350000000001, 156.6350000000001, 156.6350000000001, 156.6350000000001, 156.6350000000001, 156.6350000000001, 156.6350000000001, 156.6350000000001, 156.6350000000001, 156.6350000000001, 156.6350000000001, 156.6350000000001, 156.6350000000001, 156.6350000000001, 156.6350000000001, 156.6350000000001, 156.6350000000001, 156.6350000000001, 156.6350000000001, 156.6350000000001, 156.6350000000001, 156.6350000000001, 156.6350000000001, 156.6350000000001, 156.6350000000001, 156.6350000000001, 156.6350000000001, 156.6350000000001, 156.6350000000001, 156.6350000000001, 156.6350000000001, 156.6350000000001, 156.6350000000001, 156.6350000000001, 156.6350000000001, 156.6350000000001, 156.6350000000001, 156.6350000000001, 156.6350000000001, 156.6350000000001, 156.6350000000001, 156.6350000000001, 156.6350000000001, 156.6350000000001, 156.6350000000001, 156.6350000000001, 156.6350000000001, 156.6350000000001, 156.6350000000001, 156.6350000000001, 156.6350000000001, 156.6350000000001, 156.6350000000001, 156.6350000000001, 156.6350000000001, 156.6350000000001, 156.6350000000001, 156.6350000000001, 156.6350000000001, 156.6350000000001, 156.6350000000001, 156.6350000000001, 156.6350000000001, 156.6350000000001, 156.6350000000001, 156.6350000000001, 156.6350000000001, 156.6350000000001, 156.6350000000001, 156.6350000000001, 156.6350000000001, 156.6350000000001, 156.6350000000001]

