BRKGA-Heuristic:

Execution 1:
Parametros: P=1000, Pe=0.3, Pm=0.15, pe=0.7, Parada=100
Start Time (hh:mm:ss.ms) 2023-07-17 08:05:09.815779
gen	min   	max    	avg    	std     
0  	25.445	26.2825	25.8886	0.127955
1  	25.435	26.1875	25.8016	0.118477
3  	25.4075	26.225 	25.7554	0.141526
4  	25.3875	26.1975	25.7344	0.150324
7  	25.3625	26.32  	25.6895	0.158314
8  	25.33  	26.195 	25.6782	0.166758
9  	25.32  	26.205 	25.6614	0.166065
11 	25.2975	26.245 	25.6479	0.170598
12 	25.23  	26.2225	25.6396	0.179495
14 	25.2225	26.2325	25.6207	0.180988
16 	25.1775	26.27  	25.6069	0.193437
22 	25.1475	26.1625	25.5622	0.204503
25 	25.12  	26.22  	25.5359	0.20971 
29 	25.0375	26.185 	25.5032	0.219303
38 	25.0275	26.2275	25.4235	0.246813
40 	25.0175	26.3075	25.4002	0.256686
41 	25.0025	26.2175	25.3897	0.259933
43 	24.9725	26.2275	25.3646	0.254417
44 	24.9425	26.1875	25.353 	0.268703
46 	24.875 	26.26  	25.3218	0.266768
47 	24.855 	26.1875	25.3088	0.276083
48 	24.8475	26.1275	25.2904	0.275859
52 	24.7425	26.2075	25.2303	0.300268
58 	24.65  	26.315 	25.1245	0.337343
61 	24.6175	26.2425	25.0653	0.359056
62 	24.5275	26.1425	25.0448	0.364535
65 	24.475 	26.15  	24.9755	0.385803
70 	24.475 	26.3475	24.8677	0.440382
71 	24.4325	26.255 	24.8447	0.442508
72 	24.3775	26.2925	24.8202	0.452462
74 	24.3675	26.24  	24.7847	0.465782
75 	24.34  	26.205 	24.7642	0.472404
76 	24.3275	26.32  	24.7484	0.482889
79 	24.245 	26.1775	24.6922	0.502961
82 	24.2225	26.2075	24.644 	0.528269
84 	24.2225	26.2075	24.6158	0.54146 
86 	24.215 	26.205 	24.5868	0.545175
87 	24.1925	26.22  	24.577 	0.555426
89 	24.1675	26.1775	24.553 	0.563582
91 	24.1325	26.215 	24.5268	0.57108 
94 	24.1175	26.26  	24.4951	0.587815
96 	24.0675	26.195 	24.4719	0.596105
101	24.06  	26.1925	24.42  	0.619201
103	24.0575	26.1675	24.3964	0.623421
105	24.0475	26.2275	24.3817	0.636824
108	24.04  	26.1875	24.3544	0.634959
109	24.0275	26.15  	24.3508	0.641699
113	24.015 	26.205 	24.3388	0.654526
214	24.015 	26.24  	24.2947	0.663744
End Time (hh:mm:ss.ms) 2023-07-17 08:06:02.054846
Total Time (hh:mm:ss.ms) 0:00:52.239067
Individuo: [[47, 27, 44, 16, 18, 25, 49, 5, 50, 26, 1, 42, 3, 2, 35, 23, 8, 4, 40, 37, 13, 45, 33, 30, 11, 32, 15, 41, 12, 31, 21, 10, 36, 29, 39, 9, 28, 19, 0, 34, 6, 20, 48, 24, 43, 17, 22, 7, 46, 14, 38], [0, 0, 1, 1, 1, 1, 1, 1, 0, 0, 0, 0, 1, 1, 0, 1, 0, 1, 1, 1, 0, 0, 0, 1, 1, 0, 0, 0, 0, 1, 0, 0, 0, 0, 1, 0, 1, 1, 0, 0, 0, 1, 1, 1, 0, 0, 0, 1, 1, 0, 0]]
Fitness:  24.015
Gens:  [0, 1, 2, 3, 4, 5, 6, 7, 8, 9, 10, 11, 12, 13, 14, 15, 16, 17, 18, 19, 20, 21, 22, 23, 24, 25, 26, 27, 28, 29, 30, 31, 32, 33, 34, 35, 36, 37, 38, 39, 40, 41, 42, 43, 44, 45, 46, 47, 48, 49, 50, 51, 52, 53, 54, 55, 56, 57, 58, 59, 60, 61, 62, 63, 64, 65, 66, 67, 68, 69, 70, 71, 72, 73, 74, 75, 76, 77, 78, 79, 80, 81, 82, 83, 84, 85, 86, 87, 88, 89, 90, 91, 92, 93, 94, 95, 96, 97, 98, 99, 100, 101, 102, 103, 104, 105, 106, 107, 108, 109, 110, 111, 112, 113, 114, 115, 116, 117, 118, 119, 120, 121, 122, 123, 124, 125, 126, 127, 128, 129, 130, 131, 132, 133, 134, 135, 136, 137, 138, 139, 140, 141, 142, 143, 144, 145, 146, 147, 148, 149, 150, 151, 152, 153, 154, 155, 156, 157, 158, 159, 160, 161, 162, 163, 164, 165, 166, 167, 168, 169, 170, 171, 172, 173, 174, 175, 176, 177, 178, 179, 180, 181, 182, 183, 184, 185, 186, 187, 188, 189, 190, 191, 192, 193, 194, 195, 196, 197, 198, 199, 200, 201, 202, 203, 204, 205, 206, 207, 208, 209, 210, 211, 212, 213, 214]
Inds:  [25.445, 25.435000000000002, 25.435000000000002, 25.407500000000006, 25.387500000000003, 25.387500000000003, 25.387500000000003, 25.3625, 25.32999999999999, 25.320000000000004, 25.320000000000004, 25.297500000000003, 25.230000000000004, 25.230000000000004, 25.222500000000007, 25.222500000000007, 25.177500000000002, 25.177500000000002, 25.177500000000002, 25.177500000000002, 25.177500000000002, 25.177500000000002, 25.147500000000008, 25.147500000000008, 25.147500000000008, 25.119999999999997, 25.119999999999997, 25.119999999999997, 25.119999999999997, 25.037499999999998, 25.037499999999998, 25.037499999999998, 25.037499999999998, 25.037499999999998, 25.037499999999998, 25.037499999999998, 25.037499999999998, 25.037499999999998, 25.027500000000003, 25.027500000000003, 25.017500000000005, 25.002499999999998, 25.002499999999998, 24.972499999999997, 24.9425, 24.9425, 24.875000000000004, 24.855, 24.8475, 24.8475, 24.8475, 24.8475, 24.742499999999996, 24.742499999999996, 24.742499999999996, 24.742499999999996, 24.742499999999996, 24.742499999999996, 24.650000000000006, 24.650000000000006, 24.650000000000006, 24.6175, 24.527500000000007, 24.527500000000007, 24.527500000000007, 24.475000000000005, 24.475000000000005, 24.475000000000005, 24.475000000000005, 24.475000000000005, 24.474999999999998, 24.432499999999994, 24.377500000000005, 24.377500000000005, 24.36750000000001, 24.340000000000007, 24.3275, 24.3275, 24.3275, 24.245, 24.245, 24.245, 24.2225, 24.2225, 24.222499999999997, 24.222499999999997, 24.214999999999996, 24.192499999999995, 24.192499999999995, 24.1675, 24.1675, 24.132499999999997, 24.132499999999997, 24.132499999999997, 24.117500000000003, 24.117500000000003, 24.067500000000003, 24.067500000000003, 24.067500000000003, 24.067500000000003, 24.067500000000003, 24.059999999999995, 24.059999999999995, 24.0575, 24.0575, 24.047499999999996, 24.047499999999996, 24.047499999999996, 24.04, 24.0275, 24.0275, 24.0275, 24.0275, 24.015, 24.015, 24.015, 24.015, 24.015, 24.015, 24.015, 24.015, 24.015, 24.015, 24.015, 24.015, 24.015, 24.015, 24.015, 24.015, 24.015, 24.015, 24.015, 24.015, 24.015, 24.015, 24.015, 24.015, 24.015, 24.015, 24.015, 24.015, 24.015, 24.015, 24.015, 24.015, 24.015, 24.015, 24.015, 24.015, 24.015, 24.015, 24.015, 24.015, 24.015, 24.015, 24.015, 24.015, 24.015, 24.015, 24.015, 24.015, 24.015, 24.015, 24.015, 24.015, 24.015, 24.015, 24.015, 24.015, 24.015, 24.015, 24.015, 24.015, 24.015, 24.015, 24.015, 24.015, 24.015, 24.015, 24.015, 24.015, 24.015, 24.015, 24.015, 24.015, 24.015, 24.015, 24.015, 24.015, 24.015, 24.015, 24.015, 24.015, 24.015, 24.015, 24.015, 24.015, 24.015, 24.015, 24.015, 24.015, 24.015, 24.015, 24.015, 24.015, 24.015, 24.015, 24.015, 24.015, 24.015, 24.015, 24.015, 24.015, 24.015, 24.015]

Execution 2:
Parametros: P=1000, Pe=0.3, Pm=0.15, pe=0.7, Parada=100
Start Time (hh:mm:ss.ms) 2023-07-17 08:06:03.336848
gen	min    	max   	avg    	std     
0  	25.5425	26.235	25.8865	0.128083
1  	25.39  	26.3025	25.8008	0.122813
4  	25.375 	26.1925	25.723 	0.146301
6  	25.355 	26.205 	25.6968	0.163487
7  	25.2925	26.295 	25.6768	0.163891
10 	25.1775	26.22  	25.6461	0.176951
19 	25.0975	26.245 	25.5569	0.207801
24 	25.09  	26.25  	25.4977	0.213891
27 	25.0825	26.2275	25.4702	0.231949
29 	25.0525	26.18  	25.44  	0.228829
31 	25.0125	26.2075	25.4197	0.240169
32 	24.9875	26.185 	25.4023	0.243346
33 	24.9625	26.1875	25.3903	0.247473
35 	24.9525	26.2925	25.3594	0.255569
37 	24.8625	26.2025	25.3339	0.272167
41 	24.8225	26.2625	25.2514	0.295372
42 	24.7625	26.195 	25.233 	0.299657
47 	24.6875	26.1625	25.1357	0.328293
50 	24.68  	26.1675	25.0748	0.356672
51 	24.635 	26.17  	25.052 	0.364391
54 	24.63  	26.285 	24.9946	0.385217
55 	24.535 	26.2375	24.9759	0.390606
56 	24.53  	26.125 	24.9523	0.396428
58 	24.5075	26.195 	24.9193	0.413171
59 	24.48  	26.25  	24.8985	0.415414
63 	24.4525	26.205 	24.8365	0.446104
64 	24.435 	26.2875	24.8207	0.455475
65 	24.395 	26.2925	24.808 	0.458518
67 	24.3725	26.2825	24.7788	0.475158
68 	24.355 	26.2125	24.7627	0.482057
71 	24.355 	26.2175	24.7135	0.497648
72 	24.335 	26.185 	24.6977	0.499398
73 	24.3275	26.2775	24.688 	0.510792
74 	24.3   	26.21  	24.6759	0.520471
76 	24.265 	26.245 	24.6471	0.527703
78 	24.25  	26.14  	24.6136	0.529829
80 	24.235 	26.255 	24.5874	0.549413
81 	24.215 	26.2275	24.5756	0.559639
82 	24.2   	26.27  	24.5603	0.557804
83 	24.1875	26.1125	24.5493	0.565439
85 	24.175 	26.2075	24.5261	0.571848
86 	24.1275	26.18  	24.518 	0.580292
92 	24.12  	26.2425	24.4616	0.600507
94 	24.1125	26.18  	24.4457	0.616607
95 	24.095 	26.1875	24.4358	0.615562
98 	24.08  	26.1925	24.407 	0.623733
99 	24.0775	26.165 	24.3946	0.618901
101	24.0725	26.23  	24.384 	0.630651
102	24.0625	26.2075	24.3767	0.630878
104	24.0575	26.1625	24.3651	0.638167
105	24.0475	26.205 	24.3587	0.645826
107	24.045 	26.1425	24.345 	0.646296
109	24.0425	26.1875	24.3408	0.652911
112	24.0425	26.19  	24.3226	0.649404
115	24.04  	26.1775	24.3209	0.65675 
116	24.035 	26.14  	24.3228	0.663061
117	24.0325	26.215 	24.3197	0.655092
118	24.0325	26.17  	24.3206	0.657629
219	24.0325	26.1675	24.3103	0.662264
End Time (hh:mm:ss.ms) 2023-07-17 08:06:57.887844
Total Time (hh:mm:ss.ms) 0:00:54.550996
Individuo: [[38, 46, 47, 9, 39, 8, 23, 2, 3, 42, 26, 14, 1, 16, 12, 32, 11, 48, 24, 0, 34, 30, 33, 6, 19, 20, 29, 35, 44, 31, 18, 50, 5, 49, 25, 41, 15, 28, 13, 37, 45, 40, 43, 4, 36, 10, 21, 7, 22, 17, 27], [0, 0, 0, 1, 0, 1, 0, 0, 0, 1, 0, 1, 0, 1, 1, 1, 1, 1, 1, 0, 0, 0, 1, 1, 0, 0, 0, 1, 0, 0, 0, 1, 0, 0, 0, 1, 1, 0, 0, 0, 1, 0, 1, 0, 1, 1, 1, 1, 1, 1, 1]]
Fitness:  24.032499999999995
Gens:  [0, 1, 2, 3, 4, 5, 6, 7, 8, 9, 10, 11, 12, 13, 14, 15, 16, 17, 18, 19, 20, 21, 22, 23, 24, 25, 26, 27, 28, 29, 30, 31, 32, 33, 34, 35, 36, 37, 38, 39, 40, 41, 42, 43, 44, 45, 46, 47, 48, 49, 50, 51, 52, 53, 54, 55, 56, 57, 58, 59, 60, 61, 62, 63, 64, 65, 66, 67, 68, 69, 70, 71, 72, 73, 74, 75, 76, 77, 78, 79, 80, 81, 82, 83, 84, 85, 86, 87, 88, 89, 90, 91, 92, 93, 94, 95, 96, 97, 98, 99, 100, 101, 102, 103, 104, 105, 106, 107, 108, 109, 110, 111, 112, 113, 114, 115, 116, 117, 118, 119, 120, 121, 122, 123, 124, 125, 126, 127, 128, 129, 130, 131, 132, 133, 134, 135, 136, 137, 138, 139, 140, 141, 142, 143, 144, 145, 146, 147, 148, 149, 150, 151, 152, 153, 154, 155, 156, 157, 158, 159, 160, 161, 162, 163, 164, 165, 166, 167, 168, 169, 170, 171, 172, 173, 174, 175, 176, 177, 178, 179, 180, 181, 182, 183, 184, 185, 186, 187, 188, 189, 190, 191, 192, 193, 194, 195, 196, 197, 198, 199, 200, 201, 202, 203, 204, 205, 206, 207, 208, 209, 210, 211, 212, 213, 214, 215, 216, 217, 218, 219]
Inds:  [25.542499999999997, 25.39, 25.39, 25.39, 25.374999999999996, 25.374999999999996, 25.355, 25.292499999999997, 25.292499999999997, 25.292499999999997, 25.177500000000002, 25.177500000000002, 25.177500000000002, 25.177500000000002, 25.177500000000002, 25.177500000000002, 25.177500000000002, 25.177500000000002, 25.177500000000002, 25.097500000000007, 25.097500000000007, 25.097500000000007, 25.097500000000007, 25.097500000000007, 25.09, 25.09, 25.09, 25.0825, 25.0825, 25.052500000000006, 25.052500000000006, 25.012499999999996, 24.987500000000004, 24.962500000000006, 24.962500000000006, 24.952500000000004, 24.952500000000004, 24.862500000000004, 24.862500000000004, 24.862500000000004, 24.862500000000004, 24.822500000000005, 24.7625, 24.7625, 24.7625, 24.7625, 24.7625, 24.687500000000004, 24.687500000000004, 24.687500000000004, 24.68, 24.634999999999998, 24.634999999999998, 24.634999999999998, 24.630000000000006, 24.535, 24.53, 24.53, 24.5075, 24.479999999999997, 24.479999999999997, 24.479999999999997, 24.479999999999997, 24.4525, 24.435000000000002, 24.394999999999996, 24.394999999999996, 24.372500000000006, 24.355000000000008, 24.355000000000008, 24.355000000000008, 24.354999999999997, 24.334999999999997, 24.3275, 24.300000000000004, 24.300000000000004, 24.264999999999997, 24.264999999999997, 24.249999999999996, 24.249999999999996, 24.234999999999996, 24.215000000000003, 24.200000000000006, 24.1875, 24.1875, 24.174999999999997, 24.1275, 24.1275, 24.1275, 24.1275, 24.1275, 24.1275, 24.119999999999997, 24.119999999999997, 24.1125, 24.094999999999995, 24.094999999999995, 24.094999999999995, 24.080000000000002, 24.0775, 24.0775, 24.072499999999994, 24.062499999999996, 24.062499999999996, 24.057499999999997, 24.047499999999996, 24.047499999999996, 24.044999999999998, 24.044999999999998, 24.0425, 24.0425, 24.0425, 24.042499999999997, 24.042499999999997, 24.042499999999997, 24.04, 24.034999999999997, 24.0325, 24.032499999999995, 24.032499999999995, 24.032499999999995, 24.032499999999995, 24.032499999999995, 24.032499999999995, 24.032499999999995, 24.032499999999995, 24.032499999999995, 24.032499999999995, 24.032499999999995, 24.032499999999995, 24.032499999999995, 24.032499999999995, 24.032499999999995, 24.032499999999995, 24.032499999999995, 24.032499999999995, 24.032499999999995, 24.032499999999995, 24.032499999999995, 24.032499999999995, 24.032499999999995, 24.032499999999995, 24.032499999999995, 24.032499999999995, 24.032499999999995, 24.032499999999995, 24.032499999999995, 24.032499999999995, 24.032499999999995, 24.032499999999995, 24.032499999999995, 24.032499999999995, 24.032499999999995, 24.032499999999995, 24.032499999999995, 24.032499999999995, 24.032499999999995, 24.032499999999995, 24.032499999999995, 24.032499999999995, 24.032499999999995, 24.032499999999995, 24.032499999999995, 24.032499999999995, 24.032499999999995, 24.032499999999995, 24.032499999999995, 24.032499999999995, 24.032499999999995, 24.032499999999995, 24.032499999999995, 24.032499999999995, 24.032499999999995, 24.032499999999995, 24.032499999999995, 24.032499999999995, 24.032499999999995, 24.032499999999995, 24.032499999999995, 24.032499999999995, 24.032499999999995, 24.032499999999995, 24.032499999999995, 24.032499999999995, 24.032499999999995, 24.032499999999995, 24.032499999999995, 24.032499999999995, 24.032499999999995, 24.032499999999995, 24.032499999999995, 24.032499999999995, 24.032499999999995, 24.032499999999995, 24.032499999999995, 24.032499999999995, 24.032499999999995, 24.032499999999995, 24.032499999999995, 24.032499999999995, 24.032499999999995, 24.032499999999995, 24.032499999999995, 24.032499999999995, 24.032499999999995, 24.032499999999995, 24.032499999999995, 24.032499999999995, 24.032499999999995, 24.032499999999995, 24.032499999999995, 24.032499999999995, 24.032499999999995, 24.032499999999995, 24.032499999999995, 24.032499999999995, 24.032499999999995, 24.032499999999995, 24.032499999999995, 24.032499999999995]

Execution 3:
Parametros: P=1000, Pe=0.3, Pm=0.15, pe=0.7, Parada=100
Start Time (hh:mm:ss.ms) 2023-07-17 08:06:59.010844
gen	min   	max    	avg    	std     
0  	25.475	26.2625	25.8739	0.124963
1  	25.3975	26.2125	25.8024	0.12157 
2  	25.3925	26.19  	25.7717	0.128733
4  	25.365 	26.2375	25.7331	0.151297
5  	25.32  	26.19  	25.7154	0.156559
9  	25.31  	26.1375	25.6633	0.167779
11 	25.1225	26.2375	25.6439	0.177074
16 	25.11  	26.1975	25.5974	0.18702 
27 	25.0875	26.18  	25.5001	0.218   
33 	25.025 	26.18  	25.4303	0.233975
34 	25.01  	26.2275	25.4114	0.241594
36 	24.975 	26.2125	25.387 	0.251651
37 	24.9725	26.235 	25.362 	0.25483 
39 	24.8775	26.2475	25.3342	0.272888
44 	24.8275	26.18  	25.2311	0.296509
46 	24.7875	26.1775	25.1841	0.313132
47 	24.7475	26.22  	25.1626	0.325025
48 	24.6675	26.2675	25.1346	0.334949
49 	24.66  	26.24  	25.1094	0.339154
52 	24.65  	26.335 	25.034 	0.370476
53 	24.605 	26.25  	25.0113	0.38984 
54 	24.55  	26.18  	24.9763	0.388989
55 	24.5   	26.1675	24.9548	0.402782
58 	24.4875	26.205 	24.8954	0.436065
60 	24.4625	26.1675	24.8525	0.440822
61 	24.4525	26.275 	24.8328	0.457427
62 	24.38  	26.1975	24.8063	0.462357
63 	24.3625	26.215 	24.7818	0.473743
64 	24.3425	26.2175	24.7615	0.482659
65 	24.2375	26.1775	24.7347	0.483952
70 	24.2225	26.1775	24.6157	0.532907
71 	24.195 	26.3125	24.5934	0.544951
72 	24.1875	26.25  	24.5686	0.548379
73 	24.14  	26.3325	24.5523	0.568383
75 	24.1075	26.205 	24.5108	0.578178
78 	24.0825	26.1625	24.4536	0.602928
79 	24.0775	26.1725	24.4376	0.611055
80 	24.0575	26.3125	24.4216	0.613127
81 	24.055 	26.29  	24.4087	0.61918 
82 	24.0475	26.1775	24.3971	0.628023
84 	24.0325	26.2275	24.3727	0.641043
85 	24.0275	26.22  	24.3597	0.638314
87 	24.0275	26.22  	24.3472	0.656781
88 	24.0225	26.1675	24.3353	0.650172
89 	24.0175	26.1675	24.3305	0.656878
90 	24.01  	26.23  	24.3268	0.662907
91 	24     	26.205 	24.3183	0.65861 
94 	23.995 	26.2625	24.3076	0.671513
96 	23.9875	26.16  	24.2983	0.663695
97 	23.985 	26.2625	24.2982	0.669012
101	23.97  	26.1475	24.2842	0.666802
109	23.97  	26.22  	24.2733	0.682887
210	23.97  	26.2475	24.2594	0.690633
End Time (hh:mm:ss.ms) 2023-07-17 08:07:51.465845
Total Time (hh:mm:ss.ms) 0:00:52.455001
Individuo: [[22, 7, 17, 40, 13, 37, 28, 10, 36, 29, 39, 8, 46, 9, 23, 1, 26, 50, 5, 49, 41, 24, 45, 32, 34, 6, 20, 33, 30, 0, 25, 16, 18, 31, 44, 35, 2, 3, 42, 12, 15, 19, 11, 48, 4, 43, 21, 27, 47, 38, 14], [0, 0, 1, 1, 0, 0, 1, 0, 0, 0, 1, 0, 1, 1, 0, 1, 1, 1, 0, 0, 1, 0, 0, 0, 0, 0, 1, 0, 1, 1, 0, 1, 1, 1, 1, 1, 0, 0, 0, 1, 1, 1, 1, 1, 1, 1, 1, 1, 1, 1, 1]]
Fitness:  23.97
Gens:  [0, 1, 2, 3, 4, 5, 6, 7, 8, 9, 10, 11, 12, 13, 14, 15, 16, 17, 18, 19, 20, 21, 22, 23, 24, 25, 26, 27, 28, 29, 30, 31, 32, 33, 34, 35, 36, 37, 38, 39, 40, 41, 42, 43, 44, 45, 46, 47, 48, 49, 50, 51, 52, 53, 54, 55, 56, 57, 58, 59, 60, 61, 62, 63, 64, 65, 66, 67, 68, 69, 70, 71, 72, 73, 74, 75, 76, 77, 78, 79, 80, 81, 82, 83, 84, 85, 86, 87, 88, 89, 90, 91, 92, 93, 94, 95, 96, 97, 98, 99, 100, 101, 102, 103, 104, 105, 106, 107, 108, 109, 110, 111, 112, 113, 114, 115, 116, 117, 118, 119, 120, 121, 122, 123, 124, 125, 126, 127, 128, 129, 130, 131, 132, 133, 134, 135, 136, 137, 138, 139, 140, 141, 142, 143, 144, 145, 146, 147, 148, 149, 150, 151, 152, 153, 154, 155, 156, 157, 158, 159, 160, 161, 162, 163, 164, 165, 166, 167, 168, 169, 170, 171, 172, 173, 174, 175, 176, 177, 178, 179, 180, 181, 182, 183, 184, 185, 186, 187, 188, 189, 190, 191, 192, 193, 194, 195, 196, 197, 198, 199, 200, 201, 202, 203, 204, 205, 206, 207, 208, 209, 210]
Inds:  [25.474999999999998, 25.397499999999997, 25.39249999999999, 25.39249999999999, 25.364999999999995, 25.32, 25.32, 25.32, 25.32, 25.31, 25.31, 25.122500000000002, 25.122500000000002, 25.122500000000002, 25.122500000000002, 25.122500000000002, 25.11, 25.11, 25.11, 25.11, 25.11, 25.11, 25.11, 25.11, 25.11, 25.11, 25.11, 25.0875, 25.0875, 25.0875, 25.0875, 25.0875, 25.0875, 25.025000000000002, 25.010000000000005, 25.010000000000005, 24.975000000000005, 24.9725, 24.9725, 24.8775, 24.8775, 24.8775, 24.8775, 24.8775, 24.8275, 24.8275, 24.787500000000016, 24.74749999999999, 24.667499999999997, 24.66, 24.66, 24.66, 24.650000000000006, 24.604999999999993, 24.55, 24.500000000000007, 24.500000000000007, 24.500000000000007, 24.487499999999997, 24.487499999999997, 24.462500000000006, 24.4525, 24.380000000000003, 24.3625, 24.3425, 24.2375, 24.2375, 24.2375, 24.2375, 24.2375, 24.222500000000007, 24.19500000000001, 24.187500000000004, 24.140000000000004, 24.140000000000004, 24.1075, 24.1075, 24.1075, 24.082500000000003, 24.077500000000004, 24.0575, 24.055000000000007, 24.047500000000003, 24.047500000000003, 24.032500000000006, 24.02750000000001, 24.02750000000001, 24.0275, 24.0225, 24.017500000000002, 24.01, 24.000000000000004, 24.000000000000004, 24.000000000000004, 23.995000000000008, 23.995000000000008, 23.987500000000008, 23.985, 23.985, 23.985, 23.985, 23.970000000000002, 23.970000000000002, 23.970000000000002, 23.970000000000002, 23.970000000000002, 23.970000000000002, 23.970000000000002, 23.970000000000002, 23.97, 23.97, 23.97, 23.97, 23.97, 23.97, 23.97, 23.97, 23.97, 23.97, 23.97, 23.97, 23.97, 23.97, 23.97, 23.97, 23.97, 23.97, 23.97, 23.97, 23.97, 23.97, 23.97, 23.97, 23.97, 23.97, 23.97, 23.97, 23.97, 23.97, 23.97, 23.97, 23.97, 23.97, 23.97, 23.97, 23.97, 23.97, 23.97, 23.97, 23.97, 23.97, 23.97, 23.97, 23.97, 23.97, 23.97, 23.97, 23.97, 23.97, 23.97, 23.97, 23.97, 23.97, 23.97, 23.97, 23.97, 23.97, 23.97, 23.97, 23.97, 23.97, 23.97, 23.97, 23.97, 23.97, 23.97, 23.97, 23.97, 23.97, 23.97, 23.97, 23.97, 23.97, 23.97, 23.97, 23.97, 23.97, 23.97, 23.97, 23.97, 23.97, 23.97, 23.97, 23.97, 23.97, 23.97, 23.97, 23.97, 23.97, 23.97, 23.97, 23.97, 23.97, 23.97, 23.97, 23.97, 23.97, 23.97, 23.97, 23.97, 23.97]

Execution 4:
Parametros: P=1000, Pe=0.3, Pm=0.15, pe=0.7, Parada=100
Start Time (hh:mm:ss.ms) 2023-07-17 08:07:52.681845
gen	min    	max    	avg   	std     
0  	25.3825	26.2575	25.875	0.132676
3  	25.3725	26.205 	25.7465	0.141964
5  	25.3125	26.2325	25.7072	0.152412
8  	25.3075	26.15  	25.6645	0.165246
9  	25.2775	26.2725	25.6499	0.168918
10 	25.2725	26.2375	25.642 	0.179185
11 	25.2375	26.2775	25.6251	0.182375
13 	25.165 	26.1525	25.6185	0.189756
23 	25.16  	26.235 	25.531 	0.214934
27 	25.0875	26.1075	25.5031	0.217333
32 	25.0675	26.2175	25.447 	0.230729
33 	25.055 	26.2   	25.4453	0.238182
34 	24.9925	26.1825	25.4329	0.237933
36 	24.9925	26.1675	25.4016	0.241328
37 	24.965 	26.1825	25.3896	0.251248
38 	24.9425	26.3   	25.3756	0.252986
41 	24.9225	26.2425	25.3362	0.271824
42 	24.91  	26.25  	25.3158	0.265953
43 	24.9025	26.1925	25.3044	0.277435
44 	24.88  	26.215 	25.2859	0.28593 
46 	24.875 	26.195 	25.2511	0.296722
48 	24.82  	26.185 	25.2055	0.301153
49 	24.81  	26.22  	25.1909	0.317753
50 	24.7175	26.33  	25.1709	0.326062
52 	24.6925	26.19  	25.1301	0.337367
53 	24.6875	26.245 	25.0994	0.342599
54 	24.6775	26.1575	25.0856	0.355102
55 	24.63  	26.1725	25.0603	0.364917
58 	24.575 	26.2425	24.9896	0.38291 
59 	24.56  	26.175 	24.9669	0.398174
60 	24.5075	26.2225	24.9482	0.415469
63 	24.4875	26.215 	24.8825	0.427002
67 	24.4275	26.3   	24.8087	0.465382
68 	24.3675	26.2325	24.793 	0.465106
71 	24.335 	26.1875	24.7407	0.487978
75 	24.32  	26.215 	24.6769	0.511307
76 	24.27  	26.325 	24.6658	0.520223
77 	24.255 	26.1475	24.6497	0.526536
79 	24.2475	26.1775	24.6226	0.53859 
80 	24.2375	26.15  	24.6065	0.533622
81 	24.2125	26.135 	24.5961	0.545903
83 	24.2075	26.16  	24.5734	0.556082
84 	24.175 	26.235 	24.5562	0.557952
85 	24.165 	26.2025	24.5468	0.57352 
87 	24.1575	26.145 	24.5132	0.568499
88 	24.11  	26.15  	24.5047	0.580814
89 	24.095 	26.2725	24.4959	0.590321
90 	24.075 	26.145 	24.4837	0.597872
93 	24.055 	26.155 	24.4444	0.606441
94 	24.0275	26.1625	24.4325	0.611806
96 	24.0075	26.325 	24.4033	0.619824
99 	23.99  	26.1725	24.3641	0.636665
100	23.95  	26.24  	24.3514	0.645873
103	23.9475	26.255 	24.3096	0.658506
104	23.935 	26.215 	24.2953	0.667196
106	23.9175	26.2925	24.2738	0.683104
109	23.9175	26.2675	24.2409	0.692604
110	23.9175	26.2475	24.2353	0.702583
112	23.9125	26.215 	24.2186	0.700742
113	23.91  	26.24  	24.2162	0.70373 
114	23.9075	26.1925	24.2124	0.700457
115	23.905 	26.1925	24.2107	0.698206
120	23.8975	26.2475	24.2085	0.704358
122	23.89  	26.155 	24.2066	0.703943
223	23.89  	26.225 	24.1898	0.715486
End Time (hh:mm:ss.ms) 2023-07-17 08:08:48.962406
Total Time (hh:mm:ss.ms) 0:00:56.280561
Individuo: [[47, 38, 14, 46, 9, 27, 22, 17, 43, 13, 45, 48, 20, 11, 30, 33, 6, 32, 0, 34, 19, 15, 12, 42, 5, 49, 25, 41, 16, 2, 3, 50, 26, 1, 35, 44, 39, 23, 8, 31, 18, 24, 28, 29, 21, 36, 4, 40, 37, 10, 7], [1, 1, 1, 0, 0, 1, 1, 1, 1, 0, 0, 0, 1, 0, 0, 1, 1, 0, 0, 0, 0, 0, 0, 1, 0, 0, 0, 1, 0, 1, 0, 0, 0, 0, 0, 0, 1, 1, 0, 0, 0, 0, 1, 0, 0, 0, 1, 1, 1, 1, 1]]
Fitness:  23.889999999999997
Gens:  [0, 1, 2, 3, 4, 5, 6, 7, 8, 9, 10, 11, 12, 13, 14, 15, 16, 17, 18, 19, 20, 21, 22, 23, 24, 25, 26, 27, 28, 29, 30, 31, 32, 33, 34, 35, 36, 37, 38, 39, 40, 41, 42, 43, 44, 45, 46, 47, 48, 49, 50, 51, 52, 53, 54, 55, 56, 57, 58, 59, 60, 61, 62, 63, 64, 65, 66, 67, 68, 69, 70, 71, 72, 73, 74, 75, 76, 77, 78, 79, 80, 81, 82, 83, 84, 85, 86, 87, 88, 89, 90, 91, 92, 93, 94, 95, 96, 97, 98, 99, 100, 101, 102, 103, 104, 105, 106, 107, 108, 109, 110, 111, 112, 113, 114, 115, 116, 117, 118, 119, 120, 121, 122, 123, 124, 125, 126, 127, 128, 129, 130, 131, 132, 133, 134, 135, 136, 137, 138, 139, 140, 141, 142, 143, 144, 145, 146, 147, 148, 149, 150, 151, 152, 153, 154, 155, 156, 157, 158, 159, 160, 161, 162, 163, 164, 165, 166, 167, 168, 169, 170, 171, 172, 173, 174, 175, 176, 177, 178, 179, 180, 181, 182, 183, 184, 185, 186, 187, 188, 189, 190, 191, 192, 193, 194, 195, 196, 197, 198, 199, 200, 201, 202, 203, 204, 205, 206, 207, 208, 209, 210, 211, 212, 213, 214, 215, 216, 217, 218, 219, 220, 221, 222, 223]
Inds:  [25.3825, 25.3825, 25.3825, 25.372500000000006, 25.372500000000006, 25.312499999999993, 25.312499999999993, 25.312499999999993, 25.307500000000008, 25.2775, 25.2725, 25.237500000000004, 25.237500000000004, 25.164999999999992, 25.164999999999992, 25.164999999999992, 25.164999999999992, 25.164999999999992, 25.164999999999992, 25.164999999999992, 25.164999999999992, 25.164999999999992, 25.164999999999992, 25.159999999999997, 25.159999999999997, 25.159999999999997, 25.159999999999997, 25.087500000000006, 25.087500000000006, 25.087500000000006, 25.087500000000006, 25.087500000000006, 25.067500000000006, 25.055000000000003, 24.992500000000007, 24.992500000000007, 24.992499999999996, 24.965000000000003, 24.942500000000003, 24.942500000000003, 24.942500000000003, 24.92250000000001, 24.91000000000001, 24.902499999999996, 24.880000000000006, 24.880000000000006, 24.874999999999996, 24.874999999999996, 24.820000000000004, 24.809999999999995, 24.717499999999998, 24.717499999999998, 24.692499999999995, 24.687500000000004, 24.677500000000006, 24.629999999999995, 24.629999999999995, 24.629999999999995, 24.575000000000003, 24.560000000000002, 24.507500000000007, 24.507500000000007, 24.507500000000007, 24.4875, 24.4875, 24.4875, 24.4875, 24.4275, 24.367499999999996, 24.367499999999996, 24.367499999999996, 24.334999999999994, 24.334999999999994, 24.334999999999994, 24.334999999999994, 24.320000000000004, 24.269999999999996, 24.254999999999995, 24.254999999999995, 24.2475, 24.237499999999997, 24.212500000000002, 24.212500000000002, 24.207499999999996, 24.174999999999994, 24.165, 24.165, 24.157500000000002, 24.110000000000003, 24.09499999999999, 24.074999999999992, 24.074999999999992, 24.074999999999992, 24.054999999999996, 24.027499999999996, 24.027499999999996, 24.007500000000007, 24.007500000000007, 24.007500000000007, 23.990000000000002, 23.950000000000003, 23.950000000000003, 23.950000000000003, 23.9475, 23.935, 23.935, 23.917500000000004, 23.917500000000004, 23.917500000000004, 23.9175, 23.917499999999997, 23.917499999999997, 23.9125, 23.91, 23.9075, 23.905, 23.905, 23.905, 23.905, 23.905, 23.897499999999997, 23.897499999999997, 23.889999999999997, 23.889999999999997, 23.889999999999997, 23.889999999999997, 23.889999999999997, 23.889999999999997, 23.889999999999997, 23.889999999999997, 23.889999999999997, 23.889999999999997, 23.889999999999997, 23.889999999999997, 23.889999999999997, 23.889999999999997, 23.889999999999997, 23.889999999999997, 23.889999999999997, 23.889999999999997, 23.889999999999997, 23.889999999999997, 23.889999999999997, 23.889999999999997, 23.889999999999997, 23.889999999999997, 23.889999999999997, 23.889999999999997, 23.889999999999997, 23.889999999999997, 23.889999999999997, 23.889999999999997, 23.889999999999997, 23.889999999999997, 23.889999999999997, 23.889999999999997, 23.889999999999997, 23.889999999999997, 23.889999999999997, 23.889999999999997, 23.889999999999997, 23.889999999999997, 23.889999999999997, 23.889999999999997, 23.889999999999997, 23.889999999999997, 23.889999999999997, 23.889999999999997, 23.889999999999997, 23.889999999999997, 23.889999999999997, 23.889999999999997, 23.889999999999997, 23.889999999999997, 23.889999999999997, 23.889999999999997, 23.889999999999997, 23.889999999999997, 23.889999999999997, 23.889999999999997, 23.889999999999997, 23.889999999999997, 23.889999999999997, 23.889999999999997, 23.889999999999997, 23.889999999999997, 23.889999999999997, 23.889999999999997, 23.889999999999997, 23.889999999999997, 23.889999999999997, 23.889999999999997, 23.889999999999997, 23.889999999999997, 23.889999999999997, 23.889999999999997, 23.889999999999997, 23.889999999999997, 23.889999999999997, 23.889999999999997, 23.889999999999997, 23.889999999999997, 23.889999999999997, 23.889999999999997, 23.889999999999997, 23.889999999999997, 23.889999999999997, 23.889999999999997, 23.889999999999997, 23.889999999999997, 23.889999999999997, 23.889999999999997, 23.889999999999997, 23.889999999999997, 23.889999999999997, 23.889999999999997, 23.889999999999997, 23.889999999999997, 23.889999999999997, 23.889999999999997, 23.889999999999997, 23.889999999999997, 23.889999999999997, 23.889999999999997]

Execution 5:
Parametros: P=1000, Pe=0.3, Pm=0.15, pe=0.7, Parada=100
Start Time (hh:mm:ss.ms) 2023-07-17 08:08:50.108406
gen	min    	max    	avg    	std     
0  	25.4575	26.3125	25.8884	0.126759
1  	25.4325	26.26  	25.8091	0.121969
2  	25.395 	26.195 	25.7752	0.12895 
5  	25.3025	26.2675	25.7146	0.157922
11 	25.2675	26.1575	25.6392	0.168945
12 	25.2125	26.2   	25.6329	0.17786 
20 	25.15  	26.2025	25.553 	0.203733
22 	25.0425	26.24  	25.5302	0.206038
30 	25.0325	26.285 	25.447 	0.234146
31 	24.955 	26.235 	25.4334	0.236916
36 	24.945 	26.2975	25.3597	0.259234
38 	24.92  	26.145 	25.3269	0.270407
39 	24.87  	26.19  	25.3074	0.272045
41 	24.82  	26.19  	25.2685	0.289616
44 	24.815 	26.1625	25.1967	0.305942
46 	24.7975	26.245 	25.1679	0.318195
47 	24.7475	26.1575	25.1476	0.322213
48 	24.735 	26.2675	25.1227	0.328087
49 	24.725 	26.155 	25.113 	0.340326
50 	24.695 	26.2375	25.094 	0.351211
52 	24.6425	26.2175	25.0598	0.363764
56 	24.635 	26.245 	24.9983	0.381645
57 	24.62  	26.17  	24.9882	0.38733 
59 	24.605 	26.14  	24.9605	0.399497
60 	24.6   	26.095 	24.9405	0.396991
61 	24.565 	26.1875	24.9337	0.406421
62 	24.525 	26.22  	24.9217	0.417133
63 	24.4925	26.3625	24.9064	0.419747
65 	24.48  	26.22  	24.8794	0.431703
68 	24.45  	26.2725	24.83  	0.445298
69 	24.45  	26.19  	24.8202	0.456286
70 	24.43  	26.2375	24.802 	0.458145
71 	24.4175	26.1875	24.7849	0.463184
74 	24.3575	26.24  	24.7471	0.478654
75 	24.325 	26.2125	24.7364	0.495246
78 	24.315 	26.1825	24.6963	0.500975
79 	24.31  	26.2125	24.6824	0.510746
81 	24.265 	26.175 	24.6557	0.52208 
82 	24.2525	26.24  	24.6401	0.533162
84 	24.245 	26.195 	24.6068	0.540269
86 	24.205 	26.22  	24.5772	0.552504
87 	24.1575	26.21  	24.5636	0.554773
92 	24.1475	26.29  	24.5022	0.587458
94 	24.1125	26.19  	24.4755	0.585788
95 	24.095 	26.195 	24.4649	0.600256
96 	24.08  	26.1575	24.4516	0.601431
97 	24.0725	26.1625	24.4399	0.60587 
98 	24.0425	26.19  	24.4265	0.612127
99 	24.04  	26.1975	24.4165	0.624302
102	24.0325	26.2325	24.3827	0.635295
105	24.02  	26.1625	24.3581	0.641396
106	24.01  	26.1575	24.348 	0.64708 
110	24.01  	26.205 	24.3212	0.661236
113	24.0075	26.2   	24.3154	0.66196 
114	24.005 	26.2175	24.3195	0.670545
215	24.005 	26.1725	24.2885	0.676533
End Time (hh:mm:ss.ms) 2023-07-17 08:09:44.428082
Total Time (hh:mm:ss.ms) 0:00:54.319676
Individuo: [[47, 7, 10, 43, 46, 23, 44, 8, 35, 2, 3, 12, 32, 19, 24, 28, 15, 16, 1, 14, 26, 50, 42, 5, 49, 48, 31, 18, 41, 25, 0, 6, 34, 11, 20, 30, 33, 45, 13, 37, 40, 4, 21, 9, 39, 29, 36, 17, 22, 27, 38], [0, 0, 0, 1, 0, 0, 0, 1, 1, 0, 1, 1, 1, 0, 0, 1, 0, 0, 1, 1, 1, 1, 0, 0, 0, 1, 0, 0, 0, 1, 0, 1, 1, 1, 0, 0, 1, 1, 0, 0, 0, 0, 1, 1, 0, 1, 1, 0, 0, 0, 1]]
Fitness:  24.004999999999995
Gens:  [0, 1, 2, 3, 4, 5, 6, 7, 8, 9, 10, 11, 12, 13, 14, 15, 16, 17, 18, 19, 20, 21, 22, 23, 24, 25, 26, 27, 28, 29, 30, 31, 32, 33, 34, 35, 36, 37, 38, 39, 40, 41, 42, 43, 44, 45, 46, 47, 48, 49, 50, 51, 52, 53, 54, 55, 56, 57, 58, 59, 60, 61, 62, 63, 64, 65, 66, 67, 68, 69, 70, 71, 72, 73, 74, 75, 76, 77, 78, 79, 80, 81, 82, 83, 84, 85, 86, 87, 88, 89, 90, 91, 92, 93, 94, 95, 96, 97, 98, 99, 100, 101, 102, 103, 104, 105, 106, 107, 108, 109, 110, 111, 112, 113, 114, 115, 116, 117, 118, 119, 120, 121, 122, 123, 124, 125, 126, 127, 128, 129, 130, 131, 132, 133, 134, 135, 136, 137, 138, 139, 140, 141, 142, 143, 144, 145, 146, 147, 148, 149, 150, 151, 152, 153, 154, 155, 156, 157, 158, 159, 160, 161, 162, 163, 164, 165, 166, 167, 168, 169, 170, 171, 172, 173, 174, 175, 176, 177, 178, 179, 180, 181, 182, 183, 184, 185, 186, 187, 188, 189, 190, 191, 192, 193, 194, 195, 196, 197, 198, 199, 200, 201, 202, 203, 204, 205, 206, 207, 208, 209, 210, 211, 212, 213, 214, 215]
Inds:  [25.457499999999996, 25.432500000000005, 25.394999999999996, 25.394999999999996, 25.394999999999996, 25.302500000000006, 25.302500000000006, 25.302500000000006, 25.302500000000006, 25.302500000000006, 25.302500000000006, 25.267500000000005, 25.212500000000002, 25.212500000000002, 25.212500000000002, 25.212500000000002, 25.212500000000002, 25.212500000000002, 25.212500000000002, 25.212500000000002, 25.150000000000006, 25.150000000000006, 25.04250000000001, 25.04250000000001, 25.04250000000001, 25.04250000000001, 25.04250000000001, 25.04250000000001, 25.04250000000001, 25.04250000000001, 25.0325, 24.955000000000013, 24.955000000000013, 24.955000000000013, 24.955000000000013, 24.955000000000013, 24.945000000000014, 24.945000000000014, 24.920000000000005, 24.87000000000001, 24.87000000000001, 24.820000000000007, 24.820000000000007, 24.820000000000007, 24.815, 24.815, 24.797500000000003, 24.747500000000002, 24.735000000000003, 24.725, 24.695, 24.695, 24.6425, 24.6425, 24.6425, 24.6425, 24.634999999999994, 24.62000000000001, 24.62000000000001, 24.605, 24.600000000000005, 24.565, 24.524999999999995, 24.492499999999996, 24.492499999999996, 24.479999999999993, 24.479999999999993, 24.479999999999993, 24.45, 24.449999999999992, 24.429999999999996, 24.417499999999993, 24.417499999999993, 24.417499999999993, 24.35750000000001, 24.324999999999996, 24.324999999999996, 24.324999999999996, 24.314999999999994, 24.309999999999995, 24.309999999999995, 24.26499999999999, 24.252499999999994, 24.252499999999994, 24.244999999999994, 24.244999999999994, 24.205, 24.1575, 24.1575, 24.1575, 24.1575, 24.1575, 24.147499999999994, 24.147499999999994, 24.112499999999994, 24.095000000000002, 24.08, 24.07249999999999, 24.042499999999997, 24.039999999999996, 24.039999999999996, 24.039999999999996, 24.032499999999995, 24.032499999999995, 24.032499999999995, 24.019999999999996, 24.009999999999998, 24.009999999999998, 24.009999999999998, 24.009999999999998, 24.009999999999994, 24.009999999999994, 24.009999999999994, 24.007499999999997, 24.004999999999995, 24.004999999999995, 24.004999999999995, 24.004999999999995, 24.004999999999995, 24.004999999999995, 24.004999999999995, 24.004999999999995, 24.004999999999995, 24.004999999999995, 24.004999999999995, 24.004999999999995, 24.004999999999995, 24.004999999999995, 24.004999999999995, 24.004999999999995, 24.004999999999995, 24.004999999999995, 24.004999999999995, 24.004999999999995, 24.004999999999995, 24.004999999999995, 24.004999999999995, 24.004999999999995, 24.004999999999995, 24.004999999999995, 24.004999999999995, 24.004999999999995, 24.004999999999995, 24.004999999999995, 24.004999999999995, 24.004999999999995, 24.004999999999995, 24.004999999999995, 24.004999999999995, 24.004999999999995, 24.004999999999995, 24.004999999999995, 24.004999999999995, 24.004999999999995, 24.004999999999995, 24.004999999999995, 24.004999999999995, 24.004999999999995, 24.004999999999995, 24.004999999999995, 24.004999999999995, 24.004999999999995, 24.004999999999995, 24.004999999999995, 24.004999999999995, 24.004999999999995, 24.004999999999995, 24.004999999999995, 24.004999999999995, 24.004999999999995, 24.004999999999995, 24.004999999999995, 24.004999999999995, 24.004999999999995, 24.004999999999995, 24.004999999999995, 24.004999999999995, 24.004999999999995, 24.004999999999995, 24.004999999999995, 24.004999999999995, 24.004999999999995, 24.004999999999995, 24.004999999999995, 24.004999999999995, 24.004999999999995, 24.004999999999995, 24.004999999999995, 24.004999999999995, 24.004999999999995, 24.004999999999995, 24.004999999999995, 24.004999999999995, 24.004999999999995, 24.004999999999995, 24.004999999999995, 24.004999999999995, 24.004999999999995, 24.004999999999995, 24.004999999999995, 24.004999999999995, 24.004999999999995, 24.004999999999995, 24.004999999999995, 24.004999999999995, 24.004999999999995, 24.004999999999995, 24.004999999999995, 24.004999999999995, 24.004999999999995, 24.004999999999995, 24.004999999999995, 24.004999999999995, 24.004999999999995, 24.004999999999995, 24.004999999999995]

Execution 6:
Parametros: P=1000, Pe=0.3, Pm=0.15, pe=0.7, Parada=100
Start Time (hh:mm:ss.ms) 2023-07-17 08:09:45.512082
gen	min  	max   	avg    	std     
0  	25.35	26.295	25.8767	0.132358
4  	25.3225	26.23  	25.7234	0.149301
7  	25.255 	26.2275	25.6864	0.164683
9  	25.205 	26.2125	25.6677	0.172564
10 	25.205 	26.2075	25.6549	0.176583
11 	25.2   	26.1675	25.6421	0.178827
20 	25.11  	26.2375	25.5667	0.20118 
29 	25.0925	26.1775	25.4837	0.228566
31 	25.005 	26.22  	25.4668	0.233874
37 	24.9975	26.2275	25.3814	0.253078
38 	24.905 	26.27  	25.3654	0.260366
42 	24.865 	26.1925	25.2781	0.28053 
44 	24.8225	26.125 	25.2361	0.29222 
46 	24.7975	26.2375	25.1942	0.311269
48 	24.76  	26.19  	25.1588	0.330727
49 	24.7125	26.25  	25.1376	0.340904
51 	24.7   	26.2075	25.0925	0.348176
52 	24.5925	26.2375	25.0653	0.354153
59 	24.58  	26.175 	24.9466	0.402242
60 	24.5575	26.2   	24.9313	0.409028
61 	24.505 	26.215 	24.9153	0.418004
64 	24.4525	26.1525	24.8611	0.435388
67 	24.41  	26.26  	24.8094	0.461044
68 	24.4075	26.255 	24.7929	0.473422
69 	24.4025	26.25  	24.7768	0.480049
70 	24.3775	26.1525	24.7534	0.474417
71 	24.3475	26.185 	24.7376	0.484725
73 	24.325 	26.13  	24.7024	0.502127
74 	24.3125	26.2325	24.683 	0.513344
75 	24.31  	26.2025	24.6628	0.513282
76 	24.3025	26.2425	24.6416	0.517979
77 	24.2425	26.21  	24.6289	0.531525
78 	24.2375	26.2   	24.6113	0.534999
80 	24.235 	26.145 	24.584 	0.550355
81 	24.2175	26.17  	24.5739	0.555184
82 	24.1975	26.2625	24.5611	0.559733
83 	24.1875	26.1475	24.5454	0.56353 
84 	24.1725	26.1275	24.5319	0.568085
85 	24.16  	26.185 	24.5189	0.57849 
87 	24.1525	26.1875	24.4915	0.588422
88 	24.1425	26.1625	24.4757	0.587899
89 	24.135 	26.2   	24.4631	0.59771 
90 	24.125 	26.115 	24.4488	0.598391
92 	24.105 	26.21  	24.426 	0.607274
93 	24.09  	26.1225	24.4186	0.617223
96 	24.08  	26.19  	24.3951	0.628597
98 	24.065 	26.1725	24.3792	0.630746
99 	24.045 	26.175 	24.3773	0.641723
100	24.035 	26.205 	24.3707	0.644755
104	24.025 	26.1975	24.3473	0.650291
106	24.025 	26.155 	24.3296	0.651228
109	24.0225	26.225 	24.3174	0.661678
113	24.0225	26.195 	24.302 	0.660222
115	24.0225	26.155 	24.3009	0.657957
216	24.0225	26.24  	24.3051	0.674177
End Time (hh:mm:ss.ms) 2023-07-17 08:10:36.559583
Total Time (hh:mm:ss.ms) 0:00:51.047501
Individuo: [[47, 38, 14, 1, 8, 23, 29, 33, 30, 34, 0, 25, 36, 10, 21, 44, 35, 3, 12, 41, 5, 49, 18, 32, 6, 11, 28, 13, 37, 48, 4, 40, 45, 20, 24, 16, 2, 26, 50, 42, 15, 19, 31, 39, 9, 27, 22, 17, 43, 7, 46], [1, 1, 1, 0, 1, 0, 1, 0, 1, 1, 1, 0, 1, 1, 1, 1, 1, 0, 1, 1, 0, 0, 0, 1, 1, 1, 0, 0, 0, 0, 1, 1, 0, 1, 1, 0, 1, 1, 1, 0, 1, 1, 1, 1, 0, 1, 1, 1, 1, 1, 1]]
Fitness:  24.022499999999997
Gens:  [0, 1, 2, 3, 4, 5, 6, 7, 8, 9, 10, 11, 12, 13, 14, 15, 16, 17, 18, 19, 20, 21, 22, 23, 24, 25, 26, 27, 28, 29, 30, 31, 32, 33, 34, 35, 36, 37, 38, 39, 40, 41, 42, 43, 44, 45, 46, 47, 48, 49, 50, 51, 52, 53, 54, 55, 56, 57, 58, 59, 60, 61, 62, 63, 64, 65, 66, 67, 68, 69, 70, 71, 72, 73, 74, 75, 76, 77, 78, 79, 80, 81, 82, 83, 84, 85, 86, 87, 88, 89, 90, 91, 92, 93, 94, 95, 96, 97, 98, 99, 100, 101, 102, 103, 104, 105, 106, 107, 108, 109, 110, 111, 112, 113, 114, 115, 116, 117, 118, 119, 120, 121, 122, 123, 124, 125, 126, 127, 128, 129, 130, 131, 132, 133, 134, 135, 136, 137, 138, 139, 140, 141, 142, 143, 144, 145, 146, 147, 148, 149, 150, 151, 152, 153, 154, 155, 156, 157, 158, 159, 160, 161, 162, 163, 164, 165, 166, 167, 168, 169, 170, 171, 172, 173, 174, 175, 176, 177, 178, 179, 180, 181, 182, 183, 184, 185, 186, 187, 188, 189, 190, 191, 192, 193, 194, 195, 196, 197, 198, 199, 200, 201, 202, 203, 204, 205, 206, 207, 208, 209, 210, 211, 212, 213, 214, 215, 216]
Inds:  [25.35, 25.35, 25.35, 25.35, 25.322499999999998, 25.322499999999998, 25.322499999999998, 25.255000000000006, 25.255000000000006, 25.205000000000005, 25.205000000000002, 25.200000000000003, 25.200000000000003, 25.200000000000003, 25.200000000000003, 25.200000000000003, 25.200000000000003, 25.200000000000003, 25.200000000000003, 25.200000000000003, 25.110000000000003, 25.110000000000003, 25.110000000000003, 25.110000000000003, 25.110000000000003, 25.110000000000003, 25.110000000000003, 25.110000000000003, 25.110000000000003, 25.092500000000005, 25.092500000000005, 25.004999999999995, 25.004999999999995, 25.004999999999995, 25.004999999999995, 25.004999999999995, 25.004999999999995, 24.997500000000002, 24.90500000000001, 24.90500000000001, 24.90500000000001, 24.90500000000001, 24.86500000000001, 24.86500000000001, 24.8225, 24.8225, 24.797500000000003, 24.797500000000003, 24.76, 24.712499999999995, 24.712499999999995, 24.700000000000006, 24.592499999999998, 24.592499999999998, 24.592499999999998, 24.592499999999998, 24.592499999999998, 24.592499999999998, 24.592499999999998, 24.580000000000002, 24.557499999999997, 24.505, 24.505, 24.505, 24.4525, 24.4525, 24.4525, 24.41, 24.407500000000002, 24.402500000000003, 24.3775, 24.347500000000007, 24.347500000000007, 24.325000000000006, 24.3125, 24.309999999999995, 24.3025, 24.242500000000003, 24.237500000000008, 24.237500000000008, 24.235000000000007, 24.217500000000005, 24.197499999999998, 24.187499999999996, 24.1725, 24.16, 24.16, 24.152500000000003, 24.142500000000005, 24.134999999999998, 24.125, 24.125, 24.105000000000008, 24.090000000000007, 24.090000000000007, 24.090000000000007, 24.080000000000005, 24.080000000000005, 24.065000000000005, 24.045, 24.035000000000004, 24.035000000000004, 24.035000000000004, 24.035000000000004, 24.025000000000006, 24.025000000000006, 24.025, 24.025, 24.025, 24.022500000000004, 24.022500000000004, 24.022500000000004, 24.022500000000004, 24.0225, 24.0225, 24.022499999999997, 24.022499999999997, 24.022499999999997, 24.022499999999997, 24.022499999999997, 24.022499999999997, 24.022499999999997, 24.022499999999997, 24.022499999999997, 24.022499999999997, 24.022499999999997, 24.022499999999997, 24.022499999999997, 24.022499999999997, 24.022499999999997, 24.022499999999997, 24.022499999999997, 24.022499999999997, 24.022499999999997, 24.022499999999997, 24.022499999999997, 24.022499999999997, 24.022499999999997, 24.022499999999997, 24.022499999999997, 24.022499999999997, 24.022499999999997, 24.022499999999997, 24.022499999999997, 24.022499999999997, 24.022499999999997, 24.022499999999997, 24.022499999999997, 24.022499999999997, 24.022499999999997, 24.022499999999997, 24.022499999999997, 24.022499999999997, 24.022499999999997, 24.022499999999997, 24.022499999999997, 24.022499999999997, 24.022499999999997, 24.022499999999997, 24.022499999999997, 24.022499999999997, 24.022499999999997, 24.022499999999997, 24.022499999999997, 24.022499999999997, 24.022499999999997, 24.022499999999997, 24.022499999999997, 24.022499999999997, 24.022499999999997, 24.022499999999997, 24.022499999999997, 24.022499999999997, 24.022499999999997, 24.022499999999997, 24.022499999999997, 24.022499999999997, 24.022499999999997, 24.022499999999997, 24.022499999999997, 24.022499999999997, 24.022499999999997, 24.022499999999997, 24.022499999999997, 24.022499999999997, 24.022499999999997, 24.022499999999997, 24.022499999999997, 24.022499999999997, 24.022499999999997, 24.022499999999997, 24.022499999999997, 24.022499999999997, 24.022499999999997, 24.022499999999997, 24.022499999999997, 24.022499999999997, 24.022499999999997, 24.022499999999997, 24.022499999999997, 24.022499999999997, 24.022499999999997, 24.022499999999997, 24.022499999999997, 24.022499999999997, 24.022499999999997, 24.022499999999997, 24.022499999999997, 24.022499999999997, 24.022499999999997, 24.022499999999997, 24.022499999999997, 24.022499999999997, 24.022499999999997, 24.022499999999997, 24.022499999999997, 24.022499999999997]

Execution 7:
Parametros: P=1000, Pe=0.3, Pm=0.15, pe=0.7, Parada=100
Start Time (hh:mm:ss.ms) 2023-07-17 08:10:37.651547
gen	min    	max  	avg    	std     
0  	25.4625	26.25	25.8822	0.125014
1  	25.44  	26.2025	25.8055	0.120107
2  	25.4225	26.25  	25.7699	0.132837
3  	25.39  	26.2125	25.7479	0.138084
4  	25.3575	26.21  	25.7313	0.150878
7  	25.35  	26.27  	25.6911	0.162362
8  	25.2825	26.17  	25.6759	0.167006
10 	25.2475	26.25  	25.6516	0.176592
11 	25.1525	26.1625	25.636 	0.176056
15 	25.1325	26.1925	25.5943	0.194812
19 	25.115 	26.18  	25.5337	0.207741
21 	25.04  	26.245 	25.4997	0.218275
25 	25.03  	26.1675	25.4227	0.237032
26 	25.015 	26.18  	25.4042	0.249445
28 	24.92  	26.2025	25.3528	0.257093
29 	24.905 	26.2275	25.3263	0.268684
30 	24.8675	26.1675	25.297 	0.27462 
32 	24.855 	26.1775	25.2362	0.295225
33 	24.7775	26.24  	25.2103	0.304361
35 	24.745 	26.185 	25.1506	0.325259
38 	24.705 	26.1225	25.0683	0.345   
39 	24.675 	26.2775	25.0554	0.364024
40 	24.6675	26.22  	25.0264	0.367968
41 	24.645 	26.1825	25.0088	0.378655
43 	24.6025	26.1925	24.9692	0.390725
45 	24.5575	26.24  	24.9367	0.410751
46 	24.5425	26.185 	24.9167	0.419545
47 	24.5075	26.155 	24.9026	0.418362
50 	24.5   	26.155 	24.8532	0.436272
51 	24.4725	26.1975	24.8398	0.445249
52 	24.455 	26.17  	24.8204	0.444024
53 	24.4325	26.1775	24.8069	0.459408
54 	24.4275	26.1775	24.7914	0.467576
57 	24.375 	26.13  	24.7441	0.476602
59 	24.3725	26.29  	24.7203	0.495444
60 	24.365 	26.265 	24.7013	0.493086
62 	24.325 	26.1875	24.6828	0.5067  
64 	24.32  	26.16  	24.6621	0.516396
65 	24.3   	26.19  	24.6503	0.520198
67 	24.28  	26.1425	24.6277	0.534238
71 	24.2475	26.16  	24.5825	0.555657
72 	24.2   	26.335 	24.5659	0.550783
73 	24.195 	26.2   	24.5579	0.5626  
79 	24.1825	26.19  	24.4975	0.581957
80 	24.175 	26.1975	24.4914	0.590144
82 	24.1725	26.1675	24.4765	0.58322 
83 	24.1675	26.1925	24.4747	0.601979
84 	24.16  	26.235 	24.4716	0.607484
85 	24.15  	26.2625	24.4619	0.600402
86 	24.15  	26.2125	24.4531	0.602576
87 	24.14  	26.21  	24.4445	0.602592
89 	24.1375	26.2225	24.4279	0.615605
90 	24.13  	26.2975	24.4209	0.616148
92 	24.13  	26.18  	24.4117	0.622468
94 	24.125 	26.22  	24.4028	0.630522
195	24.125 	26.1975	24.3891	0.630262
End Time (hh:mm:ss.ms) 2023-07-17 08:11:24.994549
Total Time (hh:mm:ss.ms) 0:00:47.343002
Individuo: [[38, 46, 39, 24, 19, 32, 12, 42, 50, 5, 49, 16, 3, 41, 20, 6, 34, 30, 0, 37, 40, 10, 21, 27, 47, 35, 1, 14, 8, 9, 44, 23, 2, 26, 25, 18, 15, 31, 29, 28, 4, 13, 45, 33, 11, 48, 36, 7, 22, 43, 17], [0, 0, 0, 1, 1, 0, 0, 1, 1, 0, 0, 0, 0, 1, 0, 1, 1, 0, 1, 0, 0, 1, 1, 1, 1, 1, 1, 0, 0, 0, 1, 1, 0, 1, 0, 0, 1, 1, 1, 1, 1, 0, 0, 0, 1, 1, 1, 1, 1, 0, 0]]
Fitness:  24.125
Gens:  [0, 1, 2, 3, 4, 5, 6, 7, 8, 9, 10, 11, 12, 13, 14, 15, 16, 17, 18, 19, 20, 21, 22, 23, 24, 25, 26, 27, 28, 29, 30, 31, 32, 33, 34, 35, 36, 37, 38, 39, 40, 41, 42, 43, 44, 45, 46, 47, 48, 49, 50, 51, 52, 53, 54, 55, 56, 57, 58, 59, 60, 61, 62, 63, 64, 65, 66, 67, 68, 69, 70, 71, 72, 73, 74, 75, 76, 77, 78, 79, 80, 81, 82, 83, 84, 85, 86, 87, 88, 89, 90, 91, 92, 93, 94, 95, 96, 97, 98, 99, 100, 101, 102, 103, 104, 105, 106, 107, 108, 109, 110, 111, 112, 113, 114, 115, 116, 117, 118, 119, 120, 121, 122, 123, 124, 125, 126, 127, 128, 129, 130, 131, 132, 133, 134, 135, 136, 137, 138, 139, 140, 141, 142, 143, 144, 145, 146, 147, 148, 149, 150, 151, 152, 153, 154, 155, 156, 157, 158, 159, 160, 161, 162, 163, 164, 165, 166, 167, 168, 169, 170, 171, 172, 173, 174, 175, 176, 177, 178, 179, 180, 181, 182, 183, 184, 185, 186, 187, 188, 189, 190, 191, 192, 193, 194, 195]
Inds:  [25.462500000000002, 25.439999999999998, 25.422499999999992, 25.389999999999993, 25.357499999999998, 25.357499999999998, 25.357499999999998, 25.35, 25.2825, 25.2825, 25.247500000000002, 25.152499999999993, 25.152499999999993, 25.152499999999993, 25.152499999999993, 25.132499999999986, 25.132499999999986, 25.132499999999986, 25.132499999999986, 25.11500000000001, 25.11500000000001, 25.04, 25.04, 25.04, 25.04, 25.029999999999998, 25.014999999999993, 25.014999999999993, 24.92, 24.905, 24.867500000000003, 24.867500000000003, 24.854999999999997, 24.777499999999996, 24.777499999999996, 24.745000000000005, 24.745000000000005, 24.745000000000005, 24.705000000000002, 24.675, 24.66750000000001, 24.64500000000001, 24.64500000000001, 24.602500000000006, 24.602500000000006, 24.557500000000015, 24.542500000000008, 24.5075, 24.5075, 24.5075, 24.499999999999996, 24.472500000000004, 24.45500000000001, 24.4325, 24.4275, 24.4275, 24.4275, 24.375000000000004, 24.375000000000004, 24.372500000000006, 24.36500000000001, 24.36500000000001, 24.325, 24.325, 24.320000000000007, 24.3, 24.3, 24.28, 24.28, 24.28, 24.28, 24.247500000000002, 24.200000000000003, 24.195000000000004, 24.195000000000004, 24.195000000000004, 24.195000000000004, 24.195000000000004, 24.195000000000004, 24.182500000000005, 24.175000000000004, 24.175000000000004, 24.172500000000003, 24.167500000000004, 24.160000000000004, 24.150000000000006, 24.150000000000002, 24.14, 24.14, 24.137500000000003, 24.130000000000003, 24.130000000000003, 24.13, 24.13, 24.125, 24.125, 24.125, 24.125, 24.125, 24.125, 24.125, 24.125, 24.125, 24.125, 24.125, 24.125, 24.125, 24.125, 24.125, 24.125, 24.125, 24.125, 24.125, 24.125, 24.125, 24.125, 24.125, 24.125, 24.125, 24.125, 24.125, 24.125, 24.125, 24.125, 24.125, 24.125, 24.125, 24.125, 24.125, 24.125, 24.125, 24.125, 24.125, 24.125, 24.125, 24.125, 24.125, 24.125, 24.125, 24.125, 24.125, 24.125, 24.125, 24.125, 24.125, 24.125, 24.125, 24.125, 24.125, 24.125, 24.125, 24.125, 24.125, 24.125, 24.125, 24.125, 24.125, 24.125, 24.125, 24.125, 24.125, 24.125, 24.125, 24.125, 24.125, 24.125, 24.125, 24.125, 24.125, 24.125, 24.125, 24.125, 24.125, 24.125, 24.125, 24.125, 24.125, 24.125, 24.125, 24.125, 24.125, 24.125, 24.125, 24.125, 24.125, 24.125, 24.125, 24.125, 24.125, 24.125, 24.125, 24.125, 24.125, 24.125, 24.125, 24.125]

Execution 8:
Parametros: P=1000, Pe=0.3, Pm=0.15, pe=0.7, Parada=100
Start Time (hh:mm:ss.ms) 2023-07-17 08:11:26.190547
gen	min  	max   	avg    	std     
0  	25.48	26.245	25.8811	0.128069
1  	25.36	26.21 	25.8018	0.127493
4  	25.3425	26.1625	25.7163	0.146541
6  	25.2425	26.28  	25.6916	0.162399
13 	25.2375	26.245 	25.6126	0.18338 
14 	25.1875	26.1675	25.6061	0.190709
16 	25.145 	26.2125	25.5932	0.196282
23 	25.055 	26.1725	25.5359	0.212   
30 	25.0375	26.1675	25.4693	0.227443
32 	25.0125	26.195 	25.4438	0.232523
35 	24.995 	26.2375	25.4134	0.241961
37 	24.985 	26.245 	25.3842	0.248645
38 	24.9825	26.2075	25.3715	0.255701
39 	24.96  	26.315 	25.3534	0.261083
40 	24.925 	26.2475	25.3385	0.268593
42 	24.895 	26.2125	25.3032	0.27163 
43 	24.88  	26.2   	25.2887	0.282135
44 	24.8525	26.1425	25.2621	0.286998
47 	24.83  	26.22  	25.2019	0.302178
49 	24.7875	26.19  	25.1724	0.311656
50 	24.7325	26.1925	25.1568	0.327908
51 	24.71  	26.1925	25.1381	0.336402
53 	24.705 	26.215 	25.1077	0.34673 
54 	24.675 	26.19  	25.0871	0.356449
57 	24.6225	26.235 	25.0269	0.374285
59 	24.59  	26.24  	24.9887	0.390481
60 	24.5475	26.2625	24.9687	0.408745
62 	24.5025	26.225 	24.9236	0.413726
64 	24.4875	26.2   	24.8855	0.431065
65 	24.4525	26.18  	24.8611	0.432157
67 	24.415 	26.23  	24.8196	0.457789
68 	24.405 	26.225 	24.795 	0.465218
69 	24.33  	26.1675	24.775 	0.474842
73 	24.275 	26.17  	24.6833	0.508199
74 	24.2525	26.19  	24.6638	0.520415
76 	24.24  	26.155 	24.6208	0.528779
77 	24.225 	26.23  	24.5993	0.537844
78 	24.2225	26.19  	24.5811	0.549074
79 	24.205 	26.2325	24.5621	0.558739
80 	24.1675	26.1475	24.5447	0.566047
81 	24.16  	26.19  	24.5331	0.579752
82 	24.145 	26.2325	24.5128	0.576223
85 	24.125 	26.2425	24.4752	0.595766
86 	24.1225	26.21  	24.4637	0.601399
88 	24.12  	26.19  	24.4416	0.602674
89 	24.11  	26.2   	24.4352	0.6074  
90 	24.08  	26.2275	24.4304	0.618881
92 	24.0725	26.2425	24.4123	0.619896
94 	24.065 	26.2625	24.4022	0.628051
95 	24.0575	26.27  	24.3921	0.627978
97 	24.0525	26.255 	24.3754	0.633732
99 	24.05  	26.22  	24.3666	0.647092
100	24.0325	26.1775	24.3598	0.648516
101	24.03  	26.215 	24.3489	0.639164
103	24.03  	26.225 	24.3435	0.656794
104	24.02  	26.1975	24.3365	0.657336
106	24.0175	26.28  	24.3256	0.659392
110	24.015 	26.27  	24.3093	0.66502 
211	24.015 	26.2625	24.2934	0.663128
End Time (hh:mm:ss.ms) 2023-07-17 08:12:20.265560
Total Time (hh:mm:ss.ms) 0:00:54.075013
Individuo: [[17, 36, 44, 2, 16, 15, 31, 29, 39, 8, 38, 14, 46, 35, 18, 24, 28, 23, 1, 26, 50, 42, 12, 3, 5, 49, 25, 19, 34, 0, 41, 32, 6, 45, 37, 13, 21, 43, 4, 11, 33, 30, 20, 48, 40, 10, 7, 27, 9, 47, 22], [1, 0, 1, 0, 1, 1, 1, 0, 1, 1, 1, 1, 0, 1, 0, 0, 1, 1, 1, 1, 1, 0, 0, 1, 0, 0, 0, 1, 1, 1, 1, 1, 0, 1, 0, 1, 0, 0, 0, 0, 0, 1, 1, 1, 0, 1, 1, 0, 1, 0, 1]]
Fitness:  24.015000000000004
Gens:  [0, 1, 2, 3, 4, 5, 6, 7, 8, 9, 10, 11, 12, 13, 14, 15, 16, 17, 18, 19, 20, 21, 22, 23, 24, 25, 26, 27, 28, 29, 30, 31, 32, 33, 34, 35, 36, 37, 38, 39, 40, 41, 42, 43, 44, 45, 46, 47, 48, 49, 50, 51, 52, 53, 54, 55, 56, 57, 58, 59, 60, 61, 62, 63, 64, 65, 66, 67, 68, 69, 70, 71, 72, 73, 74, 75, 76, 77, 78, 79, 80, 81, 82, 83, 84, 85, 86, 87, 88, 89, 90, 91, 92, 93, 94, 95, 96, 97, 98, 99, 100, 101, 102, 103, 104, 105, 106, 107, 108, 109, 110, 111, 112, 113, 114, 115, 116, 117, 118, 119, 120, 121, 122, 123, 124, 125, 126, 127, 128, 129, 130, 131, 132, 133, 134, 135, 136, 137, 138, 139, 140, 141, 142, 143, 144, 145, 146, 147, 148, 149, 150, 151, 152, 153, 154, 155, 156, 157, 158, 159, 160, 161, 162, 163, 164, 165, 166, 167, 168, 169, 170, 171, 172, 173, 174, 175, 176, 177, 178, 179, 180, 181, 182, 183, 184, 185, 186, 187, 188, 189, 190, 191, 192, 193, 194, 195, 196, 197, 198, 199, 200, 201, 202, 203, 204, 205, 206, 207, 208, 209, 210, 211]
Inds:  [25.480000000000008, 25.36, 25.36, 25.36, 25.34249999999999, 25.34249999999999, 25.242500000000003, 25.242500000000003, 25.242500000000003, 25.242500000000003, 25.242500000000003, 25.242500000000003, 25.242500000000003, 25.237499999999994, 25.1875, 25.1875, 25.145000000000003, 25.145000000000003, 25.145000000000003, 25.145000000000003, 25.145000000000003, 25.145000000000003, 25.145000000000003, 25.055000000000003, 25.055000000000003, 25.055000000000003, 25.055000000000003, 25.055000000000003, 25.055000000000003, 25.055000000000003, 25.037499999999998, 25.037499999999998, 25.012500000000003, 25.012500000000003, 25.012500000000003, 24.995, 24.995, 24.985, 24.982499999999998, 24.960000000000008, 24.925000000000004, 24.925000000000004, 24.895000000000003, 24.88, 24.852500000000003, 24.852500000000003, 24.852500000000003, 24.830000000000005, 24.830000000000005, 24.7875, 24.732499999999995, 24.710000000000004, 24.710000000000004, 24.705000000000002, 24.675, 24.675, 24.675, 24.622500000000002, 24.622500000000002, 24.59, 24.547500000000007, 24.547500000000007, 24.5025, 24.5025, 24.487499999999997, 24.4525, 24.4525, 24.415000000000003, 24.405, 24.33, 24.33, 24.33, 24.33, 24.27499999999999, 24.2525, 24.2525, 24.240000000000002, 24.224999999999994, 24.2225, 24.205000000000005, 24.167500000000004, 24.16, 24.145000000000007, 24.145000000000007, 24.145000000000007, 24.124999999999996, 24.122500000000002, 24.122500000000002, 24.12, 24.110000000000007, 24.080000000000002, 24.080000000000002, 24.0725, 24.0725, 24.065, 24.0575, 24.0575, 24.052499999999995, 24.052499999999995, 24.05, 24.032500000000006, 24.03000000000001, 24.03000000000001, 24.030000000000005, 24.02, 24.02, 24.017500000000005, 24.017500000000005, 24.017500000000005, 24.017500000000005, 24.015000000000004, 24.015000000000004, 24.015000000000004, 24.015000000000004, 24.015000000000004, 24.015000000000004, 24.015000000000004, 24.015000000000004, 24.015000000000004, 24.015000000000004, 24.015000000000004, 24.015000000000004, 24.015000000000004, 24.015000000000004, 24.015000000000004, 24.015000000000004, 24.015000000000004, 24.015000000000004, 24.015000000000004, 24.015000000000004, 24.015000000000004, 24.015000000000004, 24.015000000000004, 24.015000000000004, 24.015000000000004, 24.015000000000004, 24.015000000000004, 24.015000000000004, 24.015000000000004, 24.015000000000004, 24.015000000000004, 24.015000000000004, 24.015000000000004, 24.015000000000004, 24.015000000000004, 24.015000000000004, 24.015000000000004, 24.015000000000004, 24.015000000000004, 24.015000000000004, 24.015000000000004, 24.015000000000004, 24.015000000000004, 24.015000000000004, 24.015000000000004, 24.015000000000004, 24.015000000000004, 24.015000000000004, 24.015000000000004, 24.015000000000004, 24.015000000000004, 24.015000000000004, 24.015000000000004, 24.015000000000004, 24.015000000000004, 24.015000000000004, 24.015000000000004, 24.015000000000004, 24.015000000000004, 24.015000000000004, 24.015000000000004, 24.015000000000004, 24.015000000000004, 24.015000000000004, 24.015000000000004, 24.015000000000004, 24.015000000000004, 24.015000000000004, 24.015000000000004, 24.015000000000004, 24.015000000000004, 24.015000000000004, 24.015000000000004, 24.015000000000004, 24.015000000000004, 24.015000000000004, 24.015000000000004, 24.015000000000004, 24.015000000000004, 24.015000000000004, 24.015000000000004, 24.015000000000004, 24.015000000000004, 24.015000000000004, 24.015000000000004, 24.015000000000004, 24.015000000000004, 24.015000000000004, 24.015000000000004, 24.015000000000004, 24.015000000000004, 24.015000000000004, 24.015000000000004, 24.015000000000004, 24.015000000000004, 24.015000000000004, 24.015000000000004, 24.015000000000004, 24.015000000000004, 24.015000000000004, 24.015000000000004, 24.015000000000004]

Execution 9:
Parametros: P=1000, Pe=0.3, Pm=0.15, pe=0.7, Parada=100
Start Time (hh:mm:ss.ms) 2023-07-17 08:12:21.468558
gen	min   	max   	avg    	std     
0  	25.525	26.295	25.8853	0.126751
1  	25.3125	26.195	25.8073	0.124765
5  	25.3   	26.24  	25.7083	0.155191
11 	25.24  	26.225 	25.644 	0.176608
15 	25.23  	26.185 	25.6037	0.186089
17 	25.1025	26.145 	25.5912	0.193898
29 	25.0975	26.1125	25.4886	0.221578
32 	25.0875	26.19  	25.4627	0.229429
35 	25.0275	26.1775	25.4186	0.24558 
36 	24.9925	26.155 	25.3911	0.248616
37 	24.9525	26.21  	25.3791	0.249403
39 	24.92  	26.17  	25.3255	0.267693
40 	24.885 	26.1725	25.3077	0.27255 
41 	24.8575	26.2075	25.2762	0.281688
43 	24.8275	26.1725	25.2308	0.303942
44 	24.8175	26.34  	25.1985	0.318007
45 	24.775 	26.21  	25.1695	0.320444
46 	24.7575	26.21  	25.1422	0.325183
48 	24.7025	26.1575	25.0963	0.346118
49 	24.6875	26.245 	25.0721	0.352946
50 	24.6875	26.2175	25.047 	0.36197 
51 	24.6575	26.1575	25.0247	0.371048
53 	24.58  	26.17  	24.9797	0.387946
54 	24.525 	26.155 	24.9596	0.397982
57 	24.4775	26.2225	24.9043	0.423822
61 	24.4375	26.1075	24.8243	0.448034
62 	24.3625	26.165 	24.8077	0.451784
66 	24.3575	26.14  	24.738 	0.479742
67 	24.335 	26.21  	24.7234	0.494109
69 	24.315 	26.175 	24.6918	0.504013
70 	24.3075	26.165 	24.6763	0.513302
71 	24.24  	26.1325	24.6585	0.52248 
74 	24.22  	26.1975	24.6031	0.545571
75 	24.195 	26.165 	24.5872	0.555432
77 	24.1375	26.2125	24.5506	0.560623
82 	24.13  	26.1775	24.4738	0.593372
83 	24.08  	26.275 	24.4616	0.599944
86 	24.07  	26.1575	24.4267	0.61318 
88 	24.0575	26.1725	24.4027	0.623745
89 	24.0575	26.245 	24.3953	0.635655
90 	24.0425	26.235 	24.3803	0.633997
93 	24.0425	26.2325	24.3557	0.645772
94 	24.035 	26.17  	24.3466	0.647037
97 	24.03  	26.2225	24.3326	0.658603
102	24.0275	26.1475	24.3248	0.657847
106	24.0275	26.31  	24.3194	0.653801
108	24.025 	26.155 	24.3182	0.666292
209	24.025 	26.1875	24.3055	0.668965
End Time (hh:mm:ss.ms) 2023-07-17 08:13:14.643578
Total Time (hh:mm:ss.ms) 0:00:53.175020
Individuo: [[22, 27, 47, 7, 10, 28, 37, 40, 17, 21, 43, 4, 44, 23, 35, 39, 29, 20, 11, 32, 15, 41, 18, 16, 42, 25, 12, 3, 2, 14, 1, 50, 26, 5, 49, 0, 34, 6, 30, 33, 45, 13, 48, 19, 24, 31, 36, 9, 8, 46, 38], [0, 0, 0, 0, 0, 0, 0, 0, 0, 0, 0, 0, 1, 1, 0, 0, 1, 1, 0, 0, 0, 0, 0, 0, 1, 0, 0, 1, 1, 1, 0, 0, 0, 0, 0, 0, 0, 0, 0, 1, 1, 1, 0, 0, 0, 1, 1, 1, 1, 1, 1]]
Fitness:  24.025
Gens:  [0, 1, 2, 3, 4, 5, 6, 7, 8, 9, 10, 11, 12, 13, 14, 15, 16, 17, 18, 19, 20, 21, 22, 23, 24, 25, 26, 27, 28, 29, 30, 31, 32, 33, 34, 35, 36, 37, 38, 39, 40, 41, 42, 43, 44, 45, 46, 47, 48, 49, 50, 51, 52, 53, 54, 55, 56, 57, 58, 59, 60, 61, 62, 63, 64, 65, 66, 67, 68, 69, 70, 71, 72, 73, 74, 75, 76, 77, 78, 79, 80, 81, 82, 83, 84, 85, 86, 87, 88, 89, 90, 91, 92, 93, 94, 95, 96, 97, 98, 99, 100, 101, 102, 103, 104, 105, 106, 107, 108, 109, 110, 111, 112, 113, 114, 115, 116, 117, 118, 119, 120, 121, 122, 123, 124, 125, 126, 127, 128, 129, 130, 131, 132, 133, 134, 135, 136, 137, 138, 139, 140, 141, 142, 143, 144, 145, 146, 147, 148, 149, 150, 151, 152, 153, 154, 155, 156, 157, 158, 159, 160, 161, 162, 163, 164, 165, 166, 167, 168, 169, 170, 171, 172, 173, 174, 175, 176, 177, 178, 179, 180, 181, 182, 183, 184, 185, 186, 187, 188, 189, 190, 191, 192, 193, 194, 195, 196, 197, 198, 199, 200, 201, 202, 203, 204, 205, 206, 207, 208, 209]
Inds:  [25.524999999999995, 25.312500000000004, 25.312500000000004, 25.312500000000004, 25.312500000000004, 25.3, 25.3, 25.3, 25.3, 25.3, 25.3, 25.240000000000002, 25.240000000000002, 25.240000000000002, 25.240000000000002, 25.229999999999997, 25.229999999999997, 25.102499999999992, 25.102499999999992, 25.102499999999992, 25.102499999999992, 25.102499999999992, 25.102499999999992, 25.102499999999992, 25.102499999999992, 25.102499999999992, 25.102499999999992, 25.102499999999992, 25.102499999999992, 25.0975, 25.0975, 25.0975, 25.087499999999995, 25.087499999999995, 25.087499999999995, 25.0275, 24.9925, 24.952500000000008, 24.952500000000008, 24.92, 24.885000000000005, 24.8575, 24.8575, 24.82749999999999, 24.81749999999999, 24.774999999999995, 24.757499999999997, 24.757499999999997, 24.7025, 24.687500000000004, 24.6875, 24.6575, 24.6575, 24.580000000000005, 24.525, 24.525, 24.525, 24.477499999999992, 24.477499999999992, 24.477499999999992, 24.477499999999992, 24.437499999999993, 24.362499999999994, 24.362499999999994, 24.362499999999994, 24.362499999999994, 24.357499999999995, 24.335, 24.335, 24.315000000000005, 24.307499999999994, 24.24, 24.24, 24.24, 24.219999999999995, 24.195, 24.195, 24.137500000000003, 24.137500000000003, 24.137500000000003, 24.137500000000003, 24.137500000000003, 24.129999999999995, 24.08, 24.08, 24.08, 24.07, 24.07, 24.0575, 24.057499999999997, 24.0425, 24.0425, 24.0425, 24.042499999999997, 24.034999999999997, 24.034999999999997, 24.034999999999997, 24.03, 24.03, 24.03, 24.03, 24.03, 24.027499999999996, 24.027499999999996, 24.027499999999996, 24.027499999999996, 24.027499999999993, 24.027499999999993, 24.025, 24.025, 24.025, 24.025, 24.025, 24.025, 24.025, 24.025, 24.025, 24.025, 24.025, 24.025, 24.025, 24.025, 24.025, 24.025, 24.025, 24.025, 24.025, 24.025, 24.025, 24.025, 24.025, 24.025, 24.025, 24.025, 24.025, 24.025, 24.025, 24.025, 24.025, 24.025, 24.025, 24.025, 24.025, 24.025, 24.025, 24.025, 24.025, 24.025, 24.025, 24.025, 24.025, 24.025, 24.025, 24.025, 24.025, 24.025, 24.025, 24.025, 24.025, 24.025, 24.025, 24.025, 24.025, 24.025, 24.025, 24.025, 24.025, 24.025, 24.025, 24.025, 24.025, 24.025, 24.025, 24.025, 24.025, 24.025, 24.025, 24.025, 24.025, 24.025, 24.025, 24.025, 24.025, 24.025, 24.025, 24.025, 24.025, 24.025, 24.025, 24.025, 24.025, 24.025, 24.025, 24.025, 24.025, 24.025, 24.025, 24.025, 24.025, 24.025, 24.025, 24.025, 24.025, 24.025, 24.025, 24.025, 24.025, 24.025, 24.025, 24.025]

Execution 10:
Parametros: P=1000, Pe=0.3, Pm=0.15, pe=0.7, Parada=100
Start Time (hh:mm:ss.ms) 2023-07-17 08:13:15.775579
gen	min    	max   	avg    	std     
0  	25.3975	26.275	25.8752	0.125887
1  	25.3875	26.2775	25.8022	0.125429
4  	25.37  	26.21  	25.7283	0.146061
5  	25.31  	26.155 	25.7056	0.15067 
8  	25.265 	26.16  	25.6769	0.167604
10 	25.2575	26.175 	25.6473	0.170341
13 	25.185 	26.11  	25.6183	0.184164
17 	25.16  	26.1975	25.5856	0.198404
19 	25.14  	26.235 	25.5681	0.202862
23 	25.015 	26.2025	25.5407	0.221473
35 	24.9875	26.1475	25.4417	0.239464
37 	24.98  	26.205 	25.4307	0.249538
43 	24.8525	26.2325	25.385 	0.260259
51 	24.835 	26.1675	25.3068	0.281813
53 	24.7175	26.1925	25.2819	0.288996
64 	24.665 	26.2275	25.0974	0.356326
66 	24.635 	26.25  	25.0463	0.364209
67 	24.585 	26.1525	25.0237	0.376246
68 	24.5825	26.18  	24.998 	0.383078
71 	24.52  	26.185 	24.9268	0.414955
74 	24.4975	26.31  	24.8608	0.43765 
75 	24.445 	26.2025	24.84  	0.443856
77 	24.44  	26.2325	24.8087	0.45838 
79 	24.44  	26.2425	24.7774	0.473741
80 	24.4225	26.16  	24.7633	0.470721
81 	24.37  	26.1725	24.7561	0.487661
82 	24.35  	26.1175	24.7338	0.480333
84 	24.3125	26.2575	24.7111	0.508633
87 	24.2825	26.2075	24.6678	0.519132
89 	24.275 	26.19  	24.6423	0.526607
91 	24.265 	26.215 	24.6131	0.535221
92 	24.22  	26.2625	24.6053	0.552235
97 	24.18  	26.16  	24.5422	0.559555
101	24.1475	26.2025	24.5064	0.582327
102	24.135 	26.21  	24.499 	0.589439
106	24.1175	26.2925	24.4551	0.601751
107	24.1075	26.235 	24.4462	0.607135
108	24.105 	26.1825	24.4347	0.608546
109	24.0925	26.27  	24.4219	0.613991
110	24.065 	26.1975	24.4144	0.62145 
112	24.045 	26.44  	24.3911	0.631717
117	24.035 	26.28  	24.3441	0.651137
123	24.035 	26.2825	24.3164	0.66451 
224	24.035 	26.175 	24.3123	0.661107
End Time (hh:mm:ss.ms) 2023-07-17 08:14:12.388161
Total Time (hh:mm:ss.ms) 0:00:56.612582
Individuo: [[47, 22, 17, 10, 21, 27, 7, 29, 31, 41, 12, 3, 5, 49, 42, 50, 26, 2, 35, 16, 32, 48, 24, 28, 13, 37, 4, 36, 9, 46, 39, 18, 15, 19, 33, 30, 11, 20, 6, 25, 0, 34, 45, 40, 43, 44, 23, 8, 1, 14, 38], [0, 1, 1, 1, 1, 1, 0, 0, 0, 0, 0, 0, 0, 0, 1, 0, 0, 1, 0, 1, 1, 1, 1, 0, 0, 0, 0, 1, 1, 0, 0, 1, 0, 1, 0, 1, 1, 0, 1, 1, 0, 0, 1, 0, 1, 1, 1, 1, 1, 0, 0]]
Fitness:  24.035
Gens:  [0, 1, 2, 3, 4, 5, 6, 7, 8, 9, 10, 11, 12, 13, 14, 15, 16, 17, 18, 19, 20, 21, 22, 23, 24, 25, 26, 27, 28, 29, 30, 31, 32, 33, 34, 35, 36, 37, 38, 39, 40, 41, 42, 43, 44, 45, 46, 47, 48, 49, 50, 51, 52, 53, 54, 55, 56, 57, 58, 59, 60, 61, 62, 63, 64, 65, 66, 67, 68, 69, 70, 71, 72, 73, 74, 75, 76, 77, 78, 79, 80, 81, 82, 83, 84, 85, 86, 87, 88, 89, 90, 91, 92, 93, 94, 95, 96, 97, 98, 99, 100, 101, 102, 103, 104, 105, 106, 107, 108, 109, 110, 111, 112, 113, 114, 115, 116, 117, 118, 119, 120, 121, 122, 123, 124, 125, 126, 127, 128, 129, 130, 131, 132, 133, 134, 135, 136, 137, 138, 139, 140, 141, 142, 143, 144, 145, 146, 147, 148, 149, 150, 151, 152, 153, 154, 155, 156, 157, 158, 159, 160, 161, 162, 163, 164, 165, 166, 167, 168, 169, 170, 171, 172, 173, 174, 175, 176, 177, 178, 179, 180, 181, 182, 183, 184, 185, 186, 187, 188, 189, 190, 191, 192, 193, 194, 195, 196, 197, 198, 199, 200, 201, 202, 203, 204, 205, 206, 207, 208, 209, 210, 211, 212, 213, 214, 215, 216, 217, 218, 219, 220, 221, 222, 223, 224]
Inds:  [25.397499999999997, 25.387499999999996, 25.387499999999996, 25.387499999999996, 25.369999999999997, 25.31, 25.31, 25.31, 25.265000000000004, 25.265000000000004, 25.25750000000001, 25.25750000000001, 25.25750000000001, 25.185, 25.185, 25.185, 25.185, 25.160000000000007, 25.160000000000007, 25.14, 25.14, 25.14, 25.14, 25.015, 25.015, 25.015, 25.015, 25.015, 25.015, 25.015, 25.015, 25.015, 25.015, 25.015, 25.015, 24.987500000000004, 24.987500000000004, 24.98000000000001, 24.98000000000001, 24.98000000000001, 24.98000000000001, 24.98000000000001, 24.98000000000001, 24.852500000000003, 24.852500000000003, 24.852500000000003, 24.852500000000003, 24.852500000000003, 24.852500000000003, 24.852500000000003, 24.852500000000003, 24.834999999999997, 24.834999999999997, 24.71750000000001, 24.71750000000001, 24.71750000000001, 24.71750000000001, 24.71750000000001, 24.71750000000001, 24.71750000000001, 24.71750000000001, 24.71750000000001, 24.71750000000001, 24.71750000000001, 24.665000000000003, 24.665000000000003, 24.634999999999994, 24.584999999999994, 24.5825, 24.5825, 24.5825, 24.520000000000003, 24.520000000000003, 24.520000000000003, 24.497500000000002, 24.445000000000007, 24.445000000000007, 24.440000000000005, 24.440000000000005, 24.44, 24.422500000000003, 24.37, 24.35, 24.35, 24.312500000000004, 24.312500000000004, 24.312500000000004, 24.2825, 24.2825, 24.275000000000002, 24.275000000000002, 24.265000000000004, 24.220000000000006, 24.220000000000006, 24.220000000000006, 24.220000000000006, 24.220000000000006, 24.180000000000003, 24.180000000000003, 24.180000000000003, 24.180000000000003, 24.147500000000004, 24.135000000000005, 24.135000000000005, 24.135000000000005, 24.135000000000005, 24.117500000000007, 24.107500000000005, 24.105, 24.092500000000005, 24.065, 24.065, 24.045, 24.045, 24.045, 24.045, 24.045, 24.035000000000004, 24.035000000000004, 24.035000000000004, 24.035000000000004, 24.035000000000004, 24.035000000000004, 24.035, 24.035, 24.035, 24.035, 24.035, 24.035, 24.035, 24.035, 24.035, 24.035, 24.035, 24.035, 24.035, 24.035, 24.035, 24.035, 24.035, 24.035, 24.035, 24.035, 24.035, 24.035, 24.035, 24.035, 24.035, 24.035, 24.035, 24.035, 24.035, 24.035, 24.035, 24.035, 24.035, 24.035, 24.035, 24.035, 24.035, 24.035, 24.035, 24.035, 24.035, 24.035, 24.035, 24.035, 24.035, 24.035, 24.035, 24.035, 24.035, 24.035, 24.035, 24.035, 24.035, 24.035, 24.035, 24.035, 24.035, 24.035, 24.035, 24.035, 24.035, 24.035, 24.035, 24.035, 24.035, 24.035, 24.035, 24.035, 24.035, 24.035, 24.035, 24.035, 24.035, 24.035, 24.035, 24.035, 24.035, 24.035, 24.035, 24.035, 24.035, 24.035, 24.035, 24.035, 24.035, 24.035, 24.035, 24.035, 24.035, 24.035, 24.035, 24.035, 24.035, 24.035, 24.035, 24.035, 24.035, 24.035, 24.035, 24.035, 24.035, 24.035]

