BRKGA-Heuristic:

Execution 1:
Parametros: P=1000, Pe=0.3, Pm=0.15, pe=0.7, Parada=100
Start Time (hh:mm:ss.ms) 2023-07-17 08:06:12.602849
gen	min  	max   	avg    	std     
0  	40.25	42.125	41.3109	0.308318
1  	40.125	42    	41.1109	0.31445 
2  	39.875	42    	41.0216	0.350381
6  	39.625	42.125	40.7597	0.421899
7  	39.375	42    	40.7234	0.45733 
15 	39.25 	42.125	40.2959	0.604983
116	39.25 	42.125	39.7653	0.727185
End Time (hh:mm:ss.ms) 2023-07-17 08:06:20.669844
Total Time (hh:mm:ss.ms) 0:00:08.066995
Individuo: [[9, 3, 6, 5, 2, 4, 8, 0, 1, 7], [1, 0, 0, 0, 0, 0, 0, 0, 1, 1]]
Fitness:  39.25
Gens:  [0, 1, 2, 3, 4, 5, 6, 7, 8, 9, 10, 11, 12, 13, 14, 15, 16, 17, 18, 19, 20, 21, 22, 23, 24, 25, 26, 27, 28, 29, 30, 31, 32, 33, 34, 35, 36, 37, 38, 39, 40, 41, 42, 43, 44, 45, 46, 47, 48, 49, 50, 51, 52, 53, 54, 55, 56, 57, 58, 59, 60, 61, 62, 63, 64, 65, 66, 67, 68, 69, 70, 71, 72, 73, 74, 75, 76, 77, 78, 79, 80, 81, 82, 83, 84, 85, 86, 87, 88, 89, 90, 91, 92, 93, 94, 95, 96, 97, 98, 99, 100, 101, 102, 103, 104, 105, 106, 107, 108, 109, 110, 111, 112, 113, 114, 115, 116]
Inds:  [40.25, 40.125, 39.875, 39.875, 39.875, 39.875, 39.625, 39.375, 39.375, 39.375, 39.375, 39.375, 39.375, 39.375, 39.375, 39.25, 39.25, 39.25, 39.25, 39.25, 39.25, 39.25, 39.25, 39.25, 39.25, 39.25, 39.25, 39.25, 39.25, 39.25, 39.25, 39.25, 39.25, 39.25, 39.25, 39.25, 39.25, 39.25, 39.25, 39.25, 39.25, 39.25, 39.25, 39.25, 39.25, 39.25, 39.25, 39.25, 39.25, 39.25, 39.25, 39.25, 39.25, 39.25, 39.25, 39.25, 39.25, 39.25, 39.25, 39.25, 39.25, 39.25, 39.25, 39.25, 39.25, 39.25, 39.25, 39.25, 39.25, 39.25, 39.25, 39.25, 39.25, 39.25, 39.25, 39.25, 39.25, 39.25, 39.25, 39.25, 39.25, 39.25, 39.25, 39.25, 39.25, 39.25, 39.25, 39.25, 39.25, 39.25, 39.25, 39.25, 39.25, 39.25, 39.25, 39.25, 39.25, 39.25, 39.25, 39.25, 39.25, 39.25, 39.25, 39.25, 39.25, 39.25, 39.25, 39.25, 39.25, 39.25, 39.25, 39.25, 39.25, 39.25, 39.25, 39.25, 39.25]

Execution 2:
Parametros: P=1000, Pe=0.3, Pm=0.15, pe=0.7, Parada=100
Start Time (hh:mm:ss.ms) 2023-07-17 08:06:21.452844
gen	min  	max   	avg    	std     
0  	40.25	42.125	41.3054	0.301889
1  	40   	42    	41.1199	0.313382
4  	39.875	42    	40.8757	0.387781
5  	39.75 	42    	40.835 	0.406694
6  	39.5  	42    	40.7822	0.424659
10 	39.375	42    	40.6036	0.491677
13 	39.25 	42    	40.47  	0.554194
114	39.25 	41.875	39.7194	0.706012
End Time (hh:mm:ss.ms) 2023-07-17 08:06:29.369844
Total Time (hh:mm:ss.ms) 0:00:07.917000
Individuo: [[9, 2, 5, 3, 4, 6, 0, 8, 1, 7], [1, 1, 1, 0, 0, 0, 1, 1, 1, 1]]
Fitness:  39.25
Gens:  [0, 1, 2, 3, 4, 5, 6, 7, 8, 9, 10, 11, 12, 13, 14, 15, 16, 17, 18, 19, 20, 21, 22, 23, 24, 25, 26, 27, 28, 29, 30, 31, 32, 33, 34, 35, 36, 37, 38, 39, 40, 41, 42, 43, 44, 45, 46, 47, 48, 49, 50, 51, 52, 53, 54, 55, 56, 57, 58, 59, 60, 61, 62, 63, 64, 65, 66, 67, 68, 69, 70, 71, 72, 73, 74, 75, 76, 77, 78, 79, 80, 81, 82, 83, 84, 85, 86, 87, 88, 89, 90, 91, 92, 93, 94, 95, 96, 97, 98, 99, 100, 101, 102, 103, 104, 105, 106, 107, 108, 109, 110, 111, 112, 113, 114]
Inds:  [40.25, 40.0, 40.0, 40.0, 39.875, 39.75, 39.5, 39.5, 39.5, 39.5, 39.375, 39.375, 39.375, 39.25, 39.25, 39.25, 39.25, 39.25, 39.25, 39.25, 39.25, 39.25, 39.25, 39.25, 39.25, 39.25, 39.25, 39.25, 39.25, 39.25, 39.25, 39.25, 39.25, 39.25, 39.25, 39.25, 39.25, 39.25, 39.25, 39.25, 39.25, 39.25, 39.25, 39.25, 39.25, 39.25, 39.25, 39.25, 39.25, 39.25, 39.25, 39.25, 39.25, 39.25, 39.25, 39.25, 39.25, 39.25, 39.25, 39.25, 39.25, 39.25, 39.25, 39.25, 39.25, 39.25, 39.25, 39.25, 39.25, 39.25, 39.25, 39.25, 39.25, 39.25, 39.25, 39.25, 39.25, 39.25, 39.25, 39.25, 39.25, 39.25, 39.25, 39.25, 39.25, 39.25, 39.25, 39.25, 39.25, 39.25, 39.25, 39.25, 39.25, 39.25, 39.25, 39.25, 39.25, 39.25, 39.25, 39.25, 39.25, 39.25, 39.25, 39.25, 39.25, 39.25, 39.25, 39.25, 39.25, 39.25, 39.25, 39.25, 39.25, 39.25, 39.25]

Execution 3:
Parametros: P=1000, Pe=0.3, Pm=0.15, pe=0.7, Parada=100
Start Time (hh:mm:ss.ms) 2023-07-17 08:06:30.139846
gen	min   	max	avg    	std     
0  	40.375	42 	41.3245	0.283526
1  	40.125	42.125	41.1217	0.300139
2  	39.875	42.125	41.0258	0.330992
4  	39.75 	42    	40.8776	0.377958
6  	39.625	41.875	40.7606	0.412799
7  	39.5  	41.875	40.7099	0.441056
10 	39.375	42    	40.5361	0.491768
16 	39.25 	41.875	40.1171	0.611083
117	39.25 	41.875	39.6551	0.729372
End Time (hh:mm:ss.ms) 2023-07-17 08:06:38.219844
Total Time (hh:mm:ss.ms) 0:00:08.079998
Individuo: [[9, 6, 5, 2, 3, 4, 8, 0, 1, 7], [1, 0, 0, 0, 0, 0, 0, 0, 1, 1]]
Fitness:  39.25
Gens:  [0, 1, 2, 3, 4, 5, 6, 7, 8, 9, 10, 11, 12, 13, 14, 15, 16, 17, 18, 19, 20, 21, 22, 23, 24, 25, 26, 27, 28, 29, 30, 31, 32, 33, 34, 35, 36, 37, 38, 39, 40, 41, 42, 43, 44, 45, 46, 47, 48, 49, 50, 51, 52, 53, 54, 55, 56, 57, 58, 59, 60, 61, 62, 63, 64, 65, 66, 67, 68, 69, 70, 71, 72, 73, 74, 75, 76, 77, 78, 79, 80, 81, 82, 83, 84, 85, 86, 87, 88, 89, 90, 91, 92, 93, 94, 95, 96, 97, 98, 99, 100, 101, 102, 103, 104, 105, 106, 107, 108, 109, 110, 111, 112, 113, 114, 115, 116, 117]
Inds:  [40.375, 40.125, 39.875, 39.875, 39.75, 39.75, 39.625, 39.5, 39.5, 39.5, 39.375, 39.375, 39.375, 39.375, 39.375, 39.375, 39.25, 39.25, 39.25, 39.25, 39.25, 39.25, 39.25, 39.25, 39.25, 39.25, 39.25, 39.25, 39.25, 39.25, 39.25, 39.25, 39.25, 39.25, 39.25, 39.25, 39.25, 39.25, 39.25, 39.25, 39.25, 39.25, 39.25, 39.25, 39.25, 39.25, 39.25, 39.25, 39.25, 39.25, 39.25, 39.25, 39.25, 39.25, 39.25, 39.25, 39.25, 39.25, 39.25, 39.25, 39.25, 39.25, 39.25, 39.25, 39.25, 39.25, 39.25, 39.25, 39.25, 39.25, 39.25, 39.25, 39.25, 39.25, 39.25, 39.25, 39.25, 39.25, 39.25, 39.25, 39.25, 39.25, 39.25, 39.25, 39.25, 39.25, 39.25, 39.25, 39.25, 39.25, 39.25, 39.25, 39.25, 39.25, 39.25, 39.25, 39.25, 39.25, 39.25, 39.25, 39.25, 39.25, 39.25, 39.25, 39.25, 39.25, 39.25, 39.25, 39.25, 39.25, 39.25, 39.25, 39.25, 39.25, 39.25, 39.25, 39.25, 39.25]

Execution 4:
Parametros: P=1000, Pe=0.3, Pm=0.15, pe=0.7, Parada=100
Start Time (hh:mm:ss.ms) 2023-07-17 08:06:38.971844
gen	min  	max	avg    	std     
0  	40.25	42 	41.3017	0.303794
1  	40   	42.125	41.1103	0.303832
3  	39.875	42    	40.9258	0.359713
4  	39.75 	42.125	40.8474	0.387705
8  	39.625	41.875	40.6521	0.466099
9  	39.375	41.875	40.5988	0.490502
14 	39.25 	41.875	40.2881	0.586541
115	39.25 	42    	39.7286	0.728588
End Time (hh:mm:ss.ms) 2023-07-17 08:06:47.153844
Total Time (hh:mm:ss.ms) 0:00:08.182000
Individuo: [[7, 1, 8, 0, 6, 4, 3, 5, 2, 9], [0, 0, 0, 0, 1, 1, 1, 0, 0, 0]]
Fitness:  39.25
Gens:  [0, 1, 2, 3, 4, 5, 6, 7, 8, 9, 10, 11, 12, 13, 14, 15, 16, 17, 18, 19, 20, 21, 22, 23, 24, 25, 26, 27, 28, 29, 30, 31, 32, 33, 34, 35, 36, 37, 38, 39, 40, 41, 42, 43, 44, 45, 46, 47, 48, 49, 50, 51, 52, 53, 54, 55, 56, 57, 58, 59, 60, 61, 62, 63, 64, 65, 66, 67, 68, 69, 70, 71, 72, 73, 74, 75, 76, 77, 78, 79, 80, 81, 82, 83, 84, 85, 86, 87, 88, 89, 90, 91, 92, 93, 94, 95, 96, 97, 98, 99, 100, 101, 102, 103, 104, 105, 106, 107, 108, 109, 110, 111, 112, 113, 114, 115]
Inds:  [40.25, 40.0, 40.0, 39.875, 39.75, 39.75, 39.75, 39.75, 39.625, 39.375, 39.375, 39.375, 39.375, 39.375, 39.25, 39.25, 39.25, 39.25, 39.25, 39.25, 39.25, 39.25, 39.25, 39.25, 39.25, 39.25, 39.25, 39.25, 39.25, 39.25, 39.25, 39.25, 39.25, 39.25, 39.25, 39.25, 39.25, 39.25, 39.25, 39.25, 39.25, 39.25, 39.25, 39.25, 39.25, 39.25, 39.25, 39.25, 39.25, 39.25, 39.25, 39.25, 39.25, 39.25, 39.25, 39.25, 39.25, 39.25, 39.25, 39.25, 39.25, 39.25, 39.25, 39.25, 39.25, 39.25, 39.25, 39.25, 39.25, 39.25, 39.25, 39.25, 39.25, 39.25, 39.25, 39.25, 39.25, 39.25, 39.25, 39.25, 39.25, 39.25, 39.25, 39.25, 39.25, 39.25, 39.25, 39.25, 39.25, 39.25, 39.25, 39.25, 39.25, 39.25, 39.25, 39.25, 39.25, 39.25, 39.25, 39.25, 39.25, 39.25, 39.25, 39.25, 39.25, 39.25, 39.25, 39.25, 39.25, 39.25, 39.25, 39.25, 39.25, 39.25, 39.25, 39.25]

Execution 5:
Parametros: P=1000, Pe=0.3, Pm=0.15, pe=0.7, Parada=100
Start Time (hh:mm:ss.ms) 2023-07-17 08:06:47.918847
gen	min   	max	avg   	std     
0  	40.125	42 	41.289	0.308136
4  	40    	42    	40.885 	0.368731
5  	39.5  	42    	40.8483	0.39887 
13 	39.375	42.125	40.523 	0.514328
20 	39.25 	42    	40.146 	0.638085
121	39.25 	41.875	39.684 	0.723719
End Time (hh:mm:ss.ms) 2023-07-17 08:06:56.441848
Total Time (hh:mm:ss.ms) 0:00:08.523001
Individuo: [[7, 1, 8, 0, 6, 4, 5, 2, 3, 9], [0, 0, 0, 0, 1, 0, 0, 0, 0, 0]]
Fitness:  39.25
Gens:  [0, 1, 2, 3, 4, 5, 6, 7, 8, 9, 10, 11, 12, 13, 14, 15, 16, 17, 18, 19, 20, 21, 22, 23, 24, 25, 26, 27, 28, 29, 30, 31, 32, 33, 34, 35, 36, 37, 38, 39, 40, 41, 42, 43, 44, 45, 46, 47, 48, 49, 50, 51, 52, 53, 54, 55, 56, 57, 58, 59, 60, 61, 62, 63, 64, 65, 66, 67, 68, 69, 70, 71, 72, 73, 74, 75, 76, 77, 78, 79, 80, 81, 82, 83, 84, 85, 86, 87, 88, 89, 90, 91, 92, 93, 94, 95, 96, 97, 98, 99, 100, 101, 102, 103, 104, 105, 106, 107, 108, 109, 110, 111, 112, 113, 114, 115, 116, 117, 118, 119, 120, 121]
Inds:  [40.125, 40.125, 40.125, 40.125, 40.0, 39.5, 39.5, 39.5, 39.5, 39.5, 39.5, 39.5, 39.5, 39.375, 39.375, 39.375, 39.375, 39.375, 39.375, 39.375, 39.25, 39.25, 39.25, 39.25, 39.25, 39.25, 39.25, 39.25, 39.25, 39.25, 39.25, 39.25, 39.25, 39.25, 39.25, 39.25, 39.25, 39.25, 39.25, 39.25, 39.25, 39.25, 39.25, 39.25, 39.25, 39.25, 39.25, 39.25, 39.25, 39.25, 39.25, 39.25, 39.25, 39.25, 39.25, 39.25, 39.25, 39.25, 39.25, 39.25, 39.25, 39.25, 39.25, 39.25, 39.25, 39.25, 39.25, 39.25, 39.25, 39.25, 39.25, 39.25, 39.25, 39.25, 39.25, 39.25, 39.25, 39.25, 39.25, 39.25, 39.25, 39.25, 39.25, 39.25, 39.25, 39.25, 39.25, 39.25, 39.25, 39.25, 39.25, 39.25, 39.25, 39.25, 39.25, 39.25, 39.25, 39.25, 39.25, 39.25, 39.25, 39.25, 39.25, 39.25, 39.25, 39.25, 39.25, 39.25, 39.25, 39.25, 39.25, 39.25, 39.25, 39.25, 39.25, 39.25, 39.25, 39.25, 39.25, 39.25, 39.25, 39.25]

Execution 6:
Parametros: P=1000, Pe=0.3, Pm=0.15, pe=0.7, Parada=100
Start Time (hh:mm:ss.ms) 2023-07-17 08:06:57.280850
gen	min  	max   	avg    	std     
0  	40.25	42.125	41.3031	0.304507
1  	40   	42    	41.1059	0.308261
3  	39.75	41.875	40.9221	0.370111
4  	39.375	42    	40.8627	0.406133
16 	39.25 	42    	40.1395	0.632808
117	39.25 	41.875	39.595 	0.745155
End Time (hh:mm:ss.ms) 2023-07-17 08:07:05.637844
Total Time (hh:mm:ss.ms) 0:00:08.356994
Individuo: [[9, 2, 5, 0, 8, 3, 6, 4, 1, 7], [1, 1, 1, 1, 1, 1, 1, 0, 1, 1]]
Fitness:  39.25
Gens:  [0, 1, 2, 3, 4, 5, 6, 7, 8, 9, 10, 11, 12, 13, 14, 15, 16, 17, 18, 19, 20, 21, 22, 23, 24, 25, 26, 27, 28, 29, 30, 31, 32, 33, 34, 35, 36, 37, 38, 39, 40, 41, 42, 43, 44, 45, 46, 47, 48, 49, 50, 51, 52, 53, 54, 55, 56, 57, 58, 59, 60, 61, 62, 63, 64, 65, 66, 67, 68, 69, 70, 71, 72, 73, 74, 75, 76, 77, 78, 79, 80, 81, 82, 83, 84, 85, 86, 87, 88, 89, 90, 91, 92, 93, 94, 95, 96, 97, 98, 99, 100, 101, 102, 103, 104, 105, 106, 107, 108, 109, 110, 111, 112, 113, 114, 115, 116, 117]
Inds:  [40.25, 40.0, 40.0, 39.75, 39.375, 39.375, 39.375, 39.375, 39.375, 39.375, 39.375, 39.375, 39.375, 39.375, 39.375, 39.375, 39.25, 39.25, 39.25, 39.25, 39.25, 39.25, 39.25, 39.25, 39.25, 39.25, 39.25, 39.25, 39.25, 39.25, 39.25, 39.25, 39.25, 39.25, 39.25, 39.25, 39.25, 39.25, 39.25, 39.25, 39.25, 39.25, 39.25, 39.25, 39.25, 39.25, 39.25, 39.25, 39.25, 39.25, 39.25, 39.25, 39.25, 39.25, 39.25, 39.25, 39.25, 39.25, 39.25, 39.25, 39.25, 39.25, 39.25, 39.25, 39.25, 39.25, 39.25, 39.25, 39.25, 39.25, 39.25, 39.25, 39.25, 39.25, 39.25, 39.25, 39.25, 39.25, 39.25, 39.25, 39.25, 39.25, 39.25, 39.25, 39.25, 39.25, 39.25, 39.25, 39.25, 39.25, 39.25, 39.25, 39.25, 39.25, 39.25, 39.25, 39.25, 39.25, 39.25, 39.25, 39.25, 39.25, 39.25, 39.25, 39.25, 39.25, 39.25, 39.25, 39.25, 39.25, 39.25, 39.25, 39.25, 39.25, 39.25, 39.25, 39.25, 39.25]

Execution 7:
Parametros: P=1000, Pe=0.3, Pm=0.15, pe=0.7, Parada=100
Start Time (hh:mm:ss.ms) 2023-07-17 08:07:06.409845
gen	min  	max	avg    	std     
0  	39.75	42 	41.2909	0.310143
5  	39.375	42    	40.7735	0.427943
12 	39.25 	42    	40.2244	0.573053
113	39.25 	42    	39.6694	0.721619
End Time (hh:mm:ss.ms) 2023-07-17 08:07:14.643847
Total Time (hh:mm:ss.ms) 0:00:08.234002
Individuo: [[7, 1, 8, 0, 4, 6, 5, 2, 3, 9], [0, 0, 0, 0, 1, 0, 0, 0, 0, 0]]
Fitness:  39.25
Gens:  [0, 1, 2, 3, 4, 5, 6, 7, 8, 9, 10, 11, 12, 13, 14, 15, 16, 17, 18, 19, 20, 21, 22, 23, 24, 25, 26, 27, 28, 29, 30, 31, 32, 33, 34, 35, 36, 37, 38, 39, 40, 41, 42, 43, 44, 45, 46, 47, 48, 49, 50, 51, 52, 53, 54, 55, 56, 57, 58, 59, 60, 61, 62, 63, 64, 65, 66, 67, 68, 69, 70, 71, 72, 73, 74, 75, 76, 77, 78, 79, 80, 81, 82, 83, 84, 85, 86, 87, 88, 89, 90, 91, 92, 93, 94, 95, 96, 97, 98, 99, 100, 101, 102, 103, 104, 105, 106, 107, 108, 109, 110, 111, 112, 113]
Inds:  [39.75, 39.75, 39.75, 39.75, 39.75, 39.375, 39.375, 39.375, 39.375, 39.375, 39.375, 39.375, 39.25, 39.25, 39.25, 39.25, 39.25, 39.25, 39.25, 39.25, 39.25, 39.25, 39.25, 39.25, 39.25, 39.25, 39.25, 39.25, 39.25, 39.25, 39.25, 39.25, 39.25, 39.25, 39.25, 39.25, 39.25, 39.25, 39.25, 39.25, 39.25, 39.25, 39.25, 39.25, 39.25, 39.25, 39.25, 39.25, 39.25, 39.25, 39.25, 39.25, 39.25, 39.25, 39.25, 39.25, 39.25, 39.25, 39.25, 39.25, 39.25, 39.25, 39.25, 39.25, 39.25, 39.25, 39.25, 39.25, 39.25, 39.25, 39.25, 39.25, 39.25, 39.25, 39.25, 39.25, 39.25, 39.25, 39.25, 39.25, 39.25, 39.25, 39.25, 39.25, 39.25, 39.25, 39.25, 39.25, 39.25, 39.25, 39.25, 39.25, 39.25, 39.25, 39.25, 39.25, 39.25, 39.25, 39.25, 39.25, 39.25, 39.25, 39.25, 39.25, 39.25, 39.25, 39.25, 39.25, 39.25, 39.25, 39.25, 39.25, 39.25, 39.25]

Execution 8:
Parametros: P=1000, Pe=0.3, Pm=0.15, pe=0.7, Parada=100
Start Time (hh:mm:ss.ms) 2023-07-17 08:07:15.406846
gen	min   	max   	avg    	std     
0  	40.125	42.125	41.3047	0.316182
1  	40    	42    	41.117 	0.30357 
2  	39.75 	42.125	41.0184	0.343816
6  	39.5  	41.875	40.7341	0.429441
9  	39.375	41.875	40.5169	0.500325
17 	39.25 	41.875	40.0156	0.631112
118	39.25 	41.875	39.6385	0.735594
End Time (hh:mm:ss.ms) 2023-07-17 08:07:23.537845
Total Time (hh:mm:ss.ms) 0:00:08.130999
Individuo: [[9, 6, 4, 8, 0, 5, 2, 3, 1, 7], [1, 1, 0, 0, 0, 0, 0, 0, 1, 1]]
Fitness:  39.25
Gens:  [0, 1, 2, 3, 4, 5, 6, 7, 8, 9, 10, 11, 12, 13, 14, 15, 16, 17, 18, 19, 20, 21, 22, 23, 24, 25, 26, 27, 28, 29, 30, 31, 32, 33, 34, 35, 36, 37, 38, 39, 40, 41, 42, 43, 44, 45, 46, 47, 48, 49, 50, 51, 52, 53, 54, 55, 56, 57, 58, 59, 60, 61, 62, 63, 64, 65, 66, 67, 68, 69, 70, 71, 72, 73, 74, 75, 76, 77, 78, 79, 80, 81, 82, 83, 84, 85, 86, 87, 88, 89, 90, 91, 92, 93, 94, 95, 96, 97, 98, 99, 100, 101, 102, 103, 104, 105, 106, 107, 108, 109, 110, 111, 112, 113, 114, 115, 116, 117, 118]
Inds:  [40.125, 40.0, 39.75, 39.75, 39.75, 39.75, 39.5, 39.5, 39.5, 39.375, 39.375, 39.375, 39.375, 39.375, 39.375, 39.375, 39.375, 39.25, 39.25, 39.25, 39.25, 39.25, 39.25, 39.25, 39.25, 39.25, 39.25, 39.25, 39.25, 39.25, 39.25, 39.25, 39.25, 39.25, 39.25, 39.25, 39.25, 39.25, 39.25, 39.25, 39.25, 39.25, 39.25, 39.25, 39.25, 39.25, 39.25, 39.25, 39.25, 39.25, 39.25, 39.25, 39.25, 39.25, 39.25, 39.25, 39.25, 39.25, 39.25, 39.25, 39.25, 39.25, 39.25, 39.25, 39.25, 39.25, 39.25, 39.25, 39.25, 39.25, 39.25, 39.25, 39.25, 39.25, 39.25, 39.25, 39.25, 39.25, 39.25, 39.25, 39.25, 39.25, 39.25, 39.25, 39.25, 39.25, 39.25, 39.25, 39.25, 39.25, 39.25, 39.25, 39.25, 39.25, 39.25, 39.25, 39.25, 39.25, 39.25, 39.25, 39.25, 39.25, 39.25, 39.25, 39.25, 39.25, 39.25, 39.25, 39.25, 39.25, 39.25, 39.25, 39.25, 39.25, 39.25, 39.25, 39.25, 39.25, 39.25]

Execution 9:
Parametros: P=1000, Pe=0.3, Pm=0.15, pe=0.7, Parada=100
Start Time (hh:mm:ss.ms) 2023-07-17 08:07:24.333846
gen	min  	max   	avg    	std     
0  	40.25	42.125	41.2777	0.306765
1  	40.125	41.875	41.0844	0.306272
2  	40    	42    	40.9994	0.347513
3  	39.5  	41.875	40.9263	0.370766
14 	39.375	42    	40.3357	0.576132
17 	39.25 	41.875	40.1315	0.589614
118	39.25 	41.875	39.6714	0.723159
End Time (hh:mm:ss.ms) 2023-07-17 08:07:32.473846
Total Time (hh:mm:ss.ms) 0:00:08.140000
Individuo: [[7, 1, 8, 0, 2, 5, 6, 4, 3, 9], [0, 0, 0, 0, 1, 1, 1, 1, 1, 0]]
Fitness:  39.25
Gens:  [0, 1, 2, 3, 4, 5, 6, 7, 8, 9, 10, 11, 12, 13, 14, 15, 16, 17, 18, 19, 20, 21, 22, 23, 24, 25, 26, 27, 28, 29, 30, 31, 32, 33, 34, 35, 36, 37, 38, 39, 40, 41, 42, 43, 44, 45, 46, 47, 48, 49, 50, 51, 52, 53, 54, 55, 56, 57, 58, 59, 60, 61, 62, 63, 64, 65, 66, 67, 68, 69, 70, 71, 72, 73, 74, 75, 76, 77, 78, 79, 80, 81, 82, 83, 84, 85, 86, 87, 88, 89, 90, 91, 92, 93, 94, 95, 96, 97, 98, 99, 100, 101, 102, 103, 104, 105, 106, 107, 108, 109, 110, 111, 112, 113, 114, 115, 116, 117, 118]
Inds:  [40.25, 40.125, 40.0, 39.5, 39.5, 39.5, 39.5, 39.5, 39.5, 39.5, 39.5, 39.5, 39.5, 39.5, 39.375, 39.375, 39.375, 39.25, 39.25, 39.25, 39.25, 39.25, 39.25, 39.25, 39.25, 39.25, 39.25, 39.25, 39.25, 39.25, 39.25, 39.25, 39.25, 39.25, 39.25, 39.25, 39.25, 39.25, 39.25, 39.25, 39.25, 39.25, 39.25, 39.25, 39.25, 39.25, 39.25, 39.25, 39.25, 39.25, 39.25, 39.25, 39.25, 39.25, 39.25, 39.25, 39.25, 39.25, 39.25, 39.25, 39.25, 39.25, 39.25, 39.25, 39.25, 39.25, 39.25, 39.25, 39.25, 39.25, 39.25, 39.25, 39.25, 39.25, 39.25, 39.25, 39.25, 39.25, 39.25, 39.25, 39.25, 39.25, 39.25, 39.25, 39.25, 39.25, 39.25, 39.25, 39.25, 39.25, 39.25, 39.25, 39.25, 39.25, 39.25, 39.25, 39.25, 39.25, 39.25, 39.25, 39.25, 39.25, 39.25, 39.25, 39.25, 39.25, 39.25, 39.25, 39.25, 39.25, 39.25, 39.25, 39.25, 39.25, 39.25, 39.25, 39.25, 39.25, 39.25]

Execution 10:
Parametros: P=1000, Pe=0.3, Pm=0.15, pe=0.7, Parada=100
Start Time (hh:mm:ss.ms) 2023-07-17 08:07:33.255845
gen	min   	max	avg    	std     
0  	40.125	42 	41.2961	0.301684
2  	39.875	42 	40.9985	0.341638
3  	39.75 	42.125	40.9201	0.373051
4  	39.625	42    	40.8529	0.391984
9  	39.375	41.875	40.5754	0.49651 
16 	39.25 	42    	40.0199	0.633686
117	39.25 	42    	39.6711	0.705368
End Time (hh:mm:ss.ms) 2023-07-17 08:07:41.437848
Total Time (hh:mm:ss.ms) 0:00:08.182003
Individuo: [[7, 1, 4, 6, 0, 8, 5, 2, 3, 9], [0, 0, 1, 0, 1, 1, 0, 0, 1, 0]]
Fitness:  39.25
Gens:  [0, 1, 2, 3, 4, 5, 6, 7, 8, 9, 10, 11, 12, 13, 14, 15, 16, 17, 18, 19, 20, 21, 22, 23, 24, 25, 26, 27, 28, 29, 30, 31, 32, 33, 34, 35, 36, 37, 38, 39, 40, 41, 42, 43, 44, 45, 46, 47, 48, 49, 50, 51, 52, 53, 54, 55, 56, 57, 58, 59, 60, 61, 62, 63, 64, 65, 66, 67, 68, 69, 70, 71, 72, 73, 74, 75, 76, 77, 78, 79, 80, 81, 82, 83, 84, 85, 86, 87, 88, 89, 90, 91, 92, 93, 94, 95, 96, 97, 98, 99, 100, 101, 102, 103, 104, 105, 106, 107, 108, 109, 110, 111, 112, 113, 114, 115, 116, 117]
Inds:  [40.125, 40.125, 39.875, 39.75, 39.625, 39.625, 39.625, 39.625, 39.625, 39.375, 39.375, 39.375, 39.375, 39.375, 39.375, 39.375, 39.25, 39.25, 39.25, 39.25, 39.25, 39.25, 39.25, 39.25, 39.25, 39.25, 39.25, 39.25, 39.25, 39.25, 39.25, 39.25, 39.25, 39.25, 39.25, 39.25, 39.25, 39.25, 39.25, 39.25, 39.25, 39.25, 39.25, 39.25, 39.25, 39.25, 39.25, 39.25, 39.25, 39.25, 39.25, 39.25, 39.25, 39.25, 39.25, 39.25, 39.25, 39.25, 39.25, 39.25, 39.25, 39.25, 39.25, 39.25, 39.25, 39.25, 39.25, 39.25, 39.25, 39.25, 39.25, 39.25, 39.25, 39.25, 39.25, 39.25, 39.25, 39.25, 39.25, 39.25, 39.25, 39.25, 39.25, 39.25, 39.25, 39.25, 39.25, 39.25, 39.25, 39.25, 39.25, 39.25, 39.25, 39.25, 39.25, 39.25, 39.25, 39.25, 39.25, 39.25, 39.25, 39.25, 39.25, 39.25, 39.25, 39.25, 39.25, 39.25, 39.25, 39.25, 39.25, 39.25, 39.25, 39.25, 39.25, 39.25, 39.25, 39.25]

