BRKGA-Heuristic:

Execution 1:
Parametros: P=1000, Pe=0.3, Pm=0.15, pe=0.7, Parada=100
Start Time (hh:mm:ss.ms) 2023-07-17 08:17:07.242487
gen	min    	max    	avg   	std     
0  	100.875	104.875	103.14	0.648127
2  	100.375	104.375	102.589	0.674243
6  	99.75  	104.5  	102.147	0.807455
17 	99.625 	104.375	101.403	1.02291 
18 	99.25  	104.75 	101.365	1.06681 
25 	99     	104.75 	100.961	1.15942 
26 	98.875 	104.625	100.878	1.18041 
28 	98.5   	104.75 	100.711	1.23382 
32 	98     	104.875	100.352	1.32882 
36 	97.875 	104.625	99.9011	1.44385 
37 	97.5   	104.875	99.8271	1.50383 
44 	97.375 	104.75 	99.0469	1.74076 
49 	97.25  	104.625	98.6898	1.91189 
52 	97.125 	104.75 	98.5422	1.96845 
56 	97     	105.125	98.4066	2.03651 
63 	96.875 	104.375	98.0474	2.15161 
164	96.875 	104.625	97.8148	2.23223 
End Time (hh:mm:ss.ms) 2023-07-17 08:17:25.647489
Total Time (hh:mm:ss.ms) 0:00:18.405002
Individuo: [[11, 1, 4, 5, 19, 6, 15, 7, 13, 9, 17, 18, 16, 8, 0, 20, 3, 12, 2, 14, 10], [1, 1, 1, 1, 0, 0, 0, 1, 1, 1, 0, 0, 0, 1, 1, 0, 0, 0, 0, 0, 1]]
Fitness:  96.875
Gens:  [0, 1, 2, 3, 4, 5, 6, 7, 8, 9, 10, 11, 12, 13, 14, 15, 16, 17, 18, 19, 20, 21, 22, 23, 24, 25, 26, 27, 28, 29, 30, 31, 32, 33, 34, 35, 36, 37, 38, 39, 40, 41, 42, 43, 44, 45, 46, 47, 48, 49, 50, 51, 52, 53, 54, 55, 56, 57, 58, 59, 60, 61, 62, 63, 64, 65, 66, 67, 68, 69, 70, 71, 72, 73, 74, 75, 76, 77, 78, 79, 80, 81, 82, 83, 84, 85, 86, 87, 88, 89, 90, 91, 92, 93, 94, 95, 96, 97, 98, 99, 100, 101, 102, 103, 104, 105, 106, 107, 108, 109, 110, 111, 112, 113, 114, 115, 116, 117, 118, 119, 120, 121, 122, 123, 124, 125, 126, 127, 128, 129, 130, 131, 132, 133, 134, 135, 136, 137, 138, 139, 140, 141, 142, 143, 144, 145, 146, 147, 148, 149, 150, 151, 152, 153, 154, 155, 156, 157, 158, 159, 160, 161, 162, 163, 164]
Inds:  [100.875, 100.875, 100.375, 100.375, 100.375, 100.375, 99.75, 99.75, 99.75, 99.75, 99.75, 99.75, 99.75, 99.75, 99.75, 99.75, 99.75, 99.625, 99.25, 99.25, 99.25, 99.25, 99.25, 99.25, 99.25, 99.0, 98.875, 98.875, 98.5, 98.5, 98.5, 98.5, 98.0, 98.0, 98.0, 98.0, 97.875, 97.5, 97.5, 97.5, 97.5, 97.5, 97.5, 97.5, 97.375, 97.375, 97.375, 97.375, 97.375, 97.25, 97.25, 97.25, 97.125, 97.125, 97.125, 97.125, 97.0, 97.0, 97.0, 97.0, 97.0, 97.0, 97.0, 96.875, 96.875, 96.875, 96.875, 96.875, 96.875, 96.875, 96.875, 96.875, 96.875, 96.875, 96.875, 96.875, 96.875, 96.875, 96.875, 96.875, 96.875, 96.875, 96.875, 96.875, 96.875, 96.875, 96.875, 96.875, 96.875, 96.875, 96.875, 96.875, 96.875, 96.875, 96.875, 96.875, 96.875, 96.875, 96.875, 96.875, 96.875, 96.875, 96.875, 96.875, 96.875, 96.875, 96.875, 96.875, 96.875, 96.875, 96.875, 96.875, 96.875, 96.875, 96.875, 96.875, 96.875, 96.875, 96.875, 96.875, 96.875, 96.875, 96.875, 96.875, 96.875, 96.875, 96.875, 96.875, 96.875, 96.875, 96.875, 96.875, 96.875, 96.875, 96.875, 96.875, 96.875, 96.875, 96.875, 96.875, 96.875, 96.875, 96.875, 96.875, 96.875, 96.875, 96.875, 96.875, 96.875, 96.875, 96.875, 96.875, 96.875, 96.875, 96.875, 96.875, 96.875, 96.875, 96.875, 96.875, 96.875, 96.875, 96.875, 96.875, 96.875]

Execution 2:
Parametros: P=1000, Pe=0.3, Pm=0.15, pe=0.7, Parada=100
Start Time (hh:mm:ss.ms) 2023-07-17 08:17:26.438487
gen	min    	max   	avg    	std     
0  	101.125	104.75	103.086	0.639866
2  	100.875	104.625	102.549	0.660486
3  	100.375	104.75 	102.385	0.696004
6  	99.875 	104.625	102.163	0.814597
8  	99.5   	104.625	102.026	0.844979
15 	99.125 	104.375	101.494	1.0067  
19 	99     	105.125	101.248	1.12446 
22 	98.625 	104.625	100.987	1.16063 
29 	98.125 	104.875	100.337	1.34447 
33 	98     	104.5  	99.8646	1.47354 
35 	97.75  	104.75 	99.6884	1.56503 
37 	97.625 	105    	99.4211	1.6206  
39 	97.5   	104.75 	99.1538	1.72055 
40 	97.25  	104.75 	99.0441	1.76802 
43 	97.125 	104.625	98.7067	1.92374 
44 	97     	104.75 	98.5805	1.93014 
145	97     	104.375	97.9586	2.16732 
End Time (hh:mm:ss.ms) 2023-07-17 08:17:42.347489
Total Time (hh:mm:ss.ms) 0:00:15.909002
Individuo: [[10, 12, 14, 2, 15, 6, 19, 5, 3, 4, 0, 8, 9, 13, 7, 16, 18, 17, 20, 1, 11], [0, 1, 1, 1, 1, 1, 1, 0, 1, 1, 0, 0, 0, 0, 1, 1, 1, 1, 0, 0, 0]]
Fitness:  97.0
Gens:  [0, 1, 2, 3, 4, 5, 6, 7, 8, 9, 10, 11, 12, 13, 14, 15, 16, 17, 18, 19, 20, 21, 22, 23, 24, 25, 26, 27, 28, 29, 30, 31, 32, 33, 34, 35, 36, 37, 38, 39, 40, 41, 42, 43, 44, 45, 46, 47, 48, 49, 50, 51, 52, 53, 54, 55, 56, 57, 58, 59, 60, 61, 62, 63, 64, 65, 66, 67, 68, 69, 70, 71, 72, 73, 74, 75, 76, 77, 78, 79, 80, 81, 82, 83, 84, 85, 86, 87, 88, 89, 90, 91, 92, 93, 94, 95, 96, 97, 98, 99, 100, 101, 102, 103, 104, 105, 106, 107, 108, 109, 110, 111, 112, 113, 114, 115, 116, 117, 118, 119, 120, 121, 122, 123, 124, 125, 126, 127, 128, 129, 130, 131, 132, 133, 134, 135, 136, 137, 138, 139, 140, 141, 142, 143, 144, 145]
Inds:  [101.125, 101.125, 100.875, 100.375, 100.375, 100.375, 99.875, 99.875, 99.5, 99.5, 99.5, 99.5, 99.5, 99.5, 99.5, 99.125, 99.125, 99.125, 99.125, 99.0, 99.0, 99.0, 98.625, 98.625, 98.625, 98.625, 98.625, 98.625, 98.625, 98.125, 98.125, 98.125, 98.125, 98.0, 98.0, 97.75, 97.75, 97.625, 97.625, 97.5, 97.25, 97.25, 97.25, 97.125, 97.0, 97.0, 97.0, 97.0, 97.0, 97.0, 97.0, 97.0, 97.0, 97.0, 97.0, 97.0, 97.0, 97.0, 97.0, 97.0, 97.0, 97.0, 97.0, 97.0, 97.0, 97.0, 97.0, 97.0, 97.0, 97.0, 97.0, 97.0, 97.0, 97.0, 97.0, 97.0, 97.0, 97.0, 97.0, 97.0, 97.0, 97.0, 97.0, 97.0, 97.0, 97.0, 97.0, 97.0, 97.0, 97.0, 97.0, 97.0, 97.0, 97.0, 97.0, 97.0, 97.0, 97.0, 97.0, 97.0, 97.0, 97.0, 97.0, 97.0, 97.0, 97.0, 97.0, 97.0, 97.0, 97.0, 97.0, 97.0, 97.0, 97.0, 97.0, 97.0, 97.0, 97.0, 97.0, 97.0, 97.0, 97.0, 97.0, 97.0, 97.0, 97.0, 97.0, 97.0, 97.0, 97.0, 97.0, 97.0, 97.0, 97.0, 97.0, 97.0, 97.0, 97.0, 97.0, 97.0, 97.0, 97.0, 97.0, 97.0, 97.0, 97.0]

Execution 3:
Parametros: P=1000, Pe=0.3, Pm=0.15, pe=0.7, Parada=100
Start Time (hh:mm:ss.ms) 2023-07-17 08:17:43.172486
gen	min    	max	avg    	std     
0  	101.125	105	103.129	0.627585
2  	100.75 	104.5  	102.552	0.672483
3  	100.625	104.625	102.42 	0.715303
4  	100.375	104.5  	102.327	0.779744
6  	100.125	104.5  	102.127	0.807888
9  	99.875 	104.25 	101.892	0.873284
13 	99.75  	104.5  	101.591	0.97453 
15 	99.375 	105    	101.409	0.974088
17 	99.25  	104.625	101.329	1.01739 
18 	99.125 	104.875	101.225	1.03041 
22 	99     	104.625	101.017	1.14733 
24 	98.875 	104.625	100.892	1.15731 
25 	98.75  	104.875	100.85 	1.20204 
31 	98.375 	104.625	100.546	1.32628 
36 	98.25  	105.125	100.268	1.37792 
38 	98.125 	104.5  	100.139	1.42489 
39 	97.875 	104.5  	100.073	1.49058 
43 	97.75  	104.5  	99.6587	1.57926 
46 	97.625 	104.5  	99.2494	1.70953 
47 	97.375 	104.75 	99.1505	1.75609 
51 	97.125 	104.625	98.7281	1.84609 
55 	97     	104.75 	98.4333	1.96644 
156	97     	104.625	98.0046	2.18261 
End Time (hh:mm:ss.ms) 2023-07-17 08:18:00.282489
Total Time (hh:mm:ss.ms) 0:00:17.110003
Individuo: [[11, 5, 6, 0, 4, 20, 17, 18, 16, 13, 7, 15, 8, 9, 1, 3, 19, 12, 2, 14, 10], [1, 0, 0, 1, 0, 1, 0, 0, 0, 0, 0, 1, 0, 1, 0, 0, 0, 1, 0, 0, 1]]
Fitness:  97.0
Gens:  [0, 1, 2, 3, 4, 5, 6, 7, 8, 9, 10, 11, 12, 13, 14, 15, 16, 17, 18, 19, 20, 21, 22, 23, 24, 25, 26, 27, 28, 29, 30, 31, 32, 33, 34, 35, 36, 37, 38, 39, 40, 41, 42, 43, 44, 45, 46, 47, 48, 49, 50, 51, 52, 53, 54, 55, 56, 57, 58, 59, 60, 61, 62, 63, 64, 65, 66, 67, 68, 69, 70, 71, 72, 73, 74, 75, 76, 77, 78, 79, 80, 81, 82, 83, 84, 85, 86, 87, 88, 89, 90, 91, 92, 93, 94, 95, 96, 97, 98, 99, 100, 101, 102, 103, 104, 105, 106, 107, 108, 109, 110, 111, 112, 113, 114, 115, 116, 117, 118, 119, 120, 121, 122, 123, 124, 125, 126, 127, 128, 129, 130, 131, 132, 133, 134, 135, 136, 137, 138, 139, 140, 141, 142, 143, 144, 145, 146, 147, 148, 149, 150, 151, 152, 153, 154, 155, 156]
Inds:  [101.125, 101.125, 100.75, 100.625, 100.375, 100.375, 100.125, 100.125, 100.125, 99.875, 99.875, 99.875, 99.875, 99.75, 99.75, 99.375, 99.375, 99.25, 99.125, 99.125, 99.125, 99.125, 99.0, 99.0, 98.875, 98.75, 98.75, 98.75, 98.75, 98.75, 98.75, 98.375, 98.375, 98.375, 98.375, 98.375, 98.25, 98.25, 98.125, 97.875, 97.875, 97.875, 97.875, 97.75, 97.75, 97.75, 97.625, 97.375, 97.375, 97.375, 97.375, 97.125, 97.125, 97.125, 97.125, 97.0, 97.0, 97.0, 97.0, 97.0, 97.0, 97.0, 97.0, 97.0, 97.0, 97.0, 97.0, 97.0, 97.0, 97.0, 97.0, 97.0, 97.0, 97.0, 97.0, 97.0, 97.0, 97.0, 97.0, 97.0, 97.0, 97.0, 97.0, 97.0, 97.0, 97.0, 97.0, 97.0, 97.0, 97.0, 97.0, 97.0, 97.0, 97.0, 97.0, 97.0, 97.0, 97.0, 97.0, 97.0, 97.0, 97.0, 97.0, 97.0, 97.0, 97.0, 97.0, 97.0, 97.0, 97.0, 97.0, 97.0, 97.0, 97.0, 97.0, 97.0, 97.0, 97.0, 97.0, 97.0, 97.0, 97.0, 97.0, 97.0, 97.0, 97.0, 97.0, 97.0, 97.0, 97.0, 97.0, 97.0, 97.0, 97.0, 97.0, 97.0, 97.0, 97.0, 97.0, 97.0, 97.0, 97.0, 97.0, 97.0, 97.0, 97.0, 97.0, 97.0, 97.0, 97.0, 97.0, 97.0, 97.0, 97.0, 97.0, 97.0, 97.0]

Execution 4:
Parametros: P=1000, Pe=0.3, Pm=0.15, pe=0.7, Parada=100
Start Time (hh:mm:ss.ms) 2023-07-17 08:18:01.104487
gen	min    	max    	avg   	std     
0  	100.625	105.125	103.14	0.631937
2  	100.375	104.75 	102.54 	0.691872
4  	100.25 	104.625	102.284	0.774046
5  	100    	104.625	102.175	0.819725
7  	99.875 	104.875	101.944	0.877651
10 	99.75  	104.75 	101.694	0.925549
13 	99.625 	104.5  	101.521	1.01789 
14 	99     	104.5  	101.465	1.03133 
17 	98.875 	104.375	101.283	1.04156 
19 	98.75  	104.875	101.164	1.13105 
23 	98.375 	104.625	100.91 	1.19322 
30 	98     	104.875	100.243	1.38849 
33 	97.75  	104.875	99.8713	1.51048 
36 	97.625 	104.625	99.4419	1.63172 
38 	97.375 	104.625	99.15  	1.72679 
40 	97.125 	104.5  	98.8391	1.87179 
44 	97     	104.5  	98.3826	2.02068 
145	97     	104.875	98.0074	2.18713 
End Time (hh:mm:ss.ms) 2023-07-17 08:18:17.090486
Total Time (hh:mm:ss.ms) 0:00:15.985999
Individuo: [[10, 14, 2, 7, 13, 8, 9, 16, 18, 17, 20, 1, 3, 4, 15, 6, 0, 5, 19, 12, 11], [0, 1, 1, 1, 1, 1, 0, 1, 1, 1, 0, 0, 0, 1, 0, 0, 1, 1, 0, 1, 0]]
Fitness:  97.0
Gens:  [0, 1, 2, 3, 4, 5, 6, 7, 8, 9, 10, 11, 12, 13, 14, 15, 16, 17, 18, 19, 20, 21, 22, 23, 24, 25, 26, 27, 28, 29, 30, 31, 32, 33, 34, 35, 36, 37, 38, 39, 40, 41, 42, 43, 44, 45, 46, 47, 48, 49, 50, 51, 52, 53, 54, 55, 56, 57, 58, 59, 60, 61, 62, 63, 64, 65, 66, 67, 68, 69, 70, 71, 72, 73, 74, 75, 76, 77, 78, 79, 80, 81, 82, 83, 84, 85, 86, 87, 88, 89, 90, 91, 92, 93, 94, 95, 96, 97, 98, 99, 100, 101, 102, 103, 104, 105, 106, 107, 108, 109, 110, 111, 112, 113, 114, 115, 116, 117, 118, 119, 120, 121, 122, 123, 124, 125, 126, 127, 128, 129, 130, 131, 132, 133, 134, 135, 136, 137, 138, 139, 140, 141, 142, 143, 144, 145]
Inds:  [100.625, 100.625, 100.375, 100.375, 100.25, 100.0, 100.0, 99.875, 99.875, 99.875, 99.75, 99.75, 99.75, 99.625, 99.0, 99.0, 99.0, 98.875, 98.875, 98.75, 98.75, 98.75, 98.75, 98.375, 98.375, 98.375, 98.375, 98.375, 98.375, 98.375, 98.0, 98.0, 98.0, 97.75, 97.75, 97.75, 97.625, 97.625, 97.375, 97.375, 97.125, 97.125, 97.125, 97.125, 97.0, 97.0, 97.0, 97.0, 97.0, 97.0, 97.0, 97.0, 97.0, 97.0, 97.0, 97.0, 97.0, 97.0, 97.0, 97.0, 97.0, 97.0, 97.0, 97.0, 97.0, 97.0, 97.0, 97.0, 97.0, 97.0, 97.0, 97.0, 97.0, 97.0, 97.0, 97.0, 97.0, 97.0, 97.0, 97.0, 97.0, 97.0, 97.0, 97.0, 97.0, 97.0, 97.0, 97.0, 97.0, 97.0, 97.0, 97.0, 97.0, 97.0, 97.0, 97.0, 97.0, 97.0, 97.0, 97.0, 97.0, 97.0, 97.0, 97.0, 97.0, 97.0, 97.0, 97.0, 97.0, 97.0, 97.0, 97.0, 97.0, 97.0, 97.0, 97.0, 97.0, 97.0, 97.0, 97.0, 97.0, 97.0, 97.0, 97.0, 97.0, 97.0, 97.0, 97.0, 97.0, 97.0, 97.0, 97.0, 97.0, 97.0, 97.0, 97.0, 97.0, 97.0, 97.0, 97.0, 97.0, 97.0, 97.0, 97.0, 97.0, 97.0]

Execution 5:
Parametros: P=1000, Pe=0.3, Pm=0.15, pe=0.7, Parada=100
Start Time (hh:mm:ss.ms) 2023-07-17 08:18:17.922485
gen	min    	max	avg    	std     
0  	100.625	105	103.112	0.644199
2  	100.25 	104.625	102.529	0.684217
4  	99.75  	104.5  	102.281	0.777832
10 	99.625 	104.625	101.743	0.93884 
14 	99.25  	104.5  	101.483	1.04423 
15 	99.125 	104.375	101.398	1.0296  
18 	99     	104.625	101.19 	1.12558 
21 	98.625 	104.625	100.886	1.21744 
23 	98.375 	104.375	100.606	1.23694 
27 	98.25  	104.375	100.09 	1.3489  
28 	98     	104.75 	99.9958	1.40148 
29 	97.875 	104.625	99.9034	1.44576 
34 	97.625 	104.5  	99.4313	1.58234 
42 	97.25  	104.375	99.0353	1.78203 
62 	97.125 	104.875	98.5511	1.97683 
163	97.125 	104.5  	98.027 	2.14565 
End Time (hh:mm:ss.ms) 2023-07-17 08:18:35.489486
Total Time (hh:mm:ss.ms) 0:00:17.567001
Individuo: [[11, 1, 3, 5, 15, 7, 13, 9, 20, 4, 0, 8, 16, 18, 17, 6, 2, 19, 12, 14, 10], [1, 1, 0, 0, 0, 1, 1, 1, 0, 1, 0, 0, 1, 1, 1, 1, 0, 0, 1, 1, 1]]
Fitness:  97.125
Gens:  [0, 1, 2, 3, 4, 5, 6, 7, 8, 9, 10, 11, 12, 13, 14, 15, 16, 17, 18, 19, 20, 21, 22, 23, 24, 25, 26, 27, 28, 29, 30, 31, 32, 33, 34, 35, 36, 37, 38, 39, 40, 41, 42, 43, 44, 45, 46, 47, 48, 49, 50, 51, 52, 53, 54, 55, 56, 57, 58, 59, 60, 61, 62, 63, 64, 65, 66, 67, 68, 69, 70, 71, 72, 73, 74, 75, 76, 77, 78, 79, 80, 81, 82, 83, 84, 85, 86, 87, 88, 89, 90, 91, 92, 93, 94, 95, 96, 97, 98, 99, 100, 101, 102, 103, 104, 105, 106, 107, 108, 109, 110, 111, 112, 113, 114, 115, 116, 117, 118, 119, 120, 121, 122, 123, 124, 125, 126, 127, 128, 129, 130, 131, 132, 133, 134, 135, 136, 137, 138, 139, 140, 141, 142, 143, 144, 145, 146, 147, 148, 149, 150, 151, 152, 153, 154, 155, 156, 157, 158, 159, 160, 161, 162, 163]
Inds:  [100.625, 100.625, 100.25, 100.25, 99.75, 99.75, 99.75, 99.75, 99.75, 99.75, 99.625, 99.625, 99.625, 99.625, 99.25, 99.125, 99.125, 99.125, 99.0, 99.0, 99.0, 98.625, 98.625, 98.375, 98.375, 98.375, 98.375, 98.25, 98.0, 97.875, 97.875, 97.875, 97.875, 97.875, 97.625, 97.625, 97.625, 97.625, 97.625, 97.625, 97.625, 97.625, 97.25, 97.25, 97.25, 97.25, 97.25, 97.25, 97.25, 97.25, 97.25, 97.25, 97.25, 97.25, 97.25, 97.25, 97.25, 97.25, 97.25, 97.25, 97.25, 97.25, 97.125, 97.125, 97.125, 97.125, 97.125, 97.125, 97.125, 97.125, 97.125, 97.125, 97.125, 97.125, 97.125, 97.125, 97.125, 97.125, 97.125, 97.125, 97.125, 97.125, 97.125, 97.125, 97.125, 97.125, 97.125, 97.125, 97.125, 97.125, 97.125, 97.125, 97.125, 97.125, 97.125, 97.125, 97.125, 97.125, 97.125, 97.125, 97.125, 97.125, 97.125, 97.125, 97.125, 97.125, 97.125, 97.125, 97.125, 97.125, 97.125, 97.125, 97.125, 97.125, 97.125, 97.125, 97.125, 97.125, 97.125, 97.125, 97.125, 97.125, 97.125, 97.125, 97.125, 97.125, 97.125, 97.125, 97.125, 97.125, 97.125, 97.125, 97.125, 97.125, 97.125, 97.125, 97.125, 97.125, 97.125, 97.125, 97.125, 97.125, 97.125, 97.125, 97.125, 97.125, 97.125, 97.125, 97.125, 97.125, 97.125, 97.125, 97.125, 97.125, 97.125, 97.125, 97.125, 97.125, 97.125, 97.125, 97.125, 97.125, 97.125, 97.125]

Execution 6:
Parametros: P=1000, Pe=0.3, Pm=0.15, pe=0.7, Parada=100
Start Time (hh:mm:ss.ms) 2023-07-17 08:18:36.278485
gen	min    	max    	avg  	std     
0  	100.625	104.875	103.1	0.651803
4  	100.5  	104.375	102.31 	0.748973
5  	100.375	104.75 	102.208	0.805797
6  	100    	104.875	102.105	0.822645
7  	99.875 	104.75 	102.009	0.858427
11 	99.5   	104.625	101.704	0.924369
17 	99.375 	104.5  	101.26 	1.06404 
19 	99.25  	104.5  	101.153	1.11172 
22 	99     	105.125	100.965	1.16839 
23 	98.875 	104.5  	100.881	1.17316 
24 	98.5   	105    	100.879	1.21851 
29 	98.375 	105    	100.522	1.31553 
32 	98.25  	104.75 	100.225	1.37395 
33 	98     	104.5  	100.142	1.43453 
36 	97.875 	104.625	99.8137	1.547   
38 	97.625 	105    	99.6019	1.58489 
44 	97.5   	104.5  	99.1548	1.76926 
46 	97.25  	105    	99.0256	1.85173 
55 	97.125 	104.5  	98.5875	1.94476 
59 	97     	104.625	98.4153	1.97659 
70 	96.875 	104.5  	98.0381	2.17027 
171	96.875 	104.5  	97.8263	2.2615  
End Time (hh:mm:ss.ms) 2023-07-17 08:18:53.995485
Total Time (hh:mm:ss.ms) 0:00:17.717000
Individuo: [[10, 12, 19, 14, 2, 6, 0, 9, 7, 15, 8, 13, 16, 18, 17, 20, 4, 5, 3, 1, 11], [0, 0, 1, 1, 1, 0, 1, 0, 0, 1, 0, 0, 1, 1, 1, 0, 1, 1, 1, 0, 0]]
Fitness:  96.875
Gens:  [0, 1, 2, 3, 4, 5, 6, 7, 8, 9, 10, 11, 12, 13, 14, 15, 16, 17, 18, 19, 20, 21, 22, 23, 24, 25, 26, 27, 28, 29, 30, 31, 32, 33, 34, 35, 36, 37, 38, 39, 40, 41, 42, 43, 44, 45, 46, 47, 48, 49, 50, 51, 52, 53, 54, 55, 56, 57, 58, 59, 60, 61, 62, 63, 64, 65, 66, 67, 68, 69, 70, 71, 72, 73, 74, 75, 76, 77, 78, 79, 80, 81, 82, 83, 84, 85, 86, 87, 88, 89, 90, 91, 92, 93, 94, 95, 96, 97, 98, 99, 100, 101, 102, 103, 104, 105, 106, 107, 108, 109, 110, 111, 112, 113, 114, 115, 116, 117, 118, 119, 120, 121, 122, 123, 124, 125, 126, 127, 128, 129, 130, 131, 132, 133, 134, 135, 136, 137, 138, 139, 140, 141, 142, 143, 144, 145, 146, 147, 148, 149, 150, 151, 152, 153, 154, 155, 156, 157, 158, 159, 160, 161, 162, 163, 164, 165, 166, 167, 168, 169, 170, 171]
Inds:  [100.625, 100.625, 100.625, 100.625, 100.5, 100.375, 100.0, 99.875, 99.875, 99.875, 99.875, 99.5, 99.5, 99.5, 99.5, 99.5, 99.5, 99.375, 99.375, 99.25, 99.25, 99.25, 99.0, 98.875, 98.5, 98.5, 98.5, 98.5, 98.5, 98.375, 98.375, 98.375, 98.25, 98.0, 98.0, 98.0, 97.875, 97.875, 97.625, 97.625, 97.625, 97.625, 97.625, 97.625, 97.5, 97.5, 97.25, 97.25, 97.25, 97.25, 97.25, 97.25, 97.25, 97.25, 97.25, 97.125, 97.125, 97.125, 97.125, 97.0, 97.0, 97.0, 97.0, 97.0, 97.0, 97.0, 97.0, 97.0, 97.0, 97.0, 96.875, 96.875, 96.875, 96.875, 96.875, 96.875, 96.875, 96.875, 96.875, 96.875, 96.875, 96.875, 96.875, 96.875, 96.875, 96.875, 96.875, 96.875, 96.875, 96.875, 96.875, 96.875, 96.875, 96.875, 96.875, 96.875, 96.875, 96.875, 96.875, 96.875, 96.875, 96.875, 96.875, 96.875, 96.875, 96.875, 96.875, 96.875, 96.875, 96.875, 96.875, 96.875, 96.875, 96.875, 96.875, 96.875, 96.875, 96.875, 96.875, 96.875, 96.875, 96.875, 96.875, 96.875, 96.875, 96.875, 96.875, 96.875, 96.875, 96.875, 96.875, 96.875, 96.875, 96.875, 96.875, 96.875, 96.875, 96.875, 96.875, 96.875, 96.875, 96.875, 96.875, 96.875, 96.875, 96.875, 96.875, 96.875, 96.875, 96.875, 96.875, 96.875, 96.875, 96.875, 96.875, 96.875, 96.875, 96.875, 96.875, 96.875, 96.875, 96.875, 96.875, 96.875, 96.875, 96.875, 96.875, 96.875, 96.875, 96.875, 96.875, 96.875]

Execution 7:
Parametros: P=1000, Pe=0.3, Pm=0.15, pe=0.7, Parada=100
Start Time (hh:mm:ss.ms) 2023-07-17 08:18:54.778277
gen	min    	max   	avg    	std    
0  	100.875	104.75	103.115	0.66367
2  	100.625	104.625	102.533	0.691457
3  	100.125	104.75 	102.374	0.740787
9  	99.875 	104.5  	101.883	0.887796
10 	99.625 	104.75 	101.842	0.91996 
17 	99.5   	104.5  	101.443	1.02602 
20 	99.25  	104.375	101.298	1.05591 
23 	99.125 	104.625	101.189	1.14377 
28 	98.875 	104.625	100.823	1.181   
32 	98.5   	104.375	100.561	1.2298  
36 	97.75  	104.5  	100.28 	1.35947 
42 	97.375 	104.625	99.8727	1.52348 
51 	97.25  	104.75 	98.9814	1.79184 
52 	97.125 	104.25 	98.906 	1.81329 
55 	97     	104.625	98.6669	1.90714 
56 	96.875 	104.375	98.588 	1.97309 
157	96.875 	104.625	97.8326	2.2618  
End Time (hh:mm:ss.ms) 2023-07-17 08:19:12.331851
Total Time (hh:mm:ss.ms) 0:00:17.553574
Individuo: [[11, 3, 19, 7, 9, 20, 17, 18, 16, 13, 8, 0, 1, 4, 5, 12, 6, 15, 2, 14, 10], [1, 0, 0, 1, 1, 0, 0, 0, 0, 1, 1, 1, 1, 1, 1, 0, 0, 0, 0, 0, 1]]
Fitness:  96.875
Gens:  [0, 1, 2, 3, 4, 5, 6, 7, 8, 9, 10, 11, 12, 13, 14, 15, 16, 17, 18, 19, 20, 21, 22, 23, 24, 25, 26, 27, 28, 29, 30, 31, 32, 33, 34, 35, 36, 37, 38, 39, 40, 41, 42, 43, 44, 45, 46, 47, 48, 49, 50, 51, 52, 53, 54, 55, 56, 57, 58, 59, 60, 61, 62, 63, 64, 65, 66, 67, 68, 69, 70, 71, 72, 73, 74, 75, 76, 77, 78, 79, 80, 81, 82, 83, 84, 85, 86, 87, 88, 89, 90, 91, 92, 93, 94, 95, 96, 97, 98, 99, 100, 101, 102, 103, 104, 105, 106, 107, 108, 109, 110, 111, 112, 113, 114, 115, 116, 117, 118, 119, 120, 121, 122, 123, 124, 125, 126, 127, 128, 129, 130, 131, 132, 133, 134, 135, 136, 137, 138, 139, 140, 141, 142, 143, 144, 145, 146, 147, 148, 149, 150, 151, 152, 153, 154, 155, 156, 157]
Inds:  [100.875, 100.875, 100.625, 100.125, 100.125, 100.125, 100.125, 100.125, 100.125, 99.875, 99.625, 99.625, 99.625, 99.625, 99.625, 99.625, 99.625, 99.5, 99.5, 99.5, 99.25, 99.25, 99.25, 99.125, 99.125, 99.125, 99.125, 99.125, 98.875, 98.875, 98.875, 98.875, 98.5, 98.5, 98.5, 98.5, 97.75, 97.75, 97.75, 97.75, 97.75, 97.75, 97.375, 97.375, 97.375, 97.375, 97.375, 97.375, 97.375, 97.375, 97.375, 97.25, 97.125, 97.125, 97.125, 97.0, 96.875, 96.875, 96.875, 96.875, 96.875, 96.875, 96.875, 96.875, 96.875, 96.875, 96.875, 96.875, 96.875, 96.875, 96.875, 96.875, 96.875, 96.875, 96.875, 96.875, 96.875, 96.875, 96.875, 96.875, 96.875, 96.875, 96.875, 96.875, 96.875, 96.875, 96.875, 96.875, 96.875, 96.875, 96.875, 96.875, 96.875, 96.875, 96.875, 96.875, 96.875, 96.875, 96.875, 96.875, 96.875, 96.875, 96.875, 96.875, 96.875, 96.875, 96.875, 96.875, 96.875, 96.875, 96.875, 96.875, 96.875, 96.875, 96.875, 96.875, 96.875, 96.875, 96.875, 96.875, 96.875, 96.875, 96.875, 96.875, 96.875, 96.875, 96.875, 96.875, 96.875, 96.875, 96.875, 96.875, 96.875, 96.875, 96.875, 96.875, 96.875, 96.875, 96.875, 96.875, 96.875, 96.875, 96.875, 96.875, 96.875, 96.875, 96.875, 96.875, 96.875, 96.875, 96.875, 96.875, 96.875, 96.875, 96.875, 96.875, 96.875, 96.875]

Execution 8:
Parametros: P=1000, Pe=0.3, Pm=0.15, pe=0.7, Parada=100
Start Time (hh:mm:ss.ms) 2023-07-17 08:19:13.184865
gen	min    	max   	avg   	std     
0  	100.875	104.75	103.14	0.647255
1  	100.75 	105.125	102.737	0.638382
3  	100.5  	104.5  	102.429	0.726887
4  	99.75  	104.625	102.319	0.784966
13 	99.5   	104.75 	101.704	0.944528
22 	99.375 	104.875	101.272	1.09464 
24 	99     	104.75 	101.191	1.1252  
25 	98.875 	104.875	101.132	1.1142  
31 	98.75  	104.625	100.831	1.22165 
33 	98.375 	104.875	100.697	1.27265 
39 	98.25  	104.375	100.177	1.42581 
42 	98.125 	104.5  	99.8231	1.50736 
43 	98     	104.875	99.6774	1.55171 
46 	97.875 	104.5  	99.372 	1.59319 
47 	97.75  	104.375	99.2951	1.67329 
50 	97.625 	104.375	99.0719	1.71891 
52 	97.5   	104.5  	98.945 	1.78435 
55 	97.375 	104.875	98.8011	1.86031 
59 	97.25  	104.5  	98.5901	1.92763 
74 	97.125 	104.375	98.1555	2.0972  
91 	97     	104.75 	98.1965	2.11622 
192	97     	105    	97.9411	2.22039 
End Time (hh:mm:ss.ms) 2023-07-17 08:19:34.353852
Total Time (hh:mm:ss.ms) 0:00:21.168987
Individuo: [[10, 12, 0, 15, 7, 13, 16, 18, 17, 8, 9, 20, 5, 4, 1, 3, 19, 6, 2, 14, 11], [0, 0, 0, 0, 1, 1, 1, 1, 1, 0, 1, 0, 0, 0, 0, 0, 0, 0, 0, 0, 0]]
Fitness:  97.0
Gens:  [0, 1, 2, 3, 4, 5, 6, 7, 8, 9, 10, 11, 12, 13, 14, 15, 16, 17, 18, 19, 20, 21, 22, 23, 24, 25, 26, 27, 28, 29, 30, 31, 32, 33, 34, 35, 36, 37, 38, 39, 40, 41, 42, 43, 44, 45, 46, 47, 48, 49, 50, 51, 52, 53, 54, 55, 56, 57, 58, 59, 60, 61, 62, 63, 64, 65, 66, 67, 68, 69, 70, 71, 72, 73, 74, 75, 76, 77, 78, 79, 80, 81, 82, 83, 84, 85, 86, 87, 88, 89, 90, 91, 92, 93, 94, 95, 96, 97, 98, 99, 100, 101, 102, 103, 104, 105, 106, 107, 108, 109, 110, 111, 112, 113, 114, 115, 116, 117, 118, 119, 120, 121, 122, 123, 124, 125, 126, 127, 128, 129, 130, 131, 132, 133, 134, 135, 136, 137, 138, 139, 140, 141, 142, 143, 144, 145, 146, 147, 148, 149, 150, 151, 152, 153, 154, 155, 156, 157, 158, 159, 160, 161, 162, 163, 164, 165, 166, 167, 168, 169, 170, 171, 172, 173, 174, 175, 176, 177, 178, 179, 180, 181, 182, 183, 184, 185, 186, 187, 188, 189, 190, 191, 192]
Inds:  [100.875, 100.75, 100.75, 100.5, 99.75, 99.75, 99.75, 99.75, 99.75, 99.75, 99.75, 99.75, 99.75, 99.5, 99.5, 99.5, 99.5, 99.5, 99.5, 99.5, 99.5, 99.5, 99.375, 99.375, 99.0, 98.875, 98.875, 98.875, 98.875, 98.875, 98.875, 98.75, 98.75, 98.375, 98.375, 98.375, 98.375, 98.375, 98.375, 98.25, 98.25, 98.25, 98.125, 98.0, 98.0, 98.0, 97.875, 97.75, 97.75, 97.75, 97.625, 97.625, 97.5, 97.5, 97.5, 97.375, 97.375, 97.375, 97.375, 97.25, 97.25, 97.25, 97.25, 97.25, 97.25, 97.25, 97.25, 97.25, 97.25, 97.25, 97.25, 97.25, 97.25, 97.25, 97.125, 97.125, 97.125, 97.125, 97.125, 97.125, 97.125, 97.125, 97.125, 97.125, 97.125, 97.125, 97.125, 97.125, 97.125, 97.125, 97.125, 97.0, 97.0, 97.0, 97.0, 97.0, 97.0, 97.0, 97.0, 97.0, 97.0, 97.0, 97.0, 97.0, 97.0, 97.0, 97.0, 97.0, 97.0, 97.0, 97.0, 97.0, 97.0, 97.0, 97.0, 97.0, 97.0, 97.0, 97.0, 97.0, 97.0, 97.0, 97.0, 97.0, 97.0, 97.0, 97.0, 97.0, 97.0, 97.0, 97.0, 97.0, 97.0, 97.0, 97.0, 97.0, 97.0, 97.0, 97.0, 97.0, 97.0, 97.0, 97.0, 97.0, 97.0, 97.0, 97.0, 97.0, 97.0, 97.0, 97.0, 97.0, 97.0, 97.0, 97.0, 97.0, 97.0, 97.0, 97.0, 97.0, 97.0, 97.0, 97.0, 97.0, 97.0, 97.0, 97.0, 97.0, 97.0, 97.0, 97.0, 97.0, 97.0, 97.0, 97.0, 97.0, 97.0, 97.0, 97.0, 97.0, 97.0, 97.0, 97.0, 97.0, 97.0, 97.0, 97.0, 97.0, 97.0, 97.0, 97.0, 97.0, 97.0]

Execution 9:
Parametros: P=1000, Pe=0.3, Pm=0.15, pe=0.7, Parada=100
Start Time (hh:mm:ss.ms) 2023-07-17 08:19:35.213850
gen	min    	max	avg    	std     
0  	100.625	105	103.109	0.671296
3  	100.375	104.625	102.363	0.743131
4  	99.875 	104.5  	102.239	0.804218
6  	99.75  	105.125	102.062	0.862173
11 	99.625 	104.75 	101.605	0.932473
13 	99.375 	104.5  	101.438	0.971243
17 	99     	104.5  	101.081	1.09791 
20 	98.875 	104.75 	100.789	1.19073 
21 	98.75  	105    	100.643	1.21707 
22 	98.625 	104.5  	100.541	1.24772 
23 	98.5   	104.625	100.424	1.28688 
24 	98.25  	104.625	100.323	1.33171 
27 	98     	104.5  	100.039	1.44339 
29 	97.75  	104.75 	99.8374	1.47597 
35 	97.375 	104.375	99.3347	1.66402 
43 	97.125 	104.5  	98.692 	1.86858 
48 	97     	104.5  	98.4133	2.00195 
149	97     	104.75 	97.9742	2.1705  
End Time (hh:mm:ss.ms) 2023-07-17 08:19:51.637971
Total Time (hh:mm:ss.ms) 0:00:16.424121
Individuo: [[10, 12, 14, 2, 7, 13, 9, 8, 16, 18, 17, 20, 1, 19, 6, 15, 0, 4, 5, 3, 11], [0, 0, 1, 1, 1, 1, 1, 0, 1, 1, 1, 0, 0, 0, 0, 1, 1, 1, 1, 1, 0]]
Fitness:  97.0
Gens:  [0, 1, 2, 3, 4, 5, 6, 7, 8, 9, 10, 11, 12, 13, 14, 15, 16, 17, 18, 19, 20, 21, 22, 23, 24, 25, 26, 27, 28, 29, 30, 31, 32, 33, 34, 35, 36, 37, 38, 39, 40, 41, 42, 43, 44, 45, 46, 47, 48, 49, 50, 51, 52, 53, 54, 55, 56, 57, 58, 59, 60, 61, 62, 63, 64, 65, 66, 67, 68, 69, 70, 71, 72, 73, 74, 75, 76, 77, 78, 79, 80, 81, 82, 83, 84, 85, 86, 87, 88, 89, 90, 91, 92, 93, 94, 95, 96, 97, 98, 99, 100, 101, 102, 103, 104, 105, 106, 107, 108, 109, 110, 111, 112, 113, 114, 115, 116, 117, 118, 119, 120, 121, 122, 123, 124, 125, 126, 127, 128, 129, 130, 131, 132, 133, 134, 135, 136, 137, 138, 139, 140, 141, 142, 143, 144, 145, 146, 147, 148, 149]
Inds:  [100.625, 100.625, 100.625, 100.375, 99.875, 99.875, 99.75, 99.75, 99.75, 99.75, 99.75, 99.625, 99.625, 99.375, 99.375, 99.375, 99.375, 99.0, 99.0, 99.0, 98.875, 98.75, 98.625, 98.5, 98.25, 98.25, 98.25, 98.0, 98.0, 97.75, 97.75, 97.75, 97.75, 97.75, 97.75, 97.375, 97.375, 97.375, 97.375, 97.375, 97.375, 97.375, 97.375, 97.125, 97.125, 97.125, 97.125, 97.125, 97.0, 97.0, 97.0, 97.0, 97.0, 97.0, 97.0, 97.0, 97.0, 97.0, 97.0, 97.0, 97.0, 97.0, 97.0, 97.0, 97.0, 97.0, 97.0, 97.0, 97.0, 97.0, 97.0, 97.0, 97.0, 97.0, 97.0, 97.0, 97.0, 97.0, 97.0, 97.0, 97.0, 97.0, 97.0, 97.0, 97.0, 97.0, 97.0, 97.0, 97.0, 97.0, 97.0, 97.0, 97.0, 97.0, 97.0, 97.0, 97.0, 97.0, 97.0, 97.0, 97.0, 97.0, 97.0, 97.0, 97.0, 97.0, 97.0, 97.0, 97.0, 97.0, 97.0, 97.0, 97.0, 97.0, 97.0, 97.0, 97.0, 97.0, 97.0, 97.0, 97.0, 97.0, 97.0, 97.0, 97.0, 97.0, 97.0, 97.0, 97.0, 97.0, 97.0, 97.0, 97.0, 97.0, 97.0, 97.0, 97.0, 97.0, 97.0, 97.0, 97.0, 97.0, 97.0, 97.0, 97.0, 97.0, 97.0, 97.0, 97.0, 97.0]

Execution 10:
Parametros: P=1000, Pe=0.3, Pm=0.15, pe=0.7, Parada=100
Start Time (hh:mm:ss.ms) 2023-07-17 08:19:52.421972
gen	min    	max	avg    	std     
0  	101.125	105	103.109	0.655462
1  	100.875	105.125	102.73 	0.633974
3  	100.625	104.625	102.408	0.696961
4  	100.5  	104.625	102.317	0.756916
6  	100.25 	104.625	102.108	0.797014
8  	100.125	104.625	101.956	0.883647
10 	99.875 	104.5  	101.792	0.881731
12 	99.75  	104.5  	101.66 	0.930726
14 	99.375 	104.375	101.617	1.00896 
18 	99.125 	105    	101.374	1.01568 
19 	99     	104.5  	101.321	1.0577  
25 	98.875 	104.75 	101.056	1.1531  
30 	98.125 	104.75 	100.795	1.25953 
38 	97.875 	104.5  	100.139	1.42178 
42 	97.75  	104.375	99.6174	1.60554 
43 	97.5   	104.625	99.4519	1.65545 
45 	97.375 	104.625	99.1565	1.7011  
48 	97.125 	104.75 	98.8236	1.89752 
54 	97     	104.5  	98.3143	2.05723 
61 	96.875 	104.75 	98.0277	2.13279 
162	96.875 	104.875	97.8303	2.23597 
End Time (hh:mm:ss.ms) 2023-07-17 08:20:09.451973
Total Time (hh:mm:ss.ms) 0:00:17.030001
Individuo: [[10, 12, 19, 5, 0, 8, 9, 4, 20, 17, 18, 16, 13, 7, 15, 6, 2, 14, 3, 1, 11], [0, 0, 1, 0, 0, 0, 1, 0, 1, 0, 0, 0, 1, 0, 1, 1, 0, 0, 1, 0, 0]]
Fitness:  96.875
Gens:  [0, 1, 2, 3, 4, 5, 6, 7, 8, 9, 10, 11, 12, 13, 14, 15, 16, 17, 18, 19, 20, 21, 22, 23, 24, 25, 26, 27, 28, 29, 30, 31, 32, 33, 34, 35, 36, 37, 38, 39, 40, 41, 42, 43, 44, 45, 46, 47, 48, 49, 50, 51, 52, 53, 54, 55, 56, 57, 58, 59, 60, 61, 62, 63, 64, 65, 66, 67, 68, 69, 70, 71, 72, 73, 74, 75, 76, 77, 78, 79, 80, 81, 82, 83, 84, 85, 86, 87, 88, 89, 90, 91, 92, 93, 94, 95, 96, 97, 98, 99, 100, 101, 102, 103, 104, 105, 106, 107, 108, 109, 110, 111, 112, 113, 114, 115, 116, 117, 118, 119, 120, 121, 122, 123, 124, 125, 126, 127, 128, 129, 130, 131, 132, 133, 134, 135, 136, 137, 138, 139, 140, 141, 142, 143, 144, 145, 146, 147, 148, 149, 150, 151, 152, 153, 154, 155, 156, 157, 158, 159, 160, 161, 162]
Inds:  [101.125, 100.875, 100.875, 100.625, 100.5, 100.5, 100.25, 100.25, 100.125, 100.125, 99.875, 99.875, 99.75, 99.75, 99.375, 99.375, 99.375, 99.375, 99.125, 99.0, 99.0, 99.0, 99.0, 99.0, 99.0, 98.875, 98.875, 98.875, 98.875, 98.875, 98.125, 98.125, 98.125, 98.125, 98.125, 98.125, 98.125, 98.125, 97.875, 97.875, 97.875, 97.875, 97.75, 97.5, 97.5, 97.375, 97.375, 97.375, 97.125, 97.125, 97.125, 97.125, 97.125, 97.125, 97.0, 97.0, 97.0, 97.0, 97.0, 97.0, 97.0, 96.875, 96.875, 96.875, 96.875, 96.875, 96.875, 96.875, 96.875, 96.875, 96.875, 96.875, 96.875, 96.875, 96.875, 96.875, 96.875, 96.875, 96.875, 96.875, 96.875, 96.875, 96.875, 96.875, 96.875, 96.875, 96.875, 96.875, 96.875, 96.875, 96.875, 96.875, 96.875, 96.875, 96.875, 96.875, 96.875, 96.875, 96.875, 96.875, 96.875, 96.875, 96.875, 96.875, 96.875, 96.875, 96.875, 96.875, 96.875, 96.875, 96.875, 96.875, 96.875, 96.875, 96.875, 96.875, 96.875, 96.875, 96.875, 96.875, 96.875, 96.875, 96.875, 96.875, 96.875, 96.875, 96.875, 96.875, 96.875, 96.875, 96.875, 96.875, 96.875, 96.875, 96.875, 96.875, 96.875, 96.875, 96.875, 96.875, 96.875, 96.875, 96.875, 96.875, 96.875, 96.875, 96.875, 96.875, 96.875, 96.875, 96.875, 96.875, 96.875, 96.875, 96.875, 96.875, 96.875, 96.875, 96.875, 96.875, 96.875, 96.875, 96.875]

