BRKGA-Heuristic:

Execution 1:
Parametros: P=1000, Pe=0.3, Pm=0.15, pe=0.7, Parada=100
Start Time (hh:mm:ss.ms) 2023-07-17 08:14:13.554168
gen	min    	max    	avg    	std    
0  	153.015	160.785	156.771	1.28592
1  	152.272	160.015	155.965	1.22871
2  	151.825	160.225	155.569	1.31962
5  	151.782	160.995	154.951	1.50902
6  	151.475	159.875	154.768	1.50437
8  	151.362	160.085	154.502	1.64901
9  	150.662	160.042	154.306	1.66282
10 	150.382	161.205	154.183	1.7159 
11 	150.13 	159.665	153.974	1.76964
16 	149.682	160.365	153.163	1.99001
17 	149.655	159.805	152.96 	2.02011
19 	149.375	159.315	152.62 	2.11367
21 	149.095	159.595	152.286	2.25845
22 	148.352	160.645	152.073	2.28624
23 	148.185	159.595	151.847	2.28759
24 	147.625	159.735	151.699	2.40063
25 	147.555	159.805	151.57 	2.45552
26 	147.232	160.085	151.436	2.5405 
34 	146.855	159.875	150.252	2.94488
36 	146.742	159.805	150.001	3.08031
37 	146.645	159.595	149.828	3.07513
38 	146.295	159.455	149.739	3.15799
41 	146.295	159.595	149.336	3.27268
42 	146.015	159.805	149.164	3.26408
43 	145.832	159.805	149.052	3.37198
45 	145.385	160.225	148.755	3.53213
47 	145.245	159.875	148.454	3.65518
49 	144.895	159.875	148.104	3.67754
51 	144.685	159.665	147.868	3.82425
53 	144.362	159.945	147.64 	3.96346
56 	144.292	160.155	147.293	4.10124
57 	144.195	159.735	147.159	4.10848
58 	144.195	160.295	147.083	4.1597 
59 	143.915	159.805	146.974	4.20688
61 	143.915	160.365	146.833	4.31356
62 	143.662	159.315	146.734	4.27589
63 	143.565	159.525	146.678	4.331  
67 	143.495	160.575	146.402	4.4328 
69 	143.425	159.525	146.235	4.4648 
71 	143.383	160.645	146.176	4.59135
72 	143.172	159.525	146.109	4.6036 
74 	143.145	160.602	146.004	4.61701
75 	143.075	159.665	145.907	4.578  
77 	142.893	159.665	145.805	4.75715
80 	142.795	160.925	145.579	4.76053
82 	142.753	159.525	145.455	4.78889
84 	142.725	159.595	145.335	4.84294
85 	142.543	160.365	145.331	4.96363
87 	142.543	160.155	145.182	4.90828
88 	142.473	159.665	145.163	4.95663
90 	142.403	160.435	145.032	4.96279
96 	142.263	160.295	144.748	5.15385
197	142.263	159.972	144.46 	5.24519
End Time (hh:mm:ss.ms) 2023-07-17 08:14:52.457486
Total Time (hh:mm:ss.ms) 0:00:38.903318
Individuo: [[28, 3, 34, 39, 20, 21, 37, 6, 16, 14, 8, 33, 10, 17, 22, 38, 31, 36, 24, 19, 7, 2, 9, 32, 25, 1, 0, 27, 29, 23, 4, 30, 5, 15, 11, 12, 35, 13, 18, 26], [0, 0, 0, 1, 1, 1, 0, 0, 0, 0, 0, 0, 0, 1, 0, 0, 1, 0, 0, 0, 0, 0, 1, 0, 0, 1, 1, 1, 1, 1, 1, 1, 1, 1, 0, 1, 0, 1, 1, 1]]
Fitness:  142.26250000000002
Gens:  [0, 1, 2, 3, 4, 5, 6, 7, 8, 9, 10, 11, 12, 13, 14, 15, 16, 17, 18, 19, 20, 21, 22, 23, 24, 25, 26, 27, 28, 29, 30, 31, 32, 33, 34, 35, 36, 37, 38, 39, 40, 41, 42, 43, 44, 45, 46, 47, 48, 49, 50, 51, 52, 53, 54, 55, 56, 57, 58, 59, 60, 61, 62, 63, 64, 65, 66, 67, 68, 69, 70, 71, 72, 73, 74, 75, 76, 77, 78, 79, 80, 81, 82, 83, 84, 85, 86, 87, 88, 89, 90, 91, 92, 93, 94, 95, 96, 97, 98, 99, 100, 101, 102, 103, 104, 105, 106, 107, 108, 109, 110, 111, 112, 113, 114, 115, 116, 117, 118, 119, 120, 121, 122, 123, 124, 125, 126, 127, 128, 129, 130, 131, 132, 133, 134, 135, 136, 137, 138, 139, 140, 141, 142, 143, 144, 145, 146, 147, 148, 149, 150, 151, 152, 153, 154, 155, 156, 157, 158, 159, 160, 161, 162, 163, 164, 165, 166, 167, 168, 169, 170, 171, 172, 173, 174, 175, 176, 177, 178, 179, 180, 181, 182, 183, 184, 185, 186, 187, 188, 189, 190, 191, 192, 193, 194, 195, 196, 197]
Inds:  [153.015, 152.27249999999995, 151.82499999999996, 151.82499999999996, 151.82499999999996, 151.78249999999994, 151.47499999999997, 151.47499999999997, 151.36249999999998, 150.66249999999997, 150.3825, 150.1299999999999, 150.1299999999999, 150.1299999999999, 150.1299999999999, 150.1299999999999, 149.68249999999998, 149.65499999999994, 149.65499999999994, 149.37499999999994, 149.37499999999994, 149.09499999999997, 148.35249999999994, 148.18499999999997, 147.62499999999997, 147.55499999999995, 147.23249999999993, 147.23249999999993, 147.23249999999993, 147.23249999999993, 147.23249999999993, 147.23249999999993, 147.23249999999993, 147.23249999999993, 146.85499999999996, 146.85499999999996, 146.74249999999998, 146.64499999999998, 146.295, 146.295, 146.295, 146.29499999999996, 146.01499999999996, 145.83249999999995, 145.83249999999995, 145.38499999999996, 145.38499999999996, 145.24499999999998, 145.24499999999998, 144.89500000000004, 144.89500000000004, 144.685, 144.685, 144.36249999999998, 144.36249999999998, 144.36249999999998, 144.2925, 144.19500000000002, 144.195, 143.91500000000002, 143.91500000000002, 143.915, 143.6625, 143.565, 143.565, 143.565, 143.565, 143.495, 143.495, 143.42499999999998, 143.42499999999998, 143.38250000000002, 143.17249999999999, 143.17249999999999, 143.145, 143.075, 143.075, 142.8925, 142.8925, 142.8925, 142.795, 142.795, 142.75250000000003, 142.75250000000003, 142.725, 142.54250000000005, 142.54250000000005, 142.54250000000002, 142.47250000000003, 142.47250000000003, 142.4025, 142.4025, 142.4025, 142.4025, 142.4025, 142.4025, 142.26250000000002, 142.26250000000002, 142.26250000000002, 142.26250000000002, 142.26250000000002, 142.26250000000002, 142.26250000000002, 142.26250000000002, 142.26250000000002, 142.26250000000002, 142.26250000000002, 142.26250000000002, 142.26250000000002, 142.26250000000002, 142.26250000000002, 142.26250000000002, 142.26250000000002, 142.26250000000002, 142.26250000000002, 142.26250000000002, 142.26250000000002, 142.26250000000002, 142.26250000000002, 142.26250000000002, 142.26250000000002, 142.26250000000002, 142.26250000000002, 142.26250000000002, 142.26250000000002, 142.26250000000002, 142.26250000000002, 142.26250000000002, 142.26250000000002, 142.26250000000002, 142.26250000000002, 142.26250000000002, 142.26250000000002, 142.26250000000002, 142.26250000000002, 142.26250000000002, 142.26250000000002, 142.26250000000002, 142.26250000000002, 142.26250000000002, 142.26250000000002, 142.26250000000002, 142.26250000000002, 142.26250000000002, 142.26250000000002, 142.26250000000002, 142.26250000000002, 142.26250000000002, 142.26250000000002, 142.26250000000002, 142.26250000000002, 142.26250000000002, 142.26250000000002, 142.26250000000002, 142.26250000000002, 142.26250000000002, 142.26250000000002, 142.26250000000002, 142.26250000000002, 142.26250000000002, 142.26250000000002, 142.26250000000002, 142.26250000000002, 142.26250000000002, 142.26250000000002, 142.26250000000002, 142.26250000000002, 142.26250000000002, 142.26250000000002, 142.26250000000002, 142.26250000000002, 142.26250000000002, 142.26250000000002, 142.26250000000002, 142.26250000000002, 142.26250000000002, 142.26250000000002, 142.26250000000002, 142.26250000000002, 142.26250000000002, 142.26250000000002, 142.26250000000002, 142.26250000000002, 142.26250000000002, 142.26250000000002, 142.26250000000002, 142.26250000000002, 142.26250000000002, 142.26250000000002, 142.26250000000002, 142.26250000000002, 142.26250000000002, 142.26250000000002, 142.26250000000002, 142.26250000000002, 142.26250000000002, 142.26250000000002, 142.26250000000002]

Execution 2:
Parametros: P=1000, Pe=0.3, Pm=0.15, pe=0.7, Parada=100
Start Time (hh:mm:ss.ms) 2023-07-17 08:14:53.514486
gen	min    	max    	avg    	std    
0  	151.712	160.295	156.831	1.25323
3  	151.615	159.595	155.379	1.35383
5  	151.502	159.805	154.954	1.48734
7  	150.69 	160.435	154.78 	1.6235 
9  	150.635	159.525	154.448	1.694  
10 	149.892	159.595	154.284	1.71655
12 	149.682	159.735	153.97 	1.80944
17 	149.5  	159.875	153.219	1.95815
19 	149.095	160.155	152.923	2.08177
22 	148.912	161.065	152.476	2.20367
24 	148.002	160.015	152.145	2.27328
30 	147.442	161.695	151.094	2.56596
36 	147.135	160.435	150.217	3.05555
37 	146.743	160.015	150.019	2.98633
38 	146.7  	160.085	149.896	3.08235
39 	146.672	159.902	149.75 	3.12219
40 	146.35 	160.505	149.535	3.17063
41 	146.21 	159.805	149.352	3.23721
42 	145.762	159.315	149.207	3.30119
43 	145.623	160.225	149.047	3.37691
44 	145.37 	159.665	148.872	3.46544
46 	145.09 	160.365	148.506	3.61697
47 	145.02 	159.595	148.353	3.65282
49 	144.74 	159.595	147.966	3.79053
51 	144.572	160.112	147.69 	3.94737
53 	144.39 	160.225	147.387	4.05827
54 	144.32 	159.945	147.188	4.11877
55 	144.04 	159.945	147.071	4.17307
56 	143.802	161.065	146.925	4.20757
57 	143.41 	160.435	146.803	4.23796
62 	143.34 	160.085	146.193	4.42241
63 	143.13 	160.295	146.119	4.55261
65 	143.06 	159.525	145.875	4.56556
66 	142.99 	160.435	145.795	4.69108
68 	142.71 	160.645	145.623	4.83042
69 	142.64 	160.155	145.488	4.82605
70 	142.64 	159.595	145.372	4.82776
71 	142.64 	159.945	145.284	4.88884
72 	142.36 	160.855	145.202	4.9168 
74 	142.29 	160.015	145    	4.89512
77 	142.29 	159.805	144.85 	5.08607
78 	142.22 	160.015	144.767	5.09972
79 	142.15 	159.315	144.72 	5.14525
80 	142.08 	159.315	144.648	5.16685
81 	142.01 	160.015	144.567	5.12758
82 	142.01 	160.155	144.552	5.20857
83 	141.94 	159.735	144.474	5.14254
85 	141.87 	159.875	144.408	5.22474
186	141.87 	159.105	144.113	5.33347
End Time (hh:mm:ss.ms) 2023-07-17 08:15:28.949486
Total Time (hh:mm:ss.ms) 0:00:35.435000
Individuo: [[18, 13, 35, 34, 23, 12, 11, 39, 4, 30, 5, 37, 15, 31, 36, 6, 27, 14, 8, 16, 24, 17, 7, 2, 38, 22, 9, 10, 25, 32, 33, 1, 0, 19, 29, 21, 20, 28, 3, 26], [0, 0, 1, 1, 1, 0, 0, 1, 1, 1, 1, 1, 1, 1, 0, 1, 0, 1, 1, 1, 1, 0, 0, 0, 0, 1, 1, 1, 1, 0, 0, 1, 1, 1, 1, 0, 0, 0, 0, 0]]
Fitness:  141.87000000000003
Gens:  [0, 1, 2, 3, 4, 5, 6, 7, 8, 9, 10, 11, 12, 13, 14, 15, 16, 17, 18, 19, 20, 21, 22, 23, 24, 25, 26, 27, 28, 29, 30, 31, 32, 33, 34, 35, 36, 37, 38, 39, 40, 41, 42, 43, 44, 45, 46, 47, 48, 49, 50, 51, 52, 53, 54, 55, 56, 57, 58, 59, 60, 61, 62, 63, 64, 65, 66, 67, 68, 69, 70, 71, 72, 73, 74, 75, 76, 77, 78, 79, 80, 81, 82, 83, 84, 85, 86, 87, 88, 89, 90, 91, 92, 93, 94, 95, 96, 97, 98, 99, 100, 101, 102, 103, 104, 105, 106, 107, 108, 109, 110, 111, 112, 113, 114, 115, 116, 117, 118, 119, 120, 121, 122, 123, 124, 125, 126, 127, 128, 129, 130, 131, 132, 133, 134, 135, 136, 137, 138, 139, 140, 141, 142, 143, 144, 145, 146, 147, 148, 149, 150, 151, 152, 153, 154, 155, 156, 157, 158, 159, 160, 161, 162, 163, 164, 165, 166, 167, 168, 169, 170, 171, 172, 173, 174, 175, 176, 177, 178, 179, 180, 181, 182, 183, 184, 185, 186]
Inds:  [151.71249999999995, 151.71249999999995, 151.71249999999995, 151.61499999999998, 151.61499999999998, 151.50249999999997, 151.50249999999997, 150.68999999999997, 150.68999999999997, 150.63499999999996, 149.8924999999999, 149.8924999999999, 149.68249999999995, 149.68249999999995, 149.68249999999995, 149.68249999999995, 149.68249999999995, 149.49999999999994, 149.49999999999994, 149.09499999999997, 149.09499999999997, 149.09499999999997, 148.9125, 148.9125, 148.0025, 148.0025, 148.0025, 148.0025, 148.0025, 148.0025, 147.44249999999994, 147.44249999999994, 147.44249999999994, 147.44249999999994, 147.44249999999994, 147.44249999999994, 147.13499999999996, 146.7425, 146.69999999999996, 146.67249999999993, 146.34999999999997, 146.21, 145.7625, 145.6225, 145.36999999999998, 145.36999999999998, 145.09, 145.02, 145.02, 144.73999999999998, 144.73999999999998, 144.57249999999996, 144.57249999999996, 144.39000000000001, 144.32, 144.04, 143.80249999999998, 143.41, 143.41, 143.41, 143.41, 143.41, 143.34, 143.13, 143.13, 143.06, 142.99, 142.99, 142.71, 142.64000000000004, 142.64000000000001, 142.64, 142.36000000000004, 142.36000000000004, 142.29000000000005, 142.29000000000005, 142.29000000000005, 142.29000000000002, 142.22000000000003, 142.15000000000003, 142.08, 142.01000000000005, 142.01000000000002, 141.94000000000003, 141.94000000000003, 141.87000000000003, 141.87000000000003, 141.87000000000003, 141.87000000000003, 141.87000000000003, 141.87000000000003, 141.87000000000003, 141.87000000000003, 141.87000000000003, 141.87000000000003, 141.87000000000003, 141.87000000000003, 141.87000000000003, 141.87000000000003, 141.87000000000003, 141.87000000000003, 141.87000000000003, 141.87000000000003, 141.87000000000003, 141.87000000000003, 141.87000000000003, 141.87000000000003, 141.87000000000003, 141.87000000000003, 141.87000000000003, 141.87000000000003, 141.87000000000003, 141.87000000000003, 141.87000000000003, 141.87000000000003, 141.87000000000003, 141.87000000000003, 141.87000000000003, 141.87000000000003, 141.87000000000003, 141.87000000000003, 141.87000000000003, 141.87000000000003, 141.87000000000003, 141.87000000000003, 141.87000000000003, 141.87000000000003, 141.87000000000003, 141.87000000000003, 141.87000000000003, 141.87000000000003, 141.87000000000003, 141.87000000000003, 141.87000000000003, 141.87000000000003, 141.87000000000003, 141.87000000000003, 141.87000000000003, 141.87000000000003, 141.87000000000003, 141.87000000000003, 141.87000000000003, 141.87000000000003, 141.87000000000003, 141.87000000000003, 141.87000000000003, 141.87000000000003, 141.87000000000003, 141.87000000000003, 141.87000000000003, 141.87000000000003, 141.87000000000003, 141.87000000000003, 141.87000000000003, 141.87000000000003, 141.87000000000003, 141.87000000000003, 141.87000000000003, 141.87000000000003, 141.87000000000003, 141.87000000000003, 141.87000000000003, 141.87000000000003, 141.87000000000003, 141.87000000000003, 141.87000000000003, 141.87000000000003, 141.87000000000003, 141.87000000000003, 141.87000000000003, 141.87000000000003, 141.87000000000003, 141.87000000000003, 141.87000000000003, 141.87000000000003, 141.87000000000003, 141.87000000000003, 141.87000000000003, 141.87000000000003, 141.87000000000003, 141.87000000000003, 141.87000000000003, 141.87000000000003, 141.87000000000003, 141.87000000000003, 141.87000000000003, 141.87000000000003]

Execution 3:
Parametros: P=1000, Pe=0.3, Pm=0.15, pe=0.7, Parada=100
Start Time (hh:mm:ss.ms) 2023-07-17 08:15:29.883485
gen	min   	max    	avg    	std    
0  	153.07	160.715	156.825	1.25485
1  	151.922	159.805	156.094	1.20117
4  	150.452	159.805	155.258	1.39955
13 	150.243	160.155	153.916	1.82892
14 	150.075	159.735	153.793	1.83301
16 	149.893	159.735	153.509	1.96228
18 	149.682	160.155	153.116	1.93871
19 	149.655	160.365	153.036	2.04641
20 	148.94 	159.665	152.899	2.0873 
24 	148.912	159.945	152.225	2.28792
25 	148.745	159.945	152.095	2.40099
26 	148.352	161.135	151.887	2.37924
29 	148.255	159.805	151.362	2.52423
31 	147.022	159.945	151.095	2.68001
37 	146.532	159.875	150.022	2.88156
39 	146.112	160.925	149.776	3.07929
43 	145.665	160.575	149.169	3.34102
44 	145.525	159.875	148.961	3.4029 
45 	145.525	159.385	148.785	3.48586
47 	145.035	160.015	148.411	3.63045
48 	145.02 	159.595	148.214	3.73354
49 	144.922	160.015	147.975	3.81673
50 	144.642	159.735	147.765	3.87594
51 	144.53 	159.875	147.6  	3.95621
52 	144.11 	159.482	147.402	3.99556
55 	143.845	159.315	146.901	4.15123
57 	143.495	160.085	146.633	4.38697
60 	143.355	159.805	146.234	4.51716
61 	143.005	160.225	146.074	4.51952
63 	142.85 	160.295	145.857	4.71951
66 	142.655	160.085	145.545	4.86989
67 	142.655	160.085	145.415	4.8296 
68 	142.515	159.315	145.311	4.90037
69 	142.375	160.435	145.188	4.93464
72 	142.235	160.225	144.916	5.07852
73 	142.235	159.315	144.815	5.02987
74 	142.165	160.225	144.764	5.11808
75 	142.095	160.505	144.694	5.12255
77 	142.095	160.645	144.589	5.21942
78 	142.025	160.155	144.525	5.22088
80 	141.955	160.785	144.419	5.22474
181	141.955	159.945	144.185	5.32809
End Time (hh:mm:ss.ms) 2023-07-17 08:16:04.114487
Total Time (hh:mm:ss.ms) 0:00:34.231002
Individuo: [[3, 26, 18, 13, 35, 23, 11, 39, 21, 4, 29, 6, 36, 38, 31, 15, 37, 5, 30, 8, 1, 32, 10, 17, 22, 24, 27, 14, 0, 33, 25, 9, 7, 2, 19, 16, 12, 34, 20, 28], [0, 0, 0, 0, 1, 1, 0, 1, 0, 1, 0, 0, 1, 0, 0, 0, 0, 0, 0, 0, 0, 1, 0, 1, 0, 0, 0, 1, 1, 0, 0, 0, 0, 0, 0, 1, 0, 1, 0, 0]]
Fitness:  141.95499999999998
Gens:  [0, 1, 2, 3, 4, 5, 6, 7, 8, 9, 10, 11, 12, 13, 14, 15, 16, 17, 18, 19, 20, 21, 22, 23, 24, 25, 26, 27, 28, 29, 30, 31, 32, 33, 34, 35, 36, 37, 38, 39, 40, 41, 42, 43, 44, 45, 46, 47, 48, 49, 50, 51, 52, 53, 54, 55, 56, 57, 58, 59, 60, 61, 62, 63, 64, 65, 66, 67, 68, 69, 70, 71, 72, 73, 74, 75, 76, 77, 78, 79, 80, 81, 82, 83, 84, 85, 86, 87, 88, 89, 90, 91, 92, 93, 94, 95, 96, 97, 98, 99, 100, 101, 102, 103, 104, 105, 106, 107, 108, 109, 110, 111, 112, 113, 114, 115, 116, 117, 118, 119, 120, 121, 122, 123, 124, 125, 126, 127, 128, 129, 130, 131, 132, 133, 134, 135, 136, 137, 138, 139, 140, 141, 142, 143, 144, 145, 146, 147, 148, 149, 150, 151, 152, 153, 154, 155, 156, 157, 158, 159, 160, 161, 162, 163, 164, 165, 166, 167, 168, 169, 170, 171, 172, 173, 174, 175, 176, 177, 178, 179, 180, 181]
Inds:  [153.0699999999999, 151.92249999999993, 151.92249999999993, 151.92249999999993, 150.45249999999993, 150.45249999999993, 150.45249999999993, 150.45249999999993, 150.45249999999993, 150.45249999999993, 150.45249999999993, 150.45249999999993, 150.45249999999993, 150.2425, 150.075, 150.075, 149.8925, 149.8925, 149.68249999999998, 149.655, 148.94, 148.94, 148.94, 148.94, 148.91249999999994, 148.74499999999998, 148.35249999999996, 148.35249999999996, 148.35249999999996, 148.255, 148.255, 147.02249999999995, 147.02249999999995, 147.02249999999995, 147.02249999999995, 147.02249999999995, 147.02249999999995, 146.5325, 146.5325, 146.11249999999998, 146.11249999999998, 146.11249999999998, 146.11249999999998, 145.66500000000002, 145.525, 145.52499999999998, 145.52499999999998, 145.035, 145.02000000000007, 144.92249999999999, 144.64249999999998, 144.53000000000003, 144.11000000000004, 144.11000000000004, 144.11000000000004, 143.84500000000003, 143.84500000000003, 143.495, 143.495, 143.495, 143.35500000000005, 143.005, 143.005, 142.85, 142.85, 142.85, 142.65500000000003, 142.655, 142.51500000000001, 142.37500000000003, 142.37500000000003, 142.37500000000003, 142.23500000000004, 142.235, 142.165, 142.09500000000003, 142.09500000000003, 142.095, 142.025, 142.025, 141.95499999999998, 141.95499999999998, 141.95499999999998, 141.95499999999998, 141.95499999999998, 141.95499999999998, 141.95499999999998, 141.95499999999998, 141.95499999999998, 141.95499999999998, 141.95499999999998, 141.95499999999998, 141.95499999999998, 141.95499999999998, 141.95499999999998, 141.95499999999998, 141.95499999999998, 141.95499999999998, 141.95499999999998, 141.95499999999998, 141.95499999999998, 141.95499999999998, 141.95499999999998, 141.95499999999998, 141.95499999999998, 141.95499999999998, 141.95499999999998, 141.95499999999998, 141.95499999999998, 141.95499999999998, 141.95499999999998, 141.95499999999998, 141.95499999999998, 141.95499999999998, 141.95499999999998, 141.95499999999998, 141.95499999999998, 141.95499999999998, 141.95499999999998, 141.95499999999998, 141.95499999999998, 141.95499999999998, 141.95499999999998, 141.95499999999998, 141.95499999999998, 141.95499999999998, 141.95499999999998, 141.95499999999998, 141.95499999999998, 141.95499999999998, 141.95499999999998, 141.95499999999998, 141.95499999999998, 141.95499999999998, 141.95499999999998, 141.95499999999998, 141.95499999999998, 141.95499999999998, 141.95499999999998, 141.95499999999998, 141.95499999999998, 141.95499999999998, 141.95499999999998, 141.95499999999998, 141.95499999999998, 141.95499999999998, 141.95499999999998, 141.95499999999998, 141.95499999999998, 141.95499999999998, 141.95499999999998, 141.95499999999998, 141.95499999999998, 141.95499999999998, 141.95499999999998, 141.95499999999998, 141.95499999999998, 141.95499999999998, 141.95499999999998, 141.95499999999998, 141.95499999999998, 141.95499999999998, 141.95499999999998, 141.95499999999998, 141.95499999999998, 141.95499999999998, 141.95499999999998, 141.95499999999998, 141.95499999999998, 141.95499999999998, 141.95499999999998, 141.95499999999998, 141.95499999999998, 141.95499999999998, 141.95499999999998, 141.95499999999998, 141.95499999999998, 141.95499999999998, 141.95499999999998, 141.95499999999998, 141.95499999999998, 141.95499999999998]

Execution 4:
Parametros: P=1000, Pe=0.3, Pm=0.15, pe=0.7, Parada=100
Start Time (hh:mm:ss.ms) 2023-07-17 08:16:05.079486
gen	min    	max    	avg    	std    
0  	152.945	160.435	156.809	1.26187
1  	152.622	159.525	155.975	1.21381
2  	151.39 	159.805	155.614	1.29441
8  	151.265	159.455	154.642	1.64713
9  	150.522	159.595	154.389	1.62956
14 	150.172	160.575	153.733	1.85962
16 	149.612	158.965	153.399	1.91416
18 	149.5  	159.595	152.975	1.98151
19 	148.772	160.365	152.835	2.07456
23 	148.212	159.945	151.948	2.27552
27 	147.625	159.875	151.12 	2.60761
28 	147.582	160.995	150.895	2.64922
29 	147.415	159.595	150.727	2.69622
31 	147.232	159.315	150.39 	2.79026
33 	147.092	160.085	150.106	2.97652
34 	146.462	159.525	149.927	2.92854
35 	146.183	160.785	149.795	3.07679
37 	145.832	159.762	149.509	3.15585
42 	145.762	160.575	148.811	3.49909
43 	145.762	160.155	148.619	3.54172
44 	145.553	159.385	148.438	3.56412
45 	145.062	159.735	148.37 	3.69031
47 	144.713	159.735	148    	3.7765 
49 	144.643	160.785	147.648	3.92863
50 	144.545	160.015	147.512	4.04455
51 	144.055	160.225	147.301	4.047  
52 	143.985	160.155	147.143	4.10473
53 	143.915	159.035	146.981	4.11756
54 	143.802	159.385	146.821	4.21276
56 	143.522	161.345	146.561	4.3671 
59 	143.242	159.832	146.155	4.48266
61 	142.935	159.385	145.922	4.57891
64 	142.655	160.225	145.651	4.7947 
65 	142.585	160.225	145.508	4.77213
68 	142.515	159.455	145.213	4.86351
69 	142.445	160.155	145.146	4.93117
70 	142.375	160.435	145.023	4.92024
71 	142.235	160.295	144.982	5.03929
72 	142.165	159.105	144.87 	5.00293
73 	142.095	160.155	144.814	5.094  
75 	142.095	159.622	144.651	5.0962 
77 	142.025	159.525	144.539	5.15254
79 	141.955	160.085	144.463	5.24634
80 	141.885	160.365	144.431	5.27731
82 	141.885	159.315	144.335	5.21252
183	141.885	159.735	144.165	5.37953
End Time (hh:mm:ss.ms) 2023-07-17 08:16:39.413488
Total Time (hh:mm:ss.ms) 0:00:34.334002
Individuo: [[3, 18, 26, 34, 39, 30, 4, 11, 12, 35, 13, 23, 5, 37, 19, 1, 32, 10, 25, 33, 0, 8, 14, 16, 29, 27, 6, 24, 36, 2, 7, 17, 9, 22, 38, 31, 15, 21, 20, 28], [0, 1, 1, 0, 1, 0, 0, 1, 1, 0, 1, 1, 1, 1, 0, 0, 1, 1, 1, 1, 0, 1, 1, 1, 0, 0, 0, 1, 1, 1, 1, 1, 0, 0, 0, 0, 0, 0, 0, 0]]
Fitness:  141.88500000000002
Gens:  [0, 1, 2, 3, 4, 5, 6, 7, 8, 9, 10, 11, 12, 13, 14, 15, 16, 17, 18, 19, 20, 21, 22, 23, 24, 25, 26, 27, 28, 29, 30, 31, 32, 33, 34, 35, 36, 37, 38, 39, 40, 41, 42, 43, 44, 45, 46, 47, 48, 49, 50, 51, 52, 53, 54, 55, 56, 57, 58, 59, 60, 61, 62, 63, 64, 65, 66, 67, 68, 69, 70, 71, 72, 73, 74, 75, 76, 77, 78, 79, 80, 81, 82, 83, 84, 85, 86, 87, 88, 89, 90, 91, 92, 93, 94, 95, 96, 97, 98, 99, 100, 101, 102, 103, 104, 105, 106, 107, 108, 109, 110, 111, 112, 113, 114, 115, 116, 117, 118, 119, 120, 121, 122, 123, 124, 125, 126, 127, 128, 129, 130, 131, 132, 133, 134, 135, 136, 137, 138, 139, 140, 141, 142, 143, 144, 145, 146, 147, 148, 149, 150, 151, 152, 153, 154, 155, 156, 157, 158, 159, 160, 161, 162, 163, 164, 165, 166, 167, 168, 169, 170, 171, 172, 173, 174, 175, 176, 177, 178, 179, 180, 181, 182, 183]
Inds:  [152.9449999999999, 152.62249999999997, 151.38999999999996, 151.38999999999996, 151.38999999999996, 151.38999999999996, 151.38999999999996, 151.38999999999996, 151.265, 150.52249999999992, 150.52249999999992, 150.52249999999992, 150.52249999999992, 150.52249999999992, 150.17249999999999, 150.17249999999999, 149.61249999999995, 149.61249999999995, 149.50000000000003, 148.77249999999995, 148.77249999999995, 148.77249999999995, 148.77249999999995, 148.21249999999992, 148.21249999999992, 148.21249999999992, 148.21249999999992, 147.625, 147.58249999999995, 147.41499999999996, 147.41499999999996, 147.2325, 147.2325, 147.09249999999997, 146.46249999999995, 146.1825, 146.1825, 145.83249999999995, 145.83249999999995, 145.83249999999995, 145.83249999999995, 145.83249999999995, 145.7625, 145.76249999999993, 145.55250000000004, 145.0625, 145.0625, 144.7125, 144.7125, 144.6425, 144.54499999999996, 144.05499999999992, 143.98499999999999, 143.91499999999996, 143.80249999999998, 143.80249999999998, 143.52249999999998, 143.52249999999998, 143.52249999999998, 143.24249999999998, 143.24249999999998, 142.93499999999997, 142.93499999999997, 142.93499999999997, 142.655, 142.585, 142.585, 142.585, 142.51500000000001, 142.44500000000002, 142.375, 142.235, 142.16500000000002, 142.09500000000003, 142.09500000000003, 142.095, 142.095, 142.025, 142.025, 141.955, 141.88500000000005, 141.88500000000005, 141.88500000000002, 141.88500000000002, 141.88500000000002, 141.88500000000002, 141.88500000000002, 141.88500000000002, 141.88500000000002, 141.88500000000002, 141.88500000000002, 141.88500000000002, 141.88500000000002, 141.88500000000002, 141.88500000000002, 141.88500000000002, 141.88500000000002, 141.88500000000002, 141.88500000000002, 141.88500000000002, 141.88500000000002, 141.88500000000002, 141.88500000000002, 141.88500000000002, 141.88500000000002, 141.88500000000002, 141.88500000000002, 141.88500000000002, 141.88500000000002, 141.88500000000002, 141.88500000000002, 141.88500000000002, 141.88500000000002, 141.88500000000002, 141.88500000000002, 141.88500000000002, 141.88500000000002, 141.88500000000002, 141.88500000000002, 141.88500000000002, 141.88500000000002, 141.88500000000002, 141.88500000000002, 141.88500000000002, 141.88500000000002, 141.88500000000002, 141.88500000000002, 141.88500000000002, 141.88500000000002, 141.88500000000002, 141.88500000000002, 141.88500000000002, 141.88500000000002, 141.88500000000002, 141.88500000000002, 141.88500000000002, 141.88500000000002, 141.88500000000002, 141.88500000000002, 141.88500000000002, 141.88500000000002, 141.88500000000002, 141.88500000000002, 141.88500000000002, 141.88500000000002, 141.88500000000002, 141.88500000000002, 141.88500000000002, 141.88500000000002, 141.88500000000002, 141.88500000000002, 141.88500000000002, 141.88500000000002, 141.88500000000002, 141.88500000000002, 141.88500000000002, 141.88500000000002, 141.88500000000002, 141.88500000000002, 141.88500000000002, 141.88500000000002, 141.88500000000002, 141.88500000000002, 141.88500000000002, 141.88500000000002, 141.88500000000002, 141.88500000000002, 141.88500000000002, 141.88500000000002, 141.88500000000002, 141.88500000000002, 141.88500000000002, 141.88500000000002, 141.88500000000002, 141.88500000000002, 141.88500000000002, 141.88500000000002, 141.88500000000002, 141.88500000000002, 141.88500000000002, 141.88500000000002, 141.88500000000002, 141.88500000000002, 141.88500000000002]

Execution 5:
Parametros: P=1000, Pe=0.3, Pm=0.15, pe=0.7, Parada=100
Start Time (hh:mm:ss.ms) 2023-07-17 08:16:40.411487
gen	min    	max    	avg    	std    
0  	153.112	160.505	156.841	1.24728
1  	151.503	159.595	156.006	1.15429
6  	151.335	160.365	154.782	1.55175
8  	150.453	159.035	154.442	1.63616
12 	149.865	159.875	153.882	1.81933
15 	149.36 	160.505	153.438	1.94449
20 	149.262	159.945	152.734	2.03332
22 	148.94 	159.385	152.448	2.13528
24 	148.632	159.525	152.108	2.27343
25 	148.002	159.945	152.011	2.33353
31 	147.302	159.735	151.198	2.58743
39 	146.882	159.875	150.261	2.89355
41 	146.392	160.225	149.983	3.00268
44 	146.322	160.015	149.629	3.15941
46 	145.665	159.875	149.343	3.28153
49 	145.595	160.015	148.895	3.47732
50 	145.342	160.295	148.799	3.54873
51 	145.315	159.385	148.574	3.50016
52 	145.315	160.015	148.441	3.59535
53 	145.203	159.665	148.286	3.66176
54 	145.175	159.805	148.141	3.73011
55 	144.685	160.155	147.97 	3.83575
57 	143.985	160.015	147.615	3.92525
59 	143.985	160.295	147.318	4.10103
61 	143.803	160.365	146.977	4.18694
62 	143.425	160.785	146.853	4.34122
63 	143.355	159.315	146.648	4.35998
65 	143.285	159.525	146.263	4.46638
67 	143.215	159.455	145.989	4.63132
68 	143.145	161.065	145.844	4.67815
69 	143.075	160.392	145.713	4.76133
70 	142.935	160.225	145.586	4.72162
71 	142.795	160.855	145.534	4.88016
73 	142.725	159.735	145.328	4.84481
76 	142.585	160.435	145.146	4.94369
80 	142.585	159.945	144.979	5.0021 
84 	142.515	159.805	144.828	5.03803
85 	142.515	159.875	144.808	5.08171
89 	142.445	160.155	144.763	5.16638
190	142.445	160.365	144.589	5.12249
End Time (hh:mm:ss.ms) 2023-07-17 08:17:16.950486
Total Time (hh:mm:ss.ms) 0:00:36.538999
Individuo: [[28, 20, 21, 13, 35, 12, 16, 14, 8, 33, 25, 9, 22, 7, 2, 38, 31, 19, 29, 4, 23, 11, 39, 5, 15, 37, 27, 0, 1, 32, 10, 17, 36, 24, 6, 30, 34, 26, 18, 3], [1, 1, 1, 0, 1, 0, 0, 0, 0, 0, 0, 0, 1, 0, 0, 0, 0, 0, 1, 0, 0, 0, 1, 0, 0, 0, 0, 0, 0, 1, 0, 1, 0, 0, 1, 1, 1, 0, 0, 1]]
Fitness:  142.445
Gens:  [0, 1, 2, 3, 4, 5, 6, 7, 8, 9, 10, 11, 12, 13, 14, 15, 16, 17, 18, 19, 20, 21, 22, 23, 24, 25, 26, 27, 28, 29, 30, 31, 32, 33, 34, 35, 36, 37, 38, 39, 40, 41, 42, 43, 44, 45, 46, 47, 48, 49, 50, 51, 52, 53, 54, 55, 56, 57, 58, 59, 60, 61, 62, 63, 64, 65, 66, 67, 68, 69, 70, 71, 72, 73, 74, 75, 76, 77, 78, 79, 80, 81, 82, 83, 84, 85, 86, 87, 88, 89, 90, 91, 92, 93, 94, 95, 96, 97, 98, 99, 100, 101, 102, 103, 104, 105, 106, 107, 108, 109, 110, 111, 112, 113, 114, 115, 116, 117, 118, 119, 120, 121, 122, 123, 124, 125, 126, 127, 128, 129, 130, 131, 132, 133, 134, 135, 136, 137, 138, 139, 140, 141, 142, 143, 144, 145, 146, 147, 148, 149, 150, 151, 152, 153, 154, 155, 156, 157, 158, 159, 160, 161, 162, 163, 164, 165, 166, 167, 168, 169, 170, 171, 172, 173, 174, 175, 176, 177, 178, 179, 180, 181, 182, 183, 184, 185, 186, 187, 188, 189, 190]
Inds:  [153.1124999999999, 151.50250000000003, 151.50250000000003, 151.50250000000003, 151.50250000000003, 151.50250000000003, 151.33499999999995, 151.33499999999995, 150.45250000000001, 150.45250000000001, 150.45250000000001, 150.45250000000001, 149.86499999999998, 149.86499999999998, 149.86499999999998, 149.35999999999999, 149.35999999999999, 149.35999999999999, 149.35999999999999, 149.35999999999999, 149.26249999999996, 149.26249999999996, 148.94, 148.94, 148.63249999999996, 148.00249999999997, 148.00249999999997, 148.00249999999997, 148.00249999999997, 148.00249999999997, 148.00249999999997, 147.30249999999995, 147.30249999999995, 147.30249999999995, 147.30249999999995, 147.30249999999995, 147.30249999999995, 147.30249999999995, 147.30249999999995, 146.8825, 146.8825, 146.39249999999998, 146.39249999999998, 146.39249999999998, 146.3225, 146.3225, 145.665, 145.665, 145.665, 145.595, 145.34249999999997, 145.31500000000003, 145.31499999999997, 145.20250000000001, 145.17499999999998, 144.685, 144.685, 143.98500000000004, 143.98500000000004, 143.985, 143.985, 143.8025, 143.425, 143.355, 143.355, 143.28499999999997, 143.28499999999997, 143.21500000000003, 143.145, 143.07499999999996, 142.93500000000003, 142.79500000000004, 142.79500000000004, 142.725, 142.725, 142.725, 142.585, 142.585, 142.585, 142.585, 142.58499999999998, 142.58499999999998, 142.58499999999998, 142.58499999999998, 142.51500000000001, 142.515, 142.515, 142.515, 142.515, 142.445, 142.445, 142.445, 142.445, 142.445, 142.445, 142.445, 142.445, 142.445, 142.445, 142.445, 142.445, 142.445, 142.445, 142.445, 142.445, 142.445, 142.445, 142.445, 142.445, 142.445, 142.445, 142.445, 142.445, 142.445, 142.445, 142.445, 142.445, 142.445, 142.445, 142.445, 142.445, 142.445, 142.445, 142.445, 142.445, 142.445, 142.445, 142.445, 142.445, 142.445, 142.445, 142.445, 142.445, 142.445, 142.445, 142.445, 142.445, 142.445, 142.445, 142.445, 142.445, 142.445, 142.445, 142.445, 142.445, 142.445, 142.445, 142.445, 142.445, 142.445, 142.445, 142.445, 142.445, 142.445, 142.445, 142.445, 142.445, 142.445, 142.445, 142.445, 142.445, 142.445, 142.445, 142.445, 142.445, 142.445, 142.445, 142.445, 142.445, 142.445, 142.445, 142.445, 142.445, 142.445, 142.445, 142.445, 142.445, 142.445, 142.445, 142.445, 142.445, 142.445, 142.445, 142.445, 142.445, 142.445, 142.445, 142.445, 142.445, 142.445, 142.445]

Execution 6:
Parametros: P=1000, Pe=0.3, Pm=0.15, pe=0.7, Parada=100
Start Time (hh:mm:ss.ms) 2023-07-17 08:17:17.906488
gen	min    	max    	avg    	std    
0  	152.455	160.295	156.879	1.22076
2  	152.133	159.875	155.784	1.27526
3  	151.572	160.085	155.472	1.37456
7  	150.83 	159.595	154.737	1.55141
9  	150.215	160.785	154.418	1.65267
16 	150.005	159.945	153.571	1.94706
17 	149.235	159.665	153.367	1.90626
23 	148.955	159.385	152.424	2.22765
24 	148.955	160.015	152.222	2.27921
26 	148.772	160.085	151.834	2.36765
27 	148.465	159.175	151.689	2.42174
28 	148.325	160.365	151.527	2.49952
29 	148.142	159.105	151.307	2.51667
30 	147.835	160.505	151.158	2.61329
33 	147.485	159.595	150.658	2.77502
34 	147.135	160.575	150.534	2.83695
36 	147.065	160.015	150.245	2.89296
39 	146.672	159.315	149.861	2.99044
42 	146.462	160.225	149.56 	3.19271
43 	146.365	160.225	149.406	3.22654
44 	145.665	159.805	149.321	3.35052
50 	145.385	159.665	148.581	3.5566 
51 	144.965	159.552	148.415	3.5967 
55 	144.895	160.042	147.921	3.88012
58 	144.755	160.015	147.508	3.97921
59 	144.475	159.412	147.364	3.99622
60 	144.265	159.805	147.276	4.06152
61 	144.125	160.715	147.135	4.10339
63 	143.845	159.692	146.873	4.18654
66 	143.565	159.315	146.588	4.36881
68 	143.075	160.085	146.346	4.39288
77 	143.075	159.035	145.745	4.74573
78 	143.005	160.645	145.676	4.69044
80 	143.005	159.665	145.574	4.73325
81 	142.795	159.875	145.558	4.83552
83 	142.725	159.315	145.463	4.82898
87 	142.725	159.595	145.271	4.82688
92 	142.655	160.225	145.109	4.95149
93 	142.585	160.575	145.045	4.94189
98 	142.515	160.155	144.891	5.04094
106	142.515	160.925	144.762	5.14008
207	142.515	159.805	144.668	5.12831
End Time (hh:mm:ss.ms) 2023-07-17 08:17:57.214486
Total Time (hh:mm:ss.ms) 0:00:39.307998
Individuo: [[3, 26, 18, 13, 34, 11, 39, 21, 37, 5, 30, 4, 29, 14, 16, 24, 36, 38, 31, 15, 22, 9, 17, 7, 2, 19, 27, 8, 0, 33, 10, 25, 32, 1, 6, 35, 23, 12, 20, 28], [0, 0, 0, 0, 0, 1, 1, 0, 0, 0, 0, 0, 0, 1, 1, 1, 1, 1, 0, 0, 1, 1, 0, 0, 0, 0, 0, 0, 1, 0, 1, 1, 0, 1, 1, 1, 1, 0, 0, 0]]
Fitness:  142.51500000000001
Gens:  [0, 1, 2, 3, 4, 5, 6, 7, 8, 9, 10, 11, 12, 13, 14, 15, 16, 17, 18, 19, 20, 21, 22, 23, 24, 25, 26, 27, 28, 29, 30, 31, 32, 33, 34, 35, 36, 37, 38, 39, 40, 41, 42, 43, 44, 45, 46, 47, 48, 49, 50, 51, 52, 53, 54, 55, 56, 57, 58, 59, 60, 61, 62, 63, 64, 65, 66, 67, 68, 69, 70, 71, 72, 73, 74, 75, 76, 77, 78, 79, 80, 81, 82, 83, 84, 85, 86, 87, 88, 89, 90, 91, 92, 93, 94, 95, 96, 97, 98, 99, 100, 101, 102, 103, 104, 105, 106, 107, 108, 109, 110, 111, 112, 113, 114, 115, 116, 117, 118, 119, 120, 121, 122, 123, 124, 125, 126, 127, 128, 129, 130, 131, 132, 133, 134, 135, 136, 137, 138, 139, 140, 141, 142, 143, 144, 145, 146, 147, 148, 149, 150, 151, 152, 153, 154, 155, 156, 157, 158, 159, 160, 161, 162, 163, 164, 165, 166, 167, 168, 169, 170, 171, 172, 173, 174, 175, 176, 177, 178, 179, 180, 181, 182, 183, 184, 185, 186, 187, 188, 189, 190, 191, 192, 193, 194, 195, 196, 197, 198, 199, 200, 201, 202, 203, 204, 205, 206, 207]
Inds:  [152.45499999999996, 152.45499999999996, 152.13250000000002, 151.57249999999996, 151.57249999999996, 151.57249999999996, 151.57249999999996, 150.83, 150.83, 150.21499999999997, 150.21499999999997, 150.21499999999997, 150.21499999999997, 150.21499999999997, 150.21499999999997, 150.21499999999997, 150.00499999999997, 149.23499999999996, 149.23499999999996, 149.23499999999996, 149.23499999999996, 149.23499999999996, 149.23499999999996, 148.95499999999998, 148.95499999999996, 148.95499999999996, 148.77249999999998, 148.46499999999995, 148.32499999999993, 148.14249999999993, 147.83499999999995, 147.83499999999995, 147.83499999999995, 147.48499999999999, 147.13499999999996, 147.13499999999996, 147.06499999999994, 147.06499999999994, 147.06499999999994, 146.67249999999999, 146.67249999999999, 146.67249999999999, 146.46249999999998, 146.36499999999995, 145.665, 145.665, 145.665, 145.665, 145.665, 145.665, 145.385, 144.965, 144.965, 144.965, 144.965, 144.89499999999995, 144.89499999999995, 144.89499999999995, 144.755, 144.475, 144.26500000000001, 144.125, 144.125, 143.845, 143.845, 143.845, 143.56500000000003, 143.56500000000003, 143.07500000000005, 143.07500000000005, 143.07500000000005, 143.07500000000005, 143.07500000000005, 143.07500000000005, 143.07500000000005, 143.07500000000005, 143.07500000000005, 143.075, 143.00500000000002, 143.00500000000002, 143.005, 142.79500000000002, 142.79500000000002, 142.72500000000002, 142.72500000000002, 142.72500000000002, 142.72500000000002, 142.725, 142.725, 142.725, 142.725, 142.725, 142.655, 142.585, 142.585, 142.585, 142.585, 142.585, 142.51500000000004, 142.51500000000004, 142.51500000000004, 142.51500000000004, 142.51500000000004, 142.51500000000004, 142.51500000000004, 142.51500000000004, 142.51500000000001, 142.51500000000001, 142.51500000000001, 142.51500000000001, 142.51500000000001, 142.51500000000001, 142.51500000000001, 142.51500000000001, 142.51500000000001, 142.51500000000001, 142.51500000000001, 142.51500000000001, 142.51500000000001, 142.51500000000001, 142.51500000000001, 142.51500000000001, 142.51500000000001, 142.51500000000001, 142.51500000000001, 142.51500000000001, 142.51500000000001, 142.51500000000001, 142.51500000000001, 142.51500000000001, 142.51500000000001, 142.51500000000001, 142.51500000000001, 142.51500000000001, 142.51500000000001, 142.51500000000001, 142.51500000000001, 142.51500000000001, 142.51500000000001, 142.51500000000001, 142.51500000000001, 142.51500000000001, 142.51500000000001, 142.51500000000001, 142.51500000000001, 142.51500000000001, 142.51500000000001, 142.51500000000001, 142.51500000000001, 142.51500000000001, 142.51500000000001, 142.51500000000001, 142.51500000000001, 142.51500000000001, 142.51500000000001, 142.51500000000001, 142.51500000000001, 142.51500000000001, 142.51500000000001, 142.51500000000001, 142.51500000000001, 142.51500000000001, 142.51500000000001, 142.51500000000001, 142.51500000000001, 142.51500000000001, 142.51500000000001, 142.51500000000001, 142.51500000000001, 142.51500000000001, 142.51500000000001, 142.51500000000001, 142.51500000000001, 142.51500000000001, 142.51500000000001, 142.51500000000001, 142.51500000000001, 142.51500000000001, 142.51500000000001, 142.51500000000001, 142.51500000000001, 142.51500000000001, 142.51500000000001, 142.51500000000001, 142.51500000000001, 142.51500000000001, 142.51500000000001, 142.51500000000001, 142.51500000000001, 142.51500000000001, 142.51500000000001, 142.51500000000001, 142.51500000000001, 142.51500000000001, 142.51500000000001, 142.51500000000001, 142.51500000000001, 142.51500000000001, 142.51500000000001, 142.51500000000001, 142.51500000000001, 142.51500000000001, 142.51500000000001, 142.51500000000001, 142.51500000000001, 142.51500000000001, 142.51500000000001, 142.51500000000001]

Execution 7:
Parametros: P=1000, Pe=0.3, Pm=0.15, pe=0.7, Parada=100
Start Time (hh:mm:ss.ms) 2023-07-17 08:17:58.246486
gen	min    	max    	avg    	std    
0  	152.972	160.015	156.841	1.25478
1  	152.272	160.015	156.072	1.17207
2  	151.082	160.435	155.721	1.27508
10 	150.76 	160.295	154.414	1.66246
11 	150.732	160.085	154.338	1.71584
13 	150.312	159.735	154.051	1.78463
15 	150.172	159.805	153.859	1.85978
18 	149.64 	159.595	153.534	1.88802
23 	149.515	159.875	152.996	2.08765
25 	149.305	160.365	152.718	2.15764
26 	148.352	160.505	152.558	2.16593
30 	148.212	159.832	151.974	2.36006
33 	147.792	159.735	151.473	2.46737
35 	147.792	159.385	151.166	2.59455
36 	147.555	159.805	151.029	2.58312
37 	147.485	160.365	150.881	2.73588
39 	147.092	160.085	150.481	2.81206
40 	147.092	160.155	150.315	2.8867 
42 	146.98 	160.015	149.941	3.00765
43 	145.972	160.225	149.769	3.14264
44 	145.903	159.875	149.589	3.1807 
45 	145.763	159.945	149.396	3.2405 
48 	145.132	159.665	148.877	3.40331
51 	145.062	160.155	148.413	3.65731
52 	144.965	159.875	148.237	3.67882
54 	144.923	160.225	147.934	3.86625
56 	144.573	159.105	147.641	3.91305
57 	144.083	159.805	147.506	4.0174 
61 	144.083	160.155	146.918	4.18483
62 	143.873	159.945	146.802	4.23487
64 	143.593	159.945	146.633	4.37075
65 	143.523	160.435	146.517	4.40266
66 	143.383	159.665	146.388	4.38242
68 	143.243	159.945	146.198	4.51489
69 	143.033	160.435	146.107	4.61508
70 	142.963	159.455	146.004	4.58731
73 	142.963	159.805	145.747	4.69642
75 	142.823	159.245	145.567	4.75836
76 	142.753	159.595	145.495	4.78574
78 	142.613	160.225	145.335	4.87783
81 	142.543	160.155	145.127	4.93659
82 	142.473	159.665	145.068	4.96614
86 	142.403	160.505	144.911	5.08472
87 	142.333	159.595	144.831	5.02205
93 	142.333	160.505	144.605	5.10342
194	142.333	159.245	144.499	5.167  
End Time (hh:mm:ss.ms) 2023-07-17 08:18:34.667488
Total Time (hh:mm:ss.ms) 0:00:36.421002
Individuo: [[26, 18, 13, 37, 15, 31, 22, 2, 7, 25, 10, 9, 17, 38, 36, 29, 27, 19, 24, 6, 5, 30, 4, 1, 32, 0, 33, 14, 8, 16, 35, 23, 12, 11, 28, 20, 21, 39, 34, 3], [0, 0, 0, 1, 1, 1, 1, 1, 1, 0, 0, 0, 1, 0, 0, 0, 0, 1, 0, 1, 0, 0, 1, 0, 1, 1, 1, 0, 0, 1, 1, 0, 0, 0, 1, 1, 1, 0, 1, 1]]
Fitness:  142.33250000000004
Gens:  [0, 1, 2, 3, 4, 5, 6, 7, 8, 9, 10, 11, 12, 13, 14, 15, 16, 17, 18, 19, 20, 21, 22, 23, 24, 25, 26, 27, 28, 29, 30, 31, 32, 33, 34, 35, 36, 37, 38, 39, 40, 41, 42, 43, 44, 45, 46, 47, 48, 49, 50, 51, 52, 53, 54, 55, 56, 57, 58, 59, 60, 61, 62, 63, 64, 65, 66, 67, 68, 69, 70, 71, 72, 73, 74, 75, 76, 77, 78, 79, 80, 81, 82, 83, 84, 85, 86, 87, 88, 89, 90, 91, 92, 93, 94, 95, 96, 97, 98, 99, 100, 101, 102, 103, 104, 105, 106, 107, 108, 109, 110, 111, 112, 113, 114, 115, 116, 117, 118, 119, 120, 121, 122, 123, 124, 125, 126, 127, 128, 129, 130, 131, 132, 133, 134, 135, 136, 137, 138, 139, 140, 141, 142, 143, 144, 145, 146, 147, 148, 149, 150, 151, 152, 153, 154, 155, 156, 157, 158, 159, 160, 161, 162, 163, 164, 165, 166, 167, 168, 169, 170, 171, 172, 173, 174, 175, 176, 177, 178, 179, 180, 181, 182, 183, 184, 185, 186, 187, 188, 189, 190, 191, 192, 193, 194]
Inds:  [152.97249999999997, 152.27249999999995, 151.08249999999995, 151.08249999999995, 151.08249999999995, 151.08249999999995, 151.08249999999995, 151.08249999999995, 151.08249999999995, 151.08249999999995, 150.75999999999996, 150.73249999999996, 150.73249999999996, 150.31249999999994, 150.31249999999994, 150.17249999999996, 150.17249999999996, 150.17249999999996, 149.63999999999993, 149.63999999999993, 149.63999999999993, 149.63999999999993, 149.63999999999993, 149.515, 149.515, 149.30499999999995, 148.35249999999994, 148.35249999999994, 148.35249999999994, 148.35249999999994, 148.21249999999995, 148.21249999999995, 148.21249999999995, 147.7925, 147.7925, 147.79249999999996, 147.55499999999998, 147.48499999999999, 147.48499999999999, 147.09249999999997, 147.09249999999994, 147.09249999999994, 146.97999999999996, 145.9725, 145.90250000000003, 145.76250000000002, 145.76250000000002, 145.76250000000002, 145.1325, 145.1325, 145.1325, 145.0625, 144.965, 144.965, 144.9225, 144.9225, 144.57250000000002, 144.08250000000004, 144.08250000000004, 144.08250000000004, 144.08250000000004, 144.0825, 143.8725, 143.8725, 143.59250000000003, 143.52250000000004, 143.38250000000002, 143.38250000000002, 143.24250000000004, 143.03250000000003, 142.96250000000003, 142.96250000000003, 142.96250000000003, 142.9625, 142.9625, 142.82250000000002, 142.75250000000003, 142.75250000000003, 142.61250000000004, 142.61250000000004, 142.61250000000004, 142.54250000000002, 142.47250000000003, 142.47250000000003, 142.47250000000003, 142.47250000000003, 142.40250000000006, 142.33250000000007, 142.33250000000007, 142.33250000000007, 142.33250000000007, 142.33250000000007, 142.33250000000007, 142.33250000000004, 142.33250000000004, 142.33250000000004, 142.33250000000004, 142.33250000000004, 142.33250000000004, 142.33250000000004, 142.33250000000004, 142.33250000000004, 142.33250000000004, 142.33250000000004, 142.33250000000004, 142.33250000000004, 142.33250000000004, 142.33250000000004, 142.33250000000004, 142.33250000000004, 142.33250000000004, 142.33250000000004, 142.33250000000004, 142.33250000000004, 142.33250000000004, 142.33250000000004, 142.33250000000004, 142.33250000000004, 142.33250000000004, 142.33250000000004, 142.33250000000004, 142.33250000000004, 142.33250000000004, 142.33250000000004, 142.33250000000004, 142.33250000000004, 142.33250000000004, 142.33250000000004, 142.33250000000004, 142.33250000000004, 142.33250000000004, 142.33250000000004, 142.33250000000004, 142.33250000000004, 142.33250000000004, 142.33250000000004, 142.33250000000004, 142.33250000000004, 142.33250000000004, 142.33250000000004, 142.33250000000004, 142.33250000000004, 142.33250000000004, 142.33250000000004, 142.33250000000004, 142.33250000000004, 142.33250000000004, 142.33250000000004, 142.33250000000004, 142.33250000000004, 142.33250000000004, 142.33250000000004, 142.33250000000004, 142.33250000000004, 142.33250000000004, 142.33250000000004, 142.33250000000004, 142.33250000000004, 142.33250000000004, 142.33250000000004, 142.33250000000004, 142.33250000000004, 142.33250000000004, 142.33250000000004, 142.33250000000004, 142.33250000000004, 142.33250000000004, 142.33250000000004, 142.33250000000004, 142.33250000000004, 142.33250000000004, 142.33250000000004, 142.33250000000004, 142.33250000000004, 142.33250000000004, 142.33250000000004, 142.33250000000004, 142.33250000000004, 142.33250000000004, 142.33250000000004, 142.33250000000004, 142.33250000000004, 142.33250000000004, 142.33250000000004, 142.33250000000004, 142.33250000000004, 142.33250000000004, 142.33250000000004, 142.33250000000004, 142.33250000000004, 142.33250000000004, 142.33250000000004, 142.33250000000004, 142.33250000000004, 142.33250000000004]

Execution 8:
Parametros: P=1000, Pe=0.3, Pm=0.15, pe=0.7, Parada=100
Start Time (hh:mm:ss.ms) 2023-07-17 08:18:35.596518
gen	min    	max    	avg    	std    
0  	152.665	161.485	156.844	1.29573
1  	152.595	160.435	155.989	1.17875
2  	151.825	160.015	155.613	1.27786
3  	151.685	159.595	155.387	1.3904 
5  	151.502	159.945	155.039	1.50784
7  	150.565	160.155	154.791	1.63306
14 	149.865	160.155	153.91 	1.842  
15 	149.612	161.485	153.781	1.87451
17 	149.585	160.435	153.489	1.96216
18 	149.262	160.925	153.337	1.97552
23 	149.192	160.505	152.52 	2.13865
24 	148.842	160.085	152.307	2.2062 
26 	147.61 	159.455	151.935	2.28078
30 	147.275	159.805	151.096	2.53846
34 	146.63 	159.735	150.382	2.83623
37 	146.113	159.455	149.723	3.0488 
41 	145.903	160.155	149.015	3.38866
42 	145.622	159.805	148.839	3.45627
43 	145.552	159.805	148.607	3.45873
44 	145.062	159.805	148.435	3.58169
46 	144.923	160.225	148.056	3.75071
47 	144.852	160.085	147.871	3.85046
48 	144.712	159.735	147.702	3.91287
49 	144.642	160.225	147.544	3.96562
50 	144.25 	159.595	147.422	4.05619
52 	144.04 	159.665	147.128	4.12708
53 	143.76 	160.715	146.977	4.19872
55 	143.55 	159.945	146.722	4.2946 
58 	143.452	159.805	146.353	4.42156
59 	143.34 	159.595	146.236	4.46283
60 	143.27 	160.155	146.163	4.55484
62 	143.242	160.715	145.964	4.62646
63 	143.13 	160.785	145.868	4.67103
64 	142.893	160.112	145.762	4.66116
66 	142.472	160.225	145.617	4.76276
68 	142.333	159.875	145.482	4.80397
73 	142.15 	159.315	145.116	4.92275
81 	142.08 	159.623	144.592	5.17343
182	142.08 	159.762	144.302	5.29483
End Time (hh:mm:ss.ms) 2023-07-17 08:19:08.711851
Total Time (hh:mm:ss.ms) 0:00:33.115333
Individuo: [[26, 34, 11, 23, 29, 24, 19, 27, 6, 36, 38, 9, 1, 0, 32, 25, 10, 17, 22, 2, 7, 33, 8, 14, 16, 35, 13, 18, 20, 37, 15, 31, 4, 30, 5, 12, 39, 21, 28, 3], [1, 0, 1, 1, 0, 1, 0, 1, 0, 1, 1, 1, 1, 1, 1, 0, 0, 1, 0, 1, 1, 1, 1, 1, 1, 0, 1, 1, 1, 1, 1, 1, 0, 1, 0, 1, 1, 0, 0, 0]]
Fitness:  142.08
Gens:  [0, 1, 2, 3, 4, 5, 6, 7, 8, 9, 10, 11, 12, 13, 14, 15, 16, 17, 18, 19, 20, 21, 22, 23, 24, 25, 26, 27, 28, 29, 30, 31, 32, 33, 34, 35, 36, 37, 38, 39, 40, 41, 42, 43, 44, 45, 46, 47, 48, 49, 50, 51, 52, 53, 54, 55, 56, 57, 58, 59, 60, 61, 62, 63, 64, 65, 66, 67, 68, 69, 70, 71, 72, 73, 74, 75, 76, 77, 78, 79, 80, 81, 82, 83, 84, 85, 86, 87, 88, 89, 90, 91, 92, 93, 94, 95, 96, 97, 98, 99, 100, 101, 102, 103, 104, 105, 106, 107, 108, 109, 110, 111, 112, 113, 114, 115, 116, 117, 118, 119, 120, 121, 122, 123, 124, 125, 126, 127, 128, 129, 130, 131, 132, 133, 134, 135, 136, 137, 138, 139, 140, 141, 142, 143, 144, 145, 146, 147, 148, 149, 150, 151, 152, 153, 154, 155, 156, 157, 158, 159, 160, 161, 162, 163, 164, 165, 166, 167, 168, 169, 170, 171, 172, 173, 174, 175, 176, 177, 178, 179, 180, 181, 182]
Inds:  [152.66499999999996, 152.595, 151.82499999999993, 151.68499999999997, 151.68499999999997, 151.50249999999997, 151.50249999999997, 150.56499999999997, 150.56499999999997, 150.56499999999997, 150.56499999999997, 150.56499999999997, 150.56499999999997, 150.56499999999997, 149.865, 149.61249999999993, 149.61249999999993, 149.58499999999995, 149.26249999999996, 149.26249999999996, 149.26249999999996, 149.26249999999996, 149.26249999999996, 149.19249999999994, 148.84249999999997, 148.84249999999997, 147.61, 147.61, 147.61, 147.61, 147.27499999999998, 147.27499999999998, 147.27499999999998, 147.27499999999998, 146.62999999999997, 146.62999999999997, 146.62999999999997, 146.1125, 146.1125, 146.1125, 146.1125, 145.9025, 145.62249999999992, 145.55249999999998, 145.06249999999997, 145.06249999999997, 144.92250000000004, 144.85249999999996, 144.71249999999998, 144.64249999999996, 144.25, 144.25, 144.04, 143.76000000000002, 143.76000000000002, 143.54999999999998, 143.54999999999998, 143.54999999999998, 143.4525, 143.34, 143.27, 143.27, 143.24249999999998, 143.13, 142.8925, 142.8925, 142.4725, 142.4725, 142.3325, 142.3325, 142.3325, 142.3325, 142.3325, 142.15, 142.15, 142.15, 142.15, 142.15, 142.15, 142.15, 142.15, 142.08, 142.08, 142.08, 142.08, 142.08, 142.08, 142.08, 142.08, 142.08, 142.08, 142.08, 142.08, 142.08, 142.08, 142.08, 142.08, 142.08, 142.08, 142.08, 142.08, 142.08, 142.08, 142.08, 142.08, 142.08, 142.08, 142.08, 142.08, 142.08, 142.08, 142.08, 142.08, 142.08, 142.08, 142.08, 142.08, 142.08, 142.08, 142.08, 142.08, 142.08, 142.08, 142.08, 142.08, 142.08, 142.08, 142.08, 142.08, 142.08, 142.08, 142.08, 142.08, 142.08, 142.08, 142.08, 142.08, 142.08, 142.08, 142.08, 142.08, 142.08, 142.08, 142.08, 142.08, 142.08, 142.08, 142.08, 142.08, 142.08, 142.08, 142.08, 142.08, 142.08, 142.08, 142.08, 142.08, 142.08, 142.08, 142.08, 142.08, 142.08, 142.08, 142.08, 142.08, 142.08, 142.08, 142.08, 142.08, 142.08, 142.08, 142.08, 142.08, 142.08, 142.08, 142.08, 142.08, 142.08, 142.08, 142.08, 142.08, 142.08, 142.08]

Execution 9:
Parametros: P=1000, Pe=0.3, Pm=0.15, pe=0.7, Parada=100
Start Time (hh:mm:ss.ms) 2023-07-17 08:19:09.744852
gen	min    	max    	avg    	std    
0  	150.985	161.345	156.866	1.23644
7  	150.942	159.805	154.667	1.57323
10 	150.873	159.735	154.311	1.72839
11 	150.705	159.595	154.102	1.7225 
12 	150.593	160.225	153.974	1.79236
13 	150.425	159.525	153.758	1.8002 
14 	149.962	159.665	153.65 	1.85409
16 	149.655	159.525	153.344	1.94237
20 	149.305	159.665	152.64 	2.0993 
21 	149.025	161.135	152.363	2.10982
23 	148.255	159.525	151.971	2.27422
26 	147.233	159.875	151.378	2.52626
32 	147.135	159.525	150.266	2.90041
33 	146.463	160.015	150.11 	2.93968
34 	146.365	160.785	149.971	3.05569
37 	145.763	160.225	149.546	3.18538
40 	145.525	160.575	149.212	3.28754
44 	145.455	160.155	148.842	3.48373
47 	145.455	159.735	148.499	3.58449
48 	145.175	159.595	148.341	3.64669
50 	144.432	160.225	148.144	3.69836
54 	144.222	159.455	147.71 	3.84226
56 	143.985	160.295	147.513	4.0449 
59 	143.845	159.762	147.085	4.11583
61 	143.705	160.505	146.854	4.23176
62 	143.705	160.085	146.727	4.41162
63 	143.635	160.645	146.54 	4.38822
64 	143.145	159.665	146.386	4.4194 
65 	143.005	159.735	146.239	4.49411
68 	142.795	160.252	145.805	4.70906
69 	142.725	160.225	145.672	4.76892
70 	142.725	160.715	145.544	4.81116
71 	142.585	159.665	145.452	4.88266
72 	142.445	160.505	145.286	4.79596
73 	142.305	159.945	145.191	4.88686
74 	142.235	159.315	145.097	4.92898
75 	142.165	159.665	145.015	4.98844
80 	142.025	159.875	144.716	5.10449
82 	141.885	160.295	144.595	5.15949
84 	141.815	160.715	144.443	5.1505 
86 	141.815	160.225	144.41 	5.30276
87 	141.675	160.435	144.335	5.27735
89 	141.535	160.015	144.269	5.31203
90 	141.535	160.575	144.24 	5.32872
191	141.535	159.805	143.809	5.42774
End Time (hh:mm:ss.ms) 2023-07-17 08:19:46.422362
Total Time (hh:mm:ss.ms) 0:00:36.677510
Individuo: [[28, 20, 21, 5, 39, 11, 12, 16, 14, 27, 6, 29, 0, 33, 1, 32, 25, 10, 9, 17, 22, 2, 7, 8, 19, 24, 36, 38, 31, 15, 37, 30, 4, 23, 35, 13, 18, 34, 26, 3], [1, 1, 1, 0, 0, 1, 1, 0, 0, 1, 1, 0, 1, 0, 0, 1, 0, 0, 0, 1, 0, 1, 1, 1, 1, 1, 1, 0, 0, 0, 0, 0, 0, 0, 0, 1, 1, 1, 1, 1]]
Fitness:  141.53500000000003
Gens:  [0, 1, 2, 3, 4, 5, 6, 7, 8, 9, 10, 11, 12, 13, 14, 15, 16, 17, 18, 19, 20, 21, 22, 23, 24, 25, 26, 27, 28, 29, 30, 31, 32, 33, 34, 35, 36, 37, 38, 39, 40, 41, 42, 43, 44, 45, 46, 47, 48, 49, 50, 51, 52, 53, 54, 55, 56, 57, 58, 59, 60, 61, 62, 63, 64, 65, 66, 67, 68, 69, 70, 71, 72, 73, 74, 75, 76, 77, 78, 79, 80, 81, 82, 83, 84, 85, 86, 87, 88, 89, 90, 91, 92, 93, 94, 95, 96, 97, 98, 99, 100, 101, 102, 103, 104, 105, 106, 107, 108, 109, 110, 111, 112, 113, 114, 115, 116, 117, 118, 119, 120, 121, 122, 123, 124, 125, 126, 127, 128, 129, 130, 131, 132, 133, 134, 135, 136, 137, 138, 139, 140, 141, 142, 143, 144, 145, 146, 147, 148, 149, 150, 151, 152, 153, 154, 155, 156, 157, 158, 159, 160, 161, 162, 163, 164, 165, 166, 167, 168, 169, 170, 171, 172, 173, 174, 175, 176, 177, 178, 179, 180, 181, 182, 183, 184, 185, 186, 187, 188, 189, 190, 191]
Inds:  [150.98499999999999, 150.98499999999999, 150.98499999999999, 150.98499999999999, 150.98499999999999, 150.98499999999999, 150.98499999999999, 150.9425, 150.9425, 150.9425, 150.8725, 150.70499999999996, 150.59250000000003, 150.425, 149.96249999999992, 149.96249999999992, 149.65499999999994, 149.65499999999994, 149.65499999999994, 149.65499999999994, 149.305, 149.02499999999995, 149.02499999999995, 148.255, 148.255, 148.255, 147.23250000000002, 147.23250000000002, 147.23250000000002, 147.23250000000002, 147.23250000000002, 147.23250000000002, 147.13500000000002, 146.4625, 146.36499999999998, 146.36499999999998, 146.36499999999998, 145.76250000000002, 145.76250000000002, 145.76250000000002, 145.52499999999998, 145.52499999999998, 145.52499999999998, 145.52499999999998, 145.455, 145.455, 145.455, 145.45499999999998, 145.175, 145.175, 144.43249999999998, 144.43249999999998, 144.43249999999998, 144.43249999999998, 144.2225, 144.2225, 143.985, 143.985, 143.985, 143.845, 143.845, 143.70499999999998, 143.70499999999996, 143.63499999999996, 143.14500000000004, 143.005, 143.005, 143.005, 142.79500000000002, 142.72500000000002, 142.725, 142.585, 142.44500000000002, 142.305, 142.23499999999999, 142.165, 142.165, 142.165, 142.165, 142.165, 142.025, 142.025, 141.88500000000002, 141.88500000000002, 141.81500000000005, 141.81500000000005, 141.81500000000003, 141.67500000000004, 141.67500000000004, 141.53500000000005, 141.53500000000003, 141.53500000000003, 141.53500000000003, 141.53500000000003, 141.53500000000003, 141.53500000000003, 141.53500000000003, 141.53500000000003, 141.53500000000003, 141.53500000000003, 141.53500000000003, 141.53500000000003, 141.53500000000003, 141.53500000000003, 141.53500000000003, 141.53500000000003, 141.53500000000003, 141.53500000000003, 141.53500000000003, 141.53500000000003, 141.53500000000003, 141.53500000000003, 141.53500000000003, 141.53500000000003, 141.53500000000003, 141.53500000000003, 141.53500000000003, 141.53500000000003, 141.53500000000003, 141.53500000000003, 141.53500000000003, 141.53500000000003, 141.53500000000003, 141.53500000000003, 141.53500000000003, 141.53500000000003, 141.53500000000003, 141.53500000000003, 141.53500000000003, 141.53500000000003, 141.53500000000003, 141.53500000000003, 141.53500000000003, 141.53500000000003, 141.53500000000003, 141.53500000000003, 141.53500000000003, 141.53500000000003, 141.53500000000003, 141.53500000000003, 141.53500000000003, 141.53500000000003, 141.53500000000003, 141.53500000000003, 141.53500000000003, 141.53500000000003, 141.53500000000003, 141.53500000000003, 141.53500000000003, 141.53500000000003, 141.53500000000003, 141.53500000000003, 141.53500000000003, 141.53500000000003, 141.53500000000003, 141.53500000000003, 141.53500000000003, 141.53500000000003, 141.53500000000003, 141.53500000000003, 141.53500000000003, 141.53500000000003, 141.53500000000003, 141.53500000000003, 141.53500000000003, 141.53500000000003, 141.53500000000003, 141.53500000000003, 141.53500000000003, 141.53500000000003, 141.53500000000003, 141.53500000000003, 141.53500000000003, 141.53500000000003, 141.53500000000003, 141.53500000000003, 141.53500000000003, 141.53500000000003, 141.53500000000003, 141.53500000000003, 141.53500000000003, 141.53500000000003, 141.53500000000003, 141.53500000000003, 141.53500000000003, 141.53500000000003, 141.53500000000003, 141.53500000000003, 141.53500000000003, 141.53500000000003, 141.53500000000003, 141.53500000000003]

Execution 10:
Parametros: P=1000, Pe=0.3, Pm=0.15, pe=0.7, Parada=100
Start Time (hh:mm:ss.ms) 2023-07-17 08:19:47.383364
gen	min    	max    	avg    	std    
0  	152.315	160.645	156.833	1.28671
1  	152.062	160.925	156.029	1.19342
4  	151.572	160.225	155.163	1.39509
5  	150.593	159.805	154.998	1.45962
11 	150.285	160.855	154.083	1.7444 
13 	149.542	160.015	153.747	1.81513
16 	149.515	160.365	153.328	1.97395
21 	149.445	160.365	152.624	2.14967
22 	149.01 	160.015	152.385	2.25048
24 	148.45 	159.735	152.007	2.2646 
26 	147.82 	159.665	151.657	2.40998
30 	147.792	160.435	150.885	2.62502
31 	147.512	159.875	150.721	2.74792
32 	147.232	160.085	150.501	2.73438
33 	147.022	159.945	150.288	2.85869
34 	146.882	160.155	150.134	2.98167
36 	146.252	160.085	149.672	3.12348
37 	146.085	159.595	149.449	3.1989 
39 	145.623	159.875	149.058	3.37403
42 	145.23 	159.105	148.464	3.61817
44 	144.88 	159.735	148.119	3.78262
45 	144.67 	160.155	147.906	3.80031
48 	144.643	159.665	147.514	4.0163 
49 	144.125	159.525	147.373	4.05105
50 	144.11 	160.575	147.26 	4.20875
51 	143.97 	159.945	147.117	4.14708
52 	143.663	160.575	146.996	4.22134
55 	143.383	160.855	146.656	4.38   
56 	143.173	160.505	146.497	4.40576
57 	143.032	160.505	146.387	4.47795
59 	142.823	159.875	146.115	4.52652
60 	142.753	159.692	145.997	4.56415
61 	142.71 	159.805	145.87 	4.64205
62 	142.333	159.875	145.726	4.62876
68 	142.193	159.945	145.108	4.86928
69 	142.123	159.945	145.065	4.98216
73 	142.053	159.315	144.74 	5.0536 
74 	141.913	159.805	144.687	5.16204
75 	141.773	159.735	144.604	5.12121
76 	141.563	159.315	144.56 	5.15822
86 	141.493	159.875	144.182	5.35083
88 	141.423	159.553	144.08 	5.38514
89 	141.353	159.735	144.022	5.38889
99 	141.213	161.345	143.706	5.62399
200	141.213	159.665	143.559	5.60732
End Time (hh:mm:ss.ms) 2023-07-17 08:20:23.817011
Total Time (hh:mm:ss.ms) 0:00:36.433647
Individuo: [[3, 26, 34, 28, 20, 21, 37, 15, 31, 29, 30, 5, 39, 11, 12, 35, 23, 4, 36, 38, 22, 2, 7, 9, 17, 10, 25, 1, 32, 33, 0, 8, 19, 24, 6, 27, 14, 16, 13, 18], [0, 1, 1, 1, 1, 1, 1, 1, 1, 1, 1, 1, 0, 1, 1, 0, 1, 1, 1, 1, 1, 1, 1, 0, 0, 1, 1, 0, 1, 1, 0, 1, 1, 0, 1, 0, 1, 1, 1, 1]]
Fitness:  141.21250000000003
Gens:  [0, 1, 2, 3, 4, 5, 6, 7, 8, 9, 10, 11, 12, 13, 14, 15, 16, 17, 18, 19, 20, 21, 22, 23, 24, 25, 26, 27, 28, 29, 30, 31, 32, 33, 34, 35, 36, 37, 38, 39, 40, 41, 42, 43, 44, 45, 46, 47, 48, 49, 50, 51, 52, 53, 54, 55, 56, 57, 58, 59, 60, 61, 62, 63, 64, 65, 66, 67, 68, 69, 70, 71, 72, 73, 74, 75, 76, 77, 78, 79, 80, 81, 82, 83, 84, 85, 86, 87, 88, 89, 90, 91, 92, 93, 94, 95, 96, 97, 98, 99, 100, 101, 102, 103, 104, 105, 106, 107, 108, 109, 110, 111, 112, 113, 114, 115, 116, 117, 118, 119, 120, 121, 122, 123, 124, 125, 126, 127, 128, 129, 130, 131, 132, 133, 134, 135, 136, 137, 138, 139, 140, 141, 142, 143, 144, 145, 146, 147, 148, 149, 150, 151, 152, 153, 154, 155, 156, 157, 158, 159, 160, 161, 162, 163, 164, 165, 166, 167, 168, 169, 170, 171, 172, 173, 174, 175, 176, 177, 178, 179, 180, 181, 182, 183, 184, 185, 186, 187, 188, 189, 190, 191, 192, 193, 194, 195, 196, 197, 198, 199, 200]
Inds:  [152.31499999999997, 152.06249999999991, 152.06249999999991, 152.06249999999991, 151.5725, 150.5925, 150.5925, 150.5925, 150.5925, 150.5925, 150.5925, 150.28499999999997, 150.28499999999997, 149.54249999999996, 149.54249999999996, 149.54249999999996, 149.51499999999996, 149.51499999999996, 149.51499999999996, 149.51499999999996, 149.51499999999996, 149.44499999999996, 149.00999999999996, 149.00999999999996, 148.4499999999999, 148.4499999999999, 147.82, 147.82, 147.82, 147.82, 147.79249999999996, 147.5125, 147.23249999999996, 147.02249999999998, 146.8825, 146.8825, 146.2525, 146.08499999999995, 146.08499999999995, 145.6225, 145.6225, 145.6225, 145.23, 145.23, 144.88, 144.67000000000002, 144.67000000000002, 144.67000000000002, 144.6425, 144.125, 144.11000000000004, 143.97, 143.66250000000002, 143.66250000000002, 143.66250000000002, 143.38250000000002, 143.1725, 143.0325, 143.0325, 142.82250000000005, 142.75250000000003, 142.71000000000006, 142.33250000000004, 142.33250000000004, 142.33250000000004, 142.33250000000004, 142.33250000000004, 142.33250000000004, 142.19250000000002, 142.1225, 142.1225, 142.1225, 142.1225, 142.0525, 141.91250000000002, 141.7725, 141.56250000000003, 141.56250000000003, 141.56250000000003, 141.56250000000003, 141.56250000000003, 141.56250000000003, 141.56250000000003, 141.56250000000003, 141.56250000000003, 141.56250000000003, 141.49250000000004, 141.49250000000004, 141.42250000000004, 141.35250000000002, 141.35250000000002, 141.35250000000002, 141.35250000000002, 141.35250000000002, 141.35250000000002, 141.35250000000002, 141.35250000000002, 141.35250000000002, 141.35250000000002, 141.21250000000003, 141.21250000000003, 141.21250000000003, 141.21250000000003, 141.21250000000003, 141.21250000000003, 141.21250000000003, 141.21250000000003, 141.21250000000003, 141.21250000000003, 141.21250000000003, 141.21250000000003, 141.21250000000003, 141.21250000000003, 141.21250000000003, 141.21250000000003, 141.21250000000003, 141.21250000000003, 141.21250000000003, 141.21250000000003, 141.21250000000003, 141.21250000000003, 141.21250000000003, 141.21250000000003, 141.21250000000003, 141.21250000000003, 141.21250000000003, 141.21250000000003, 141.21250000000003, 141.21250000000003, 141.21250000000003, 141.21250000000003, 141.21250000000003, 141.21250000000003, 141.21250000000003, 141.21250000000003, 141.21250000000003, 141.21250000000003, 141.21250000000003, 141.21250000000003, 141.21250000000003, 141.21250000000003, 141.21250000000003, 141.21250000000003, 141.21250000000003, 141.21250000000003, 141.21250000000003, 141.21250000000003, 141.21250000000003, 141.21250000000003, 141.21250000000003, 141.21250000000003, 141.21250000000003, 141.21250000000003, 141.21250000000003, 141.21250000000003, 141.21250000000003, 141.21250000000003, 141.21250000000003, 141.21250000000003, 141.21250000000003, 141.21250000000003, 141.21250000000003, 141.21250000000003, 141.21250000000003, 141.21250000000003, 141.21250000000003, 141.21250000000003, 141.21250000000003, 141.21250000000003, 141.21250000000003, 141.21250000000003, 141.21250000000003, 141.21250000000003, 141.21250000000003, 141.21250000000003, 141.21250000000003, 141.21250000000003, 141.21250000000003, 141.21250000000003, 141.21250000000003, 141.21250000000003, 141.21250000000003, 141.21250000000003, 141.21250000000003, 141.21250000000003, 141.21250000000003, 141.21250000000003, 141.21250000000003, 141.21250000000003, 141.21250000000003, 141.21250000000003, 141.21250000000003, 141.21250000000003, 141.21250000000003, 141.21250000000003, 141.21250000000003, 141.21250000000003, 141.21250000000003, 141.21250000000003, 141.21250000000003, 141.21250000000003]

