BRKGA-Heuristic:

Execution 1:
Parametros: P=1000, Pe=0.3, Pm=0.15, pe=0.7, Parada=100
Start Time (hh:mm:ss.ms) 2023-07-17 09:20:26.737987
gen	min    	max    	avg    	std    
0  	497.588	534.643	528.597	4.25647
1  	446.93 	559.448	506.071	23.2874
66 	445.272	533.905	463.837	27.6173
67 	445.113	534.017	463.401	28.0608
68 	443.905	533.558	462.112	28.1902
69 	442.84 	534.148	461.46 	28.737 
70 	441.77 	533.7  	460.365	28.8646
71 	439.94 	533.288	459.745	29.2011
74 	439.31 	534.015	457.222	29.8351
75 	437.957	535.627	456.612	30.6672
77 	436.907	535.238	455.156	31.0064
78 	436.44 	534.155	454.552	31.121 
79 	435.887	533.285	454.264	31.4664
81 	435.152	534.013	453.142	32.0325
82 	434.552	534.128	452.434	32.1875
83 	434.53 	534.017	452.046	32.4786
84 	433.947	535.035	451.401	32.4654
85 	433.118	533.353	450.963	32.6756
86 	431.403	535.773	450.273	33.057 
88 	430.885	533.735	449.329	33.3469
90 	430.84 	533.94 	448.58 	33.6094
91 	430.398	533.318	447.957	33.8616
92 	430.02 	533.608	447.681	34.3593
93 	429.205	533.63 	447.138	34.3245
95 	428.933	533.558	446.312	34.5856
96 	428.58 	533.468	446.063	34.7149
97 	428.472	534.158	445.609	35.0185
98 	427.868	534.428	445.317	35.199 
99 	427.105	532.86 	444.907	35.1909
101	426.535	533.462	444.4  	35.6421
102	426.34 	533.885	443.965	35.6618
103	426.103	533.707	443.57 	35.6263
104	426.095	532.41 	443.264	35.7577
105	426.02 	533.6  	443.083	36.0404
106	425.175	534.058	442.91 	36.1866
108	424.5  	533.275	442.201	36.3371
112	424.345	533.433	441.205	36.7375
114	423.818	533.245	440.814	36.8464
115	423.793	534.685	440.812	37.233 
116	423.15 	533.903	440.45 	37.0437
117	423.08 	533.353	440.359	37.4137
119	422.873	534.155	439.917	37.4226
121	422.698	533.323	439.58 	37.5824
122	422.165	533.698	439.34 	37.5411
125	421.978	533.91 	438.92 	37.8292
126	421.848	533.913	438.674	37.701 
127	421.61 	533.848	438.639	37.9175
129	421.268	533.07 	438.23 	37.7533
132	421.163	533.03 	437.884	38.0016
133	421.088	533.555	437.787	38.1038
134	421.058	533.833	437.639	38.0519
135	420.745	534.47 	437.683	38.4463
136	420.64 	536.12 	437.626	38.6122
137	420.575	534.398	437.467	38.4941
139	420.505	533.878	437.217	38.4668
140	420.503	533.745	437.111	38.4557
141	420.468	535.168	436.97 	38.3441
142	420.398	532.89 	437.043	38.7297
143	420.293	536.23 	436.886	38.5724
145	420.253	533.353	436.806	38.7053
146	420.228	533.428	436.758	38.7665
147	420.155	534.718	436.693	38.7634
150	420.153	533.255	436.508	38.6733
151	420.088	534.473	436.486	38.7163
155	420.085	532.793	436.429	38.7647
End Time (hh:mm:ss.ms) 2023-07-17 09:25:35.705728
Total Time (hh:mm:ss.ms) 0:05:08.967741
Individuo: [[106, 77, 7, 118, 20, 27, 69, 42, 92, 64, 21, 49, 26, 29, 103, 45, 56, 28, 25, 81, 131, 24, 88, 6, 18, 107, 134, 95, 123, 136, 84, 128, 93, 114, 90, 135, 67, 94, 144, 53, 43, 87, 105, 4, 154, 148, 23, 140, 83, 13, 38, 132, 60, 70, 79, 110, 137, 130, 37, 119, 3, 71, 151, 61, 5, 101, 129, 68, 89, 73, 51, 39, 76, 32, 146, 36, 31, 138, 141, 143, 102, 74, 11, 104, 48, 96, 58, 86, 30, 149, 66, 122, 115, 40, 19, 82, 52, 75, 15, 112, 57, 99, 127, 35, 16, 117, 100, 152, 113, 55, 12, 59, 142, 108, 126, 62, 111, 1, 44, 47, 85, 145, 139, 116, 80, 147, 72, 2, 155, 150, 63, 9, 22, 17, 0, 153, 124, 65, 41, 156, 50, 14, 54, 10, 91, 133, 46, 34, 120, 98, 97, 8, 109, 78, 33, 121, 125], [1, 1, 1, 0, 0, 1, 1, 1, 0, 1, 1, 1, 1, 1, 1, 0, 0, 1, 1, 0, 1, 0, 1, 1, 0, 0, 0, 1, 0, 1, 0, 1, 0, 0, 1, 0, 1, 1, 0, 0, 0, 0, 0, 1, 0, 0, 1, 1, 1, 1, 1, 1, 1, 1, 1, 0, 0, 0, 1, 1, 1, 0, 0, 1, 1, 0, 0, 1, 1, 1, 1, 0, 0, 0, 1, 1, 1, 1, 0, 1, 0, 1, 1, 1, 1, 1, 1, 0, 0, 0, 0, 1, 0, 1, 1, 1, 1, 1, 1, 1, 1, 0, 0, 0, 0, 1, 1, 0, 0, 1, 0, 0, 0, 1, 1, 1, 0, 0, 0, 0, 1, 0, 1, 0, 0, 1, 1, 0, 0, 0, 1, 0, 1, 0, 0, 0, 1, 1, 0, 0, 0, 1, 1, 1, 1, 0, 1, 1, 1, 1, 1, 1, 1, 1, 1, 1, 1]]
Fitness:  420.08500000000026
Gens:  [0, 1, 2, 3, 4, 5, 6, 7, 8, 9, 10, 11, 12, 13, 14, 15, 16, 17, 18, 19, 20, 21, 22, 23, 24, 25, 26, 27, 28, 29, 30, 31, 32, 33, 34, 35, 36, 37, 38, 39, 40, 41, 42, 43, 44, 45, 46, 47, 48, 49, 50, 51, 52, 53, 54, 55, 56, 57, 58, 59, 60, 61, 62, 63, 64, 65, 66, 67, 68, 69, 70, 71, 72, 73, 74, 75, 76, 77, 78, 79, 80, 81, 82, 83, 84, 85, 86, 87, 88, 89, 90, 91, 92, 93, 94, 95, 96, 97, 98, 99, 100, 101, 102, 103, 104, 105, 106, 107, 108, 109, 110, 111, 112, 113, 114, 115, 116, 117, 118, 119, 120, 121, 122, 123, 124, 125, 126, 127, 128, 129, 130, 131, 132, 133, 134, 135, 136, 137, 138, 139, 140, 141, 142, 143, 144, 145, 146, 147, 148, 149, 150, 151, 152, 153, 154, 155, 156, 157]
Inds:  [497.58750000000015, 446.93, 446.93, 446.93, 446.93, 446.93, 446.93, 446.93, 446.93, 446.93, 446.93, 446.93, 446.93, 446.93, 446.93, 446.93, 446.93, 446.93, 446.93, 446.93, 446.93, 446.93, 446.93, 446.93, 446.93, 446.93, 446.93, 446.93, 446.93, 446.93, 446.93, 446.93, 446.93, 446.93, 446.93, 446.93, 446.93, 446.93, 446.93, 446.93, 446.93, 446.93, 446.93, 446.93, 446.93, 446.93, 446.93, 446.93, 446.93, 446.93, 446.93, 446.93, 446.93, 446.93, 446.93, 446.93, 446.93, 446.93, 446.93, 446.93, 446.93, 446.93, 446.93, 446.93, 446.93, 446.93, 445.2724999999998, 445.1125000000001, 443.90500000000026, 442.84, 441.7699999999998, 439.9399999999999, 439.9399999999999, 439.9399999999999, 439.3099999999998, 437.9574999999998, 437.9574999999998, 436.9074999999998, 436.44, 435.8874999999999, 435.8874999999999, 435.1524999999999, 434.5524999999997, 434.5300000000001, 433.9474999999999, 433.1175, 431.4025000000002, 431.4025000000002, 430.8850000000001, 430.8850000000001, 430.84000000000003, 430.39750000000004, 430.02000000000004, 429.20500000000015, 429.20500000000015, 428.9325, 428.5800000000001, 428.4724999999999, 427.8675, 427.1050000000002, 427.1050000000002, 426.535, 426.3400000000001, 426.1025000000001, 426.0950000000001, 426.02000000000004, 425.17500000000024, 425.17500000000024, 424.5000000000001, 424.5000000000001, 424.5000000000001, 424.5000000000001, 424.3450000000001, 424.3450000000001, 423.81750000000017, 423.79250000000025, 423.1500000000001, 423.0800000000002, 423.0800000000002, 422.8725000000003, 422.8725000000003, 422.69750000000033, 422.16500000000025, 422.16500000000025, 422.16500000000025, 421.9775000000001, 421.84750000000037, 421.61000000000024, 421.61000000000024, 421.2675000000002, 421.2675000000002, 421.2675000000002, 421.16250000000025, 421.0875000000001, 421.0575000000002, 420.7450000000001, 420.6400000000002, 420.57500000000016, 420.57500000000016, 420.5050000000003, 420.5025000000002, 420.46750000000014, 420.3975000000002, 420.29250000000013, 420.29250000000013, 420.2525000000003, 420.22750000000025, 420.1550000000002, 420.1550000000002, 420.1550000000002, 420.15250000000026, 420.0875000000002, 420.0875000000002, 420.0875000000002, 420.0875000000002, 420.08500000000026, 420.08500000000026, 420.08500000000026]

Execution 2:
Parametros: P=1000, Pe=0.3, Pm=0.15, pe=0.7, Parada=100
Start Time (hh:mm:ss.ms) 2023-07-17 09:25:38.078935
gen	min    	max    	avg    	std    
0  	495.833	534.675	528.608	3.99296
1  	444.443	553.93 	506.797	23.1746
44 	443.182	533.398	467.749	26.4197
45 	442.995	534.08 	465.993	27.0352
48 	442.505	533.595	461.37 	28.667 
49 	440.437	533.803	459.973	29.1074
50 	440.265	534.233	458.697	29.444 
52 	438.382	534.123	456.928	30.3983
53 	438.24 	535.13 	455.967	30.6064
54 	438.037	533.633	455.077	31.0221
55 	436.877	533.458	454.32 	31.2826
56 	436.652	533.523	453.657	31.714 
57 	435.837	533.312	452.863	31.7268
58 	434.57 	533.598	452.226	32.031 
59 	433.375	533.383	451.681	32.4534
61 	432.928	534.305	450.423	32.8396
62 	431.84 	535.313	449.745	33.1566
63 	431.76 	533.217	449.316	33.6093
64 	431.518	534.223	448.546	33.5777
65 	430.995	532.613	448.15 	33.9692
66 	430.395	533.518	447.603	34.0622
67 	429.775	533.628	447.187	34.2091
68 	428.952	533.113	446.7  	34.412 
70 	428.448	533.103	445.766	34.7343
71 	428.123	533.913	445.409	34.9991
72 	427.85 	533.635	444.963	35.1369
73 	427.435	533.458	444.569	35.2761
74 	427.148	534.873	444.195	35.4652
75 	426.943	533.213	443.898	35.7237
76 	426.628	533.35 	443.467	35.7427
77 	426.28 	533.708	443.228	36.1139
78 	426.135	533.878	442.819	36.0414
79 	425.403	533.215	442.517	36.1432
80 	425.23 	533.063	442.286	36.3266
81 	425.02 	535.025	441.995	36.4108
82 	424.945	533.035	441.746	36.4487
83 	424.665	534.23 	441.462	36.5243
84 	424.52 	534.62 	441.293	36.7956
86 	423.89 	534.398	440.753	36.8402
87 	423.758	534.507	440.534	37.0163
90 	423.683	533.46 	439.948	37.1764
91 	423.51 	533.353	439.795	37.2358
92 	423.333	533.818	439.766	37.5078
93 	423.258	532.933	439.535	37.3042
95 	423.16 	532.863	439.445	37.5495
96 	423.16 	533.563	439.309	37.4279
97 	422.948	533.01 	439.146	37.2553
99 	422.945	534.115	439.154	37.6478
100	422.805	534.438	439.004	37.5162
101	422.49 	532.86 	439.039	37.7879
104	422.423	534.585	438.756	37.8332
105	422.358	533.045	438.717	37.9924
106	422.218	533.738	438.531	37.8267
108	422.213	532.973	438.3  	37.696 
110	422.175	533.67 	438.315	38.0082
112	422.103	534.603	438.209	38.0242
113	422.035	532.863	438.165	37.9792
114	422.005	532.825	438.1  	37.8585
116	422.003	533    	438.017	37.6836
End Time (hh:mm:ss.ms) 2023-07-17 09:30:46.204025
Total Time (hh:mm:ss.ms) 0:05:08.125090
Individuo: [[94, 14, 90, 7, 67, 43, 15, 111, 110, 127, 154, 147, 144, 112, 115, 40, 107, 134, 95, 34, 98, 97, 8, 78, 10, 91, 133, 123, 56, 136, 88, 24, 18, 124, 42, 65, 82, 52, 152, 55, 75, 105, 87, 108, 126, 148, 53, 4, 139, 66, 122, 149, 72, 145, 47, 44, 62, 70, 79, 100, 155, 19, 41, 118, 85, 156, 131, 84, 6, 25, 150, 2, 20, 81, 0, 26, 28, 49, 21, 64, 103, 29, 9, 22, 17, 80, 151, 96, 32, 38, 30, 86, 99, 37, 119, 61, 104, 101, 129, 68, 73, 36, 31, 138, 3, 141, 51, 102, 74, 146, 11, 71, 5, 89, 48, 143, 58, 76, 142, 39, 59, 12, 117, 113, 16, 35, 60, 57, 23, 153, 92, 114, 45, 93, 128, 63, 50, 69, 27, 77, 106, 135, 116, 1, 125, 121, 33, 54, 140, 46, 120, 109, 83, 13, 130, 137, 132], [1, 0, 0, 1, 1, 0, 0, 1, 1, 1, 1, 1, 0, 1, 1, 1, 0, 0, 1, 1, 1, 1, 1, 1, 1, 1, 1, 0, 1, 1, 0, 1, 0, 0, 1, 1, 1, 1, 0, 0, 1, 1, 1, 1, 1, 1, 0, 0, 0, 0, 1, 0, 0, 1, 1, 1, 0, 1, 1, 1, 0, 1, 0, 1, 1, 1, 0, 0, 1, 1, 1, 0, 0, 1, 0, 0, 0, 0, 0, 0, 0, 0, 0, 1, 0, 1, 0, 0, 1, 1, 1, 0, 1, 1, 1, 1, 1, 0, 1, 0, 1, 1, 1, 1, 1, 0, 1, 1, 1, 0, 1, 1, 1, 1, 1, 1, 0, 1, 1, 0, 1, 1, 0, 1, 1, 1, 1, 0, 0, 1, 1, 1, 1, 1, 1, 0, 1, 1, 1, 0, 0, 1, 0, 1, 1, 0, 1, 0, 1, 1, 1, 1, 1, 1, 1, 1, 1]]
Fitness:  422.0025000000001
Gens:  [0, 1, 2, 3, 4, 5, 6, 7, 8, 9, 10, 11, 12, 13, 14, 15, 16, 17, 18, 19, 20, 21, 22, 23, 24, 25, 26, 27, 28, 29, 30, 31, 32, 33, 34, 35, 36, 37, 38, 39, 40, 41, 42, 43, 44, 45, 46, 47, 48, 49, 50, 51, 52, 53, 54, 55, 56, 57, 58, 59, 60, 61, 62, 63, 64, 65, 66, 67, 68, 69, 70, 71, 72, 73, 74, 75, 76, 77, 78, 79, 80, 81, 82, 83, 84, 85, 86, 87, 88, 89, 90, 91, 92, 93, 94, 95, 96, 97, 98, 99, 100, 101, 102, 103, 104, 105, 106, 107, 108, 109, 110, 111, 112, 113, 114, 115, 116, 117, 118, 119, 120, 121, 122, 123, 124, 125, 126, 127, 128, 129, 130, 131, 132, 133, 134, 135, 136, 137, 138, 139, 140, 141, 142, 143, 144, 145, 146, 147, 148, 149, 150, 151, 152, 153, 154, 155, 156, 157, 158, 159, 160, 161, 162]
Inds:  [495.8325000000002, 444.4425000000001, 444.4425000000001, 444.4425000000001, 444.4425000000001, 444.4425000000001, 444.4425000000001, 444.4425000000001, 444.4425000000001, 444.4425000000001, 444.4425000000001, 444.4425000000001, 444.4425000000001, 444.4425000000001, 444.4425000000001, 444.4425000000001, 444.4425000000001, 444.4425000000001, 444.4425000000001, 444.4425000000001, 444.4425000000001, 444.4425000000001, 444.4425000000001, 444.4425000000001, 444.4425000000001, 444.4425000000001, 444.4425000000001, 444.4425000000001, 444.4425000000001, 444.4425000000001, 444.4425000000001, 444.4425000000001, 444.4425000000001, 444.4425000000001, 444.4425000000001, 444.4425000000001, 444.4425000000001, 444.4425000000001, 444.4425000000001, 444.4425000000001, 444.4425000000001, 444.4425000000001, 444.4425000000001, 444.4425000000001, 443.1824999999999, 442.99499999999983, 442.99499999999983, 442.99499999999983, 442.5049999999997, 440.43749999999983, 440.2649999999999, 440.2649999999999, 438.3824999999999, 438.2400000000001, 438.0374999999999, 436.8775, 436.6524999999999, 435.8374999999999, 434.57, 433.375, 433.375, 432.9275, 431.8400000000001, 431.7600000000001, 431.51750000000004, 430.995, 430.3950000000001, 429.77500000000003, 428.95249999999993, 428.95249999999993, 428.44750000000016, 428.1225, 427.85000000000025, 427.4350000000001, 427.14750000000004, 426.94250000000017, 426.62750000000005, 426.2800000000001, 426.13500000000016, 425.4025000000001, 425.2300000000001, 425.02000000000015, 424.9450000000001, 424.6650000000001, 424.5200000000001, 424.5200000000001, 423.89000000000016, 423.75750000000016, 423.75750000000016, 423.75750000000016, 423.6825000000002, 423.5100000000001, 423.33250000000015, 423.25750000000016, 423.25750000000016, 423.1600000000002, 423.16000000000014, 422.9475000000002, 422.9475000000002, 422.9450000000002, 422.8050000000002, 422.4900000000001, 422.4900000000001, 422.4900000000001, 422.4225000000001, 422.35750000000013, 422.2175000000001, 422.2175000000001, 422.21250000000015, 422.21250000000015, 422.1750000000001, 422.1750000000001, 422.10250000000013, 422.03500000000014, 422.0050000000001, 422.0050000000001, 422.0025000000001, 422.0025000000001, 422.0025000000001, 422.0025000000001, 422.0025000000001, 422.0025000000001, 422.0025000000001, 422.0025000000001, 422.0025000000001, 422.0025000000001, 422.0025000000001, 422.0025000000001, 422.0025000000001, 422.0025000000001, 422.0025000000001, 422.0025000000001, 422.0025000000001, 422.0025000000001, 422.0025000000001, 422.0025000000001, 422.0025000000001, 422.0025000000001, 422.0025000000001, 422.0025000000001, 422.0025000000001, 422.0025000000001, 422.0025000000001, 422.0025000000001, 422.0025000000001, 422.0025000000001, 422.0025000000001, 422.0025000000001, 422.0025000000001, 422.0025000000001, 422.0025000000001, 422.0025000000001, 422.0025000000001, 422.0025000000001, 422.0025000000001, 422.0025000000001, 422.0025000000001, 422.0025000000001, 422.0025000000001, 422.0025000000001, 422.0025000000001, 422.0025000000001, 422.0025000000001]

Execution 3:
Parametros: P=1000, Pe=0.3, Pm=0.15, pe=0.7, Parada=100
Start Time (hh:mm:ss.ms) 2023-07-17 09:30:48.427378
gen	min    	max    	avg    	std    
0  	502.305	535.658	528.392	4.41394
1  	444.277	553.68 	506.169	24.0138
39 	443.582	532.618	463.682	27.2163
40 	443.03 	533.453	462.599	28.1547
41 	441.233	534.725	461.279	28.5587
42 	439.06 	533.803	460.01 	28.8004
44 	438.795	533.843	457.932	29.8353
45 	437.938	533.283	456.978	30.1826
46 	437.878	533.355	455.887	30.6172
47 	435.848	533.068	455.058	31.0327
48 	435.387	534.11 	454.169	31.3457
49 	434.375	533.343	453.337	31.8436
50 	432.683	533.598	452.648	32.1636
52 	431.973	533.52 	450.958	32.6185
53 	430.77 	534.055	450.289	33.1723
54 	430.355	533.945	449.275	33.3137
55 	430.018	533.143	448.744	33.762 
56 	428.27 	533.34 	447.967	34.1388
58 	427.843	533.175	446.569	34.4697
60 	427.618	533.453	445.545	34.8983
61 	427.373	533.18 	445.026	35.1283
62 	427.328	533.933	444.697	35.2343
63 	426.19 	533.133	444.296	35.505 
64 	425.605	534.288	443.935	35.7358
65 	425.353	533.385	443.442	35.8857
66 	425.18 	533.59 	442.992	35.8874
67 	424.61 	532.645	442.896	36.1023
69 	423.958	533.283	442.228	36.2268
70 	423.57 	533.203	442.081	36.5306
72 	423.305	533.663	441.244	36.5864
73 	423.175	534.06 	440.944	37.04  
74 	422.48 	533.423	440.755	37.0057
75 	422.173	533.278	440.396	37.1459
77 	421.205	534.025	439.907	37.6158
78 	420.685	534.893	439.608	37.7018
80 	420.313	533.665	439.192	37.834 
81 	420.168	533.17 	438.796	37.8412
83 	420.16 	533.313	438.055	38.1506
84 	419.768	534.253	438.124	38.4152
85 	419.59 	533.53 	437.566	38.4034
86 	419.243	533.805	437.163	38.4252
87 	419.07 	532.505	436.611	38.5   
88 	418.833	532.583	436.555	38.795 
89 	418.573	533.038	436.292	38.8122
90 	418.343	534.01 	436.064	38.9742
92 	418.273	533.728	435.611	39.0086
93 	418.128	533.243	435.511	39.3239
94 	417.955	534.83 	435.226	39.1877
95 	417.665	532.788	435.065	39.2818
96 	417.498	534.643	434.898	39.3321
97 	417.393	534.078	434.657	39.2325
98 	417.323	533.603	434.678	39.6566
99 	417.253	534.053	434.527	39.6685
101	417.078	533.773	434.264	39.6624
103	417.005	534.048	434.119	39.8177
105	416.868	533.073	433.905	39.6961
108	416.835	533    	433.759	39.8778
109	416.82 	534.52 	433.775	40.044 
110	416.8  	533.105	433.685	39.9445
112	416.793	534.325	433.616	39.8725
114	416.723	534.655	433.615	39.9587
115	416.655	533.845	433.549	39.8491
116	416.648	533.84 	433.594	40.0053
End Time (hh:mm:ss.ms) 2023-07-17 09:35:55.557145
Total Time (hh:mm:ss.ms) 0:05:07.129767
Individuo: [[122, 94, 144, 72, 135, 2, 69, 116, 50, 20, 12, 117, 148, 52, 82, 41, 118, 85, 66, 139, 53, 106, 153, 14, 67, 156, 81, 124, 147, 107, 134, 95, 34, 120, 46, 98, 97, 8, 109, 78, 10, 91, 133, 123, 80, 136, 84, 128, 93, 56, 29, 45, 114, 92, 0, 26, 28, 49, 21, 64, 103, 150, 63, 9, 22, 17, 131, 25, 24, 88, 6, 18, 42, 65, 19, 40, 112, 15, 111, 62, 126, 35, 16, 113, 57, 152, 7, 90, 27, 77, 155, 32, 38, 86, 99, 55, 140, 37, 119, 61, 5, 129, 101, 68, 73, 36, 31, 3, 138, 71, 89, 141, 51, 102, 74, 11, 146, 104, 48, 96, 143, 58, 76, 30, 142, 39, 59, 154, 75, 23, 83, 13, 130, 137, 132, 60, 70, 79, 100, 110, 127, 108, 149, 4, 43, 87, 105, 1, 44, 47, 115, 145, 125, 54, 33, 121, 151], [0, 1, 0, 0, 0, 0, 1, 1, 1, 1, 1, 0, 0, 0, 0, 0, 1, 1, 1, 1, 1, 1, 0, 1, 0, 1, 0, 1, 0, 0, 0, 1, 1, 1, 1, 1, 1, 1, 1, 1, 1, 1, 1, 0, 1, 0, 0, 0, 0, 0, 0, 0, 0, 0, 0, 0, 0, 0, 0, 0, 0, 0, 0, 0, 1, 0, 1, 0, 0, 1, 1, 0, 1, 1, 0, 0, 0, 0, 1, 0, 0, 0, 0, 0, 0, 1, 0, 1, 0, 0, 1, 1, 1, 0, 1, 1, 1, 1, 1, 1, 1, 0, 1, 1, 1, 0, 0, 0, 1, 1, 1, 0, 1, 1, 1, 1, 1, 1, 1, 1, 1, 1, 1, 1, 1, 1, 1, 1, 0, 1, 0, 1, 1, 1, 1, 1, 1, 1, 1, 1, 1, 0, 0, 1, 0, 0, 0, 0, 0, 0, 0, 0, 1, 1, 1, 1, 1]]
Fitness:  416.6475000000003
Gens:  [0, 1, 2, 3, 4, 5, 6, 7, 8, 9, 10, 11, 12, 13, 14, 15, 16, 17, 18, 19, 20, 21, 22, 23, 24, 25, 26, 27, 28, 29, 30, 31, 32, 33, 34, 35, 36, 37, 38, 39, 40, 41, 42, 43, 44, 45, 46, 47, 48, 49, 50, 51, 52, 53, 54, 55, 56, 57, 58, 59, 60, 61, 62, 63, 64, 65, 66, 67, 68, 69, 70, 71, 72, 73, 74, 75, 76, 77, 78, 79, 80, 81, 82, 83, 84, 85, 86, 87, 88, 89, 90, 91, 92, 93, 94, 95, 96, 97, 98, 99, 100, 101, 102, 103, 104, 105, 106, 107, 108, 109, 110, 111, 112, 113, 114, 115, 116, 117, 118, 119, 120, 121, 122, 123, 124, 125, 126, 127, 128, 129, 130, 131, 132, 133, 134, 135, 136, 137, 138, 139, 140, 141, 142, 143, 144, 145, 146, 147, 148, 149, 150, 151, 152, 153, 154, 155, 156, 157, 158, 159, 160, 161, 162, 163, 164, 165, 166]
Inds:  [502.3050000000002, 444.2775, 444.2775, 444.2775, 444.2775, 444.2775, 444.2775, 444.2775, 444.2775, 444.2775, 444.2775, 444.2775, 444.2775, 444.2775, 444.2775, 444.2775, 444.2775, 444.2775, 444.2775, 444.2775, 444.2775, 444.2775, 444.2775, 444.2775, 444.2775, 444.2775, 444.2775, 444.2775, 444.2775, 444.2775, 444.2775, 444.2775, 444.2775, 444.2775, 444.2775, 444.2775, 444.2775, 444.2775, 444.2775, 443.5825, 443.03000000000003, 441.2325000000001, 439.06000000000006, 439.06000000000006, 438.7950000000002, 437.93750000000034, 437.87750000000005, 435.8475000000002, 435.3875, 434.3750000000001, 432.68250000000023, 432.68250000000023, 431.97250000000014, 430.7700000000003, 430.3550000000002, 430.0175000000002, 428.27000000000027, 428.27000000000027, 427.84250000000026, 427.84250000000026, 427.61750000000035, 427.37250000000023, 427.3275000000004, 426.19000000000034, 425.60500000000025, 425.3525000000003, 425.1800000000003, 424.61000000000047, 424.61000000000047, 423.9575000000002, 423.5700000000003, 423.5700000000003, 423.3050000000001, 423.1750000000003, 422.4800000000004, 422.1725000000004, 422.1725000000004, 421.2050000000004, 420.6850000000004, 420.6850000000004, 420.3125000000003, 420.1675000000003, 420.1675000000003, 420.16000000000025, 419.7675000000002, 419.5900000000003, 419.24250000000023, 419.0700000000003, 418.8325000000003, 418.57250000000045, 418.3425000000003, 418.3425000000003, 418.27250000000026, 418.12750000000034, 417.95500000000027, 417.6650000000003, 417.49750000000023, 417.3925000000004, 417.3225000000004, 417.2525000000003, 417.2525000000003, 417.0775000000003, 417.0775000000003, 417.00500000000034, 417.00500000000034, 416.8675000000003, 416.8675000000003, 416.8675000000003, 416.8350000000003, 416.8200000000003, 416.8000000000003, 416.8000000000003, 416.7925000000003, 416.7925000000003, 416.7225000000003, 416.6550000000003, 416.6475000000003, 416.6475000000003, 416.6475000000003, 416.6475000000003, 416.6475000000003, 416.6475000000003, 416.6475000000003, 416.6475000000003, 416.6475000000003, 416.6475000000003, 416.6475000000003, 416.6475000000003, 416.6475000000003, 416.6475000000003, 416.6475000000003, 416.6475000000003, 416.6475000000003, 416.6475000000003, 416.6475000000003, 416.6475000000003, 416.6475000000003, 416.6475000000003, 416.6475000000003, 416.6475000000003, 416.6475000000003, 416.6475000000003, 416.6475000000003, 416.6475000000003, 416.6475000000003, 416.6475000000003, 416.6475000000003, 416.6475000000003, 416.6475000000003, 416.6475000000003, 416.6475000000003, 416.6475000000003, 416.6475000000003, 416.6475000000003, 416.6475000000003, 416.6475000000003, 416.6475000000003, 416.6475000000003, 416.6475000000003, 416.6475000000003, 416.6475000000003, 416.6475000000003, 416.6475000000003, 416.6475000000003, 416.6475000000003, 416.6475000000003, 416.6475000000003]

Execution 4:
Parametros: P=1000, Pe=0.3, Pm=0.15, pe=0.7, Parada=100
Start Time (hh:mm:ss.ms) 2023-07-17 09:35:57.365142
gen	min   	max    	avg    	std    
0  	500.34	534.575	528.523	4.05404
1  	445.992	560.517	506.733	23.5678
51 	444.97 	533.07 	463.711	27.7193
52 	443.177	534.033	462.658	27.9148
53 	442.23 	534.995	461.439	28.4005
55 	440.933	534.65 	459.661	29.1636
58 	440.815	534.365	457.318	29.9513
59 	439.61 	534.088	456.692	30.3929
60 	438.157	533.908	456.052	30.4486
63 	436.805	533.455	454.27 	31.3743
65 	436.243	534.508	453.198	31.754 
66 	435.287	533.695	452.742	31.9791
67 	435.245	534.615	452.291	32.0481
68 	435.17 	533.21 	451.814	32.1547
69 	434.162	533.323	451.261	32.3834
71 	433.623	533.913	450.618	32.9516
72 	433.163	535.275	450.179	33.1103
73 	433.078	532.94 	449.7  	33.2434
74 	432.498	532.79 	449.244	33.1889
75 	431.675	533.983	448.891	33.5991
77 	431.35 	533.918	448.105	33.778 
78 	431.15 	534.508	447.848	34.0662
79 	430.843	533.35 	447.364	33.882 
80 	430.84 	533.698	447.258	34.3669
81 	430.268	533.665	446.81 	34.2975
82 	429.363	533.468	446.526	34.3479
84 	428.922	534.425	445.891	34.4995
86 	428.5  	533.068	445.541	35.0909
87 	428.418	533.74 	445.249	35.1229
89 	428.113	533.535	444.738	35.3506
90 	427.925	533.483	444.341	35.0539
91 	427.358	533.595	444.195	35.4374
93 	427.273	534.363	443.848	35.7139
95 	426.558	534.62 	443.425	35.8369
97 	426.415	533.673	442.947	35.8263
98 	426.135	534.398	442.77 	35.9214
99 	426.093	534.155	442.7  	36.2966
100	425.85 	533.775	442.527	36.3687
101	425.718	532.858	442.318	36.4054
102	425.533	534.368	442.022	36.2916
103	425.255	533.105	441.981	36.6399
104	425.158	533.975	441.683	36.6093
105	425.033	534.68 	441.531	36.7301
106	424.73 	534.55 	441.367	36.9049
108	424.698	534.645	440.942	36.8035
109	424.66 	533.568	440.818	36.9316
110	424.585	533.07 	440.697	36.9473
111	424.445	533.073	440.579	37.0093
112	424.308	533.18 	440.507	37.097 
113	424.278	534.31 	440.398	37.1025
114	424.148	533.738	440.311	37.2233
115	424.098	533.56 	440.091	37.0022
116	423.928	533.98 	440.113	37.2339
117	423.893	532.828	439.984	37.2123
118	423.815	532.545	439.911	37.1921
119	423.753	532.692	439.858	37.219 
120	423.715	533.94 	439.747	37.1434
121	423.713	533.245	439.793	37.4166
122	423.643	534.383	439.691	37.4555
123	423.638	533.628	439.571	37.3555
124	423.57 	533.485	439.562	37.52  
125	423.503	532.598	439.485	37.4754
127	423.433	533.075	439.363	37.4181
End Time (hh:mm:ss.ms) 2023-07-17 09:41:04.336446
Total Time (hh:mm:ss.ms) 0:05:06.971304
Individuo: [[152, 106, 77, 22, 17, 25, 24, 88, 6, 107, 134, 18, 156, 66, 53, 78, 97, 8, 98, 120, 34, 46, 82, 65, 123, 136, 128, 93, 56, 45, 114, 87, 43, 4, 52, 11, 86, 155, 146, 104, 96, 143, 58, 76, 30, 99, 37, 119, 61, 5, 129, 101, 68, 89, 73, 36, 31, 138, 12, 117, 140, 13, 130, 142, 149, 38, 32, 39, 59, 60, 75, 23, 57, 126, 108, 35, 16, 113, 55, 70, 132, 83, 137, 62, 111, 15, 105, 151, 3, 71, 48, 51, 141, 74, 102, 127, 110, 100, 79, 154, 150, 94, 153, 19, 80, 69, 63, 9, 29, 103, 147, 27, 64, 21, 49, 28, 7, 14, 0, 92, 84, 135, 116, 95, 109, 10, 91, 133, 72, 144, 139, 85, 118, 41, 42, 124, 20, 50, 2, 148, 131, 90, 81, 26, 40, 44, 1, 112, 47, 115, 145, 67, 122, 54, 33, 121, 125], [1, 1, 1, 1, 0, 0, 0, 1, 1, 0, 1, 1, 0, 0, 0, 0, 0, 0, 0, 0, 0, 1, 0, 0, 0, 1, 0, 0, 0, 0, 0, 1, 1, 1, 1, 1, 0, 1, 1, 1, 1, 1, 1, 1, 1, 1, 1, 0, 1, 1, 1, 1, 1, 1, 1, 1, 1, 1, 1, 0, 1, 1, 1, 1, 1, 1, 1, 1, 1, 1, 0, 1, 1, 0, 0, 0, 0, 0, 1, 0, 1, 0, 1, 1, 0, 1, 1, 1, 1, 0, 1, 0, 1, 0, 1, 0, 0, 0, 0, 1, 1, 1, 0, 0, 1, 0, 0, 0, 1, 1, 0, 0, 1, 1, 1, 1, 1, 0, 0, 1, 1, 1, 0, 1, 1, 0, 0, 0, 1, 0, 0, 0, 0, 1, 0, 0, 0, 0, 1, 1, 1, 0, 1, 0, 0, 1, 1, 1, 1, 0, 0, 1, 0, 1, 1, 1, 1]]
Fitness:  423.4325000000001
Gens:  [0, 1, 2, 3, 4, 5, 6, 7, 8, 9, 10, 11, 12, 13, 14, 15, 16, 17, 18, 19, 20, 21, 22, 23, 24, 25, 26, 27, 28, 29, 30, 31, 32, 33, 34, 35, 36, 37, 38, 39, 40, 41, 42, 43, 44, 45, 46, 47, 48, 49, 50, 51, 52, 53, 54, 55, 56, 57, 58, 59, 60, 61, 62, 63, 64, 65, 66, 67, 68, 69, 70, 71, 72, 73, 74, 75, 76, 77, 78, 79, 80, 81, 82, 83, 84, 85, 86, 87, 88, 89, 90, 91, 92, 93, 94, 95, 96, 97, 98, 99, 100, 101, 102, 103, 104, 105, 106, 107, 108, 109, 110, 111, 112, 113, 114, 115, 116, 117, 118, 119, 120, 121, 122, 123, 124, 125, 126, 127, 128, 129, 130, 131, 132, 133, 134, 135, 136, 137, 138, 139, 140, 141, 142, 143, 144, 145, 146, 147, 148, 149, 150, 151, 152, 153, 154, 155, 156, 157, 158, 159, 160, 161, 162, 163, 164, 165, 166, 167, 168, 169, 170, 171]
Inds:  [500.3400000000002, 445.9924999999997, 445.9924999999997, 445.9924999999997, 445.9924999999997, 445.9924999999997, 445.9924999999997, 445.9924999999997, 445.9924999999997, 445.9924999999997, 445.9924999999997, 445.9924999999997, 445.9924999999997, 445.9924999999997, 445.9924999999997, 445.9924999999997, 445.9924999999997, 445.9924999999997, 445.9924999999997, 445.9924999999997, 445.9924999999997, 445.9924999999997, 445.9924999999997, 445.9924999999997, 445.9924999999997, 445.9924999999997, 445.9924999999997, 445.9924999999997, 445.9924999999997, 445.9924999999997, 445.9924999999997, 445.9924999999997, 445.9924999999997, 445.9924999999997, 445.9924999999997, 445.9924999999997, 445.9924999999997, 445.9924999999997, 445.9924999999997, 445.9924999999997, 445.9924999999997, 445.9924999999997, 445.9924999999997, 445.9924999999997, 445.9924999999997, 445.9924999999997, 445.9924999999997, 445.9924999999997, 445.9924999999997, 445.9924999999997, 445.9924999999997, 444.9699999999999, 443.17749999999995, 442.2300000000002, 442.2300000000002, 440.9325000000001, 440.9325000000001, 440.9325000000001, 440.8149999999999, 439.6099999999999, 438.15749999999986, 438.15749999999986, 438.15749999999986, 436.80500000000006, 436.80500000000006, 436.24250000000006, 435.2874999999999, 435.2449999999999, 435.17, 434.1624999999999, 434.1624999999999, 433.6225, 433.16250000000014, 433.07750000000004, 432.4975, 431.67500000000007, 431.67500000000007, 431.3500000000002, 431.15000000000003, 430.84250000000003, 430.8399999999999, 430.2675000000001, 429.3625000000001, 429.3625000000001, 428.92249999999996, 428.92249999999996, 428.5000000000001, 428.4175, 428.4175, 428.1125, 427.92500000000007, 427.35750000000013, 427.35750000000013, 427.2725000000001, 427.2725000000001, 426.55750000000023, 426.55750000000023, 426.41500000000013, 426.1350000000001, 426.09250000000014, 425.8500000000001, 425.71750000000003, 425.5325000000001, 425.25500000000005, 425.15750000000014, 425.0325000000001, 424.7300000000001, 424.7300000000001, 424.69750000000005, 424.66000000000014, 424.5850000000001, 424.44500000000005, 424.3075000000001, 424.27750000000015, 424.1475000000001, 424.0975000000002, 423.9275000000002, 423.8925000000001, 423.81500000000005, 423.7525000000001, 423.7150000000001, 423.71250000000015, 423.6425000000001, 423.6375000000001, 423.5700000000001, 423.5025000000001, 423.5025000000001, 423.4325000000001, 423.4325000000001, 423.4325000000001, 423.4325000000001, 423.4325000000001, 423.4325000000001, 423.4325000000001, 423.4325000000001, 423.4325000000001, 423.4325000000001, 423.4325000000001, 423.4325000000001, 423.4325000000001, 423.4325000000001, 423.4325000000001, 423.4325000000001, 423.4325000000001, 423.4325000000001, 423.4325000000001, 423.4325000000001, 423.4325000000001, 423.4325000000001, 423.4325000000001, 423.4325000000001, 423.4325000000001, 423.4325000000001, 423.4325000000001, 423.4325000000001, 423.4325000000001, 423.4325000000001, 423.4325000000001, 423.4325000000001, 423.4325000000001, 423.4325000000001, 423.4325000000001, 423.4325000000001, 423.4325000000001, 423.4325000000001, 423.4325000000001, 423.4325000000001, 423.4325000000001, 423.4325000000001, 423.4325000000001, 423.4325000000001, 423.4325000000001]

Execution 5:
Parametros: P=1000, Pe=0.3, Pm=0.15, pe=0.7, Parada=100
Start Time (hh:mm:ss.ms) 2023-07-17 09:41:06.616067
gen	min   	max    	avg   	std    
0  	497.03	534.023	528.61	4.06484
1  	446.405	541.983	504.868	24.7157
45 	443.705	533.352	477.251	23.3088
51 	443.007	535.42 	468.053	26.3913
52 	441.452	534.343	466.088	26.9189
55 	440.755	533.975	460.921	28.853 
56 	440.327	534.028	459.44 	29.2538
57 	438.358	533.917	457.891	29.7509
59 	436.61 	533.518	455.683	30.5712
60 	434.567	535.068	454.631	31.2115
61 	433.997	533.953	453.595	31.6192
63 	433.177	532.75 	451.824	32.2626
64 	432.342	536.248	451.107	32.6433
65 	431.635	533.243	450.18 	33.0337
66 	431.13 	534.12 	449.438	33.3426
67 	430.432	533.42 	448.796	33.8347
68 	430.222	533.343	448.017	33.9419
69 	428.937	534.023	447.405	34.3295
71 	428.625	533.078	446.145	34.555 
72 	427.758	533.103	445.644	34.8552
73 	427.067	532.933	445.121	35.126 
74 	426.953	532.795	444.649	35.388 
75 	426.755	532.93 	444.258	35.4936
76 	426.465	533.315	443.854	35.7536
77 	426.19 	533.455	443.492	35.9447
78 	425.73 	533.253	442.994	35.9694
79 	425.142	534.03 	442.663	36.2272
80 	424.515	534.155	442.367	36.5391
83 	424.203	534.158	441.39 	36.744 
84 	424.093	532.333	441.136	36.8439
85 	423.995	534.435	440.784	36.9922
86 	423.775	533.805	440.614	37.0222
87 	423.435	534.013	440.395	37.2905
88 	423.395	533.893	440.044	37.228 
89 	423.288	534.473	439.829	37.2919
90 	422.933	533.213	439.606	37.3808
91 	422.685	533.77 	439.334	37.2584
92 	422.455	533.413	439.22 	37.4588
93 	422.14 	533.705	439.121	37.6641
96 	422.035	533.385	438.617	37.7953
97 	421.82 	533.575	438.538	38.0003
98 	421.753	533.803	438.386	37.992 
99 	421.645	533.743	438.244	37.9658
100	421.618	535.105	438.17 	38.066 
102	421.543	533.072	437.924	38.0054
103	421.44 	534.405	437.82 	38.0363
104	421.335	534.995	437.805	38.1769
105	421.308	533.11 	437.723	38.1504
106	421.265	533.66 	437.716	38.2874
107	421.13 	532.867	437.681	38.3698
109	421.095	535.283	437.491	38.2839
110	421.063	534.475	437.414	38.2527
111	420.953	532.688	437.383	38.3116
113	420.918	533.845	437.222	38.2218
115	420.888	532.89 	437.156	38.276 
116	420.878	533.253	437.016	38.0694
118	420.815	533.443	437.205	38.5915
119	420.813	534.333	437.085	38.3794
120	420.738	533.808	436.999	38.2953
123	420.705	534.228	436.993	38.5194
125	420.703	533.285	436.91 	38.477 
129	420.703	532.97 	436.931	38.5538
End Time (hh:mm:ss.ms) 2023-07-17 09:46:13.481517
Total Time (hh:mm:ss.ms) 0:05:06.865450
Individuo: [[66, 139, 144, 94, 106, 67, 116, 69, 27, 80, 124, 2, 135, 17, 81, 88, 45, 93, 128, 84, 24, 25, 131, 114, 148, 153, 92, 107, 134, 21, 103, 123, 136, 6, 22, 9, 77, 14, 18, 42, 65, 19, 40, 112, 105, 87, 43, 4, 53, 85, 118, 41, 82, 52, 75, 47, 0, 26, 28, 49, 56, 64, 29, 50, 63, 150, 72, 155, 149, 37, 119, 138, 31, 73, 36, 89, 68, 101, 5, 61, 3, 71, 141, 51, 102, 147, 20, 156, 90, 7, 151, 137, 13, 152, 35, 23, 57, 126, 108, 16, 113, 117, 12, 59, 39, 142, 30, 143, 96, 48, 129, 11, 104, 146, 127, 76, 74, 32, 38, 86, 99, 100, 79, 70, 60, 132, 110, 58, 83, 130, 154, 55, 140, 62, 111, 15, 1, 44, 115, 145, 122, 46, 120, 8, 34, 109, 78, 95, 98, 97, 91, 10, 133, 125, 54, 33, 121], [0, 0, 1, 0, 1, 1, 0, 0, 1, 0, 0, 1, 1, 0, 1, 1, 1, 1, 1, 1, 1, 1, 0, 1, 0, 1, 1, 0, 0, 0, 0, 1, 1, 1, 0, 0, 0, 0, 0, 1, 1, 0, 0, 0, 1, 1, 1, 1, 1, 0, 0, 1, 1, 1, 1, 0, 0, 0, 0, 0, 1, 0, 0, 0, 0, 1, 0, 1, 1, 1, 0, 0, 0, 1, 0, 0, 0, 0, 0, 0, 1, 0, 0, 1, 1, 0, 1, 0, 0, 1, 0, 0, 0, 0, 1, 1, 1, 0, 0, 0, 0, 1, 0, 0, 0, 0, 0, 0, 0, 0, 0, 1, 0, 0, 0, 0, 0, 1, 1, 0, 1, 0, 0, 0, 0, 0, 0, 1, 1, 0, 0, 1, 1, 1, 0, 1, 0, 0, 0, 0, 0, 1, 1, 1, 0, 1, 1, 1, 1, 1, 1, 1, 0, 1, 1, 1, 1]]
Fitness:  420.7025000000001
Gens:  [0, 1, 2, 3, 4, 5, 6, 7, 8, 9, 10, 11, 12, 13, 14, 15, 16, 17, 18, 19, 20, 21, 22, 23, 24, 25, 26, 27, 28, 29, 30, 31, 32, 33, 34, 35, 36, 37, 38, 39, 40, 41, 42, 43, 44, 45, 46, 47, 48, 49, 50, 51, 52, 53, 54, 55, 56, 57, 58, 59, 60, 61, 62, 63, 64, 65, 66, 67, 68, 69, 70, 71, 72, 73, 74, 75, 76, 77, 78, 79, 80, 81, 82, 83, 84, 85, 86, 87, 88, 89, 90, 91, 92, 93, 94, 95, 96, 97, 98, 99, 100, 101, 102, 103, 104, 105, 106, 107, 108, 109, 110, 111, 112, 113, 114, 115, 116, 117, 118, 119, 120, 121, 122, 123, 124, 125, 126, 127, 128, 129, 130, 131, 132, 133, 134, 135, 136, 137, 138, 139, 140, 141, 142, 143, 144, 145, 146, 147, 148, 149, 150, 151, 152, 153, 154, 155, 156, 157, 158, 159, 160, 161, 162, 163, 164, 165, 166, 167, 168, 169, 170, 171, 172, 173, 174, 175]
Inds:  [497.0300000000003, 446.4050000000003, 446.4050000000003, 446.4050000000003, 446.4050000000003, 446.4050000000003, 446.4050000000003, 446.4050000000003, 446.4050000000003, 446.4050000000003, 446.4050000000003, 446.4050000000003, 446.4050000000003, 446.4050000000003, 446.4050000000003, 446.4050000000003, 446.4050000000003, 446.4050000000003, 446.4050000000003, 446.4050000000003, 446.4050000000003, 446.4050000000003, 446.4050000000003, 446.4050000000003, 446.4050000000003, 446.4050000000003, 446.4050000000003, 446.4050000000003, 446.4050000000003, 446.4050000000003, 446.4050000000003, 446.4050000000003, 446.4050000000003, 446.4050000000003, 446.4050000000003, 446.4050000000003, 446.4050000000003, 446.4050000000003, 446.4050000000003, 446.4050000000003, 446.4050000000003, 446.4050000000003, 446.4050000000003, 446.4050000000003, 446.4050000000003, 443.7049999999998, 443.7049999999998, 443.7049999999998, 443.7049999999998, 443.7049999999998, 443.7049999999998, 443.0074999999998, 441.4524999999999, 441.4524999999999, 441.4524999999999, 440.7549999999999, 440.3274999999999, 438.3575, 438.3575, 436.60999999999984, 434.56749999999994, 433.9974999999999, 433.9974999999999, 433.1774999999999, 432.34249999999986, 431.63499999999976, 431.12999999999994, 430.4324999999999, 430.22249999999985, 428.93749999999994, 428.93749999999994, 428.62499999999994, 427.7575000000001, 427.0675, 426.95250000000004, 426.7550000000001, 426.46500000000026, 426.18999999999994, 425.7300000000001, 425.1425, 424.515, 424.515, 424.515, 424.20250000000004, 424.09250000000014, 423.99499999999995, 423.77500000000003, 423.435, 423.39500000000004, 423.2875000000001, 422.93250000000006, 422.685, 422.45500000000004, 422.14000000000004, 422.14000000000004, 422.14000000000004, 422.03500000000014, 421.8200000000001, 421.75250000000017, 421.64500000000015, 421.6175000000002, 421.6175000000002, 421.54250000000013, 421.44000000000005, 421.33500000000015, 421.3075000000001, 421.26500000000016, 421.13000000000017, 421.13000000000017, 421.09500000000014, 421.0625000000001, 420.9525000000001, 420.9525000000001, 420.9175000000002, 420.9175000000002, 420.88750000000016, 420.87750000000017, 420.87750000000017, 420.81500000000017, 420.8125000000001, 420.7375000000002, 420.7375000000002, 420.7375000000002, 420.70500000000015, 420.70500000000015, 420.70250000000016, 420.70250000000016, 420.70250000000016, 420.70250000000016, 420.7025000000001, 420.7025000000001, 420.7025000000001, 420.7025000000001, 420.7025000000001, 420.7025000000001, 420.7025000000001, 420.7025000000001, 420.7025000000001, 420.7025000000001, 420.7025000000001, 420.7025000000001, 420.7025000000001, 420.7025000000001, 420.7025000000001, 420.7025000000001, 420.7025000000001, 420.7025000000001, 420.7025000000001, 420.7025000000001, 420.7025000000001, 420.7025000000001, 420.7025000000001, 420.7025000000001, 420.7025000000001, 420.7025000000001, 420.7025000000001, 420.7025000000001, 420.7025000000001, 420.7025000000001, 420.7025000000001, 420.7025000000001, 420.7025000000001, 420.7025000000001, 420.7025000000001, 420.7025000000001, 420.7025000000001, 420.7025000000001, 420.7025000000001, 420.7025000000001, 420.7025000000001, 420.7025000000001, 420.7025000000001, 420.7025000000001, 420.7025000000001, 420.7025000000001, 420.7025000000001]

Execution 6:
Parametros: P=1000, Pe=0.3, Pm=0.15, pe=0.7, Parada=100
Start Time (hh:mm:ss.ms) 2023-07-17 09:46:15.661131
gen	min    	max    	avg   	std    
0  	485.328	535.133	528.51	4.32205
1  	443.66 	549.337	506.248	23.8816
70 	442.283	533.558	462.808	28.1076
71 	441.31 	534.883	461.699	28.6237
72 	440.503	534.433	460.665	29.2724
74 	437.2  	534.235	458.551	29.7685
75 	435.93 	533.278	457.576	30.2288
77 	435.66 	534.358	455.546	31.0311
78 	435.317	533.668	454.801	31.3093
79 	434.34 	534.117	453.904	31.4688
80 	433.24 	533.208	453.283	31.8732
81 	432.358	533.888	452.449	32.383 
82 	432.353	532.65 	451.588	32.5122
83 	431.99 	533.815	451.079	32.8629
84 	431.255	533.318	450.366	33.0847
85 	429.003	532.895	449.391	33.3062
86 	428.26 	534.38 	448.715	33.8609
87 	427.255	534.613	447.756	34.0586
90 	425.068	533.808	445.745	35.1551
94 	424.633	533.395	443.226	36.0476
95 	424.155	533.447	442.734	36.261 
96 	423.065	533.005	442.072	36.5742
98 	422.965	534.513	441.241	36.9626
99 	421.56 	535.31 	440.687	37.1804
102	421.038	532.933	439.632	37.4461
104	420.96 	532.54 	438.744	37.8511
105	420.59 	533.015	438.553	37.875 
106	420.373	533.805	438.253	38.2118
107	419.605	533.033	437.944	38.0677
108	419.018	533.318	437.668	38.2361
110	418.86 	532.125	437.166	38.3649
112	418.423	533.21 	436.615	38.6076
115	418.155	533.98 	435.931	38.9974
116	417.948	534.373	435.615	38.8963
118	417.725	534.305	435.251	39.33  
119	417.613	534.135	435.062	39.4494
120	417.275	533.388	434.757	39.1399
121	417.193	532.758	434.713	39.567 
123	416.948	534.295	434.433	39.6668
124	416.918	532.868	434.241	39.535 
125	416.838	533.81 	434.111	39.5816
126	416.77 	532.79 	434.022	39.6652
127	416.52 	533.285	433.966	39.8554
128	416.453	533.28 	433.82 	39.8033
129	416.39 	534.055	433.7  	39.8592
130	416.215	533.71 	433.664	40.0179
132	416.18 	533.843	433.435	40.1277
133	416.173	534.025	433.323	40.1499
134	416.04 	534.568	433.28 	40.2472
135	416.038	533.803	433.165	40.1468
137	416.038	533.143	433.087	40.2258
138	415.97 	533.81 	433.008	40.158 
End Time (hh:mm:ss.ms) 2023-07-17 09:51:22.474237
Total Time (hh:mm:ss.ms) 0:05:06.813106
Individuo: [[122, 94, 106, 77, 92, 114, 45, 56, 93, 128, 84, 136, 123, 134, 107, 42, 65, 41, 156, 17, 85, 66, 105, 15, 4, 43, 87, 75, 23, 154, 16, 35, 108, 126, 57, 148, 133, 80, 69, 124, 2, 147, 20, 18, 6, 88, 24, 25, 131, 81, 0, 26, 28, 49, 21, 64, 103, 29, 63, 9, 22, 50, 27, 90, 7, 67, 152, 113, 79, 100, 127, 140, 83, 13, 30, 76, 58, 143, 96, 48, 104, 146, 11, 74, 102, 51, 141, 138, 31, 36, 73, 89, 68, 101, 129, 5, 61, 71, 3, 119, 37, 149, 53, 72, 135, 155, 99, 32, 110, 38, 86, 142, 39, 59, 12, 117, 55, 70, 60, 132, 137, 130, 62, 111, 52, 82, 19, 40, 47, 115, 118, 109, 78, 10, 91, 95, 46, 34, 120, 98, 97, 8, 125, 54, 33, 121, 153, 150, 14, 139, 144, 116, 145, 112, 44, 1, 151], [0, 1, 1, 1, 1, 1, 1, 1, 1, 1, 1, 0, 1, 1, 1, 1, 1, 0, 1, 1, 1, 1, 0, 0, 0, 0, 0, 0, 1, 0, 1, 1, 1, 1, 0, 0, 1, 1, 0, 1, 1, 0, 1, 1, 0, 0, 1, 1, 0, 1, 0, 0, 0, 0, 0, 0, 0, 0, 0, 0, 1, 1, 1, 0, 1, 0, 0, 0, 1, 1, 1, 0, 1, 1, 0, 0, 0, 0, 0, 0, 0, 0, 0, 0, 0, 0, 1, 0, 0, 0, 0, 0, 0, 0, 0, 0, 0, 1, 0, 0, 0, 0, 1, 0, 0, 1, 0, 1, 1, 0, 1, 1, 1, 1, 1, 0, 1, 0, 0, 0, 0, 0, 1, 0, 0, 0, 0, 0, 0, 0, 0, 1, 1, 1, 1, 1, 1, 1, 1, 1, 1, 1, 1, 1, 1, 1, 0, 1, 0, 1, 1, 0, 1, 0, 1, 1, 1]]
Fitness:  415.9700000000004
Gens:  [0, 1, 2, 3, 4, 5, 6, 7, 8, 9, 10, 11, 12, 13, 14, 15, 16, 17, 18, 19, 20, 21, 22, 23, 24, 25, 26, 27, 28, 29, 30, 31, 32, 33, 34, 35, 36, 37, 38, 39, 40, 41, 42, 43, 44, 45, 46, 47, 48, 49, 50, 51, 52, 53, 54, 55, 56, 57, 58, 59, 60, 61, 62, 63, 64, 65, 66, 67, 68, 69, 70, 71, 72, 73, 74, 75, 76, 77, 78, 79, 80, 81, 82, 83, 84, 85, 86, 87, 88, 89, 90, 91, 92, 93, 94, 95, 96, 97, 98, 99, 100, 101, 102, 103, 104, 105, 106, 107, 108, 109, 110, 111, 112, 113, 114, 115, 116, 117, 118, 119, 120, 121, 122, 123, 124, 125, 126, 127, 128, 129, 130, 131, 132, 133, 134, 135, 136, 137, 138, 139, 140, 141, 142, 143, 144, 145, 146, 147, 148, 149, 150, 151, 152, 153, 154, 155, 156, 157, 158, 159, 160, 161, 162, 163, 164, 165, 166, 167, 168, 169, 170]
Inds:  [485.32750000000027, 443.66, 443.66, 443.66, 443.66, 443.66, 443.66, 443.66, 443.66, 443.66, 443.66, 443.66, 443.66, 443.66, 443.66, 443.66, 443.66, 443.66, 443.66, 443.66, 443.66, 443.66, 443.66, 443.66, 443.66, 443.66, 443.66, 443.66, 443.66, 443.66, 443.66, 443.66, 443.66, 443.66, 443.66, 443.66, 443.66, 443.66, 443.66, 443.66, 443.66, 443.66, 443.66, 443.66, 443.66, 443.66, 443.66, 443.66, 443.66, 443.66, 443.66, 443.66, 443.66, 443.66, 443.66, 443.66, 443.66, 443.66, 443.66, 443.66, 443.66, 443.66, 443.66, 443.66, 443.66, 443.66, 443.66, 443.66, 443.66, 443.66, 442.28250000000014, 441.3100000000001, 440.50250000000005, 440.50250000000005, 437.2, 435.9300000000002, 435.9300000000002, 435.66000000000014, 435.31749999999994, 434.3400000000002, 433.24, 432.3575000000002, 432.3525000000002, 431.99000000000007, 431.25500000000005, 429.00250000000005, 428.26000000000016, 427.2550000000004, 427.2550000000004, 427.2550000000004, 425.06750000000017, 425.06750000000017, 425.06750000000017, 425.06750000000017, 424.6325000000002, 424.1550000000003, 423.0650000000002, 423.0650000000002, 422.96500000000026, 421.56000000000046, 421.56000000000046, 421.56000000000046, 421.03750000000025, 421.03750000000025, 420.96000000000026, 420.59000000000026, 420.37250000000023, 419.6050000000003, 419.01750000000027, 419.01750000000027, 418.8600000000003, 418.8600000000003, 418.4225000000004, 418.4225000000004, 418.4225000000004, 418.15500000000037, 417.94750000000033, 417.94750000000033, 417.7250000000003, 417.61250000000035, 417.27500000000043, 417.1925000000004, 417.1925000000004, 416.9475000000003, 416.91750000000036, 416.8375000000003, 416.77000000000044, 416.52000000000044, 416.45250000000044, 416.3900000000003, 416.2150000000004, 416.2150000000004, 416.18000000000035, 416.1725000000004, 416.0400000000004, 416.0375000000004, 416.0375000000004, 416.03750000000036, 415.9700000000004, 415.9700000000004, 415.9700000000004, 415.9700000000004, 415.9700000000004, 415.9700000000004, 415.9700000000004, 415.9700000000004, 415.9700000000004, 415.9700000000004, 415.9700000000004, 415.9700000000004, 415.9700000000004, 415.9700000000004, 415.9700000000004, 415.9700000000004, 415.9700000000004, 415.9700000000004, 415.9700000000004, 415.9700000000004, 415.9700000000004, 415.9700000000004, 415.9700000000004, 415.9700000000004, 415.9700000000004, 415.9700000000004, 415.9700000000004, 415.9700000000004, 415.9700000000004, 415.9700000000004, 415.9700000000004, 415.9700000000004, 415.9700000000004]

Execution 7:
Parametros: P=1000, Pe=0.3, Pm=0.15, pe=0.7, Parada=100
Start Time (hh:mm:ss.ms) 2023-07-17 09:51:24.374379
gen	min   	max    	avg    	std    
0  	506.16	533.808	528.687	3.77716
1  	446.477	548.07 	505.779	24.3356
28 	445.337	533.81 	480.83 	22.6474
38 	444.465	532.858	475.834	24.2502
43 	442.125	533.7  	465.774	27.3693
46 	441.452	535.847	461.406	28.726 
47 	441.165	535.308	460.563	29.0742
48 	439.912	533.415	458.957	29.5742
49 	437.987	533.633	458.016	30.0744
50 	435.145	533.387	456.834	30.3142
54 	433.785	533.743	453.178	31.7455
55 	433.733	535.785	452.187	32.0881
56 	433.508	534.973	451.495	32.4111
57 	433.183	533.04 	450.964	32.7922
58 	431.263	533.703	450.283	33.1507
59 	430.9  	534.37 	449.525	33.3649
61 	430.365	533.593	448.359	33.8395
62 	429.5  	533.703	447.814	34.1455
63 	428.778	533.705	447.254	34.3242
64 	428.293	534.155	446.688	34.6083
66 	427.69 	533.068	445.546	34.8669
68 	427.43 	534.165	444.755	35.3007
69 	426.58 	533.843	444.37 	35.4822
71 	426.05 	533.705	443.621	35.8826
72 	425.738	533.528	443.305	35.8487
74 	424.963	533.21 	442.611	36.0791
75 	424.86 	533.773	442.316	36.3038
77 	424.478	533.81 	441.693	36.5143
79 	424.158	532.995	441.164	36.7904
81 	423.67 	534.2  	440.656	37.0974
82 	423.438	534.993	440.517	37.273 
83 	423.128	533.212	440.11 	37.1082
84 	422.935	533.045	439.997	37.3565
87 	422.728	533.25 	439.321	37.4427
88 	422.388	533.973	439.184	37.5602
89 	422.28 	534.578	438.998	37.6018
90 	422.135	534.465	438.974	37.9746
91 	421.925	533.457	438.661	37.6995
93 	421.693	535.033	438.358	37.9331
94 	421.475	533.385	438.157	37.8588
96 	421.34 	532.333	438.003	38.142 
98 	421.233	533.35 	437.742	38.1019
99 	421.16 	534.393	437.678	38.1783
100	421.085	534.435	437.533	38.0925
101	420.98 	534.44 	437.503	38.226 
103	420.915	534.538	437.378	38.3492
104	420.855	534.86 	437.339	38.4424
106	420.82 	534.17 	437.213	38.4481
107	420.74 	533.908	437.157	38.418 
110	420.673	534.923	437.125	38.5815
111	420.668	534.34 	436.995	38.3654
112	420.633	533.95 	437.097	38.6624
End Time (hh:mm:ss.ms) 2023-07-17 09:56:31.678761
Total Time (hh:mm:ss.ms) 0:05:07.304382
Individuo: [[66, 72, 144, 53, 139, 122, 145, 115, 40, 47, 44, 1, 75, 23, 57, 154, 55, 126, 39, 142, 140, 35, 16, 113, 117, 12, 59, 76, 30, 48, 96, 58, 143, 104, 146, 11, 32, 74, 38, 102, 37, 119, 61, 5, 129, 101, 68, 89, 73, 36, 31, 138, 71, 3, 151, 141, 99, 86, 51, 155, 80, 147, 9, 77, 150, 22, 20, 52, 82, 65, 42, 116, 124, 45, 56, 92, 25, 18, 107, 91, 134, 10, 109, 8, 97, 98, 120, 133, 78, 34, 46, 95, 123, 136, 148, 21, 131, 24, 6, 84, 88, 128, 153, 93, 114, 156, 90, 67, 94, 106, 7, 14, 63, 29, 103, 64, 49, 28, 26, 0, 81, 17, 50, 27, 152, 60, 130, 13, 132, 137, 70, 83, 108, 62, 111, 15, 79, 100, 110, 127, 149, 4, 43, 87, 105, 112, 19, 41, 118, 85, 69, 2, 135, 125, 54, 33, 121], [0, 1, 1, 0, 0, 1, 1, 1, 1, 1, 1, 1, 0, 1, 1, 0, 1, 1, 0, 0, 0, 0, 0, 0, 1, 0, 0, 0, 1, 0, 0, 0, 0, 0, 0, 0, 0, 0, 0, 0, 1, 1, 1, 1, 1, 1, 1, 1, 1, 1, 1, 1, 1, 0, 1, 0, 0, 1, 0, 0, 0, 0, 0, 0, 0, 1, 1, 0, 0, 0, 1, 0, 0, 1, 0, 0, 1, 0, 0, 0, 1, 0, 0, 0, 0, 0, 0, 0, 0, 0, 0, 0, 0, 1, 1, 1, 1, 1, 0, 0, 0, 0, 1, 1, 0, 0, 0, 1, 1, 1, 0, 0, 1, 1, 1, 1, 1, 1, 1, 1, 0, 1, 1, 1, 0, 0, 0, 0, 0, 0, 1, 0, 0, 1, 0, 1, 1, 1, 1, 0, 0, 0, 0, 0, 0, 1, 1, 0, 1, 1, 0, 1, 1, 1, 1, 1, 1]]
Fitness:  420.63250000000016
Gens:  [0, 1, 2, 3, 4, 5, 6, 7, 8, 9, 10, 11, 12, 13, 14, 15, 16, 17, 18, 19, 20, 21, 22, 23, 24, 25, 26, 27, 28, 29, 30, 31, 32, 33, 34, 35, 36, 37, 38, 39, 40, 41, 42, 43, 44, 45, 46, 47, 48, 49, 50, 51, 52, 53, 54, 55, 56, 57, 58, 59, 60, 61, 62, 63, 64, 65, 66, 67, 68, 69, 70, 71, 72, 73, 74, 75, 76, 77, 78, 79, 80, 81, 82, 83, 84, 85, 86, 87, 88, 89, 90, 91, 92, 93, 94, 95, 96, 97, 98, 99, 100, 101, 102, 103, 104, 105, 106, 107, 108, 109, 110, 111, 112, 113, 114, 115, 116, 117, 118, 119, 120, 121, 122, 123, 124, 125, 126, 127, 128, 129, 130, 131, 132, 133, 134, 135, 136, 137, 138, 139, 140, 141, 142, 143, 144, 145, 146, 147, 148, 149, 150, 151, 152, 153, 154, 155, 156, 157, 158, 159, 160, 161, 162, 163, 164, 165, 166, 167, 168, 169, 170, 171, 172, 173, 174, 175, 176, 177]
Inds:  [506.16000000000025, 446.47749999999985, 446.47749999999985, 446.47749999999985, 446.47749999999985, 446.47749999999985, 446.47749999999985, 446.47749999999985, 446.47749999999985, 446.47749999999985, 446.47749999999985, 446.47749999999985, 446.47749999999985, 446.47749999999985, 446.47749999999985, 446.47749999999985, 446.47749999999985, 446.47749999999985, 446.47749999999985, 446.47749999999985, 446.47749999999985, 446.47749999999985, 446.47749999999985, 446.47749999999985, 446.47749999999985, 446.47749999999985, 446.47749999999985, 446.47749999999985, 445.3374999999998, 445.3374999999998, 445.3374999999998, 445.3374999999998, 445.3374999999998, 445.3374999999998, 445.3374999999998, 445.3374999999998, 445.3374999999998, 445.3374999999998, 444.465, 444.465, 444.465, 444.465, 444.465, 442.1250000000001, 442.1250000000001, 442.1250000000001, 441.45249999999993, 441.1650000000001, 439.9124999999998, 437.98749999999984, 435.14500000000004, 435.14500000000004, 435.14500000000004, 435.14500000000004, 433.78500000000014, 433.73250000000013, 433.50750000000005, 433.1825, 431.26250000000005, 430.9000000000001, 430.9000000000001, 430.36500000000007, 429.5000000000001, 428.7775000000001, 428.2925000000002, 428.2925000000002, 427.69000000000017, 427.69000000000017, 427.43000000000023, 426.58000000000015, 426.58000000000015, 426.05000000000024, 425.7375000000002, 425.7375000000002, 424.96250000000015, 424.86, 424.86, 424.4775000000002, 424.4775000000002, 424.1575000000002, 424.1575000000002, 423.6700000000001, 423.4375000000003, 423.1275000000001, 422.93500000000023, 422.93500000000023, 422.93500000000023, 422.7275000000003, 422.3875000000001, 422.2800000000001, 422.1350000000001, 421.9250000000002, 421.9250000000002, 421.69250000000017, 421.4750000000002, 421.4750000000002, 421.3400000000001, 421.3400000000001, 421.2325000000001, 421.1600000000002, 421.08500000000015, 420.98, 420.98, 420.9150000000002, 420.85500000000025, 420.85500000000025, 420.82000000000016, 420.7400000000001, 420.7400000000001, 420.7400000000001, 420.6725000000002, 420.6675000000002, 420.63250000000016, 420.63250000000016, 420.63250000000016, 420.63250000000016, 420.63250000000016, 420.63250000000016, 420.63250000000016, 420.63250000000016, 420.63250000000016, 420.63250000000016, 420.63250000000016, 420.63250000000016, 420.63250000000016, 420.63250000000016, 420.63250000000016, 420.63250000000016, 420.63250000000016, 420.63250000000016, 420.63250000000016, 420.63250000000016, 420.63250000000016, 420.63250000000016, 420.63250000000016, 420.63250000000016, 420.63250000000016, 420.63250000000016, 420.63250000000016, 420.63250000000016, 420.63250000000016, 420.63250000000016, 420.63250000000016, 420.63250000000016, 420.63250000000016, 420.63250000000016, 420.63250000000016, 420.63250000000016, 420.63250000000016, 420.63250000000016, 420.63250000000016, 420.63250000000016, 420.63250000000016, 420.63250000000016, 420.63250000000016, 420.63250000000016, 420.63250000000016, 420.63250000000016, 420.63250000000016, 420.63250000000016, 420.63250000000016, 420.63250000000016, 420.63250000000016, 420.63250000000016, 420.63250000000016, 420.63250000000016, 420.63250000000016, 420.63250000000016, 420.63250000000016, 420.63250000000016, 420.63250000000016, 420.63250000000016, 420.63250000000016, 420.63250000000016, 420.63250000000016, 420.63250000000016, 420.63250000000016, 420.63250000000016]

Execution 8:
Parametros: P=1000, Pe=0.3, Pm=0.15, pe=0.7, Parada=100
Start Time (hh:mm:ss.ms) 2023-07-17 09:56:34.030282
gen	min   	max    	avg    	std    
0  	486.38	535.097	528.529	4.31697
1  	442.085	543.85 	505.121	23.8179
50 	442.065	534.155	463.168	28.0018
51 	442.02 	533.15 	461.916	28.5598
52 	439.64 	534.37 	460.996	29.2469
54 	436.448	533.352	458.847	29.7464
57 	435.425	533.175	456.108	30.8841
58 	434.952	533.003	455.482	31.3276
59 	432.635	534.508	454.385	31.4826
60 	432.325	533.39 	453.729	31.9529
61 	431.738	534.535	453.107	32.1148
63 	430.98 	534.86 	451.657	32.8698
65 	430.055	533.035	450.483	33.3639
66 	429.878	533.923	449.884	33.7087
67 	428.39 	533.633	449.296	33.7843
69 	427.26 	533.108	448.297	34.162 
70 	426.513	533.673	447.729	34.3599
72 	425.93 	533.91 	446.381	34.9114
73 	425.563	533.495	445.95 	35.1785
74 	424.51 	533.143	445.335	35.411 
75 	424.48 	532.895	444.682	35.8232
76 	424.195	533.76 	444.157	36.0059
77 	423.738	534.582	443.369	35.9535
78 	423.585	533.042	442.828	36.2973
79 	422.905	533.245	442.634	36.3961
80 	422.358	532.923	441.811	36.6197
81 	421.405	533.593	441.308	37.1177
83 	420.593	533.735	440.309	37.2575
85 	419.823	533.738	439.582	37.8584
87 	419.035	533.773	438.855	37.9428
89 	418.8  	533.39 	437.947	38.0581
90 	418.708	533.563	437.762	38.1809
91 	418.42 	533.695	437.392	38.2928
92 	418.248	533.178	437.09 	38.7125
93 	417.923	533.805	436.754	38.8897
94 	417.805	533.208	436.422	38.8019
95 	417.375	533.702	436.053	38.9737
96 	417.245	532.973	435.984	38.9518
97 	416.65 	534.062	435.589	39.2248
99 	416.605	534.05 	434.971	39.6382
100	416.463	535.067	434.441	39.4802
103	416.228	535.133	433.923	39.9219
104	416.163	533.873	433.735	39.6769
105	416.045	534.743	433.647	39.8488
106	415.91 	532.86 	433.567	39.9505
107	415.838	533.065	433.387	39.9187
109	415.77 	533.703	433.236	40.1479
111	415.768	533.315	432.976	40.1199
112	415.698	532.998	432.93 	40.2727
114	415.663	535.203	432.698	40.0665
117	415.593	533.38 	432.713	40.3954
120	415.558	532.583	432.579	40.2032
122	415.555	533.38 	432.666	40.3744
End Time (hh:mm:ss.ms) 2023-07-17 10:01:41.647694
Total Time (hh:mm:ss.ms) 0:05:07.617412
Individuo: [[122, 145, 115, 47, 40, 19, 65, 42, 18, 6, 84, 88, 128, 93, 56, 45, 114, 92, 0, 26, 28, 49, 21, 64, 103, 29, 63, 9, 150, 144, 94, 152, 55, 117, 12, 59, 39, 142, 86, 149, 43, 87, 105, 154, 113, 16, 35, 108, 126, 140, 83, 13, 23, 130, 137, 132, 60, 70, 79, 100, 110, 127, 99, 155, 37, 119, 141, 51, 102, 32, 38, 30, 76, 58, 138, 143, 96, 48, 146, 11, 74, 104, 147, 2, 135, 72, 53, 139, 66, 85, 118, 41, 82, 52, 75, 111, 62, 57, 148, 22, 77, 106, 1, 112, 44, 4, 153, 90, 14, 67, 7, 151, 89, 73, 36, 31, 71, 3, 61, 5, 129, 101, 68, 156, 81, 69, 124, 107, 134, 123, 136, 24, 25, 131, 17, 50, 27, 80, 20, 120, 98, 97, 8, 109, 78, 10, 91, 116, 15, 133, 95, 46, 34, 125, 54, 33, 121], [1, 1, 1, 1, 1, 1, 0, 0, 1, 0, 0, 0, 0, 0, 0, 0, 0, 0, 0, 0, 0, 0, 0, 0, 0, 0, 0, 1, 1, 1, 1, 0, 0, 1, 0, 0, 0, 0, 1, 0, 0, 0, 0, 0, 1, 1, 1, 1, 1, 1, 1, 1, 0, 1, 1, 1, 1, 1, 1, 1, 1, 1, 1, 1, 1, 1, 0, 1, 1, 1, 1, 0, 0, 0, 1, 0, 0, 0, 0, 0, 0, 1, 0, 1, 1, 1, 0, 0, 0, 0, 0, 1, 1, 1, 1, 1, 0, 0, 1, 0, 0, 0, 1, 1, 1, 0, 0, 0, 1, 0, 0, 1, 1, 1, 1, 1, 1, 0, 1, 1, 1, 1, 1, 0, 1, 0, 1, 0, 0, 0, 1, 1, 1, 0, 1, 1, 1, 0, 0, 1, 0, 1, 1, 1, 1, 1, 1, 0, 0, 1, 1, 1, 1, 1, 1, 1, 1]]
Fitness:  415.55500000000023
Gens:  [0, 1, 2, 3, 4, 5, 6, 7, 8, 9, 10, 11, 12, 13, 14, 15, 16, 17, 18, 19, 20, 21, 22, 23, 24, 25, 26, 27, 28, 29, 30, 31, 32, 33, 34, 35, 36, 37, 38, 39, 40, 41, 42, 43, 44, 45, 46, 47, 48, 49, 50, 51, 52, 53, 54, 55, 56, 57, 58, 59, 60, 61, 62, 63, 64, 65, 66, 67, 68, 69, 70, 71, 72, 73, 74, 75, 76, 77, 78, 79, 80, 81, 82, 83, 84, 85, 86, 87, 88, 89, 90, 91, 92, 93, 94, 95, 96, 97, 98, 99, 100, 101, 102, 103, 104, 105, 106, 107, 108, 109, 110, 111, 112, 113, 114, 115, 116, 117, 118, 119, 120, 121, 122, 123, 124, 125, 126, 127, 128, 129, 130, 131, 132, 133, 134, 135, 136, 137, 138, 139, 140, 141, 142, 143, 144, 145, 146, 147, 148, 149, 150, 151, 152, 153, 154, 155, 156, 157, 158, 159, 160, 161, 162, 163, 164, 165, 166, 167, 168, 169, 170, 171, 172, 173, 174, 175, 176, 177, 178, 179]
Inds:  [486.38000000000017, 442.0850000000001, 442.0850000000001, 442.0850000000001, 442.0850000000001, 442.0850000000001, 442.0850000000001, 442.0850000000001, 442.0850000000001, 442.0850000000001, 442.0850000000001, 442.0850000000001, 442.0850000000001, 442.0850000000001, 442.0850000000001, 442.0850000000001, 442.0850000000001, 442.0850000000001, 442.0850000000001, 442.0850000000001, 442.0850000000001, 442.0850000000001, 442.0850000000001, 442.0850000000001, 442.0850000000001, 442.0850000000001, 442.0850000000001, 442.0850000000001, 442.0850000000001, 442.0850000000001, 442.0850000000001, 442.0850000000001, 442.0850000000001, 442.0850000000001, 442.0850000000001, 442.0850000000001, 442.0850000000001, 442.0850000000001, 442.0850000000001, 442.0850000000001, 442.0850000000001, 442.0850000000001, 442.0850000000001, 442.0850000000001, 442.0850000000001, 442.0850000000001, 442.0850000000001, 442.0850000000001, 442.0850000000001, 442.0850000000001, 442.06499999999994, 442.0200000000004, 439.6400000000002, 439.6400000000002, 436.44750000000005, 436.44750000000005, 436.44750000000005, 435.42500000000007, 434.9525, 432.63500000000016, 432.32500000000016, 431.7375000000001, 431.7375000000001, 430.9800000000003, 430.9800000000003, 430.0550000000003, 429.8775000000001, 428.3900000000003, 428.3900000000003, 427.2600000000002, 426.5125000000002, 426.5125000000002, 425.9300000000003, 425.56250000000017, 424.5100000000002, 424.48000000000025, 424.1950000000004, 423.73750000000007, 423.58500000000015, 422.90500000000014, 422.3575000000001, 421.40500000000014, 421.40500000000014, 420.59250000000014, 420.59250000000014, 419.82250000000005, 419.82250000000005, 419.03500000000014, 419.03500000000014, 418.80000000000024, 418.70750000000027, 418.42000000000036, 418.2475000000003, 417.92250000000007, 417.8050000000002, 417.3750000000003, 417.2450000000001, 416.6500000000003, 416.6500000000003, 416.6050000000001, 416.4625000000001, 416.4625000000001, 416.4625000000001, 416.2275000000002, 416.1625000000002, 416.0450000000003, 415.91000000000037, 415.83750000000026, 415.83750000000026, 415.7700000000003, 415.7700000000003, 415.7675000000002, 415.6975000000002, 415.6975000000002, 415.6625000000002, 415.6625000000002, 415.6625000000002, 415.5925000000002, 415.5925000000002, 415.5925000000002, 415.55750000000023, 415.55750000000023, 415.55500000000023, 415.55500000000023, 415.55500000000023, 415.55500000000023, 415.55500000000023, 415.55500000000023, 415.55500000000023, 415.55500000000023, 415.55500000000023, 415.55500000000023, 415.55500000000023, 415.55500000000023, 415.55500000000023, 415.55500000000023, 415.55500000000023, 415.55500000000023, 415.55500000000023, 415.55500000000023, 415.55500000000023, 415.55500000000023, 415.55500000000023, 415.55500000000023, 415.55500000000023, 415.55500000000023, 415.55500000000023, 415.55500000000023, 415.55500000000023, 415.55500000000023, 415.55500000000023, 415.55500000000023, 415.55500000000023, 415.55500000000023, 415.55500000000023, 415.55500000000023, 415.55500000000023, 415.55500000000023, 415.55500000000023, 415.55500000000023, 415.55500000000023, 415.55500000000023, 415.55500000000023, 415.55500000000023, 415.55500000000023, 415.55500000000023, 415.55500000000023, 415.55500000000023, 415.55500000000023, 415.55500000000023, 415.55500000000023, 415.55500000000023, 415.55500000000023, 415.55500000000023, 415.55500000000023, 415.55500000000023, 415.55500000000023, 415.55500000000023, 415.55500000000023, 415.55500000000023]

Execution 9:
Parametros: P=1000, Pe=0.3, Pm=0.15, pe=0.7, Parada=100
Start Time (hh:mm:ss.ms) 2023-07-17 10:01:43.671809
gen	min    	max    	avg    	std    
0  	502.525	535.798	528.558	4.13143
1  	440.74 	551.965	505.613	23.5128
53 	439.288	533.388	465.231	27.2299
58 	438.712	535.417	459.234	29.6162
59 	437.19 	533.73 	458.121	30.0989
60 	436.065	533.57 	457.143	30.4258
61 	435.293	533.41 	456.149	30.8113
62 	434.855	533.89 	455.316	31.22  
63 	434.768	533.603	454.268	31.5639
64 	433.408	533.705	453.361	31.8597
65 	432.96 	533.81 	452.241	32.2275
66 	431.033	532.773	451.493	32.7267
68 	429.443	533.487	450.119	33.5202
70 	428.218	534.645	448.421	34.0264
72 	426.138	532.795	447.092	34.4551
74 	425.64 	534.118	445.838	34.958 
75 	425.603	533.552	444.999	35.314 
76 	425.23 	535.34 	444.335	35.6393
77 	425.17 	535.098	443.915	35.9838
78 	424.48 	533.17 	443.273	36.0364
79 	423.215	533.588	442.753	36.5574
82 	422.65 	533.555	441.043	36.9191
83 	422.515	534.115	440.607	37.0391
84 	421.088	533.678	440.187	37.2536
87 	420.878	533.135	438.959	37.7245
88 	420.84 	535.968	438.558	37.9368
89 	420.385	535.17 	438.429	37.9356
90 	420    	532.44 	437.98 	38.0785
92 	419.833	533.38 	437.46 	38.3234
93 	419.335	532.9  	437.254	38.564 
95 	419.265	533.18 	436.771	38.6581
96 	419.23 	532.863	436.654	38.8377
97 	419.093	533.212	436.682	38.9945
98 	418.735	533.633	436.425	39.0272
100	418.608	533.465	436.105	39.0536
101	418.39 	532.688	435.873	38.9334
104	418.323	534.86 	435.536	39.0686
106	418.145	535.435	435.65 	39.2916
107	418.105	534.1  	435.771	39.1525
109	418.038	534.78 	435.814	39.3309
110	417.9  	534.755	435.915	39.1535
111	417.898	533.623	435.932	39.1258
112	417.863	535.033	436.009	39.2399
114	417.753	531.95 	436.133	39.2013
116	417.723	533.948	435.083	39.6317
117	417.688	533.525	434.567	39.6149
120	417.688	533.463	434.377	39.5681
121	417.653	533.98 	434.37 	39.6358
123	417.653	532.335	434.31 	39.5813
End Time (hh:mm:ss.ms) 2023-07-17 10:06:51.440894
Total Time (hh:mm:ss.ms) 0:05:07.769085
Individuo: [[106, 77, 63, 90, 148, 52, 82, 65, 42, 107, 134, 133, 91, 10, 78, 109, 8, 97, 98, 120, 34, 46, 95, 123, 136, 84, 128, 93, 56, 45, 114, 92, 0, 28, 26, 49, 64, 29, 80, 150, 67, 7, 22, 9, 156, 81, 103, 21, 153, 69, 2, 135, 72, 53, 139, 66, 85, 118, 41, 19, 40, 112, 105, 87, 43, 4, 149, 144, 94, 14, 152, 79, 70, 60, 132, 137, 130, 35, 108, 83, 140, 57, 23, 75, 15, 13, 100, 110, 127, 47, 115, 155, 102, 51, 141, 138, 36, 61, 31, 73, 89, 68, 101, 129, 5, 151, 71, 3, 119, 37, 99, 86, 30, 76, 58, 143, 96, 48, 104, 146, 11, 74, 32, 39, 38, 142, 59, 12, 117, 154, 111, 62, 126, 1, 145, 122, 16, 113, 55, 44, 27, 20, 124, 18, 6, 88, 24, 25, 131, 17, 50, 147, 116, 121, 125, 54, 33], [1, 1, 1, 1, 0, 0, 0, 0, 0, 0, 0, 0, 0, 0, 0, 0, 0, 0, 0, 0, 0, 0, 0, 0, 1, 0, 0, 0, 0, 0, 0, 0, 0, 1, 1, 0, 0, 0, 1, 1, 0, 0, 0, 1, 1, 1, 1, 0, 0, 0, 1, 1, 1, 0, 0, 0, 0, 0, 1, 0, 0, 0, 1, 1, 1, 1, 0, 1, 0, 0, 0, 0, 0, 0, 0, 0, 0, 0, 1, 0, 0, 0, 0, 1, 1, 0, 1, 1, 1, 0, 0, 1, 0, 0, 1, 0, 1, 0, 0, 0, 0, 0, 0, 0, 0, 0, 1, 0, 0, 0, 0, 1, 0, 0, 0, 0, 0, 0, 0, 0, 0, 0, 1, 0, 1, 1, 1, 1, 1, 1, 1, 0, 0, 0, 0, 0, 0, 0, 1, 1, 0, 1, 1, 1, 0, 0, 1, 1, 0, 1, 1, 0, 0, 1, 1, 1, 1]]
Fitness:  417.6525000000003
Gens:  [0, 1, 2, 3, 4, 5, 6, 7, 8, 9, 10, 11, 12, 13, 14, 15, 16, 17, 18, 19, 20, 21, 22, 23, 24, 25, 26, 27, 28, 29, 30, 31, 32, 33, 34, 35, 36, 37, 38, 39, 40, 41, 42, 43, 44, 45, 46, 47, 48, 49, 50, 51, 52, 53, 54, 55, 56, 57, 58, 59, 60, 61, 62, 63, 64, 65, 66, 67, 68, 69, 70, 71, 72, 73, 74, 75, 76, 77, 78, 79, 80, 81, 82, 83, 84, 85, 86, 87, 88, 89, 90, 91, 92, 93, 94, 95, 96, 97, 98, 99, 100, 101, 102, 103, 104, 105, 106, 107, 108, 109, 110, 111, 112, 113, 114, 115, 116, 117, 118, 119, 120, 121, 122, 123, 124, 125, 126, 127, 128, 129, 130, 131, 132, 133, 134, 135, 136, 137, 138, 139, 140, 141, 142, 143, 144, 145, 146, 147, 148, 149, 150, 151, 152, 153, 154, 155, 156, 157, 158, 159, 160, 161, 162, 163, 164, 165, 166, 167, 168, 169, 170, 171, 172, 173, 174, 175, 176, 177, 178, 179, 180, 181, 182, 183]
Inds:  [502.52500000000026, 440.7400000000002, 440.7400000000002, 440.7400000000002, 440.7400000000002, 440.7400000000002, 440.7400000000002, 440.7400000000002, 440.7400000000002, 440.7400000000002, 440.7400000000002, 440.7400000000002, 440.7400000000002, 440.7400000000002, 440.7400000000002, 440.7400000000002, 440.7400000000002, 440.7400000000002, 440.7400000000002, 440.7400000000002, 440.7400000000002, 440.7400000000002, 440.7400000000002, 440.7400000000002, 440.7400000000002, 440.7400000000002, 440.7400000000002, 440.7400000000002, 440.7400000000002, 440.7400000000002, 440.7400000000002, 440.7400000000002, 440.7400000000002, 440.7400000000002, 440.7400000000002, 440.7400000000002, 440.7400000000002, 440.7400000000002, 440.7400000000002, 440.7400000000002, 440.7400000000002, 440.7400000000002, 440.7400000000002, 440.7400000000002, 440.7400000000002, 440.7400000000002, 440.7400000000002, 440.7400000000002, 440.7400000000002, 440.7400000000002, 440.7400000000002, 440.7400000000002, 440.7400000000002, 439.2875000000003, 439.2875000000003, 439.2875000000003, 439.2875000000003, 439.2875000000003, 438.7125, 437.18999999999994, 436.06500000000017, 435.2925, 434.85500000000013, 434.76750000000004, 433.40750000000014, 432.96, 431.0325, 431.0325, 429.4425000000001, 429.4425000000001, 428.2175000000002, 428.2175000000002, 426.1375000000002, 426.1375000000002, 425.64000000000016, 425.6025000000001, 425.23000000000013, 425.17000000000013, 424.48000000000025, 423.21500000000015, 423.21500000000015, 423.21500000000015, 422.6500000000004, 422.5150000000002, 421.0875000000002, 421.0875000000002, 421.0875000000002, 420.87750000000034, 420.8400000000002, 420.3850000000002, 420.00000000000034, 420.00000000000034, 419.83250000000027, 419.33500000000043, 419.33500000000043, 419.26500000000027, 419.23000000000036, 419.09250000000037, 418.7350000000004, 418.7350000000004, 418.6075000000004, 418.3900000000004, 418.3900000000004, 418.3900000000004, 418.32250000000033, 418.32250000000033, 418.1450000000004, 418.10500000000036, 418.10500000000036, 418.0375000000004, 417.90000000000043, 417.8975000000004, 417.8625000000004, 417.8625000000004, 417.7525000000004, 417.7525000000004, 417.72250000000037, 417.6875000000004, 417.6875000000004, 417.6875000000004, 417.68750000000034, 417.6525000000004, 417.6525000000004, 417.6525000000003, 417.6525000000003, 417.6525000000003, 417.6525000000003, 417.6525000000003, 417.6525000000003, 417.6525000000003, 417.6525000000003, 417.6525000000003, 417.6525000000003, 417.6525000000003, 417.6525000000003, 417.6525000000003, 417.6525000000003, 417.6525000000003, 417.6525000000003, 417.6525000000003, 417.6525000000003, 417.6525000000003, 417.6525000000003, 417.6525000000003, 417.6525000000003, 417.6525000000003, 417.6525000000003, 417.6525000000003, 417.6525000000003, 417.6525000000003, 417.6525000000003, 417.6525000000003, 417.6525000000003, 417.6525000000003, 417.6525000000003, 417.6525000000003, 417.6525000000003, 417.6525000000003, 417.6525000000003, 417.6525000000003, 417.6525000000003, 417.6525000000003, 417.6525000000003, 417.6525000000003, 417.6525000000003, 417.6525000000003, 417.6525000000003, 417.6525000000003, 417.6525000000003, 417.6525000000003, 417.6525000000003, 417.6525000000003, 417.6525000000003, 417.6525000000003, 417.6525000000003, 417.6525000000003, 417.6525000000003, 417.6525000000003, 417.6525000000003, 417.6525000000003, 417.6525000000003, 417.6525000000003, 417.6525000000003, 417.6525000000003]

Execution 10:
Parametros: P=1000, Pe=0.3, Pm=0.15, pe=0.7, Parada=100
Start Time (hh:mm:ss.ms) 2023-07-17 10:06:53.282825
gen	min    	max    	avg    	std    
0  	493.178	535.978	528.529	4.49703
1  	446.438	558.405	506.721	23.3687
63 	445.258	534.113	478.439	22.7679
86 	444.33 	533.105	465.632	26.9562
87 	441.862	533.528	464.505	27.4768
90 	440.39 	532.868	460.891	29.037 
92 	440.3  	535.49 	458.639	29.5547
93 	438.368	534.96 	457.594	30.06  
95 	438.11 	534.258	456.061	30.4066
96 	437.405	533.633	455.212	31.0758
97 	436.778	533.173	454.574	31.2104
98 	435.855	533.295	453.777	31.6169
99 	435.843	533.808	453.326	32.0482
100	434.49 	533.958	452.408	32.14  
101	433.455	533.313	451.71 	32.2817
103	432.595	534.162	450.434	33.1817
104	432.31 	533.768	449.898	33.3884
105	431.56 	534.053	449.177	33.4622
106	430.07 	532.545	448.499	33.6956
107	429.9  	534.97 	447.987	34.0837
108	429.745	533.495	447.531	34.3697
109	428.507	534.3  	446.738	34.3098
111	428.247	533.428	445.734	34.7235
112	427.38 	534.862	445.367	35.0543
113	427.305	533.95 	444.869	35.1821
114	426.963	535.482	444.552	35.4367
115	426.718	533.455	444.185	35.5255
116	426.123	534.16 	443.875	35.7775
119	425.475	534.72 	442.716	35.9981
120	425.22 	532.93 	442.526	36.4207
121	424.865	532.895	442.087	36.302 
123	424.583	534.05 	441.587	36.6293
124	424.545	533.033	441.331	36.7843
125	424.262	533.075	441.043	36.7543
126	424.08 	534.467	440.794	36.8316
127	423.855	533.905	440.668	37.1469
128	423.545	533.383	440.514	37.1944
129	423.483	533.71 	440.3  	37.2704
130	423.46 	534.5  	440.104	37.2578
131	422.985	534.398	439.975	37.3967
134	422.865	532.9  	439.553	37.7524
135	422.625	532.855	439.289	37.5096
137	422.493	533.74 	439.007	37.5625
139	422.488	532.725	438.796	37.652 
140	422.448	533.985	438.718	37.6867
141	422.24 	538    	438.689	37.8732
142	422.235	533.423	438.547	37.7871
143	422.17 	532.86 	438.575	38.0222
144	422.093	534.188	438.436	37.9054
145	422.06 	532.868	438.361	37.9281
146	422.028	533.978	438.307	37.9732
147	421.928	533.282	438.153	37.8253
148	421.89 	534.393	438.27 	38.2341
149	421.853	533.73 	438.091	38.0099
150	421.818	532.475	438.057	38.0595
151	421.755	533.603	437.944	37.9344
152	421.718	534.103	437.979	38.1429
153	421.683	533.905	437.953	38.1929
155	421.68 	533.388	437.922	38.3268
157	421.648	533.493	437.798	38.2275
158	421.648	533.818	437.797	38.3064
End Time (hh:mm:ss.ms) 2023-07-17 10:12:00.422038
Total Time (hh:mm:ss.ms) 0:05:07.139213
Individuo: [[122, 72, 144, 145, 139, 115, 47, 1, 44, 112, 40, 19, 65, 42, 118, 153, 131, 25, 24, 84, 128, 93, 56, 45, 92, 0, 26, 103, 49, 21, 64, 29, 81, 63, 9, 50, 20, 80, 2, 116, 135, 150, 156, 136, 88, 28, 17, 27, 15, 105, 87, 43, 4, 53, 148, 22, 77, 106, 94, 14, 90, 7, 67, 152, 70, 79, 60, 132, 137, 130, 13, 83, 140, 62, 111, 154, 113, 16, 35, 108, 126, 57, 23, 52, 82, 41, 85, 66, 149, 127, 110, 38, 32, 76, 55, 117, 100, 75, 12, 59, 39, 142, 30, 58, 143, 96, 48, 146, 11, 104, 155, 74, 147, 124, 134, 46, 6, 114, 107, 18, 123, 91, 10, 109, 78, 8, 97, 120, 34, 133, 95, 54, 33, 31, 138, 141, 51, 102, 125, 69, 98, 86, 99, 37, 119, 73, 36, 151, 71, 3, 61, 129, 5, 101, 89, 121, 68], [0, 1, 1, 1, 0, 1, 1, 1, 1, 1, 1, 1, 0, 0, 1, 1, 1, 0, 0, 0, 0, 0, 0, 0, 0, 0, 0, 0, 0, 0, 0, 0, 1, 0, 0, 1, 1, 1, 1, 0, 0, 1, 1, 0, 0, 1, 0, 1, 1, 1, 1, 1, 1, 1, 1, 0, 0, 0, 0, 0, 0, 1, 0, 0, 0, 0, 0, 0, 0, 0, 0, 0, 0, 1, 1, 0, 1, 1, 1, 1, 1, 0, 0, 0, 0, 0, 1, 1, 1, 0, 0, 1, 1, 1, 0, 1, 1, 1, 0, 0, 0, 0, 0, 0, 0, 0, 0, 0, 0, 1, 1, 0, 0, 0, 1, 1, 1, 0, 0, 1, 1, 0, 0, 1, 1, 0, 0, 0, 0, 0, 0, 0, 1, 1, 1, 0, 1, 1, 1, 0, 1, 1, 1, 1, 1, 1, 1, 1, 1, 0, 1, 1, 0, 1, 1, 1, 0]]
Fitness:  421.6475000000001
Gens:  [0, 1, 2, 3, 4, 5, 6, 7, 8, 9, 10, 11, 12, 13, 14, 15, 16, 17, 18, 19, 20, 21, 22, 23, 24, 25, 26, 27, 28, 29, 30, 31, 32, 33, 34, 35, 36, 37, 38, 39, 40, 41, 42, 43, 44, 45, 46, 47, 48, 49, 50, 51, 52, 53, 54, 55, 56, 57, 58, 59, 60, 61, 62, 63, 64, 65, 66, 67, 68, 69, 70, 71, 72, 73, 74, 75, 76, 77, 78, 79, 80, 81, 82, 83, 84, 85, 86, 87, 88, 89, 90, 91, 92, 93, 94, 95, 96, 97, 98, 99, 100, 101, 102, 103, 104, 105, 106, 107, 108, 109, 110, 111, 112, 113, 114, 115, 116, 117, 118, 119, 120, 121, 122, 123, 124, 125, 126, 127, 128, 129, 130, 131, 132, 133, 134, 135, 136, 137, 138, 139, 140, 141, 142, 143, 144, 145, 146, 147, 148, 149, 150, 151, 152, 153, 154, 155, 156, 157, 158, 159, 160, 161, 162, 163, 164, 165, 166, 167, 168, 169, 170, 171, 172, 173, 174, 175, 176, 177, 178, 179, 180, 181]
Inds:  [493.1775000000003, 446.43750000000006, 446.43750000000006, 446.43750000000006, 446.43750000000006, 446.43750000000006, 446.43750000000006, 446.43750000000006, 446.43750000000006, 446.43750000000006, 446.43750000000006, 446.43750000000006, 446.43750000000006, 446.43750000000006, 446.43750000000006, 446.43750000000006, 446.43750000000006, 446.43750000000006, 446.43750000000006, 446.43750000000006, 446.43750000000006, 446.43750000000006, 446.43750000000006, 446.43750000000006, 446.43750000000006, 446.43750000000006, 446.43750000000006, 446.43750000000006, 446.43750000000006, 446.43750000000006, 446.43750000000006, 446.43750000000006, 446.43750000000006, 446.43750000000006, 446.43750000000006, 446.43750000000006, 446.43750000000006, 446.43750000000006, 446.43750000000006, 446.43750000000006, 446.43750000000006, 446.43750000000006, 446.43750000000006, 446.43750000000006, 446.43750000000006, 446.43750000000006, 446.43750000000006, 446.43750000000006, 446.43750000000006, 446.43750000000006, 446.43750000000006, 446.43750000000006, 446.43750000000006, 446.43750000000006, 446.43750000000006, 446.43750000000006, 446.43750000000006, 446.43750000000006, 446.43750000000006, 446.43750000000006, 446.43750000000006, 446.43750000000006, 446.43750000000006, 445.25750000000016, 445.25750000000016, 445.25750000000016, 445.25750000000016, 445.25750000000016, 445.25750000000016, 445.25750000000016, 445.25750000000016, 445.25750000000016, 445.25750000000016, 445.25750000000016, 445.25750000000016, 445.25750000000016, 445.25750000000016, 445.25750000000016, 445.25750000000016, 445.25750000000016, 445.25750000000016, 445.25750000000016, 445.25750000000016, 445.25750000000016, 445.25750000000016, 445.25750000000016, 444.33000000000004, 441.8624999999999, 441.8624999999999, 441.8624999999999, 440.39, 440.39, 440.2999999999996, 438.36750000000006, 438.36750000000006, 438.11000000000024, 437.4050000000001, 436.7775000000002, 435.85499999999985, 435.84250000000014, 434.4899999999999, 433.4549999999999, 433.4549999999999, 432.5950000000001, 432.31000000000006, 431.56, 430.07, 429.9, 429.74499999999995, 428.50749999999994, 428.50749999999994, 428.24749999999995, 427.3800000000001, 427.30500000000006, 426.96250000000015, 426.7175000000001, 426.12250000000006, 426.12250000000006, 426.12250000000006, 425.4749999999999, 425.2200000000001, 424.8650000000001, 424.8650000000001, 424.5825000000001, 424.54499999999996, 424.2625, 424.08000000000004, 423.8550000000001, 423.54500000000013, 423.4825000000002, 423.46000000000004, 422.98500000000007, 422.98500000000007, 422.98500000000007, 422.8650000000002, 422.6250000000001, 422.6250000000001, 422.4925000000001, 422.4925000000001, 422.4875000000001, 422.44750000000016, 422.24000000000007, 422.2350000000002, 422.1700000000002, 422.09250000000014, 422.0600000000001, 422.02750000000026, 421.9275000000001, 421.8900000000001, 421.8525000000002, 421.81750000000017, 421.75500000000017, 421.71750000000014, 421.6825000000002, 421.6825000000002, 421.6800000000001, 421.6800000000001, 421.64750000000015, 421.6475000000001, 421.6475000000001, 421.6475000000001, 421.6475000000001, 421.6475000000001, 421.6475000000001, 421.6475000000001, 421.6475000000001, 421.6475000000001, 421.6475000000001, 421.6475000000001, 421.6475000000001, 421.6475000000001, 421.6475000000001, 421.6475000000001, 421.6475000000001, 421.6475000000001, 421.6475000000001, 421.6475000000001, 421.6475000000001, 421.6475000000001, 421.6475000000001, 421.6475000000001, 421.6475000000001]

