BRKGA-Heuristic:

Execution 1:
Parametros: P=1000, Pe=0.3, Pm=0.15, pe=0.7, Parada=100
Start Time (hh:mm:ss.ms) 2023-07-17 11:05:15.437355
gen	min    	max    	avg    	std   
0  	159.443	165.938	162.777	1.1085
1  	157.975	165.81 	162.095	1.03978
6  	157.31 	165.795	161.143	1.38401
13 	156.79 	166.26 	160.441	1.64452
15 	156.732	166.23 	160.301	1.68681
17 	156.08 	165.108	160.107	1.66144
24 	155.542	165.222	159.405	1.92772
25 	155.403	166.098	159.26 	2.00146
26 	155.042	165.5  	159.09 	2.0008 
27 	154.377	165.56 	158.891	2.07753
33 	154.325	165.277	157.604	2.40493
35 	154.24 	165.867	157.138	2.48463
36 	153.755	166.363	156.972	2.58225
37 	152.982	166.008	156.721	2.64573
41 	152.955	165.135	155.987	2.88448
42 	152.852	165.467	155.81 	3.00314
43 	152.075	165.482	155.655	3.09008
45 	151.87 	165.705	155.26 	3.21345
46 	151.857	165.738	155.131	3.28707
48 	151.607	164.852	154.739	3.42885
49 	151.38 	165.443	154.547	3.52929
50 	151.075	166.21 	154.333	3.59163
51 	150.98 	165.24 	154.175	3.66534
52 	150.572	166.045	154.003	3.75217
54 	150.47 	165.65 	153.629	3.89939
56 	150.435	166.308	153.269	3.99544
57 	150.095	165.852	153.158	4.13933
58 	149.967	165.167	152.995	4.16682
60 	149.862	165.123	152.728	4.23127
61 	149.392	165.43 	152.59 	4.2773 
63 	149.347	166.455	152.356	4.41281
64 	148.95 	165.603	152.226	4.44138
66 	148.887	165.465	151.996	4.5728 
68 	148.797	166.913	151.731	4.65431
69 	148.467	165.45 	151.654	4.81099
71 	148.137	165.615	151.412	4.83919
73 	148.117	165.373	151.172	4.85628
75 	148.075	166.148	150.979	5.00142
76 	147.92 	165.99 	150.853	5.03734
77 	147.712	165.277	150.729	5.06913
79 	147.597	165.585	150.48 	5.12796
81 	147.577	165.983	150.292	5.26973
82 	147.405	166.403	150.168	5.24762
83 	147.35 	165.79 	150.087	5.32995
85 	147.215	165.155	149.91 	5.37439
88 	147.125	166.41 	149.734	5.445  
90 	147.085	166.182	149.669	5.52833
91 	147.05 	165.96 	149.621	5.52997
92 	147.045	165.513	149.57 	5.50718
93 	147    	166.135	149.553	5.56916
94 	146.987	166.235	149.525	5.6159 
96 	146.942	165.44 	149.427	5.56069
97 	146.917	166.85 	149.419	5.60951
99 	146.915	165.118	149.374	5.62747
100	146.807	165.47 	149.342	5.60611
106	146.77 	165.827	149.253	5.67251
207	146.77 	165.295	149.171	5.73036
End Time (hh:mm:ss.ms) 2023-07-17 11:06:10.803438
Total Time (hh:mm:ss.ms) 0:00:55.366083
Individuo: [[54, 55, 22, 14, 43, 30, 44, 27, 31, 32, 60, 29, 45, 21, 40, 13, 57, 46, 1, 47, 50, 18, 35, 8, 23, 2, 53, 16, 37, 38, 39, 4, 62, 25, 59, 3, 48, 15, 58, 26, 24, 51, 34, 20, 56, 19, 17, 41, 28, 52, 36, 12, 49, 61, 0, 10, 9, 33, 42, 5, 7, 6, 11], [1, 0, 1, 0, 0, 0, 1, 1, 1, 1, 0, 1, 1, 0, 0, 0, 1, 0, 0, 1, 1, 0, 1, 0, 1, 1, 1, 1, 1, 1, 0, 1, 1, 0, 1, 0, 0, 1, 0, 1, 1, 1, 0, 1, 1, 0, 0, 1, 1, 0, 0, 0, 0, 0, 0, 0, 0, 0, 0, 0, 0, 0, 1]]
Fitness:  146.7699999999999
Gens:  [0, 1, 2, 3, 4, 5, 6, 7, 8, 9, 10, 11, 12, 13, 14, 15, 16, 17, 18, 19, 20, 21, 22, 23, 24, 25, 26, 27, 28, 29, 30, 31, 32, 33, 34, 35, 36, 37, 38, 39, 40, 41, 42, 43, 44, 45, 46, 47, 48, 49, 50, 51, 52, 53, 54, 55, 56, 57, 58, 59, 60, 61, 62, 63, 64, 65, 66, 67, 68, 69, 70, 71, 72, 73, 74, 75, 76, 77, 78, 79, 80, 81, 82, 83, 84, 85, 86, 87, 88, 89, 90, 91, 92, 93, 94, 95, 96, 97, 98, 99, 100, 101, 102, 103, 104, 105, 106, 107, 108, 109, 110, 111, 112, 113, 114, 115, 116, 117, 118, 119, 120, 121, 122, 123, 124, 125, 126, 127, 128, 129, 130, 131, 132, 133, 134, 135, 136, 137, 138, 139, 140, 141, 142, 143, 144, 145, 146, 147, 148, 149, 150, 151, 152, 153, 154, 155, 156, 157, 158, 159, 160, 161, 162, 163, 164, 165, 166, 167, 168, 169, 170, 171, 172, 173, 174, 175, 176, 177, 178, 179, 180, 181, 182, 183, 184, 185, 186, 187, 188, 189, 190, 191, 192, 193, 194, 195, 196, 197, 198, 199, 200, 201, 202, 203, 204, 205, 206, 207]
Inds:  [159.44250000000002, 157.97500000000005, 157.97500000000005, 157.97500000000005, 157.97500000000005, 157.97500000000005, 157.31000000000003, 157.31000000000003, 157.31000000000003, 157.31000000000003, 157.31000000000003, 157.31000000000003, 157.31000000000003, 156.79, 156.79, 156.7325, 156.7325, 156.07999999999996, 156.07999999999996, 156.07999999999996, 156.07999999999996, 156.07999999999996, 156.07999999999996, 156.07999999999996, 155.5425, 155.4025, 155.04249999999996, 154.37749999999994, 154.37749999999994, 154.37749999999994, 154.37749999999994, 154.37749999999994, 154.37749999999994, 154.32499999999996, 154.32499999999996, 154.23999999999992, 153.75499999999997, 152.9825, 152.9825, 152.9825, 152.9825, 152.95499999999996, 152.85249999999996, 152.07499999999996, 152.07499999999996, 151.86999999999995, 151.8575, 151.8575, 151.6074999999999, 151.37999999999997, 151.07499999999996, 150.98, 150.57249999999993, 150.57249999999993, 150.4699999999999, 150.4699999999999, 150.43499999999997, 150.09499999999989, 149.96749999999997, 149.96749999999997, 149.86249999999995, 149.39249999999993, 149.39249999999993, 149.34749999999994, 148.95, 148.95, 148.8875, 148.8875, 148.7974999999999, 148.46749999999994, 148.46749999999994, 148.13749999999996, 148.13749999999996, 148.11749999999998, 148.11749999999998, 148.0749999999999, 147.91999999999996, 147.71249999999995, 147.71249999999995, 147.59749999999994, 147.59749999999994, 147.5775, 147.40499999999992, 147.34999999999994, 147.34999999999994, 147.21499999999995, 147.21499999999995, 147.21499999999995, 147.12499999999991, 147.12499999999991, 147.08499999999995, 147.04999999999993, 147.04499999999993, 146.99999999999994, 146.98749999999993, 146.98749999999993, 146.9424999999999, 146.9174999999999, 146.9174999999999, 146.9149999999999, 146.8074999999999, 146.8074999999999, 146.8074999999999, 146.8074999999999, 146.8074999999999, 146.8074999999999, 146.7699999999999, 146.7699999999999, 146.7699999999999, 146.7699999999999, 146.7699999999999, 146.7699999999999, 146.7699999999999, 146.7699999999999, 146.7699999999999, 146.7699999999999, 146.7699999999999, 146.7699999999999, 146.7699999999999, 146.7699999999999, 146.7699999999999, 146.7699999999999, 146.7699999999999, 146.7699999999999, 146.7699999999999, 146.7699999999999, 146.7699999999999, 146.7699999999999, 146.7699999999999, 146.7699999999999, 146.7699999999999, 146.7699999999999, 146.7699999999999, 146.7699999999999, 146.7699999999999, 146.7699999999999, 146.7699999999999, 146.7699999999999, 146.7699999999999, 146.7699999999999, 146.7699999999999, 146.7699999999999, 146.7699999999999, 146.7699999999999, 146.7699999999999, 146.7699999999999, 146.7699999999999, 146.7699999999999, 146.7699999999999, 146.7699999999999, 146.7699999999999, 146.7699999999999, 146.7699999999999, 146.7699999999999, 146.7699999999999, 146.7699999999999, 146.7699999999999, 146.7699999999999, 146.7699999999999, 146.7699999999999, 146.7699999999999, 146.7699999999999, 146.7699999999999, 146.7699999999999, 146.7699999999999, 146.7699999999999, 146.7699999999999, 146.7699999999999, 146.7699999999999, 146.7699999999999, 146.7699999999999, 146.7699999999999, 146.7699999999999, 146.7699999999999, 146.7699999999999, 146.7699999999999, 146.7699999999999, 146.7699999999999, 146.7699999999999, 146.7699999999999, 146.7699999999999, 146.7699999999999, 146.7699999999999, 146.7699999999999, 146.7699999999999, 146.7699999999999, 146.7699999999999, 146.7699999999999, 146.7699999999999, 146.7699999999999, 146.7699999999999, 146.7699999999999, 146.7699999999999, 146.7699999999999, 146.7699999999999, 146.7699999999999, 146.7699999999999, 146.7699999999999, 146.7699999999999, 146.7699999999999, 146.7699999999999, 146.7699999999999, 146.7699999999999, 146.7699999999999, 146.7699999999999, 146.7699999999999, 146.7699999999999, 146.7699999999999]

Execution 2:
Parametros: P=1000, Pe=0.3, Pm=0.15, pe=0.7, Parada=100
Start Time (hh:mm:ss.ms) 2023-07-17 11:06:11.898441
gen	min   	max   	avg    	std    
0  	159.48	165.85	162.794	1.09692
1  	159.15	165.795	162.115	1.03107
2  	158.63	165.553	161.804	1.05037
3  	158.088	165.565	161.64 	1.20217
4  	157.975	165.708	161.411	1.22856
8  	157.902	166.015	160.924	1.42414
10 	157.305	165.7  	160.731	1.50605
11 	156.905	165.43 	160.667	1.51893
15 	156.152	164.93 	160.364	1.5991 
20 	155.93 	165.135	159.876	1.65132
21 	155.498	166.163	159.774	1.75394
28 	154.39 	165.637	158.84 	1.97909
35 	153.857	165.487	157.589	2.38067
38 	153.592	165.133	157.101	2.53585
39 	153.422	166.075	156.883	2.60915
42 	153.395	165.817	156.333	2.80275
44 	152.997	164.68 	156.034	2.88491
45 	152.625	165.648	155.883	3.00321
47 	152.285	166.05 	155.606	3.06747
49 	152.14 	166.008	155.35 	3.26986
50 	151.967	165.347	155.161	3.27696
53 	151.705	166.205	154.807	3.40712
54 	151.555	165.177	154.681	3.47559
56 	151.205	165.785	154.435	3.61104
59 	150.85 	165.12 	154.06 	3.72529
61 	150.697	165.412	153.816	3.77664
63 	150.575	165.405	153.628	3.86003
64 	150.465	165.718	153.527	3.95661
65 	150.41 	166.52 	153.406	3.99509
66 	150.312	165.42 	153.309	4.07944
67 	150.245	166.058	153.189	4.06838
68 	150.15 	165.727	153.061	4.11596
70 	150.093	166.093	152.89 	4.22995
71 	149.827	165.66 	152.81 	4.26753
72 	149.685	165.425	152.697	4.23811
74 	149.637	165.365	152.509	4.3691 
75 	149.475	165.645	152.409	4.33242
76 	149.45 	166.038	152.321	4.44618
77 	149.26 	165.45 	152.244	4.49012
79 	149.24 	165.803	152.063	4.57876
80 	149.108	165.502	151.947	4.54549
81 	148.945	165.735	151.886	4.61298
82 	148.863	165.197	151.813	4.65339
83 	148.772	166.525	151.734	4.6971 
85 	148.553	167.235	151.537	4.72014
86 	148.362	165.865	151.474	4.83669
88 	148.035	165.365	151.309	4.86857
91 	147.958	165.43 	151.066	4.98012
92 	147.792	165.26 	150.93 	4.93619
93 	147.668	165.677	150.846	5.02721
94 	147.412	165.613	150.736	5.02106
98 	147.265	165.465	150.328	5.2261 
100	147.032	165.315	150.107	5.2973 
101	146.942	165.652	150.04 	5.38085
102	146.87 	165.25 	149.913	5.37816
103	146.858	166.915	149.826	5.50624
104	146.457	165.4  	149.714	5.49525
110	146.43 	165.838	149.237	5.69939
112	146.317	165.942	149.126	5.73076
116	146.28 	166.687	148.945	5.76093
117	146.272	166.285	148.927	5.80364
118	146.272	165.5  	148.891	5.79891
119	146.257	165.913	148.872	5.82936
120	146.207	166.867	148.875	5.92706
122	146.157	165.175	148.81 	5.9033 
124	146.153	165.64 	148.733	5.83896
127	146.152	165.805	148.72 	5.90986
228	146.152	166.07 	148.627	5.90924
End Time (hh:mm:ss.ms) 2023-07-17 11:07:12.231235
Total Time (hh:mm:ss.ms) 0:01:00.332794
Individuo: [[54, 11, 35, 18, 39, 37, 16, 41, 61, 20, 53, 36, 51, 10, 0, 40, 30, 32, 27, 44, 7, 22, 49, 12, 34, 59, 3, 48, 15, 24, 26, 9, 45, 29, 58, 43, 57, 13, 17, 2, 23, 62, 19, 25, 28, 56, 8, 4, 52, 14, 31, 5, 42, 33, 21, 60, 46, 6, 1, 50, 38, 55, 47], [0, 0, 0, 1, 1, 0, 0, 0, 1, 1, 1, 0, 0, 1, 1, 1, 0, 1, 0, 0, 0, 1, 1, 1, 1, 1, 0, 0, 1, 1, 0, 0, 0, 1, 1, 0, 0, 1, 1, 1, 1, 0, 0, 0, 0, 1, 1, 1, 0, 0, 1, 1, 1, 1, 1, 1, 0, 0, 0, 0, 1, 0, 0]]
Fitness:  146.15249999999997
Gens:  [0, 1, 2, 3, 4, 5, 6, 7, 8, 9, 10, 11, 12, 13, 14, 15, 16, 17, 18, 19, 20, 21, 22, 23, 24, 25, 26, 27, 28, 29, 30, 31, 32, 33, 34, 35, 36, 37, 38, 39, 40, 41, 42, 43, 44, 45, 46, 47, 48, 49, 50, 51, 52, 53, 54, 55, 56, 57, 58, 59, 60, 61, 62, 63, 64, 65, 66, 67, 68, 69, 70, 71, 72, 73, 74, 75, 76, 77, 78, 79, 80, 81, 82, 83, 84, 85, 86, 87, 88, 89, 90, 91, 92, 93, 94, 95, 96, 97, 98, 99, 100, 101, 102, 103, 104, 105, 106, 107, 108, 109, 110, 111, 112, 113, 114, 115, 116, 117, 118, 119, 120, 121, 122, 123, 124, 125, 126, 127, 128, 129, 130, 131, 132, 133, 134, 135, 136, 137, 138, 139, 140, 141, 142, 143, 144, 145, 146, 147, 148, 149, 150, 151, 152, 153, 154, 155, 156, 157, 158, 159, 160, 161, 162, 163, 164, 165, 166, 167, 168, 169, 170, 171, 172, 173, 174, 175, 176, 177, 178, 179, 180, 181, 182, 183, 184, 185, 186, 187, 188, 189, 190, 191, 192, 193, 194, 195, 196, 197, 198, 199, 200, 201, 202, 203, 204, 205, 206, 207, 208, 209, 210, 211, 212, 213, 214, 215, 216, 217, 218, 219, 220, 221, 222, 223, 224, 225, 226, 227, 228]
Inds:  [159.48, 159.14999999999998, 158.62999999999997, 158.0875, 157.97499999999994, 157.97499999999994, 157.97499999999994, 157.97499999999994, 157.90249999999992, 157.90249999999992, 157.30499999999998, 156.90500000000003, 156.90500000000003, 156.90500000000003, 156.90500000000003, 156.15249999999995, 156.15249999999995, 156.15249999999995, 156.15249999999995, 156.15249999999995, 155.93, 155.49750000000003, 155.49750000000003, 155.49750000000003, 155.49750000000003, 155.49750000000003, 155.49750000000003, 155.49750000000003, 154.39000000000001, 154.39000000000001, 154.39000000000001, 154.39000000000001, 154.39000000000001, 154.39000000000001, 154.39000000000001, 153.8575, 153.8575, 153.8575, 153.59249999999994, 153.42249999999996, 153.42249999999996, 153.42249999999996, 153.39499999999995, 153.39499999999995, 152.9974999999999, 152.62499999999994, 152.62499999999994, 152.28499999999997, 152.28499999999997, 152.14, 151.96749999999994, 151.96749999999994, 151.96749999999994, 151.70499999999996, 151.55499999999995, 151.55499999999995, 151.20499999999998, 151.20499999999998, 151.20499999999998, 150.84999999999994, 150.84999999999994, 150.69749999999996, 150.69749999999996, 150.57499999999996, 150.465, 150.41, 150.31249999999994, 150.245, 150.14999999999998, 150.14999999999998, 150.09250000000003, 149.82749999999996, 149.685, 149.685, 149.63749999999996, 149.475, 149.44999999999996, 149.26, 149.26, 149.23999999999995, 149.10750000000002, 148.94500000000002, 148.8625, 148.77249999999992, 148.77249999999992, 148.5525, 148.36249999999995, 148.36249999999995, 148.03499999999997, 148.03499999999997, 148.03499999999997, 147.9575, 147.7925, 147.66750000000002, 147.41249999999994, 147.41249999999994, 147.41249999999994, 147.41249999999994, 147.265, 147.265, 147.0325, 146.94249999999997, 146.86999999999995, 146.85750000000002, 146.45749999999998, 146.45749999999998, 146.45749999999998, 146.45749999999998, 146.45749999999998, 146.45749999999998, 146.42999999999998, 146.42999999999998, 146.3175, 146.3175, 146.3175, 146.3175, 146.28, 146.27249999999998, 146.27249999999995, 146.2575, 146.20749999999998, 146.20749999999998, 146.1575, 146.1575, 146.1525, 146.1525, 146.1525, 146.15249999999997, 146.15249999999997, 146.15249999999997, 146.15249999999997, 146.15249999999997, 146.15249999999997, 146.15249999999997, 146.15249999999997, 146.15249999999997, 146.15249999999997, 146.15249999999997, 146.15249999999997, 146.15249999999997, 146.15249999999997, 146.15249999999997, 146.15249999999997, 146.15249999999997, 146.15249999999997, 146.15249999999997, 146.15249999999997, 146.15249999999997, 146.15249999999997, 146.15249999999997, 146.15249999999997, 146.15249999999997, 146.15249999999997, 146.15249999999997, 146.15249999999997, 146.15249999999997, 146.15249999999997, 146.15249999999997, 146.15249999999997, 146.15249999999997, 146.15249999999997, 146.15249999999997, 146.15249999999997, 146.15249999999997, 146.15249999999997, 146.15249999999997, 146.15249999999997, 146.15249999999997, 146.15249999999997, 146.15249999999997, 146.15249999999997, 146.15249999999997, 146.15249999999997, 146.15249999999997, 146.15249999999997, 146.15249999999997, 146.15249999999997, 146.15249999999997, 146.15249999999997, 146.15249999999997, 146.15249999999997, 146.15249999999997, 146.15249999999997, 146.15249999999997, 146.15249999999997, 146.15249999999997, 146.15249999999997, 146.15249999999997, 146.15249999999997, 146.15249999999997, 146.15249999999997, 146.15249999999997, 146.15249999999997, 146.15249999999997, 146.15249999999997, 146.15249999999997, 146.15249999999997, 146.15249999999997, 146.15249999999997, 146.15249999999997, 146.15249999999997, 146.15249999999997, 146.15249999999997, 146.15249999999997, 146.15249999999997, 146.15249999999997, 146.15249999999997, 146.15249999999997, 146.15249999999997, 146.15249999999997, 146.15249999999997, 146.15249999999997, 146.15249999999997, 146.15249999999997, 146.15249999999997, 146.15249999999997, 146.15249999999997, 146.15249999999997, 146.15249999999997, 146.15249999999997, 146.15249999999997, 146.15249999999997, 146.15249999999997, 146.15249999999997, 146.15249999999997, 146.15249999999997, 146.15249999999997, 146.15249999999997, 146.15249999999997]

Execution 3:
Parametros: P=1000, Pe=0.3, Pm=0.15, pe=0.7, Parada=100
Start Time (hh:mm:ss.ms) 2023-07-17 11:07:13.367488
gen	min    	max    	avg    	std    
0  	158.745	166.653	162.749	1.15939
3  	158.228	166.322	161.501	1.21736
4  	158.073	165.7  	161.367	1.31298
7  	157.988	165.95 	161.042	1.42432
8  	157.312	165.522	160.896	1.44515
13 	156.74 	165.905	160.551	1.58398
19 	156.7  	165.415	160.123	1.73771
22 	156.145	165.078	159.847	1.77479
23 	155.972	166.33 	159.756	1.83106
26 	155.388	165.413	159.605	1.89619
37 	154.925	166.02 	158.524	2.1564 
38 	154.815	165.21 	158.365	2.21059
39 	154.76 	165.535	158.169	2.23486
41 	154.677	165.275	157.753	2.33728
42 	154.437	165.135	157.592	2.40174
43 	153.738	166.188	157.372	2.50727
44 	153.49 	165.995	157.105	2.58451
46 	153.317	165.902	156.616	2.73626
47 	153.168	166.252	156.395	2.82926
48 	152.93 	165.942	156.179	2.8939 
49 	152.378	165.37 	155.905	2.9679 
52 	152.115	165.64 	155.271	3.18518
53 	151.555	166.252	155.059	3.37584
55 	151.545	165.07 	154.586	3.48914
56 	151.12 	165.657	154.388	3.57993
58 	150.602	165.595	154.057	3.77532
60 	150.34 	165.623	153.691	3.88761
62 	150.222	165.795	153.275	3.94813
63 	149.775	167.265	153.154	4.0947 
64 	149.665	165.39 	152.993	4.12192
66 	149.635	166.085	152.667	4.28361
68 	149.137	165.41 	152.37 	4.33332
70 	149.063	165.955	152.117	4.51032
71 	148.942	165.798	151.981	4.52583
72 	148.94 	165.58 	151.904	4.68491
73 	148.58 	165.587	151.761	4.68102
76 	148.198	165.792	151.446	4.81722
78 	147.912	165.42 	151.246	4.83104
83 	147.7  	165.93 	150.829	5.0746 
84 	147.615	165.585	150.702	5.07962
85 	147.54 	165.217	150.61 	5.13212
86 	147.463	165.242	150.495	5.17041
87 	147.263	165.445	150.382	5.2135 
88 	147.215	166.025	150.294	5.28406
89 	147.152	165.068	150.172	5.27437
91 	146.937	164.845	149.967	5.34965
93 	146.87 	165.88 	149.811	5.4616 
94 	146.717	166.172	149.723	5.48034
97 	146.637	165.875	149.466	5.52812
99 	146.625	165.712	149.365	5.65024
100	146.532	165.52 	149.277	5.62848
101	146.498	166.377	149.246	5.7255 
103	146.47 	165.408	149.136	5.77793
105	146.442	166.502	149.039	5.77195
106	146.437	165.66 	149.019	5.80039
107	146.43 	165.71 	149.003	5.83085
108	146.412	165.167	148.973	5.81439
109	146.398	164.997	148.949	5.79436
111	146.385	166.565	148.936	5.81965
114	146.365	165.482	148.9  	5.82044
115	146.345	166.407	148.904	5.86019
116	146.34 	165.632	148.841	5.7621 
117	146.338	166.475	148.874	5.89748
120	146.317	165.21 	148.815	5.86339
121	146.315	166.325	148.818	5.88337
122	146.305	165.63 	148.813	5.88825
123	146.3  	166.153	148.798	5.86111
224	146.3  	165.035	148.767	5.88592
End Time (hh:mm:ss.ms) 2023-07-17 11:08:12.707308
Total Time (hh:mm:ss.ms) 0:00:59.339820
Individuo: [[54, 50, 38, 16, 36, 20, 53, 2, 34, 61, 41, 25, 23, 56, 8, 4, 19, 39, 35, 18, 55, 1, 37, 52, 62, 28, 51, 0, 58, 15, 48, 3, 49, 17, 59, 46, 22, 14, 13, 29, 24, 10, 26, 9, 45, 60, 7, 12, 57, 33, 42, 5, 30, 40, 43, 32, 21, 31, 27, 44, 6, 47, 11], [1, 0, 1, 1, 1, 1, 0, 0, 1, 0, 1, 1, 0, 1, 1, 1, 1, 1, 0, 1, 1, 1, 0, 1, 1, 0, 0, 1, 1, 1, 1, 1, 0, 0, 1, 0, 0, 0, 0, 0, 0, 0, 0, 0, 0, 1, 0, 0, 1, 0, 0, 0, 1, 0, 1, 0, 1, 0, 0, 0, 0, 0, 1]]
Fitness:  146.29999999999998
Gens:  [0, 1, 2, 3, 4, 5, 6, 7, 8, 9, 10, 11, 12, 13, 14, 15, 16, 17, 18, 19, 20, 21, 22, 23, 24, 25, 26, 27, 28, 29, 30, 31, 32, 33, 34, 35, 36, 37, 38, 39, 40, 41, 42, 43, 44, 45, 46, 47, 48, 49, 50, 51, 52, 53, 54, 55, 56, 57, 58, 59, 60, 61, 62, 63, 64, 65, 66, 67, 68, 69, 70, 71, 72, 73, 74, 75, 76, 77, 78, 79, 80, 81, 82, 83, 84, 85, 86, 87, 88, 89, 90, 91, 92, 93, 94, 95, 96, 97, 98, 99, 100, 101, 102, 103, 104, 105, 106, 107, 108, 109, 110, 111, 112, 113, 114, 115, 116, 117, 118, 119, 120, 121, 122, 123, 124, 125, 126, 127, 128, 129, 130, 131, 132, 133, 134, 135, 136, 137, 138, 139, 140, 141, 142, 143, 144, 145, 146, 147, 148, 149, 150, 151, 152, 153, 154, 155, 156, 157, 158, 159, 160, 161, 162, 163, 164, 165, 166, 167, 168, 169, 170, 171, 172, 173, 174, 175, 176, 177, 178, 179, 180, 181, 182, 183, 184, 185, 186, 187, 188, 189, 190, 191, 192, 193, 194, 195, 196, 197, 198, 199, 200, 201, 202, 203, 204, 205, 206, 207, 208, 209, 210, 211, 212, 213, 214, 215, 216, 217, 218, 219, 220, 221, 222, 223, 224]
Inds:  [158.74499999999998, 158.74499999999998, 158.74499999999998, 158.22750000000002, 158.07250000000002, 158.07250000000002, 158.07250000000002, 157.98750000000004, 157.3125, 157.3125, 157.3125, 157.3125, 157.3125, 156.73999999999992, 156.73999999999992, 156.73999999999992, 156.73999999999992, 156.73999999999992, 156.73999999999992, 156.7, 156.7, 156.7, 156.14499999999995, 155.9725, 155.9725, 155.9725, 155.38750000000002, 155.38750000000002, 155.38750000000002, 155.38750000000002, 155.38750000000002, 155.38750000000002, 155.38750000000002, 155.38750000000002, 155.38750000000002, 155.38750000000002, 155.38750000000002, 154.92499999999998, 154.81499999999994, 154.75999999999993, 154.75999999999993, 154.67749999999998, 154.43749999999997, 153.7375, 153.48999999999995, 153.48999999999995, 153.3175, 153.16750000000005, 152.93000000000004, 152.37750000000003, 152.37750000000003, 152.37750000000003, 152.11499999999998, 151.55499999999998, 151.55499999999998, 151.545, 151.11999999999998, 151.11999999999998, 150.60249999999994, 150.60249999999994, 150.33999999999997, 150.33999999999997, 150.2225, 149.77499999999998, 149.66500000000002, 149.66500000000002, 149.63499999999996, 149.63499999999996, 149.13749999999996, 149.13749999999996, 149.06250000000003, 148.94249999999997, 148.93999999999997, 148.57999999999998, 148.57999999999998, 148.57999999999998, 148.19750000000002, 148.19750000000002, 147.91249999999997, 147.91249999999997, 147.91249999999997, 147.91249999999997, 147.91249999999997, 147.69999999999996, 147.61499999999998, 147.53999999999994, 147.4625, 147.26250000000005, 147.21499999999995, 147.15249999999997, 147.15249999999997, 146.93749999999997, 146.93749999999997, 146.86999999999998, 146.71749999999997, 146.71749999999997, 146.71749999999997, 146.63749999999996, 146.63749999999996, 146.62499999999994, 146.53249999999997, 146.4975, 146.4975, 146.46999999999997, 146.46999999999997, 146.4425, 146.43749999999997, 146.42999999999998, 146.4125, 146.3975, 146.3975, 146.385, 146.385, 146.385, 146.36499999999998, 146.345, 146.34, 146.3375, 146.3375, 146.3375, 146.3175, 146.315, 146.30499999999998, 146.29999999999998, 146.29999999999998, 146.29999999999998, 146.29999999999998, 146.29999999999998, 146.29999999999998, 146.29999999999998, 146.29999999999998, 146.29999999999998, 146.29999999999998, 146.29999999999998, 146.29999999999998, 146.29999999999998, 146.29999999999998, 146.29999999999998, 146.29999999999998, 146.29999999999998, 146.29999999999998, 146.29999999999998, 146.29999999999998, 146.29999999999998, 146.29999999999998, 146.29999999999998, 146.29999999999998, 146.29999999999998, 146.29999999999998, 146.29999999999998, 146.29999999999998, 146.29999999999998, 146.29999999999998, 146.29999999999998, 146.29999999999998, 146.29999999999998, 146.29999999999998, 146.29999999999998, 146.29999999999998, 146.29999999999998, 146.29999999999998, 146.29999999999998, 146.29999999999998, 146.29999999999998, 146.29999999999998, 146.29999999999998, 146.29999999999998, 146.29999999999998, 146.29999999999998, 146.29999999999998, 146.29999999999998, 146.29999999999998, 146.29999999999998, 146.29999999999998, 146.29999999999998, 146.29999999999998, 146.29999999999998, 146.29999999999998, 146.29999999999998, 146.29999999999998, 146.29999999999998, 146.29999999999998, 146.29999999999998, 146.29999999999998, 146.29999999999998, 146.29999999999998, 146.29999999999998, 146.29999999999998, 146.29999999999998, 146.29999999999998, 146.29999999999998, 146.29999999999998, 146.29999999999998, 146.29999999999998, 146.29999999999998, 146.29999999999998, 146.29999999999998, 146.29999999999998, 146.29999999999998, 146.29999999999998, 146.29999999999998, 146.29999999999998, 146.29999999999998, 146.29999999999998, 146.29999999999998, 146.29999999999998, 146.29999999999998, 146.29999999999998, 146.29999999999998, 146.29999999999998, 146.29999999999998, 146.29999999999998, 146.29999999999998, 146.29999999999998, 146.29999999999998, 146.29999999999998, 146.29999999999998, 146.29999999999998, 146.29999999999998, 146.29999999999998, 146.29999999999998, 146.29999999999998, 146.29999999999998, 146.29999999999998, 146.29999999999998]

Execution 4:
Parametros: P=1000, Pe=0.3, Pm=0.15, pe=0.7, Parada=100
Start Time (hh:mm:ss.ms) 2023-07-17 11:08:13.775306
gen	min    	max    	avg    	std    
0  	158.438	166.293	162.832	1.20867
5  	158.037	165.875	161.245	1.33813
6  	157.523	165.937	161.149	1.40525
10 	157.505	165.877	160.781	1.54536
14 	157.385	165.707	160.274	1.62057
15 	155.99 	165.625	160.248	1.6781 
18 	155.637	165.765	159.966	1.76885
22 	155.125	165.845	159.392	1.89532
29 	155    	164.95 	158.08 	2.13298
30 	154.922	165.845	157.894	2.2018 
31 	154.762	165.565	157.746	2.31298
32 	154.585	165.062	157.515	2.32807
33 	154.145	166.835	157.363	2.44916
34 	153.468	164.935	157.145	2.48959
37 	152.938	165.805	156.563	2.73379
39 	152.662	166.883	156.16 	2.92751
40 	152.115	165.708	155.954	2.97604
43 	151.85 	166.36 	155.363	3.21779
45 	151.485	165.367	154.95 	3.32125
48 	151.035	165.047	154.416	3.55127
51 	150.702	167.162	154.01 	3.73977
52 	150.593	165.987	153.851	3.78058
53 	150.367	165.915	153.717	3.83113
55 	150.045	165.542	153.392	3.96539
57 	149.772	165.812	153.054	4.14864
58 	149.677	165.817	152.872	4.14712
59 	149.375	165.45 	152.748	4.252  
61 	149.225	166.713	152.441	4.37446
62 	148.975	166.175	152.286	4.42232
63 	148.752	166.075	152.147	4.53831
64 	148.71 	166.923	151.998	4.64266
65 	148.467	165.333	151.825	4.63975
66 	148.392	165.675	151.659	4.73894
68 	148.04 	166.38 	151.375	4.87843
71 	147.968	164.993	150.995	4.9526 
72 	147.85 	164.938	150.886	4.97613
73 	147.8  	165.295	150.796	5.08762
74 	147.547	165.125	150.67 	5.09956
77 	147.402	165.678	150.354	5.20021
78 	147.227	166.003	150.285	5.29279
80 	147.07 	165.54 	150.085	5.33127
82 	146.945	165.92 	149.908	5.42821
84 	146.835	165.808	149.748	5.49642
86 	146.757	165.73 	149.609	5.56158
88 	146.605	166.338	149.483	5.59989
90 	146.585	165.245	149.371	5.71296
91 	146.575	165.528	149.277	5.66508
92 	146.562	165.618	149.245	5.72674
93 	146.435	166.203	149.201	5.75278
94 	146.315	166.765	149.128	5.73086
96 	146.312	165.583	149.041	5.71541
97 	146.22 	165.898	149.039	5.80045
98 	146.165	165.79 	149.015	5.83338
99 	146.11 	165.298	148.961	5.79819
100	146.057	165.748	148.929	5.84342
101	146.012	165.093	148.884	5.84542
102	145.97 	165.313	148.836	5.90933
103	145.935	165.705	148.749	5.89133
104	145.91 	166.612	148.667	5.93427
105	145.9  	165.24 	148.588	5.89582
106	145.897	165.44 	148.576	5.98742
107	145.872	165.49 	148.53 	5.9796 
108	145.827	166.715	148.533	6.05462
112	145.802	165.922	148.446	6.05176
117	145.8  	165.985	148.385	6.05106
218	145.8  	164.983	148.335	6.04665
End Time (hh:mm:ss.ms) 2023-07-17 11:09:10.522735
Total Time (hh:mm:ss.ms) 0:00:56.747429
Individuo: [[11, 35, 39, 38, 18, 4, 62, 25, 28, 51, 24, 10, 26, 9, 45, 58, 48, 3, 61, 46, 22, 7, 14, 43, 31, 5, 42, 0, 13, 15, 17, 53, 2, 23, 56, 8, 19, 52, 36, 16, 50, 1, 33, 60, 30, 27, 44, 21, 29, 57, 40, 32, 59, 49, 41, 34, 20, 37, 12, 6, 55, 47, 54], [0, 0, 1, 0, 0, 1, 1, 0, 0, 0, 0, 0, 0, 0, 0, 1, 1, 1, 0, 0, 0, 0, 0, 0, 1, 1, 1, 0, 0, 1, 1, 1, 0, 0, 1, 1, 0, 0, 0, 0, 1, 1, 1, 1, 0, 0, 0, 1, 1, 1, 1, 0, 0, 1, 1, 0, 1, 1, 0, 0, 0, 0, 0]]
Fitness:  145.79999999999993
Gens:  [0, 1, 2, 3, 4, 5, 6, 7, 8, 9, 10, 11, 12, 13, 14, 15, 16, 17, 18, 19, 20, 21, 22, 23, 24, 25, 26, 27, 28, 29, 30, 31, 32, 33, 34, 35, 36, 37, 38, 39, 40, 41, 42, 43, 44, 45, 46, 47, 48, 49, 50, 51, 52, 53, 54, 55, 56, 57, 58, 59, 60, 61, 62, 63, 64, 65, 66, 67, 68, 69, 70, 71, 72, 73, 74, 75, 76, 77, 78, 79, 80, 81, 82, 83, 84, 85, 86, 87, 88, 89, 90, 91, 92, 93, 94, 95, 96, 97, 98, 99, 100, 101, 102, 103, 104, 105, 106, 107, 108, 109, 110, 111, 112, 113, 114, 115, 116, 117, 118, 119, 120, 121, 122, 123, 124, 125, 126, 127, 128, 129, 130, 131, 132, 133, 134, 135, 136, 137, 138, 139, 140, 141, 142, 143, 144, 145, 146, 147, 148, 149, 150, 151, 152, 153, 154, 155, 156, 157, 158, 159, 160, 161, 162, 163, 164, 165, 166, 167, 168, 169, 170, 171, 172, 173, 174, 175, 176, 177, 178, 179, 180, 181, 182, 183, 184, 185, 186, 187, 188, 189, 190, 191, 192, 193, 194, 195, 196, 197, 198, 199, 200, 201, 202, 203, 204, 205, 206, 207, 208, 209, 210, 211, 212, 213, 214, 215, 216, 217, 218]
Inds:  [158.4375, 158.4375, 158.4375, 158.4375, 158.4375, 158.0375, 157.52250000000004, 157.52250000000004, 157.52250000000004, 157.52250000000004, 157.50500000000002, 157.50500000000002, 157.50500000000002, 157.50500000000002, 157.38499999999996, 155.99, 155.99, 155.99, 155.6375, 155.6375, 155.6375, 155.6375, 155.125, 155.125, 155.125, 155.125, 155.125, 155.125, 155.125, 154.99999999999997, 154.92249999999999, 154.76249999999996, 154.585, 154.14499999999987, 153.4675, 153.4675, 153.4675, 152.9375, 152.9375, 152.66249999999994, 152.11499999999992, 152.11499999999992, 152.11499999999992, 151.84999999999994, 151.84999999999994, 151.48499999999999, 151.48499999999999, 151.48499999999999, 151.035, 151.035, 151.035, 150.70249999999993, 150.59250000000003, 150.36749999999995, 150.36749999999995, 150.04500000000002, 150.04500000000002, 149.77249999999998, 149.67749999999995, 149.37499999999991, 149.37499999999991, 149.22499999999997, 148.97499999999997, 148.75249999999994, 148.70999999999995, 148.46749999999994, 148.39249999999998, 148.39249999999998, 148.03999999999994, 148.03999999999994, 148.03999999999994, 147.9675, 147.84999999999997, 147.8, 147.54749999999996, 147.54749999999996, 147.54749999999996, 147.40249999999992, 147.2275, 147.2275, 147.06999999999996, 147.06999999999996, 146.94499999999996, 146.94499999999996, 146.83499999999998, 146.83499999999998, 146.75749999999996, 146.75749999999996, 146.60499999999996, 146.60499999999996, 146.58499999999992, 146.57499999999996, 146.56249999999997, 146.43499999999997, 146.3149999999999, 146.3149999999999, 146.31249999999994, 146.21999999999994, 146.16499999999996, 146.10999999999996, 146.05749999999995, 146.01249999999993, 145.9699999999999, 145.93499999999995, 145.90999999999997, 145.89999999999992, 145.89749999999992, 145.87249999999995, 145.82749999999993, 145.82749999999993, 145.82749999999993, 145.82749999999993, 145.80249999999995, 145.80249999999995, 145.80249999999995, 145.80249999999995, 145.80249999999995, 145.79999999999993, 145.79999999999993, 145.79999999999993, 145.79999999999993, 145.79999999999993, 145.79999999999993, 145.79999999999993, 145.79999999999993, 145.79999999999993, 145.79999999999993, 145.79999999999993, 145.79999999999993, 145.79999999999993, 145.79999999999993, 145.79999999999993, 145.79999999999993, 145.79999999999993, 145.79999999999993, 145.79999999999993, 145.79999999999993, 145.79999999999993, 145.79999999999993, 145.79999999999993, 145.79999999999993, 145.79999999999993, 145.79999999999993, 145.79999999999993, 145.79999999999993, 145.79999999999993, 145.79999999999993, 145.79999999999993, 145.79999999999993, 145.79999999999993, 145.79999999999993, 145.79999999999993, 145.79999999999993, 145.79999999999993, 145.79999999999993, 145.79999999999993, 145.79999999999993, 145.79999999999993, 145.79999999999993, 145.79999999999993, 145.79999999999993, 145.79999999999993, 145.79999999999993, 145.79999999999993, 145.79999999999993, 145.79999999999993, 145.79999999999993, 145.79999999999993, 145.79999999999993, 145.79999999999993, 145.79999999999993, 145.79999999999993, 145.79999999999993, 145.79999999999993, 145.79999999999993, 145.79999999999993, 145.79999999999993, 145.79999999999993, 145.79999999999993, 145.79999999999993, 145.79999999999993, 145.79999999999993, 145.79999999999993, 145.79999999999993, 145.79999999999993, 145.79999999999993, 145.79999999999993, 145.79999999999993, 145.79999999999993, 145.79999999999993, 145.79999999999993, 145.79999999999993, 145.79999999999993, 145.79999999999993, 145.79999999999993, 145.79999999999993, 145.79999999999993, 145.79999999999993, 145.79999999999993, 145.79999999999993, 145.79999999999993, 145.79999999999993, 145.79999999999993, 145.79999999999993, 145.79999999999993, 145.79999999999993, 145.79999999999993, 145.79999999999993, 145.79999999999993, 145.79999999999993, 145.79999999999993, 145.79999999999993, 145.79999999999993, 145.79999999999993, 145.79999999999993, 145.79999999999993, 145.79999999999993, 145.79999999999993, 145.79999999999993]

Execution 5:
Parametros: P=1000, Pe=0.3, Pm=0.15, pe=0.7, Parada=100
Start Time (hh:mm:ss.ms) 2023-07-17 11:09:11.588736
gen	min    	max    	avg    	std    
0  	158.862	166.278	162.709	1.14584
2  	158.835	165.852	161.731	1.15311
3  	158.143	166.16 	161.516	1.25605
4  	158.08 	165.325	161.347	1.30682
7  	157.805	165.158	160.993	1.42164
9  	157.69 	165.528	160.839	1.5038 
10 	156.932	165.877	160.628	1.52666
15 	156.887	165.228	160.213	1.62651
17 	156.6  	165.943	160.089	1.74498
20 	154.965	166.047	159.782	1.78554
28 	154.72 	165.588	158.91 	1.99157
31 	154.398	166.738	158.522	2.15563
34 	154.185	166.047	158.115	2.30799
39 	153.998	165.455	157.282	2.42789
40 	153.85 	165.577	157.117	2.58277
41 	153.668	165.76 	156.956	2.66675
43 	152.985	165.662	156.574	2.73398
45 	152.677	164.755	156.172	2.83568
46 	152.65 	164.92 	156.042	2.9344 
47 	152.62 	165.8  	155.824	3.00665
48 	152.595	165.268	155.702	3.09179
49 	151.585	165.675	155.472	3.21482
52 	151.112	165.03 	154.837	3.35806
55 	150.88 	165.975	154.234	3.61073
57 	150.56 	165.593	153.883	3.80955
58 	150.45 	166.025	153.686	3.82591
60 	150.057	165.225	153.322	4.02081
61 	149.38 	165.738	153.144	4.07419
65 	149.29 	165.082	152.501	4.33189
66 	148.84 	165.612	152.351	4.44174
70 	148.715	165.585	151.824	4.69156
72 	148.407	165.66 	151.554	4.71228
74 	148.385	165.383	151.367	4.95094
76 	148.143	165.228	151.123	4.91112
77 	147.95 	165.505	151.002	4.9288 
79 	147.755	166.09 	150.805	5.08123
80 	147.732	165.847	150.702	5.10324
81 	147.693	164.963	150.587	5.10944
82 	147.48 	166.095	150.477	5.15048
83 	147.425	165.915	150.393	5.23731
85 	147.243	165.023	150.177	5.31031
86 	147.135	165.498	150.073	5.34355
87 	147.097	165.89 	149.968	5.36049
89 	147.018	165.208	149.827	5.4611 
90 	146.795	165.145	149.746	5.46797
94 	146.76 	165.38 	149.51 	5.55821
96 	146.675	165.728	149.427	5.62663
97 	146.545	165.355	149.388	5.66159
99 	146.52 	165.992	149.257	5.65643
103	146.5  	165.203	149.12 	5.74311
104	146.48 	165.835	149.093	5.76166
106	146.45 	165.292	149.035	5.7926 
108	146.417	165.405	148.964	5.7862 
111	146.417	165.435	148.897	5.75426
113	146.395	166.728	148.917	5.84327
114	146.305	165.908	148.907	5.81878
116	146.297	166.168	148.896	5.81795
117	146.292	166.128	148.905	5.85033
123	146.292	165.23 	148.786	5.92056
224	146.292	165.758	148.758	5.88684
End Time (hh:mm:ss.ms) 2023-07-17 11:10:10.586012
Total Time (hh:mm:ss.ms) 0:00:58.997276
Individuo: [[54, 11, 4, 19, 35, 39, 38, 37, 16, 7, 1, 6, 22, 49, 20, 53, 12, 44, 27, 30, 40, 3, 24, 10, 26, 51, 14, 55, 18, 62, 46, 48, 45, 9, 29, 21, 31, 5, 42, 33, 60, 32, 57, 58, 0, 15, 43, 13, 59, 41, 61, 17, 2, 52, 8, 56, 23, 25, 28, 34, 36, 50, 47], [0, 0, 0, 1, 0, 1, 0, 0, 0, 0, 0, 1, 0, 0, 1, 0, 0, 1, 1, 1, 0, 1, 0, 0, 1, 1, 1, 0, 0, 1, 1, 0, 1, 1, 0, 0, 1, 1, 1, 1, 1, 0, 0, 0, 0, 0, 0, 1, 0, 0, 1, 1, 1, 1, 0, 0, 1, 0, 0, 0, 1, 1, 0]]
Fitness:  146.29249999999996
Gens:  [0, 1, 2, 3, 4, 5, 6, 7, 8, 9, 10, 11, 12, 13, 14, 15, 16, 17, 18, 19, 20, 21, 22, 23, 24, 25, 26, 27, 28, 29, 30, 31, 32, 33, 34, 35, 36, 37, 38, 39, 40, 41, 42, 43, 44, 45, 46, 47, 48, 49, 50, 51, 52, 53, 54, 55, 56, 57, 58, 59, 60, 61, 62, 63, 64, 65, 66, 67, 68, 69, 70, 71, 72, 73, 74, 75, 76, 77, 78, 79, 80, 81, 82, 83, 84, 85, 86, 87, 88, 89, 90, 91, 92, 93, 94, 95, 96, 97, 98, 99, 100, 101, 102, 103, 104, 105, 106, 107, 108, 109, 110, 111, 112, 113, 114, 115, 116, 117, 118, 119, 120, 121, 122, 123, 124, 125, 126, 127, 128, 129, 130, 131, 132, 133, 134, 135, 136, 137, 138, 139, 140, 141, 142, 143, 144, 145, 146, 147, 148, 149, 150, 151, 152, 153, 154, 155, 156, 157, 158, 159, 160, 161, 162, 163, 164, 165, 166, 167, 168, 169, 170, 171, 172, 173, 174, 175, 176, 177, 178, 179, 180, 181, 182, 183, 184, 185, 186, 187, 188, 189, 190, 191, 192, 193, 194, 195, 196, 197, 198, 199, 200, 201, 202, 203, 204, 205, 206, 207, 208, 209, 210, 211, 212, 213, 214, 215, 216, 217, 218, 219, 220, 221, 222, 223, 224]
Inds:  [158.86249999999995, 158.86249999999995, 158.83500000000004, 158.1425, 158.07999999999993, 158.07999999999993, 158.07999999999993, 157.80499999999998, 157.80499999999998, 157.68999999999994, 156.93249999999995, 156.93249999999995, 156.93249999999995, 156.93249999999995, 156.93249999999995, 156.88749999999996, 156.88749999999996, 156.60000000000002, 156.60000000000002, 156.60000000000002, 154.965, 154.965, 154.965, 154.965, 154.965, 154.965, 154.965, 154.965, 154.72000000000003, 154.72000000000003, 154.72000000000003, 154.3975, 154.3975, 154.3975, 154.185, 154.185, 154.185, 154.185, 154.185, 153.9975, 153.85, 153.66750000000005, 153.66750000000005, 152.98499999999996, 152.98499999999996, 152.67749999999995, 152.64999999999998, 152.61999999999998, 152.59499999999997, 151.585, 151.585, 151.585, 151.11249999999995, 151.11249999999995, 151.11249999999995, 150.87999999999997, 150.87999999999997, 150.55999999999995, 150.44999999999996, 150.44999999999996, 150.05749999999998, 149.38, 149.38, 149.38, 149.38, 149.28999999999996, 148.83999999999997, 148.83999999999997, 148.83999999999997, 148.83999999999997, 148.71499999999995, 148.71499999999995, 148.40749999999997, 148.40749999999997, 148.385, 148.385, 148.1425, 147.94999999999996, 147.94999999999996, 147.755, 147.7325, 147.69250000000002, 147.48, 147.42499999999998, 147.42499999999998, 147.2425, 147.135, 147.09749999999997, 147.09749999999997, 147.0175, 146.79499999999996, 146.79499999999996, 146.79499999999996, 146.79499999999996, 146.76000000000002, 146.76000000000002, 146.67499999999995, 146.545, 146.545, 146.51999999999998, 146.51999999999998, 146.51999999999998, 146.51999999999998, 146.5, 146.48, 146.48, 146.45, 146.45, 146.41749999999996, 146.41749999999996, 146.41749999999996, 146.41749999999993, 146.41749999999993, 146.39499999999995, 146.30499999999998, 146.30499999999998, 146.29749999999996, 146.2925, 146.2925, 146.2925, 146.2925, 146.2925, 146.2925, 146.29249999999996, 146.29249999999996, 146.29249999999996, 146.29249999999996, 146.29249999999996, 146.29249999999996, 146.29249999999996, 146.29249999999996, 146.29249999999996, 146.29249999999996, 146.29249999999996, 146.29249999999996, 146.29249999999996, 146.29249999999996, 146.29249999999996, 146.29249999999996, 146.29249999999996, 146.29249999999996, 146.29249999999996, 146.29249999999996, 146.29249999999996, 146.29249999999996, 146.29249999999996, 146.29249999999996, 146.29249999999996, 146.29249999999996, 146.29249999999996, 146.29249999999996, 146.29249999999996, 146.29249999999996, 146.29249999999996, 146.29249999999996, 146.29249999999996, 146.29249999999996, 146.29249999999996, 146.29249999999996, 146.29249999999996, 146.29249999999996, 146.29249999999996, 146.29249999999996, 146.29249999999996, 146.29249999999996, 146.29249999999996, 146.29249999999996, 146.29249999999996, 146.29249999999996, 146.29249999999996, 146.29249999999996, 146.29249999999996, 146.29249999999996, 146.29249999999996, 146.29249999999996, 146.29249999999996, 146.29249999999996, 146.29249999999996, 146.29249999999996, 146.29249999999996, 146.29249999999996, 146.29249999999996, 146.29249999999996, 146.29249999999996, 146.29249999999996, 146.29249999999996, 146.29249999999996, 146.29249999999996, 146.29249999999996, 146.29249999999996, 146.29249999999996, 146.29249999999996, 146.29249999999996, 146.29249999999996, 146.29249999999996, 146.29249999999996, 146.29249999999996, 146.29249999999996, 146.29249999999996, 146.29249999999996, 146.29249999999996, 146.29249999999996, 146.29249999999996, 146.29249999999996, 146.29249999999996, 146.29249999999996, 146.29249999999996, 146.29249999999996, 146.29249999999996, 146.29249999999996, 146.29249999999996, 146.29249999999996, 146.29249999999996, 146.29249999999996, 146.29249999999996, 146.29249999999996, 146.29249999999996, 146.29249999999996, 146.29249999999996, 146.29249999999996, 146.29249999999996, 146.29249999999996, 146.29249999999996, 146.29249999999996, 146.29249999999996]

Execution 6:
Parametros: P=1000, Pe=0.3, Pm=0.15, pe=0.7, Parada=100
Start Time (hh:mm:ss.ms) 2023-07-17 11:10:11.797011
gen	min    	max    	avg    	std    
0  	159.302	166.167	162.775	1.12667
2  	158.885	166.25 	161.846	1.17324
3  	158.537	165.235	161.623	1.20957
4  	158.27 	165.14 	161.412	1.24472
7  	157.718	165.525	161.041	1.42492
9  	157.377	165.477	160.868	1.46335
14 	157.21 	165.965	160.371	1.58634
18 	156.952	165.748	160.107	1.71571
20 	156.647	165.975	159.965	1.74017
22 	156.118	165.7  	159.804	1.77364
27 	155.738	165.817	159.311	1.88409
28 	155.647	165.97 	159.172	1.93177
30 	155.12 	166.06 	158.984	2.00007
33 	154.917	165.83 	158.584	2.12809
35 	154.735	166.423	158.238	2.22324
36 	154.445	165.78 	158.033	2.20068
38 	154.105	166.565	157.704	2.3752 
40 	153.97 	165.16 	157.242	2.44509
41 	153.583	165.583	157.113	2.58969
44 	153.277	165.005	156.464	2.76851
46 	152.897	165.465	156.155	2.93809
48 	152.767	165.683	155.864	2.9614 
49 	152.282	165.843	155.712	3.03176
53 	151.902	166.585	155.274	3.24446
55 	151.87 	166.003	154.923	3.35383
56 	151.592	166.18 	154.827	3.46589
57 	150.927	166.065	154.653	3.46762
61 	150.66 	165.89 	154.061	3.70174
62 	150.657	165.475	153.937	3.82036
63 	150.3  	165.49 	153.75 	3.82561
65 	150.167	166.025	153.418	3.96127
66 	150.115	165.925	153.283	3.98445
68 	149.935	165.957	153.008	4.13501
69 	149.665	165.39 	152.853	4.13683
71 	149.55 	165.312	152.65 	4.33337
73 	149.355	166.213	152.4  	4.42417
74 	149.247	166.567	152.338	4.48465
75 	148.762	166.59 	152.175	4.46324
77 	148.752	165.712	151.985	4.60003
78 	148.622	165.72 	151.867	4.59243
79 	148.547	166.39 	151.755	4.7618 
80 	148.462	165.425	151.591	4.69761
82 	148.222	166.07 	151.337	4.83012
83 	148.018	165.705	151.227	4.92731
84 	147.86 	166.028	151.085	4.96656
86 	147.85 	165.188	150.819	5.05134
87 	147.695	165.557	150.685	5.03308
88 	147.683	165.91 	150.593	5.14929
89 	147.475	165.143	150.492	5.15928
92 	147.32 	165.677	150.171	5.27017
94 	147.265	165.243	150.013	5.33416
95 	147.145	165.01 	149.929	5.37686
96 	147.02 	166.223	149.854	5.48391
97 	147.015	165.21 	149.751	5.43509
98 	146.945	165.82 	149.701	5.52461
99 	146.875	165.86 	149.617	5.52158
100	146.855	165.89 	149.576	5.59021
101	146.785	165.03 	149.491	5.56051
102	146.755	165.77 	149.413	5.52011
103	146.627	166.435	149.389	5.62283
106	146.62 	165.77 	149.264	5.70164
107	146.55 	165.398	149.221	5.72548
108	146.535	166.21 	149.172	5.71163
109	146.49 	165.338	149.122	5.69389
110	146.438	164.72 	149.105	5.72941
113	146.415	165.145	148.992	5.73366
114	146.392	165.942	148.974	5.776  
115	146.377	165.815	148.976	5.84865
117	146.365	165.978	148.905	5.80181
118	146.355	166.34 	148.896	5.83319
119	146.348	165.852	148.894	5.85033
121	146.338	165.69 	148.831	5.78801
122	146.328	165.207	148.81 	5.77186
123	146.282	165.552	148.822	5.82983
124	146.245	165.44 	148.819	5.85473
225	146.245	166.11 	148.725	5.9202 
End Time (hh:mm:ss.ms) 2023-07-17 11:11:13.720408
Total Time (hh:mm:ss.ms) 0:01:01.923397
Individuo: [[54, 1, 18, 8, 56, 25, 62, 4, 19, 52, 2, 23, 53, 36, 12, 7, 44, 40, 32, 21, 33, 42, 57, 58, 10, 26, 9, 29, 3, 34, 20, 22, 30, 27, 5, 31, 60, 48, 15, 24, 45, 0, 13, 43, 46, 49, 17, 28, 41, 61, 51, 59, 14, 6, 55, 50, 37, 16, 38, 39, 35, 47, 11], [1, 1, 0, 0, 0, 1, 0, 0, 0, 0, 0, 0, 1, 0, 0, 1, 1, 1, 0, 1, 0, 0, 0, 0, 0, 0, 0, 1, 1, 0, 1, 1, 0, 0, 0, 0, 0, 0, 1, 0, 1, 0, 1, 0, 0, 0, 1, 1, 0, 0, 1, 1, 1, 0, 0, 0, 0, 0, 0, 0, 0, 0, 1]]
Fitness:  146.245
Gens:  [0, 1, 2, 3, 4, 5, 6, 7, 8, 9, 10, 11, 12, 13, 14, 15, 16, 17, 18, 19, 20, 21, 22, 23, 24, 25, 26, 27, 28, 29, 30, 31, 32, 33, 34, 35, 36, 37, 38, 39, 40, 41, 42, 43, 44, 45, 46, 47, 48, 49, 50, 51, 52, 53, 54, 55, 56, 57, 58, 59, 60, 61, 62, 63, 64, 65, 66, 67, 68, 69, 70, 71, 72, 73, 74, 75, 76, 77, 78, 79, 80, 81, 82, 83, 84, 85, 86, 87, 88, 89, 90, 91, 92, 93, 94, 95, 96, 97, 98, 99, 100, 101, 102, 103, 104, 105, 106, 107, 108, 109, 110, 111, 112, 113, 114, 115, 116, 117, 118, 119, 120, 121, 122, 123, 124, 125, 126, 127, 128, 129, 130, 131, 132, 133, 134, 135, 136, 137, 138, 139, 140, 141, 142, 143, 144, 145, 146, 147, 148, 149, 150, 151, 152, 153, 154, 155, 156, 157, 158, 159, 160, 161, 162, 163, 164, 165, 166, 167, 168, 169, 170, 171, 172, 173, 174, 175, 176, 177, 178, 179, 180, 181, 182, 183, 184, 185, 186, 187, 188, 189, 190, 191, 192, 193, 194, 195, 196, 197, 198, 199, 200, 201, 202, 203, 204, 205, 206, 207, 208, 209, 210, 211, 212, 213, 214, 215, 216, 217, 218, 219, 220, 221, 222, 223, 224, 225]
Inds:  [159.30249999999995, 159.30249999999995, 158.885, 158.5375, 158.26999999999995, 158.26999999999995, 158.26999999999995, 157.71750000000003, 157.71750000000003, 157.3775, 157.3775, 157.3775, 157.3775, 157.3775, 157.20999999999998, 157.20999999999998, 157.20999999999998, 157.20999999999998, 156.9525, 156.9525, 156.64749999999998, 156.64749999999998, 156.11750000000004, 156.11750000000004, 156.11750000000004, 156.11750000000004, 156.11750000000004, 155.73750000000004, 155.64749999999995, 155.64749999999995, 155.12, 155.12, 155.12, 154.91749999999993, 154.91749999999993, 154.73499999999999, 154.445, 154.445, 154.10500000000002, 154.10500000000002, 153.97000000000003, 153.58250000000004, 153.58250000000004, 153.58250000000004, 153.27749999999995, 153.27749999999995, 152.89749999999995, 152.89749999999995, 152.76749999999996, 152.28249999999997, 152.28249999999997, 152.28249999999997, 152.28249999999997, 151.90249999999997, 151.90249999999997, 151.86999999999992, 151.59249999999994, 150.92749999999998, 150.92749999999998, 150.92749999999998, 150.92749999999998, 150.66, 150.65749999999997, 150.3, 150.3, 150.1675, 150.11499999999998, 150.11499999999998, 149.935, 149.66499999999994, 149.66499999999994, 149.54999999999993, 149.54999999999993, 149.35499999999996, 149.24749999999997, 148.7625, 148.7625, 148.75249999999997, 148.62249999999997, 148.54749999999996, 148.46249999999998, 148.46249999999998, 148.2225, 148.0175, 147.86, 147.86, 147.85, 147.69500000000002, 147.6825, 147.475, 147.475, 147.475, 147.31999999999996, 147.31999999999996, 147.26500000000004, 147.145, 147.02000000000004, 147.015, 146.945, 146.87500000000003, 146.85500000000002, 146.78500000000003, 146.75500000000002, 146.6275, 146.6275, 146.6275, 146.62, 146.55, 146.53500000000003, 146.49, 146.4375, 146.4375, 146.4375, 146.415, 146.39249999999998, 146.3775, 146.3775, 146.365, 146.355, 146.34750000000003, 146.34750000000003, 146.3375, 146.32750000000001, 146.2825, 146.245, 146.245, 146.245, 146.245, 146.245, 146.245, 146.245, 146.245, 146.245, 146.245, 146.245, 146.245, 146.245, 146.245, 146.245, 146.245, 146.245, 146.245, 146.245, 146.245, 146.245, 146.245, 146.245, 146.245, 146.245, 146.245, 146.245, 146.245, 146.245, 146.245, 146.245, 146.245, 146.245, 146.245, 146.245, 146.245, 146.245, 146.245, 146.245, 146.245, 146.245, 146.245, 146.245, 146.245, 146.245, 146.245, 146.245, 146.245, 146.245, 146.245, 146.245, 146.245, 146.245, 146.245, 146.245, 146.245, 146.245, 146.245, 146.245, 146.245, 146.245, 146.245, 146.245, 146.245, 146.245, 146.245, 146.245, 146.245, 146.245, 146.245, 146.245, 146.245, 146.245, 146.245, 146.245, 146.245, 146.245, 146.245, 146.245, 146.245, 146.245, 146.245, 146.245, 146.245, 146.245, 146.245, 146.245, 146.245, 146.245, 146.245, 146.245, 146.245, 146.245, 146.245, 146.245, 146.245, 146.245, 146.245, 146.245, 146.245, 146.245, 146.245]

Execution 7:
Parametros: P=1000, Pe=0.3, Pm=0.15, pe=0.7, Parada=100
Start Time (hh:mm:ss.ms) 2023-07-17 11:11:15.015372
gen	min   	max    	avg    	std    
0  	158.21	165.697	162.725	1.15437
4  	157.907	165.463	161.376	1.29458
6  	157.905	165.295	161.1  	1.37475
7  	157.41 	165.525	160.988	1.41567
11 	156.65 	165.465	160.543	1.52327
17 	156.638	164.91 	159.989	1.72766
18 	156.455	165.603	159.87 	1.74847
20 	156.012	166.525	159.606	1.8157 
25 	155.565	165.677	158.832	1.96009
27 	155.455	165.862	158.6  	2.08533
29 	155.083	166.597	158.314	2.14794
31 	154.295	165.238	157.968	2.24966
32 	153.91 	166.04 	157.811	2.31837
36 	153.738	165.808	156.994	2.63232
37 	153.27 	165.422	156.782	2.6491 
39 	152.915	165.31 	156.408	2.76353
43 	152.823	165.183	155.736	3.04234
45 	152.59 	165.94 	155.428	3.14578
46 	152.145	166.007	155.279	3.26007
47 	151.657	166.32 	155.111	3.31305
49 	151.398	165.592	154.754	3.43949
51 	151.313	165.412	154.4  	3.52463
52 	151.225	165.072	154.265	3.6276 
53 	150.798	165.518	154.088	3.68244
55 	150.667	166.397	153.801	3.84431
56 	150.58 	165.627	153.635	3.90751
57 	150.502	165.81 	153.493	3.92445
58 	150.135	165.582	153.385	4.04875
60 	150.052	165.61 	153.054	4.10874
61 	149.585	166.505	152.937	4.20282
62 	149.29 	165.883	152.821	4.31818
65 	149.025	165.455	152.363	4.4223 
66 	148.465	165.022	152.223	4.43231
72 	148.44 	165.282	151.491	4.69931
74 	148.218	165.843	151.305	4.87819
75 	148.162	165.673	151.211	4.94769
76 	148.005	165.803	151.09 	4.92956
77 	147.99 	165.49 	150.969	4.91622
78 	147.755	165.968	150.911	5.04921
80 	147.74 	165.352	150.676	5.03144
81 	147.577	166.315	150.576	5.07497
84 	147.407	165.81 	150.308	5.28352
85 	147.222	165.953	150.189	5.28272
87 	146.985	165.215	150.001	5.32767
90 	146.94 	165.197	149.786	5.48245
92 	146.927	165.807	149.683	5.58448
93 	146.857	164.793	149.57 	5.47411
95 	146.768	165.06 	149.526	5.6174 
97 	146.752	166.337	149.44 	5.64273
98 	146.725	165.462	149.407	5.67767
100	146.515	165.782	149.328	5.71485
102	146.51 	164.755	149.217	5.63883
103	146.51 	165.952	149.201	5.71554
105	146.34 	165.495	149.113	5.74666
106	146.323	165.703	149.067	5.79418
107	146.318	165.282	149.005	5.79724
108	146.28 	165.868	148.982	5.83125
112	146.262	164.948	148.876	5.75443
115	146.257	165.723	148.874	5.84441
118	146.225	166.195	148.742	5.8548 
120	146.203	165.415	148.752	5.95011
121	146.197	165.185	148.709	5.85018
222	146.197	165.998	148.667	5.89842
End Time (hh:mm:ss.ms) 2023-07-17 11:12:15.660096
Total Time (hh:mm:ss.ms) 0:01:00.644724
Individuo: [[54, 47, 50, 39, 35, 18, 6, 49, 41, 48, 15, 24, 26, 9, 21, 30, 27, 31, 5, 42, 33, 29, 45, 40, 32, 60, 0, 58, 14, 22, 46, 3, 13, 57, 43, 44, 7, 12, 1, 55, 38, 37, 61, 34, 20, 17, 28, 25, 56, 8, 62, 59, 10, 51, 16, 36, 53, 52, 2, 23, 4, 19, 11], [1, 1, 0, 0, 0, 1, 1, 0, 0, 0, 1, 1, 0, 0, 0, 0, 0, 1, 1, 1, 1, 1, 0, 1, 0, 0, 1, 1, 1, 1, 1, 1, 0, 1, 1, 0, 0, 1, 0, 0, 0, 0, 0, 0, 1, 0, 1, 1, 1, 1, 1, 1, 0, 1, 1, 1, 0, 1, 0, 0, 1, 1, 1]]
Fitness:  146.1975
Gens:  [0, 1, 2, 3, 4, 5, 6, 7, 8, 9, 10, 11, 12, 13, 14, 15, 16, 17, 18, 19, 20, 21, 22, 23, 24, 25, 26, 27, 28, 29, 30, 31, 32, 33, 34, 35, 36, 37, 38, 39, 40, 41, 42, 43, 44, 45, 46, 47, 48, 49, 50, 51, 52, 53, 54, 55, 56, 57, 58, 59, 60, 61, 62, 63, 64, 65, 66, 67, 68, 69, 70, 71, 72, 73, 74, 75, 76, 77, 78, 79, 80, 81, 82, 83, 84, 85, 86, 87, 88, 89, 90, 91, 92, 93, 94, 95, 96, 97, 98, 99, 100, 101, 102, 103, 104, 105, 106, 107, 108, 109, 110, 111, 112, 113, 114, 115, 116, 117, 118, 119, 120, 121, 122, 123, 124, 125, 126, 127, 128, 129, 130, 131, 132, 133, 134, 135, 136, 137, 138, 139, 140, 141, 142, 143, 144, 145, 146, 147, 148, 149, 150, 151, 152, 153, 154, 155, 156, 157, 158, 159, 160, 161, 162, 163, 164, 165, 166, 167, 168, 169, 170, 171, 172, 173, 174, 175, 176, 177, 178, 179, 180, 181, 182, 183, 184, 185, 186, 187, 188, 189, 190, 191, 192, 193, 194, 195, 196, 197, 198, 199, 200, 201, 202, 203, 204, 205, 206, 207, 208, 209, 210, 211, 212, 213, 214, 215, 216, 217, 218, 219, 220, 221, 222]
Inds:  [158.21000000000004, 158.21000000000004, 158.21000000000004, 158.21000000000004, 157.9075, 157.9075, 157.90500000000006, 157.40999999999997, 157.40999999999997, 157.40999999999997, 157.40999999999997, 156.64999999999995, 156.64999999999995, 156.64999999999995, 156.64999999999995, 156.64999999999995, 156.64999999999995, 156.63750000000005, 156.455, 156.455, 156.0125, 156.0125, 156.0125, 156.0125, 156.0125, 155.56499999999997, 155.56499999999997, 155.455, 155.455, 155.0825, 155.0825, 154.29499999999996, 153.91, 153.91, 153.91, 153.91, 153.73750000000007, 153.27000000000004, 153.27000000000004, 152.915, 152.915, 152.915, 152.915, 152.82250000000002, 152.82250000000002, 152.59000000000003, 152.145, 151.65749999999994, 151.65749999999994, 151.3975, 151.3975, 151.31250000000003, 151.22499999999997, 150.7975, 150.7975, 150.66749999999996, 150.57999999999998, 150.50249999999997, 150.13500000000002, 150.13500000000002, 150.05249999999998, 149.58499999999998, 149.28999999999996, 149.28999999999996, 149.28999999999996, 149.02499999999998, 148.465, 148.465, 148.465, 148.465, 148.465, 148.465, 148.44000000000003, 148.44000000000003, 148.2175, 148.16249999999994, 148.00499999999997, 147.98999999999998, 147.755, 147.755, 147.73999999999998, 147.57749999999996, 147.57749999999996, 147.57749999999996, 147.40749999999997, 147.22249999999997, 147.22249999999997, 146.98499999999996, 146.98499999999996, 146.98499999999996, 146.94, 146.94, 146.92749999999998, 146.85749999999996, 146.85749999999996, 146.76750000000004, 146.76750000000004, 146.7525, 146.725, 146.725, 146.51500000000001, 146.51500000000001, 146.51000000000002, 146.51, 146.51, 146.34000000000003, 146.32250000000002, 146.31750000000002, 146.28, 146.28, 146.28, 146.28, 146.2625, 146.2625, 146.2625, 146.2575, 146.2575, 146.2575, 146.22500000000002, 146.22500000000002, 146.20250000000001, 146.1975, 146.1975, 146.1975, 146.1975, 146.1975, 146.1975, 146.1975, 146.1975, 146.1975, 146.1975, 146.1975, 146.1975, 146.1975, 146.1975, 146.1975, 146.1975, 146.1975, 146.1975, 146.1975, 146.1975, 146.1975, 146.1975, 146.1975, 146.1975, 146.1975, 146.1975, 146.1975, 146.1975, 146.1975, 146.1975, 146.1975, 146.1975, 146.1975, 146.1975, 146.1975, 146.1975, 146.1975, 146.1975, 146.1975, 146.1975, 146.1975, 146.1975, 146.1975, 146.1975, 146.1975, 146.1975, 146.1975, 146.1975, 146.1975, 146.1975, 146.1975, 146.1975, 146.1975, 146.1975, 146.1975, 146.1975, 146.1975, 146.1975, 146.1975, 146.1975, 146.1975, 146.1975, 146.1975, 146.1975, 146.1975, 146.1975, 146.1975, 146.1975, 146.1975, 146.1975, 146.1975, 146.1975, 146.1975, 146.1975, 146.1975, 146.1975, 146.1975, 146.1975, 146.1975, 146.1975, 146.1975, 146.1975, 146.1975, 146.1975, 146.1975, 146.1975, 146.1975, 146.1975, 146.1975, 146.1975, 146.1975, 146.1975, 146.1975, 146.1975, 146.1975, 146.1975, 146.1975, 146.1975, 146.1975, 146.1975, 146.1975, 146.1975]

Execution 8:
Parametros: P=1000, Pe=0.3, Pm=0.15, pe=0.7, Parada=100
Start Time (hh:mm:ss.ms) 2023-07-17 11:12:16.774096
gen	min    	max   	avg    	std    
0  	159.015	165.94	162.723	1.13025
1  	158.61 	165.857	162.071	1.12384
2  	158.437	165.72 	161.736	1.18411
3  	158.16 	165.857	161.485	1.25572
7  	157.677	166.013	160.97 	1.44551
9  	157.558	166.085	160.753	1.48303
10 	157.332	165.087	160.656	1.50547
12 	156.91 	165.44 	160.505	1.5879 
16 	156.847	166.135	160.149	1.65669
19 	156.783	165.368	159.803	1.77536
20 	155.582	165.245	159.677	1.77554
22 	155.47 	165.355	159.408	1.89447
28 	155.467	165.325	158.41 	2.15954
29 	155.085	166.2  	158.249	2.17997
30 	154.63 	165.18 	158.089	2.22457
31 	154.472	165.297	157.84 	2.24154
32 	154.127	165.005	157.693	2.29731
34 	153.277	165.542	157.282	2.44688
39 	152.13 	166.02 	156.303	2.84594
44 	151.72 	165.065	155.376	3.20627
45 	151.45 	165.673	155.171	3.24967
46 	151.412	165.33 	155.025	3.37137
49 	151.36 	166.072	154.419	3.59541
50 	151.245	165.398	154.241	3.63693
51 	150.875	165.135	154.037	3.67609
52 	150.733	165.875	153.869	3.78366
54 	150.152	166.25 	153.495	3.88417
56 	149.935	165.57 	153.229	4.01103
59 	149.655	165.355	152.745	4.2418 
61 	149.607	165.835	152.455	4.38571
62 	149.288	166.337	152.293	4.43658
63 	149.172	166.3  	152.153	4.4938 
64 	148.752	166.037	152.015	4.57672
68 	148.53 	165.295	151.519	4.79582
70 	148.367	165.455	151.288	4.86285
72 	148.102	165.377	151.086	4.93875
75 	147.977	164.98 	150.785	5.005  
76 	147.9  	165.037	150.721	5.06732
77 	147.807	165.8  	150.669	5.18263
78 	147.702	165.592	150.555	5.13735
79 	147.687	165.598	150.483	5.21384
80 	147.55 	165.645	150.377	5.17547
81 	147.547	165.625	150.285	5.22706
82 	147.32 	166.017	150.22 	5.29752
83 	147.122	165.128	150.124	5.32502
84 	147.097	164.868	150.016	5.30414
85 	147.027	165.805	149.957	5.37537
87 	146.97 	165.853	149.804	5.48418
88 	146.822	165.24 	149.711	5.48396
90 	146.787	165.63 	149.558	5.58318
91 	146.747	165.74 	149.491	5.61201
92 	146.69 	166.502	149.424	5.64416
93 	146.642	165.263	149.336	5.59809
94 	146.552	165.52 	149.309	5.69522
96 	146.492	165.902	149.223	5.73827
98 	146.457	165.828	149.148	5.77914
199	146.457	165.38 	148.908	5.84489
End Time (hh:mm:ss.ms) 2023-07-17 11:13:09.804124
Total Time (hh:mm:ss.ms) 0:00:53.030028
Individuo: [[11, 39, 38, 35, 4, 19, 8, 56, 23, 62, 52, 37, 50, 55, 1, 47, 18, 6, 7, 57, 48, 0, 15, 58, 13, 46, 41, 59, 61, 34, 3, 40, 60, 5, 31, 30, 32, 43, 14, 49, 28, 2, 53, 36, 16, 20, 25, 17, 10, 26, 24, 51, 9, 45, 29, 21, 33, 42, 27, 44, 22, 12, 54], [0, 1, 1, 1, 1, 1, 0, 0, 1, 0, 0, 1, 1, 1, 1, 0, 1, 1, 1, 0, 0, 0, 0, 0, 1, 0, 0, 0, 0, 0, 0, 1, 0, 0, 0, 1, 0, 1, 1, 0, 1, 1, 1, 0, 0, 1, 0, 0, 0, 0, 1, 0, 0, 0, 0, 0, 0, 0, 1, 0, 0, 1, 0]]
Fitness:  146.45749999999992
Gens:  [0, 1, 2, 3, 4, 5, 6, 7, 8, 9, 10, 11, 12, 13, 14, 15, 16, 17, 18, 19, 20, 21, 22, 23, 24, 25, 26, 27, 28, 29, 30, 31, 32, 33, 34, 35, 36, 37, 38, 39, 40, 41, 42, 43, 44, 45, 46, 47, 48, 49, 50, 51, 52, 53, 54, 55, 56, 57, 58, 59, 60, 61, 62, 63, 64, 65, 66, 67, 68, 69, 70, 71, 72, 73, 74, 75, 76, 77, 78, 79, 80, 81, 82, 83, 84, 85, 86, 87, 88, 89, 90, 91, 92, 93, 94, 95, 96, 97, 98, 99, 100, 101, 102, 103, 104, 105, 106, 107, 108, 109, 110, 111, 112, 113, 114, 115, 116, 117, 118, 119, 120, 121, 122, 123, 124, 125, 126, 127, 128, 129, 130, 131, 132, 133, 134, 135, 136, 137, 138, 139, 140, 141, 142, 143, 144, 145, 146, 147, 148, 149, 150, 151, 152, 153, 154, 155, 156, 157, 158, 159, 160, 161, 162, 163, 164, 165, 166, 167, 168, 169, 170, 171, 172, 173, 174, 175, 176, 177, 178, 179, 180, 181, 182, 183, 184, 185, 186, 187, 188, 189, 190, 191, 192, 193, 194, 195, 196, 197, 198, 199]
Inds:  [159.01500000000004, 158.60999999999999, 158.43749999999997, 158.15999999999994, 158.15999999999994, 158.15999999999994, 158.15999999999994, 157.67749999999992, 157.67749999999992, 157.55750000000003, 157.33249999999992, 157.33249999999992, 156.91, 156.91, 156.91, 156.91, 156.84749999999997, 156.84749999999997, 156.84749999999997, 156.78250000000003, 155.58249999999998, 155.58249999999998, 155.46999999999997, 155.46999999999997, 155.46999999999997, 155.46999999999997, 155.46999999999997, 155.46999999999997, 155.46749999999997, 155.08499999999998, 154.63000000000002, 154.47249999999994, 154.1275, 154.1275, 153.27749999999995, 153.27749999999995, 153.27749999999995, 153.27749999999995, 153.27749999999995, 152.13, 152.13, 152.13, 152.13, 152.13, 151.72, 151.44999999999996, 151.4125, 151.4125, 151.4125, 151.35999999999999, 151.24499999999998, 150.875, 150.73250000000002, 150.73250000000002, 150.15249999999997, 150.15249999999997, 149.93499999999997, 149.93499999999997, 149.93499999999997, 149.655, 149.655, 149.6075, 149.28750000000005, 149.17249999999993, 148.75249999999997, 148.75249999999997, 148.75249999999997, 148.75249999999997, 148.52999999999994, 148.52999999999994, 148.36749999999995, 148.36749999999995, 148.10249999999996, 148.10249999999996, 148.10249999999996, 147.97749999999996, 147.89999999999992, 147.80749999999998, 147.7024999999999, 147.68749999999994, 147.54999999999993, 147.54749999999993, 147.31999999999994, 147.12249999999995, 147.09749999999994, 147.02749999999992, 147.02749999999992, 146.9699999999999, 146.82249999999993, 146.82249999999993, 146.78749999999994, 146.74749999999992, 146.68999999999994, 146.64249999999993, 146.55249999999992, 146.55249999999992, 146.49249999999992, 146.49249999999992, 146.45749999999992, 146.45749999999992, 146.45749999999992, 146.45749999999992, 146.45749999999992, 146.45749999999992, 146.45749999999992, 146.45749999999992, 146.45749999999992, 146.45749999999992, 146.45749999999992, 146.45749999999992, 146.45749999999992, 146.45749999999992, 146.45749999999992, 146.45749999999992, 146.45749999999992, 146.45749999999992, 146.45749999999992, 146.45749999999992, 146.45749999999992, 146.45749999999992, 146.45749999999992, 146.45749999999992, 146.45749999999992, 146.45749999999992, 146.45749999999992, 146.45749999999992, 146.45749999999992, 146.45749999999992, 146.45749999999992, 146.45749999999992, 146.45749999999992, 146.45749999999992, 146.45749999999992, 146.45749999999992, 146.45749999999992, 146.45749999999992, 146.45749999999992, 146.45749999999992, 146.45749999999992, 146.45749999999992, 146.45749999999992, 146.45749999999992, 146.45749999999992, 146.45749999999992, 146.45749999999992, 146.45749999999992, 146.45749999999992, 146.45749999999992, 146.45749999999992, 146.45749999999992, 146.45749999999992, 146.45749999999992, 146.45749999999992, 146.45749999999992, 146.45749999999992, 146.45749999999992, 146.45749999999992, 146.45749999999992, 146.45749999999992, 146.45749999999992, 146.45749999999992, 146.45749999999992, 146.45749999999992, 146.45749999999992, 146.45749999999992, 146.45749999999992, 146.45749999999992, 146.45749999999992, 146.45749999999992, 146.45749999999992, 146.45749999999992, 146.45749999999992, 146.45749999999992, 146.45749999999992, 146.45749999999992, 146.45749999999992, 146.45749999999992, 146.45749999999992, 146.45749999999992, 146.45749999999992, 146.45749999999992, 146.45749999999992, 146.45749999999992, 146.45749999999992, 146.45749999999992, 146.45749999999992, 146.45749999999992, 146.45749999999992, 146.45749999999992, 146.45749999999992, 146.45749999999992, 146.45749999999992, 146.45749999999992, 146.45749999999992, 146.45749999999992, 146.45749999999992, 146.45749999999992, 146.45749999999992, 146.45749999999992, 146.45749999999992]

Execution 9:
Parametros: P=1000, Pe=0.3, Pm=0.15, pe=0.7, Parada=100
Start Time (hh:mm:ss.ms) 2023-07-17 11:13:11.029125
gen	min   	max    	avg    	std    
0  	158.41	166.113	162.737	1.17412
2  	158.14	166.403	161.777	1.19255
3  	157.827	165.957	161.548	1.19453
4  	157.525	165.968	161.402	1.32978
6  	157.43 	165.812	161.077	1.36877
10 	157.122	165.307	160.704	1.56835
11 	156.825	165.015	160.597	1.56261
17 	156.453	165.2  	160.115	1.76051
23 	156.02 	166.26 	159.394	1.85074
24 	155.513	165.848	159.268	1.86779
26 	155.117	165.39 	159.072	1.94237
27 	155.098	164.987	158.886	1.959  
28 	154.992	165.968	158.729	2.05713
30 	154.888	165.833	158.296	2.16254
31 	154.75 	165.308	158.099	2.23638
32 	154.55 	165.695	157.933	2.28206
33 	153.977	165.173	157.71 	2.31667
34 	153.61 	166.292	157.531	2.48302
37 	153.47 	165.057	156.933	2.57909
39 	153.328	165.595	156.598	2.71959
41 	153.207	166.355	156.221	2.92783
42 	153.167	165.765	156.03 	2.9776 
43 	152.865	165.857	155.83 	2.97963
44 	152.18 	165.022	155.651	3.05613
46 	151.647	165.285	155.346	3.23   
49 	150.85 	165.972	154.796	3.48566
51 	150.675	165.218	154.4  	3.56061
52 	150.552	165.578	154.271	3.68266
54 	150.397	165.29 	153.903	3.80638
55 	150.017	165.417	153.726	3.84545
58 	149.868	165.423	153.228	4.06197
60 	149.635	165.675	152.866	4.19763
61 	149.355	165.245	152.688	4.26407
62 	149.307	165.047	152.532	4.35619
63 	149.022	166.555	152.354	4.37734
64 	148.88 	165.048	152.188	4.40794
65 	148.838	166.085	152.086	4.56536
67 	148.65 	166.035	151.826	4.62759
68 	148.36 	165.5  	151.696	4.70697
70 	148.2  	165.377	151.415	4.7868 
73 	147.88 	165.758	151.094	4.93611
76 	147.805	165.045	150.792	5.07369
77 	147.64 	166.167	150.677	5.0987 
78 	147.615	165.535	150.571	5.13642
79 	147.29 	165.125	150.464	5.14338
84 	147.2  	165.673	150.111	5.35835
85 	147.04 	165.097	150.018	5.3604 
86 	146.98 	165.518	149.962	5.40799
88 	146.9  	165.175	149.861	5.48439
89 	146.797	166.06 	149.789	5.52653
90 	146.605	166.135	149.706	5.54577
91 	146.467	165.42 	149.627	5.59922
92 	146.455	165.77 	149.53 	5.56619
93 	146.4  	165.482	149.45 	5.61976
94 	146.357	165.6  	149.374	5.68827
96 	146.16 	165.57 	149.203	5.73439
99 	146.083	165.298	148.935	5.76834
100	145.812	165.475	148.901	5.86488
104	145.81 	166.248	148.654	5.93308
105	145.79 	165.665	148.613	5.92168
106	145.715	165.322	148.588	5.98129
107	145.707	165.585	148.535	5.94093
109	145.617	166.082	148.505	6.03294
111	145.597	166.667	148.424	6.03821
113	145.525	165.452	148.374	6.09834
114	145.525	164.998	148.316	6.07646
115	145.515	166.135	148.323	6.19646
116	145.455	165.613	148.233	6.09947
217	145.455	165.475	148.041	6.17083
End Time (hh:mm:ss.ms) 2023-07-17 11:14:13.966991
Total Time (hh:mm:ss.ms) 0:01:02.937866
Individuo: [[54, 47, 50, 18, 38, 37, 1, 6, 46, 0, 21, 60, 27, 7, 44, 30, 42, 5, 31, 33, 29, 40, 32, 57, 3, 49, 12, 14, 43, 48, 10, 26, 9, 45, 58, 15, 13, 22, 55, 39, 19, 4, 8, 23, 34, 41, 61, 51, 24, 59, 17, 28, 25, 56, 52, 53, 20, 16, 36, 2, 62, 35, 11], [1, 1, 1, 0, 0, 0, 1, 1, 1, 1, 0, 1, 0, 0, 1, 1, 0, 0, 0, 0, 1, 1, 0, 0, 1, 1, 0, 0, 0, 0, 0, 0, 0, 0, 1, 1, 1, 0, 0, 0, 0, 0, 0, 1, 1, 1, 0, 0, 0, 0, 1, 1, 1, 1, 0, 1, 0, 1, 1, 0, 0, 1, 1]]
Fitness:  145.45499999999996
Gens:  [0, 1, 2, 3, 4, 5, 6, 7, 8, 9, 10, 11, 12, 13, 14, 15, 16, 17, 18, 19, 20, 21, 22, 23, 24, 25, 26, 27, 28, 29, 30, 31, 32, 33, 34, 35, 36, 37, 38, 39, 40, 41, 42, 43, 44, 45, 46, 47, 48, 49, 50, 51, 52, 53, 54, 55, 56, 57, 58, 59, 60, 61, 62, 63, 64, 65, 66, 67, 68, 69, 70, 71, 72, 73, 74, 75, 76, 77, 78, 79, 80, 81, 82, 83, 84, 85, 86, 87, 88, 89, 90, 91, 92, 93, 94, 95, 96, 97, 98, 99, 100, 101, 102, 103, 104, 105, 106, 107, 108, 109, 110, 111, 112, 113, 114, 115, 116, 117, 118, 119, 120, 121, 122, 123, 124, 125, 126, 127, 128, 129, 130, 131, 132, 133, 134, 135, 136, 137, 138, 139, 140, 141, 142, 143, 144, 145, 146, 147, 148, 149, 150, 151, 152, 153, 154, 155, 156, 157, 158, 159, 160, 161, 162, 163, 164, 165, 166, 167, 168, 169, 170, 171, 172, 173, 174, 175, 176, 177, 178, 179, 180, 181, 182, 183, 184, 185, 186, 187, 188, 189, 190, 191, 192, 193, 194, 195, 196, 197, 198, 199, 200, 201, 202, 203, 204, 205, 206, 207, 208, 209, 210, 211, 212, 213, 214, 215, 216, 217]
Inds:  [158.41000000000005, 158.41000000000005, 158.14000000000001, 157.82749999999993, 157.52500000000006, 157.52500000000006, 157.43, 157.43, 157.43, 157.43, 157.12249999999997, 156.82500000000002, 156.82500000000002, 156.82500000000002, 156.82500000000002, 156.82500000000002, 156.82500000000002, 156.45250000000001, 156.45250000000001, 156.45250000000001, 156.45250000000001, 156.45250000000001, 156.45250000000001, 156.02000000000004, 155.51250000000002, 155.51250000000002, 155.11749999999995, 155.09750000000005, 154.99249999999995, 154.99249999999995, 154.88750000000005, 154.74999999999997, 154.54999999999995, 153.97749999999996, 153.61, 153.61, 153.61, 153.47, 153.47, 153.32750000000001, 153.32750000000001, 153.20749999999995, 153.16749999999993, 152.86499999999992, 152.17999999999998, 152.17999999999998, 151.64749999999992, 151.64749999999992, 151.64749999999992, 150.85000000000002, 150.85000000000002, 150.67499999999995, 150.55249999999998, 150.55249999999998, 150.39749999999998, 150.01749999999996, 150.01749999999996, 150.01749999999996, 149.86750000000004, 149.86750000000004, 149.63499999999996, 149.35500000000002, 149.30749999999995, 149.02249999999998, 148.88, 148.8375, 148.8375, 148.64999999999998, 148.3599999999999, 148.3599999999999, 148.2, 148.2, 148.2, 147.88, 147.88, 147.88, 147.80499999999998, 147.63999999999993, 147.61499999999995, 147.28999999999996, 147.28999999999996, 147.28999999999996, 147.28999999999996, 147.28999999999996, 147.19999999999996, 147.03999999999996, 146.97999999999996, 146.97999999999996, 146.8999999999999, 146.79749999999999, 146.60499999999993, 146.46749999999992, 146.45499999999996, 146.39999999999998, 146.35749999999996, 146.35749999999996, 146.15999999999994, 146.15999999999994, 146.15999999999994, 146.0825, 145.81249999999997, 145.81249999999997, 145.81249999999997, 145.81249999999997, 145.80999999999995, 145.78999999999994, 145.71499999999997, 145.70749999999992, 145.70749999999992, 145.61749999999995, 145.61749999999995, 145.59749999999994, 145.59749999999994, 145.52499999999998, 145.52499999999995, 145.51499999999996, 145.45499999999996, 145.45499999999996, 145.45499999999996, 145.45499999999996, 145.45499999999996, 145.45499999999996, 145.45499999999996, 145.45499999999996, 145.45499999999996, 145.45499999999996, 145.45499999999996, 145.45499999999996, 145.45499999999996, 145.45499999999996, 145.45499999999996, 145.45499999999996, 145.45499999999996, 145.45499999999996, 145.45499999999996, 145.45499999999996, 145.45499999999996, 145.45499999999996, 145.45499999999996, 145.45499999999996, 145.45499999999996, 145.45499999999996, 145.45499999999996, 145.45499999999996, 145.45499999999996, 145.45499999999996, 145.45499999999996, 145.45499999999996, 145.45499999999996, 145.45499999999996, 145.45499999999996, 145.45499999999996, 145.45499999999996, 145.45499999999996, 145.45499999999996, 145.45499999999996, 145.45499999999996, 145.45499999999996, 145.45499999999996, 145.45499999999996, 145.45499999999996, 145.45499999999996, 145.45499999999996, 145.45499999999996, 145.45499999999996, 145.45499999999996, 145.45499999999996, 145.45499999999996, 145.45499999999996, 145.45499999999996, 145.45499999999996, 145.45499999999996, 145.45499999999996, 145.45499999999996, 145.45499999999996, 145.45499999999996, 145.45499999999996, 145.45499999999996, 145.45499999999996, 145.45499999999996, 145.45499999999996, 145.45499999999996, 145.45499999999996, 145.45499999999996, 145.45499999999996, 145.45499999999996, 145.45499999999996, 145.45499999999996, 145.45499999999996, 145.45499999999996, 145.45499999999996, 145.45499999999996, 145.45499999999996, 145.45499999999996, 145.45499999999996, 145.45499999999996, 145.45499999999996, 145.45499999999996, 145.45499999999996, 145.45499999999996, 145.45499999999996, 145.45499999999996, 145.45499999999996, 145.45499999999996, 145.45499999999996, 145.45499999999996, 145.45499999999996, 145.45499999999996, 145.45499999999996, 145.45499999999996, 145.45499999999996, 145.45499999999996, 145.45499999999996, 145.45499999999996, 145.45499999999996, 145.45499999999996, 145.45499999999996, 145.45499999999996]

Execution 10:
Parametros: P=1000, Pe=0.3, Pm=0.15, pe=0.7, Parada=100
Start Time (hh:mm:ss.ms) 2023-07-17 11:14:15.104992
gen	min   	max    	avg    	std    
0  	158.53	166.287	162.781	1.11811
5  	158.387	166.347	161.289	1.32295
6  	158.01 	165.5  	161.169	1.36434
7  	157.752	165.905	161.099	1.43426
9  	157.618	165.792	160.841	1.39795
10 	156.83 	166.47 	160.739	1.47808
13 	156.538	167.25 	160.504	1.60162
15 	156.117	165.522	160.282	1.6565 
28 	156.005	165.992	159.208	1.94385
29 	155.685	165.417	159.054	1.94505
31 	155.502	165.26 	158.881	2.03658
33 	153.977	166.047	158.666	2.13053
44 	153.025	165.66 	157.075	2.57597
48 	152.91 	165.952	156.304	2.83554
51 	152.462	165.147	155.715	3.00061
53 	152.392	165.043	155.293	3.12971
54 	151.605	166.37 	155.161	3.28054
58 	151.005	165.493	154.538	3.4984 
62 	150.84 	165.642	154.075	3.73996
65 	150.555	165.438	153.613	3.90475
66 	150.23 	165.565	153.48 	3.94739
67 	149.88 	167.015	153.332	3.93677
70 	149.642	166.08 	152.978	4.16777
73 	149.525	165.92 	152.584	4.22418
75 	149.448	165.947	152.398	4.36195
76 	149.29 	164.998	152.324	4.46374
78 	149.08 	164.692	152.132	4.49434
79 	149.03 	166.19 	152.012	4.51806
80 	148.628	165.423	151.926	4.60381
85 	148.495	165.89 	151.46 	4.7904 
87 	148.268	165.445	151.289	4.86664
88 	148.155	165.745	151.155	4.86327
89 	148.143	166.41 	151.091	4.94294
90 	147.75 	165.802	150.989	4.97603
96 	147.6  	165.465	150.43 	5.15977
97 	147.25 	164.79 	150.325	5.18917
100	147.125	165.288	150.072	5.33972
101	147.108	165.255	149.996	5.37874
102	146.748	166.065	149.893	5.38529
104	146.732	165.678	149.736	5.43676
105	146.623	165.625	149.67 	5.51713
107	146.575	166.835	149.511	5.62069
108	146.458	165.083	149.452	5.69978
109	146.317	165.368	149.346	5.69723
111	146.197	166.54 	149.177	5.72171
112	146.15 	165.73 	149.091	5.74565
114	146.097	165.502	148.924	5.80838
115	146.08 	165.98 	148.872	5.91509
116	146.077	165.495	148.751	5.82094
117	146.065	165.338	148.725	5.90421
118	145.97 	165.255	148.673	5.91075
120	145.932	165.44 	148.618	5.96654
125	145.915	165.075	148.458	5.94439
128	145.907	166.13 	148.441	5.98692
229	145.907	165.205	148.449	6.063  
End Time (hh:mm:ss.ms) 2023-07-17 11:15:16.861399
Total Time (hh:mm:ss.ms) 0:01:01.756407
Individuo: [[54, 50, 35, 11, 18, 39, 8, 56, 23, 61, 51, 24, 59, 17, 41, 3, 58, 45, 15, 29, 9, 26, 10, 0, 33, 60, 31, 42, 21, 5, 27, 30, 14, 6, 37, 20, 53, 52, 2, 28, 25, 62, 19, 36, 16, 49, 34, 22, 46, 43, 13, 48, 57, 40, 32, 44, 7, 12, 4, 38, 55, 1, 47], [1, 0, 1, 1, 0, 0, 0, 0, 1, 0, 0, 0, 0, 1, 0, 0, 0, 1, 1, 0, 1, 1, 1, 1, 1, 1, 1, 1, 0, 0, 1, 1, 1, 0, 0, 1, 0, 1, 0, 1, 1, 0, 0, 0, 0, 0, 0, 1, 1, 1, 0, 0, 1, 1, 0, 0, 0, 1, 0, 0, 1, 1, 0]]
Fitness:  145.9075
Gens:  [0, 1, 2, 3, 4, 5, 6, 7, 8, 9, 10, 11, 12, 13, 14, 15, 16, 17, 18, 19, 20, 21, 22, 23, 24, 25, 26, 27, 28, 29, 30, 31, 32, 33, 34, 35, 36, 37, 38, 39, 40, 41, 42, 43, 44, 45, 46, 47, 48, 49, 50, 51, 52, 53, 54, 55, 56, 57, 58, 59, 60, 61, 62, 63, 64, 65, 66, 67, 68, 69, 70, 71, 72, 73, 74, 75, 76, 77, 78, 79, 80, 81, 82, 83, 84, 85, 86, 87, 88, 89, 90, 91, 92, 93, 94, 95, 96, 97, 98, 99, 100, 101, 102, 103, 104, 105, 106, 107, 108, 109, 110, 111, 112, 113, 114, 115, 116, 117, 118, 119, 120, 121, 122, 123, 124, 125, 126, 127, 128, 129, 130, 131, 132, 133, 134, 135, 136, 137, 138, 139, 140, 141, 142, 143, 144, 145, 146, 147, 148, 149, 150, 151, 152, 153, 154, 155, 156, 157, 158, 159, 160, 161, 162, 163, 164, 165, 166, 167, 168, 169, 170, 171, 172, 173, 174, 175, 176, 177, 178, 179, 180, 181, 182, 183, 184, 185, 186, 187, 188, 189, 190, 191, 192, 193, 194, 195, 196, 197, 198, 199, 200, 201, 202, 203, 204, 205, 206, 207, 208, 209, 210, 211, 212, 213, 214, 215, 216, 217, 218, 219, 220, 221, 222, 223, 224, 225, 226, 227, 228, 229]
Inds:  [158.52999999999997, 158.52999999999997, 158.52999999999997, 158.52999999999997, 158.52999999999997, 158.3875, 158.01, 157.75249999999997, 157.75249999999997, 157.6175, 156.82999999999996, 156.82999999999996, 156.82999999999996, 156.53750000000005, 156.53750000000005, 156.11749999999998, 156.11749999999998, 156.11749999999998, 156.11749999999998, 156.11749999999998, 156.11749999999998, 156.11749999999998, 156.11749999999998, 156.11749999999998, 156.11749999999998, 156.11749999999998, 156.11749999999998, 156.11749999999998, 156.00500000000002, 155.68500000000003, 155.68500000000003, 155.50249999999994, 155.50249999999994, 153.97749999999996, 153.97749999999996, 153.97749999999996, 153.97749999999996, 153.97749999999996, 153.97749999999996, 153.97749999999996, 153.97749999999996, 153.97749999999996, 153.97749999999996, 153.97749999999996, 153.02500000000006, 153.02500000000006, 153.02500000000006, 153.02500000000006, 152.91, 152.91, 152.91, 152.46249999999998, 152.46249999999998, 152.39249999999998, 151.60500000000005, 151.60500000000005, 151.60500000000005, 151.60500000000005, 151.005, 151.005, 151.005, 151.005, 150.84, 150.84, 150.84, 150.555, 150.23000000000005, 149.88, 149.88, 149.88, 149.64249999999998, 149.64249999999998, 149.64249999999998, 149.52500000000006, 149.52500000000006, 149.44750000000005, 149.29, 149.29, 149.07999999999998, 149.03000000000003, 148.62750000000003, 148.62750000000003, 148.62750000000003, 148.62750000000003, 148.62750000000003, 148.49499999999998, 148.49499999999998, 148.26750000000007, 148.15500000000006, 148.14250000000007, 147.75000000000006, 147.75000000000006, 147.75000000000006, 147.75000000000006, 147.75000000000006, 147.75000000000006, 147.6, 147.25000000000006, 147.25000000000006, 147.25000000000006, 147.12500000000003, 147.10750000000002, 146.7475, 146.7475, 146.73249999999996, 146.62250000000003, 146.62250000000003, 146.575, 146.4575, 146.3175, 146.3175, 146.1975, 146.14999999999998, 146.14999999999998, 146.09749999999997, 146.07999999999996, 146.0775, 146.06499999999997, 145.96999999999994, 145.96999999999994, 145.93249999999998, 145.93249999999998, 145.93249999999998, 145.93249999999998, 145.93249999999998, 145.915, 145.915, 145.915, 145.9075, 145.9075, 145.9075, 145.9075, 145.9075, 145.9075, 145.9075, 145.9075, 145.9075, 145.9075, 145.9075, 145.9075, 145.9075, 145.9075, 145.9075, 145.9075, 145.9075, 145.9075, 145.9075, 145.9075, 145.9075, 145.9075, 145.9075, 145.9075, 145.9075, 145.9075, 145.9075, 145.9075, 145.9075, 145.9075, 145.9075, 145.9075, 145.9075, 145.9075, 145.9075, 145.9075, 145.9075, 145.9075, 145.9075, 145.9075, 145.9075, 145.9075, 145.9075, 145.9075, 145.9075, 145.9075, 145.9075, 145.9075, 145.9075, 145.9075, 145.9075, 145.9075, 145.9075, 145.9075, 145.9075, 145.9075, 145.9075, 145.9075, 145.9075, 145.9075, 145.9075, 145.9075, 145.9075, 145.9075, 145.9075, 145.9075, 145.9075, 145.9075, 145.9075, 145.9075, 145.9075, 145.9075, 145.9075, 145.9075, 145.9075, 145.9075, 145.9075, 145.9075, 145.9075, 145.9075, 145.9075, 145.9075, 145.9075, 145.9075, 145.9075, 145.9075, 145.9075, 145.9075, 145.9075, 145.9075, 145.9075, 145.9075, 145.9075, 145.9075, 145.9075, 145.9075, 145.9075, 145.9075, 145.9075, 145.9075, 145.9075, 145.9075]

