BRKGA-Heuristic:

Execution 1:
Parametros: P=1000, Pe=0.3, Pm=0.15, pe=0.7, Parada=100
Start Time (hh:mm:ss.ms) 2023-07-17 11:15:17.987437
gen	min   	max    	avg    	std    
0  	402.24	422.635	418.058	2.53666
1  	285.208	421.96 	371.893	41.7863
End Time (hh:mm:ss.ms) 2023-07-17 11:21:01.660518
Total Time (hh:mm:ss.ms) 0:05:43.673081
Individuo: [[146, 422, 87, 171, 248, 54, 378, 216, 134, 419, 366, 213, 98, 196, 113, 298, 29, 191, 440, 189, 55, 28, 86, 133, 116, 382, 219, 413, 250, 63, 185, 49, 353, 265, 329, 18, 101, 391, 350, 194, 149, 457, 225, 459, 341, 290, 261, 359, 236, 240, 25, 431, 136, 275, 283, 314, 273, 71, 437, 295, 3, 338, 381, 269, 68, 388, 82, 234, 180, 46, 215, 410, 277, 0, 161, 434, 398, 243, 24, 75, 51, 99, 453, 152, 220, 313, 281, 4, 32, 97, 72, 291, 90, 73, 463, 279, 282, 50, 427, 315, 227, 85, 64, 242, 120, 2, 387, 292, 10, 23, 377, 267, 458, 323, 400, 416, 345, 135, 203, 204, 140, 160, 319, 164, 402, 44, 218, 197, 70, 369, 210, 246, 347, 229, 14, 80, 364, 411, 222, 188, 103, 88, 428, 228, 12, 408, 432, 96, 147, 462, 397, 13, 414, 43, 299, 255, 438, 42, 186, 9, 35, 104, 371, 177, 339, 326, 336, 390, 238, 39, 454, 426, 151, 335, 346, 172, 30, 429, 333, 183, 95, 124, 461, 167, 144, 105, 158, 312, 207, 84, 209, 181, 330, 198, 153, 212, 385, 156, 241, 362, 37, 383, 175, 441, 33, 226, 418, 26, 303, 445, 357, 456, 112, 301, 231, 344, 394, 302, 286, 239, 372, 69, 280, 447, 126, 190, 365, 392, 367, 448, 41, 127, 334, 320, 258, 455, 311, 450, 386, 150, 121, 460, 278, 321, 328, 119, 107, 60, 370, 214, 288, 79, 417, 237, 141, 65, 343, 262, 7, 6, 19, 235, 407, 249, 342, 131, 174, 439, 132, 379, 264, 137, 232, 192, 351, 251, 464, 221, 169, 173, 443, 446, 148, 300, 452, 53, 252, 123, 199, 20, 449, 100, 176, 296, 155, 21, 11, 15, 17, 217, 106, 115, 404, 27, 331, 56, 62, 284, 34, 436, 348, 201, 421, 305, 403, 31, 165, 412, 318, 405, 266, 349, 356, 442, 316, 22, 143, 48, 399, 61, 304, 287, 352, 139, 168, 36, 163, 145, 415, 317, 435, 38, 178, 389, 89, 254, 81, 430, 67, 57, 16, 368, 129, 45, 257, 325, 195, 92, 308, 306, 78, 263, 247, 111, 58, 83, 230, 309, 361, 128, 162, 285, 114, 451, 395, 66, 406, 393, 332, 340, 200, 374, 423, 444, 253, 425, 8, 256, 223, 170, 117, 360, 193, 375, 202, 206, 157, 130, 233, 91, 358, 294, 433, 138, 108, 272, 211, 59, 166, 52, 102, 384, 5, 380, 354, 184, 376, 274, 182, 208, 1, 109, 268, 259, 420, 47, 110, 244, 270, 310, 118, 142, 322, 205, 122, 271, 74, 297, 373, 307, 424, 77, 409, 154, 125, 324, 224, 401, 293, 187, 179, 260, 93, 327, 396, 355, 276, 159, 94, 245, 337, 289, 76, 40, 363], [0, 1, 0, 1, 1, 0, 1, 0, 0, 0, 0, 0, 0, 0, 1, 1, 0, 0, 0, 1, 0, 1, 1, 0, 0, 0, 0, 0, 0, 0, 0, 0, 0, 1, 1, 1, 0, 1, 0, 0, 0, 1, 0, 1, 0, 1, 0, 0, 0, 0, 0, 1, 1, 1, 1, 0, 0, 1, 0, 0, 0, 1, 0, 1, 0, 0, 1, 0, 0, 1, 0, 0, 0, 0, 0, 0, 1, 1, 0, 1, 1, 0, 1, 0, 1, 0, 1, 1, 0, 1, 0, 1, 1, 1, 1, 0, 0, 1, 1, 1, 1, 1, 0, 0, 0, 0, 1, 1, 1, 1, 1, 0, 0, 1, 1, 0, 0, 0, 0, 1, 0, 0, 0, 1, 1, 1, 1, 1, 0, 1, 1, 1, 1, 1, 1, 0, 1, 0, 1, 0, 0, 1, 1, 0, 0, 0, 1, 0, 0, 1, 1, 1, 0, 0, 1, 1, 1, 1, 0, 1, 1, 1, 0, 1, 1, 0, 0, 1, 0, 0, 0, 0, 0, 0, 0, 0, 0, 1, 0, 1, 0, 0, 0, 1, 0, 0, 0, 0, 1, 0, 0, 0, 0, 0, 0, 1, 0, 0, 0, 0, 1, 1, 0, 1, 0, 1, 0, 1, 0, 0, 0, 0, 1, 0, 1, 0, 0, 0, 0, 0, 0, 1, 0, 0, 1, 0, 1, 0, 1, 1, 0, 0, 1, 1, 1, 0, 0, 0, 0, 0, 0, 1, 0, 1, 1, 0, 0, 1, 1, 0, 1, 1, 1, 1, 1, 1, 1, 0, 0, 0, 1, 1, 0, 0, 1, 0, 1, 1, 0, 1, 0, 1, 1, 1, 0, 1, 1, 0, 1, 1, 1, 0, 0, 1, 0, 0, 1, 0, 0, 0, 0, 1, 1, 0, 1, 0, 1, 0, 1, 0, 0, 0, 1, 0, 1, 0, 0, 0, 0, 0, 1, 0, 0, 0, 1, 1, 1, 0, 1, 0, 0, 1, 0, 1, 0, 0, 1, 0, 0, 0, 1, 1, 1, 1, 0, 0, 0, 0, 0, 0, 0, 1, 1, 0, 1, 1, 0, 1, 1, 0, 0, 1, 0, 0, 0, 1, 1, 1, 1, 1, 1, 0, 0, 1, 1, 1, 0, 0, 1, 0, 0, 0, 0, 1, 0, 0, 0, 0, 0, 0, 0, 0, 0, 0, 1, 0, 0, 1, 1, 1, 1, 1, 1, 1, 1, 1, 1, 1, 1, 1, 1, 0, 0, 1, 1, 0, 0, 1, 1, 1, 0, 1, 0, 0, 1, 1, 1, 0, 0, 0, 1, 1, 1, 1, 1, 1, 1, 0, 0, 1, 1, 1, 0, 1, 1, 0, 1, 1, 0, 0, 0, 0, 1, 1, 1, 0, 0, 1, 0, 1, 1, 1, 1, 1, 1, 1, 0, 1, 0, 0, 0, 1, 1, 1, 0]]
Fitness:  285.20750000000027
Gens:  [0, 1, 2, 3, 4, 5, 6, 7, 8, 9, 10, 11, 12, 13, 14, 15, 16, 17, 18, 19, 20, 21, 22, 23, 24, 25, 26, 27, 28, 29, 30, 31, 32, 33, 34]
Inds:  [402.2400000000016, 285.20750000000027, 285.20750000000027, 285.20750000000027, 285.20750000000027, 285.20750000000027, 285.20750000000027, 285.20750000000027, 285.20750000000027, 285.20750000000027, 285.20750000000027, 285.20750000000027, 285.20750000000027, 285.20750000000027, 285.20750000000027, 285.20750000000027, 285.20750000000027, 285.20750000000027, 285.20750000000027, 285.20750000000027, 285.20750000000027, 285.20750000000027, 285.20750000000027, 285.20750000000027, 285.20750000000027, 285.20750000000027, 285.20750000000027, 285.20750000000027, 285.20750000000027, 285.20750000000027, 285.20750000000027, 285.20750000000027, 285.20750000000027, 285.20750000000027, 285.20750000000027]

Execution 2:
Parametros: P=1000, Pe=0.3, Pm=0.15, pe=0.7, Parada=100
Start Time (hh:mm:ss.ms) 2023-07-17 11:21:06.781553
gen	min    	max   	avg    	std    
0  	401.565	422.14	417.942	2.90398
1  	293.805	421.665	371.601	41.9038
14 	291.513	421.723	328.314	38.1432
End Time (hh:mm:ss.ms) 2023-07-17 11:26:51.253676
Total Time (hh:mm:ss.ms) 0:05:44.472123
Individuo: [[422, 54, 0, 97, 419, 213, 98, 134, 172, 316, 211, 335, 27, 331, 196, 436, 273, 387, 348, 244, 64, 242, 120, 2, 270, 440, 150, 66, 341, 168, 36, 87, 279, 171, 248, 146, 155, 359, 427, 310, 306, 163, 346, 111, 220, 347, 25, 71, 308, 92, 329, 265, 31, 50, 49, 152, 89, 178, 161, 219, 149, 457, 72, 336, 103, 85, 292, 10, 390, 264, 342, 377, 458, 165, 431, 405, 175, 349, 100, 449, 39, 266, 18, 21, 374, 88, 234, 180, 407, 46, 147, 434, 94, 408, 372, 115, 138, 392, 367, 455, 311, 403, 223, 70, 43, 58, 83, 218, 375, 80, 202, 157, 394, 233, 284, 446, 371, 437, 84, 207, 312, 158, 105, 452, 95, 190, 429, 426, 144, 16, 124, 333, 332, 51, 200, 29, 38, 321, 352, 385, 241, 37, 443, 20, 366, 194, 238, 132, 185, 174, 409, 255, 315, 63, 250, 186, 413, 116, 108, 226, 435, 412, 339, 302, 379, 328, 129, 24, 243, 288, 79, 398, 228, 363, 323, 249, 256, 463, 32, 191, 173, 326, 53, 159, 153, 276, 245, 464, 251, 351, 383, 198, 181, 330, 356, 209, 277, 410, 140, 215, 44, 113, 235, 252, 444, 123, 199, 232, 160, 300, 137, 131, 135, 459, 291, 86, 221, 309, 61, 406, 362, 275, 136, 56, 298, 28, 15, 217, 106, 417, 299, 280, 8, 294, 401, 285, 282, 318, 222, 45, 261, 389, 3, 295, 101, 325, 148, 425, 460, 247, 263, 313, 5, 373, 307, 257, 13, 35, 193, 170, 192, 337, 227, 57, 76, 77, 1, 125, 60, 224, 281, 287, 90, 420, 381, 231, 258, 382, 450, 399, 411, 364, 14, 269, 212, 442, 369, 197, 167, 393, 210, 246, 229, 324, 69, 461, 314, 441, 402, 415, 19, 424, 462, 162, 319, 177, 4, 317, 176, 188, 301, 154, 416, 203, 9, 397, 204, 214, 262, 6, 343, 65, 283, 23, 289, 17, 350, 391, 195, 68, 117, 40, 78, 365, 428, 104, 22, 439, 454, 360, 370, 293, 237, 141, 75, 254, 67, 216, 183, 126, 81, 421, 451, 201, 107, 12, 438, 353, 34, 143, 225, 240, 456, 236, 156, 239, 169, 271, 386, 112, 7, 121, 278, 119, 48, 230, 338, 99, 304, 26, 344, 418, 30, 114, 296, 303, 448, 253, 164, 447, 128, 145, 423, 340, 432, 73, 414, 400, 345, 395, 267, 445, 286, 361, 305, 322, 404, 82, 430, 142, 433, 33, 139, 62, 182, 184, 354, 205, 368, 74, 272, 11, 127, 41, 55, 320, 334, 166, 102, 52, 91, 357, 384, 130, 290, 380, 453, 376, 274, 208, 396, 122, 42, 59, 358, 259, 47, 133, 118, 388, 110, 189, 268, 187, 109, 260, 206, 93, 378, 297, 327, 96, 355, 179, 151], [0, 1, 1, 1, 0, 0, 0, 0, 1, 1, 0, 0, 1, 0, 0, 0, 1, 0, 1, 0, 0, 0, 1, 1, 1, 0, 1, 0, 1, 0, 1, 1, 1, 0, 0, 0, 1, 0, 0, 1, 0, 0, 0, 0, 1, 1, 0, 0, 1, 0, 0, 1, 0, 0, 0, 0, 1, 0, 0, 1, 0, 1, 0, 0, 1, 0, 0, 0, 1, 1, 0, 0, 1, 0, 1, 1, 1, 1, 0, 0, 0, 1, 1, 0, 0, 1, 0, 1, 1, 1, 0, 0, 1, 0, 0, 0, 1, 0, 1, 0, 0, 1, 1, 1, 0, 1, 1, 1, 1, 1, 0, 1, 0, 1, 1, 0, 1, 1, 1, 1, 1, 1, 1, 1, 1, 1, 1, 1, 1, 1, 1, 1, 0, 0, 0, 0, 0, 1, 1, 0, 0, 1, 1, 0, 0, 1, 1, 1, 1, 0, 1, 1, 0, 0, 0, 1, 1, 1, 1, 0, 1, 0, 0, 0, 0, 1, 0, 0, 0, 1, 0, 1, 1, 1, 1, 1, 1, 1, 1, 1, 0, 0, 0, 0, 1, 0, 0, 0, 1, 1, 1, 1, 1, 1, 0, 1, 1, 1, 0, 1, 0, 1, 0, 0, 0, 0, 1, 1, 0, 1, 0, 0, 0, 1, 1, 0, 1, 0, 0, 1, 0, 1, 1, 1, 1, 0, 0, 0, 1, 1, 0, 1, 1, 0, 1, 1, 1, 1, 0, 0, 0, 0, 0, 0, 1, 0, 1, 0, 0, 0, 1, 0, 1, 1, 1, 1, 1, 1, 0, 0, 0, 0, 0, 1, 1, 1, 0, 1, 0, 1, 0, 0, 0, 1, 0, 1, 0, 0, 1, 0, 0, 1, 0, 0, 1, 0, 0, 0, 0, 1, 0, 0, 0, 1, 1, 1, 0, 1, 0, 1, 0, 1, 1, 1, 0, 0, 1, 0, 1, 1, 1, 1, 0, 1, 0, 1, 0, 0, 0, 0, 1, 0, 0, 0, 1, 0, 1, 1, 0, 0, 0, 1, 1, 1, 0, 1, 0, 1, 0, 1, 1, 0, 1, 1, 1, 1, 1, 0, 1, 1, 1, 1, 1, 1, 0, 0, 1, 1, 1, 0, 1, 0, 1, 0, 0, 0, 1, 1, 1, 1, 0, 0, 0, 1, 0, 1, 0, 1, 0, 0, 0, 1, 1, 1, 1, 1, 1, 0, 1, 0, 1, 0, 1, 0, 1, 0, 1, 1, 1, 1, 0, 0, 0, 1, 1, 1, 0, 1, 1, 1, 0, 0, 0, 0, 0, 0, 1, 1, 0, 0, 1, 0, 1, 1, 1, 1, 1, 1, 0, 1, 1, 1, 1, 1, 0, 0, 0, 0, 1, 1, 1, 1, 1, 1, 1, 0, 0, 1, 0, 1, 1, 1, 1, 1, 1, 1, 1, 1, 1, 1, 1, 1, 1, 1, 0]]
Fitness:  291.51250000000005
Gens:  [0, 1, 2, 3, 4, 5, 6, 7, 8, 9, 10, 11, 12, 13, 14, 15, 16, 17, 18, 19, 20, 21, 22, 23, 24, 25, 26, 27, 28, 29, 30, 31, 32, 33, 34]
Inds:  [401.5650000000012, 293.8050000000002, 293.8050000000002, 293.8050000000002, 293.8050000000002, 293.8050000000002, 293.8050000000002, 293.8050000000002, 293.8050000000002, 293.8050000000002, 293.8050000000002, 293.8050000000002, 293.8050000000002, 293.8050000000002, 291.51250000000005, 291.51250000000005, 291.51250000000005, 291.51250000000005, 291.51250000000005, 291.51250000000005, 291.51250000000005, 291.51250000000005, 291.51250000000005, 291.51250000000005, 291.51250000000005, 291.51250000000005, 291.51250000000005, 291.51250000000005, 291.51250000000005, 291.51250000000005, 291.51250000000005, 291.51250000000005, 291.51250000000005, 291.51250000000005, 291.51250000000005]

Execution 3:
Parametros: P=1000, Pe=0.3, Pm=0.15, pe=0.7, Parada=100
Start Time (hh:mm:ss.ms) 2023-07-17 11:26:56.866679
gen	min    	max    	avg    	std    
0  	396.795	421.553	418.136	2.65183
1  	289.378	421.533	372.014	41.9455
23 	283.038	420.878	325.653	39.2052
34 	281.57 	422.118	310.288	45.4183
End Time (hh:mm:ss.ms) 2023-07-17 11:32:39.201760
Total Time (hh:mm:ss.ms) 0:05:42.335081
Individuo: [[418, 54, 174, 379, 390, 382, 336, 326, 295, 163, 142, 265, 329, 18, 71, 67, 436, 254, 75, 89, 178, 24, 448, 257, 333, 243, 398, 215, 443, 80, 169, 277, 424, 62, 157, 124, 233, 229, 446, 209, 181, 177, 330, 153, 451, 287, 324, 450, 441, 33, 428, 416, 135, 203, 204, 214, 140, 262, 19, 235, 319, 7, 6, 343, 65, 314, 402, 301, 434, 164, 317, 162, 407, 230, 360, 249, 293, 342, 264, 185, 132, 238, 91, 447, 195, 391, 404, 350, 17, 82, 388, 323, 133, 152, 457, 49, 21, 296, 459, 353, 437, 149, 10, 114, 64, 242, 267, 374, 227, 315, 207, 422, 190, 171, 248, 309, 378, 160, 221, 211, 387, 134, 419, 213, 98, 196, 339, 455, 194, 406, 427, 128, 95, 285, 357, 8, 408, 225, 386, 121, 278, 88, 410, 252, 53, 113, 129, 46, 44, 180, 234, 123, 383, 385, 361, 191, 348, 32, 291, 426, 351, 9, 397, 13, 35, 104, 175, 439, 131, 137, 232, 192, 20, 39, 60, 220, 107, 48, 12, 381, 338, 313, 304, 273, 231, 25, 112, 43, 151, 414, 147, 96, 251, 372, 173, 356, 429, 119, 298, 202, 201, 421, 81, 430, 392, 127, 158, 150, 320, 368, 161, 144, 16, 57, 433, 41, 74, 205, 105, 263, 216, 409, 367, 247, 253, 115, 456, 299, 239, 312, 282, 226, 138, 328, 38, 460, 27, 145, 346, 73, 365, 286, 78, 306, 228, 92, 172, 332, 300, 200, 29, 352, 199, 103, 442, 97, 68, 269, 334, 0, 344, 389, 318, 412, 305, 359, 240, 415, 217, 431, 347, 210, 369, 197, 218, 167, 100, 331, 349, 176, 155, 302, 405, 453, 11, 198, 279, 87, 99, 341, 303, 85, 445, 276, 292, 395, 345, 165, 400, 66, 340, 111, 143, 101, 308, 22, 316, 393, 246, 28, 258, 311, 364, 288, 454, 417, 237, 141, 370, 266, 461, 283, 79, 31, 403, 452, 23, 256, 284, 322, 244, 56, 270, 310, 139, 36, 294, 335, 108, 90, 26, 463, 425, 420, 222, 275, 136, 444, 280, 236, 61, 15, 321, 30, 14, 106, 212, 458, 34, 375, 363, 188, 394, 435, 45, 325, 377, 440, 3, 261, 55, 290, 116, 413, 219, 186, 250, 63, 70, 183, 438, 76, 462, 449, 366, 193, 223, 58, 168, 83, 189, 224, 148, 84, 1, 50, 432, 423, 362, 399, 411, 86, 72, 146, 47, 464, 271, 187, 179, 260, 93, 327, 355, 307, 373, 4, 281, 77, 42, 5, 401, 125, 154, 380, 255, 206, 371, 384, 130, 376, 354, 208, 120, 109, 245, 2, 184, 274, 182, 102, 156, 358, 59, 118, 37, 110, 122, 241, 268, 297, 259, 337, 289, 40, 272, 166, 170, 117, 52, 69, 126, 159, 51, 94, 396], [0, 0, 1, 0, 0, 0, 1, 0, 1, 0, 1, 1, 0, 0, 0, 0, 1, 0, 0, 0, 0, 0, 1, 0, 0, 0, 0, 0, 1, 0, 0, 0, 1, 1, 1, 1, 1, 1, 0, 0, 0, 1, 0, 0, 1, 0, 1, 0, 1, 0, 0, 0, 0, 0, 1, 0, 0, 1, 1, 1, 0, 1, 0, 0, 0, 0, 1, 1, 0, 0, 0, 0, 1, 0, 1, 0, 1, 1, 0, 0, 0, 0, 1, 1, 0, 0, 0, 0, 1, 0, 0, 0, 0, 1, 0, 0, 1, 1, 0, 1, 1, 0, 1, 0, 0, 0, 0, 1, 0, 0, 1, 0, 0, 0, 0, 0, 0, 1, 1, 0, 0, 0, 0, 0, 0, 0, 1, 0, 1, 0, 1, 0, 1, 0, 0, 0, 0, 0, 0, 0, 0, 0, 1, 1, 1, 1, 0, 1, 1, 1, 1, 0, 1, 0, 0, 0, 1, 0, 1, 1, 1, 1, 0, 0, 1, 0, 0, 0, 1, 1, 1, 1, 0, 1, 0, 1, 1, 1, 1, 0, 0, 0, 1, 0, 1, 0, 0, 0, 1, 1, 1, 1, 0, 0, 1, 1, 0, 0, 0, 1, 1, 0, 1, 0, 0, 0, 0, 0, 1, 1, 1, 0, 0, 1, 0, 0, 1, 0, 0, 0, 1, 0, 0, 0, 0, 1, 1, 0, 0, 0, 0, 0, 1, 0, 0, 0, 1, 1, 1, 1, 0, 1, 1, 0, 1, 0, 0, 1, 1, 1, 0, 1, 1, 1, 0, 1, 0, 1, 0, 1, 0, 1, 0, 1, 0, 1, 0, 1, 1, 1, 0, 1, 1, 0, 0, 1, 1, 1, 0, 0, 0, 1, 0, 1, 0, 0, 0, 0, 1, 1, 0, 0, 1, 0, 0, 0, 0, 1, 0, 1, 0, 0, 1, 1, 0, 1, 1, 1, 0, 0, 1, 0, 1, 1, 0, 1, 0, 1, 1, 0, 0, 0, 1, 0, 1, 0, 0, 0, 0, 1, 1, 1, 1, 1, 0, 0, 1, 1, 0, 1, 1, 0, 0, 1, 0, 0, 0, 1, 1, 0, 1, 1, 0, 0, 0, 1, 0, 0, 1, 0, 0, 0, 0, 1, 0, 1, 0, 1, 1, 1, 0, 1, 0, 0, 0, 1, 1, 1, 1, 0, 1, 1, 0, 0, 1, 1, 1, 0, 0, 0, 0, 0, 1, 1, 1, 1, 0, 1, 0, 0, 0, 1, 1, 0, 1, 1, 0, 0, 0, 0, 1, 1, 1, 1, 1, 1, 0, 1, 1, 0, 0, 0, 0, 1, 0, 1, 0, 0, 1, 1, 1, 1, 0, 1, 1, 0, 1, 1, 0, 0, 0, 1, 1, 0, 1, 1, 0, 0, 0, 1, 1, 1, 1, 1, 1, 0, 1, 0, 1, 0, 1, 1, 0, 0, 1]]
Fitness:  281.5700000000001
Gens:  [0, 1, 2, 3, 4, 5, 6, 7, 8, 9, 10, 11, 12, 13, 14, 15, 16, 17, 18, 19, 20, 21, 22, 23, 24, 25, 26, 27, 28, 29, 30, 31, 32, 33, 34]
Inds:  [396.7950000000016, 289.3775000000002, 289.3775000000002, 289.3775000000002, 289.3775000000002, 289.3775000000002, 289.3775000000002, 289.3775000000002, 289.3775000000002, 289.3775000000002, 289.3775000000002, 289.3775000000002, 289.3775000000002, 289.3775000000002, 289.3775000000002, 289.3775000000002, 289.3775000000002, 289.3775000000002, 289.3775000000002, 289.3775000000002, 289.3775000000002, 289.3775000000002, 289.3775000000002, 283.0375000000003, 283.0375000000003, 283.0375000000003, 283.0375000000003, 283.0375000000003, 283.0375000000003, 283.0375000000003, 283.0375000000003, 283.0375000000003, 283.0375000000003, 283.0375000000003, 281.5700000000001]

Execution 4:
Parametros: P=1000, Pe=0.3, Pm=0.15, pe=0.7, Parada=100
Start Time (hh:mm:ss.ms) 2023-07-17 11:32:44.736794
gen	min    	max   	avg    	std    
0  	391.788	421.86	418.056	2.77757
1  	295.91 	421.845	371.732	42.008 
4  	290.893	421.4  	330.146	37.4942
29 	290.232	422.475	320.312	41.4817
32 	289.425	422.165	316.561	42.8902
33 	286.463	421.49 	315.361	43.3933
34 	285.308	421.515	314.224	43.7297
End Time (hh:mm:ss.ms) 2023-07-17 11:38:24.763173
Total Time (hh:mm:ss.ms) 0:05:40.026379
Individuo: [[99, 2, 120, 64, 387, 440, 145, 49, 438, 224, 133, 98, 444, 313, 464, 55, 299, 82, 367, 51, 298, 19, 140, 331, 27, 101, 295, 261, 195, 404, 335, 265, 291, 73, 365, 97, 249, 108, 316, 8, 196, 213, 54, 42, 361, 171, 422, 429, 282, 126, 435, 407, 457, 284, 450, 304, 89, 294, 178, 161, 172, 321, 386, 303, 26, 437, 441, 286, 302, 258, 448, 66, 194, 366, 39, 370, 288, 267, 374, 14, 22, 257, 237, 141, 399, 69, 369, 280, 461, 314, 231, 341, 290, 147, 96, 50, 207, 45, 414, 151, 43, 279, 227, 239, 220, 254, 445, 432, 226, 75, 138, 240, 81, 71, 273, 37, 225, 287, 339, 33, 398, 243, 29, 200, 433, 169, 233, 25, 419, 211, 202, 0, 348, 44, 180, 234, 119, 48, 402, 458, 31, 377, 143, 139, 362, 168, 300, 262, 346, 391, 423, 115, 17, 189, 3, 58, 360, 452, 405, 152, 250, 186, 413, 219, 418, 116, 338, 447, 371, 408, 459, 5, 382, 416, 135, 21, 342, 204, 363, 6, 454, 203, 160, 340, 214, 319, 317, 222, 18, 242, 428, 11, 136, 275, 111, 67, 395, 129, 430, 104, 190, 463, 373, 307, 127, 308, 16, 159, 251, 453, 368, 105, 183, 271, 4, 148, 156, 385, 157, 427, 451, 411, 389, 359, 388, 228, 364, 212, 229, 347, 107, 197, 218, 431, 167, 283, 164, 415, 235, 103, 343, 65, 456, 293, 296, 177, 417, 79, 131, 137, 7, 100, 349, 176, 155, 266, 199, 20, 434, 351, 134, 455, 215, 80, 410, 198, 70, 350, 60, 277, 113, 53, 252, 123, 336, 153, 132, 24, 281, 330, 181, 446, 173, 462, 154, 241, 424, 9, 244, 409, 35, 88, 397, 443, 192, 232, 439, 264, 174, 379, 390, 238, 230, 326, 128, 162, 285, 255, 357, 311, 125, 401, 216, 1, 392, 92, 353, 329, 421, 201, 34, 256, 246, 223, 383, 328, 38, 83, 393, 375, 253, 84, 247, 209, 420, 312, 263, 158, 144, 90, 334, 426, 32, 28, 86, 57, 95, 61, 324, 30, 332, 46, 352, 175, 406, 412, 322, 149, 442, 10, 292, 191, 356, 85, 315, 318, 87, 76, 248, 305, 236, 106, 301, 206, 72, 396, 217, 15, 13, 59, 165, 403, 23, 436, 36, 163, 78, 77, 210, 306, 325, 309, 425, 114, 394, 344, 381, 269, 323, 12, 68, 278, 121, 449, 112, 333, 460, 400, 146, 185, 345, 74, 297, 63, 205, 109, 260, 93, 355, 276, 142, 94, 62, 56, 221, 187, 270, 259, 110, 179, 320, 122, 47, 372, 170, 327, 358, 166, 52, 102, 376, 272, 380, 354, 184, 41, 274, 182, 310, 150, 208, 124, 384, 130, 245, 188, 91, 268, 378, 193, 40, 118, 117, 337, 289], [0, 1, 0, 0, 1, 1, 1, 0, 0, 0, 0, 1, 1, 0, 1, 0, 1, 1, 0, 0, 1, 1, 1, 0, 1, 0, 0, 0, 0, 1, 1, 0, 1, 1, 0, 1, 0, 1, 1, 1, 1, 1, 1, 1, 1, 1, 1, 1, 1, 0, 0, 0, 0, 1, 0, 1, 0, 1, 0, 1, 0, 0, 1, 1, 0, 1, 1, 0, 1, 0, 0, 1, 0, 1, 0, 1, 1, 1, 1, 0, 1, 0, 1, 1, 0, 0, 1, 0, 1, 0, 1, 0, 1, 0, 1, 1, 0, 1, 1, 0, 1, 0, 1, 1, 0, 1, 1, 1, 0, 1, 0, 1, 1, 1, 1, 0, 1, 0, 1, 0, 0, 1, 0, 0, 0, 1, 0, 0, 1, 1, 0, 1, 0, 1, 1, 0, 0, 1, 0, 1, 0, 0, 0, 0, 0, 0, 0, 1, 0, 1, 1, 0, 1, 1, 0, 1, 1, 1, 0, 1, 1, 1, 0, 1, 1, 0, 1, 0, 0, 1, 1, 1, 0, 0, 0, 1, 0, 0, 1, 0, 0, 0, 1, 0, 1, 0, 0, 0, 0, 0, 1, 1, 0, 0, 0, 1, 0, 0, 1, 0, 1, 1, 1, 1, 0, 1, 1, 1, 0, 1, 1, 1, 0, 1, 1, 1, 1, 1, 0, 0, 0, 1, 1, 1, 0, 0, 1, 0, 0, 0, 0, 0, 0, 1, 0, 1, 0, 1, 0, 1, 0, 0, 0, 1, 0, 0, 1, 1, 1, 1, 0, 1, 0, 0, 0, 1, 1, 0, 0, 0, 1, 1, 1, 0, 0, 1, 0, 1, 0, 0, 1, 0, 0, 0, 0, 0, 1, 1, 1, 0, 1, 0, 1, 0, 1, 1, 1, 0, 1, 1, 0, 1, 1, 0, 1, 0, 1, 1, 0, 1, 0, 1, 0, 0, 1, 0, 0, 0, 1, 1, 1, 1, 0, 1, 0, 0, 1, 0, 1, 1, 0, 1, 0, 1, 1, 0, 0, 1, 1, 1, 0, 1, 1, 1, 0, 1, 1, 1, 1, 1, 0, 0, 1, 0, 0, 1, 1, 0, 0, 1, 1, 0, 0, 0, 1, 0, 0, 0, 0, 1, 0, 0, 1, 1, 1, 1, 1, 0, 1, 1, 1, 1, 0, 1, 0, 1, 1, 1, 0, 1, 1, 0, 0, 1, 0, 0, 0, 0, 0, 0, 0, 0, 0, 0, 1, 0, 0, 0, 1, 0, 0, 1, 1, 0, 0, 1, 0, 1, 1, 0, 1, 1, 1, 0, 1, 1, 1, 1, 0, 1, 0, 0, 1, 1, 0, 1, 1, 1, 1, 1, 1, 1, 1, 0, 1, 1, 1, 0, 0, 1, 1, 1, 0, 1, 1, 0, 1, 1, 0, 0, 1, 0, 0, 0, 1, 0, 0, 0, 1, 1, 1, 0, 1, 0, 1]]
Fitness:  285.30750000000006
Gens:  [0, 1, 2, 3, 4, 5, 6, 7, 8, 9, 10, 11, 12, 13, 14, 15, 16, 17, 18, 19, 20, 21, 22, 23, 24, 25, 26, 27, 28, 29, 30, 31, 32, 33, 34]
Inds:  [391.78750000000105, 295.91000000000037, 295.91000000000037, 295.91000000000037, 290.89250000000044, 290.89250000000044, 290.89250000000044, 290.89250000000044, 290.89250000000044, 290.89250000000044, 290.89250000000044, 290.89250000000044, 290.89250000000044, 290.89250000000044, 290.89250000000044, 290.89250000000044, 290.89250000000044, 290.89250000000044, 290.89250000000044, 290.89250000000044, 290.89250000000044, 290.89250000000044, 290.89250000000044, 290.89250000000044, 290.89250000000044, 290.89250000000044, 290.89250000000044, 290.89250000000044, 290.89250000000044, 290.23249999999996, 290.23249999999996, 290.23249999999996, 289.42500000000007, 286.46250000000003, 285.30750000000006]

Execution 5:
Parametros: P=1000, Pe=0.3, Pm=0.15, pe=0.7, Parada=100
Start Time (hh:mm:ss.ms) 2023-07-17 11:38:30.333173
gen	min    	max    	avg    	std   
0  	397.625	421.953	418.107	2.6911
1  	293.353	422.893	372.258	41.4617
10 	291.39 	421.125	328.485	38.1129
End Time (hh:mm:ss.ms) 2023-07-17 11:44:08.780803
Total Time (hh:mm:ss.ms) 0:05:38.447630
Individuo: [[171, 422, 408, 136, 85, 435, 407, 249, 242, 2, 387, 457, 280, 10, 49, 440, 69, 224, 5, 42, 250, 397, 13, 193, 219, 112, 40, 371, 117, 337, 76, 262, 429, 287, 364, 104, 450, 77, 169, 464, 218, 276, 167, 94, 164, 415, 317, 251, 329, 351, 433, 63, 275, 446, 321, 173, 307, 373, 4, 281, 357, 73, 90, 291, 420, 310, 270, 1, 424, 346, 78, 306, 92, 29, 391, 350, 149, 265, 18, 320, 67, 254, 75, 257, 89, 161, 38, 460, 393, 153, 134, 298, 142, 322, 244, 27, 62, 0, 56, 331, 163, 36, 421, 113, 168, 419, 436, 348, 220, 178, 82, 388, 55, 133, 24, 453, 290, 418, 108, 99, 341, 226, 174, 264, 131, 154, 425, 299, 386, 121, 426, 17, 278, 445, 335, 448, 48, 107, 12, 172, 68, 88, 103, 252, 158, 44, 215, 80, 410, 277, 148, 50, 207, 362, 423, 374, 267, 225, 345, 114, 456, 43, 151, 414, 147, 96, 432, 33, 439, 462, 26, 303, 394, 100, 349, 53, 176, 155, 35, 405, 324, 444, 375, 360, 58, 428, 135, 194, 204, 214, 162, 6, 343, 65, 395, 400, 183, 431, 66, 340, 305, 383, 189, 412, 454, 318, 39, 389, 20, 406, 356, 234, 180, 97, 427, 315, 70, 191, 227, 434, 228, 292, 11, 106, 377, 403, 283, 402, 231, 328, 319, 7, 235, 31, 188, 23, 123, 269, 323, 330, 452, 165, 347, 246, 210, 369, 197, 437, 37, 34, 201, 84, 359, 236, 240, 217, 15, 126, 232, 229, 212, 14, 399, 143, 137, 258, 28, 316, 447, 455, 124, 57, 367, 338, 392, 190, 333, 221, 271, 245, 216, 41, 127, 334, 16, 74, 297, 205, 368, 198, 181, 209, 105, 263, 312, 401, 247, 253, 8, 256, 223, 3, 125, 83, 438, 308, 202, 71, 273, 157, 170, 25, 200, 222, 233, 294, 458, 51, 363, 243, 398, 46, 185, 382, 199, 336, 192, 300, 177, 342, 352, 379, 293, 21, 296, 195, 390, 132, 309, 238, 459, 230, 361, 128, 285, 9, 353, 301, 302, 286, 239, 372, 284, 366, 409, 255, 313, 196, 98, 213, 378, 54, 146, 81, 87, 159, 248, 385, 451, 144, 332, 30, 430, 95, 19, 115, 141, 417, 79, 381, 288, 119, 326, 60, 370, 279, 237, 461, 304, 140, 344, 449, 443, 241, 156, 160, 52, 203, 102, 416, 311, 130, 314, 266, 272, 358, 166, 175, 61, 411, 282, 138, 150, 139, 72, 86, 145, 441, 339, 261, 295, 101, 47, 325, 45, 129, 463, 32, 93, 396, 442, 59, 22, 110, 122, 289, 268, 259, 365, 111, 404, 118, 64, 91, 120, 211, 116, 152, 109, 260, 186, 413, 355, 187, 179, 208, 327, 274, 182, 380, 384, 206, 354, 184, 376], [1, 0, 1, 1, 1, 1, 0, 0, 1, 1, 1, 0, 1, 1, 0, 0, 1, 1, 1, 1, 1, 1, 1, 1, 1, 1, 1, 1, 1, 1, 1, 0, 0, 0, 1, 1, 1, 1, 0, 0, 0, 1, 0, 1, 0, 1, 0, 1, 0, 1, 0, 1, 0, 1, 1, 0, 0, 0, 0, 1, 0, 0, 0, 0, 1, 1, 0, 1, 1, 0, 0, 0, 0, 0, 0, 0, 1, 0, 0, 0, 0, 1, 0, 0, 0, 1, 0, 0, 0, 1, 1, 1, 0, 1, 1, 1, 1, 0, 0, 1, 0, 1, 1, 0, 1, 0, 1, 0, 0, 0, 0, 0, 1, 0, 0, 1, 1, 1, 0, 0, 1, 1, 1, 1, 0, 1, 1, 1, 0, 0, 1, 1, 0, 0, 0, 0, 1, 1, 0, 0, 1, 1, 0, 1, 0, 1, 0, 0, 0, 0, 0, 1, 1, 1, 1, 1, 0, 1, 1, 0, 1, 0, 1, 0, 0, 0, 0, 1, 1, 0, 1, 1, 1, 0, 1, 1, 0, 0, 1, 0, 0, 1, 0, 0, 1, 1, 1, 0, 1, 1, 0, 1, 1, 1, 0, 1, 1, 1, 0, 1, 0, 1, 0, 1, 1, 1, 0, 0, 1, 0, 0, 1, 1, 0, 0, 1, 0, 0, 1, 0, 1, 1, 0, 1, 1, 1, 1, 1, 1, 0, 1, 0, 1, 1, 0, 1, 0, 0, 1, 1, 0, 1, 0, 0, 0, 0, 1, 1, 0, 1, 0, 1, 1, 1, 1, 0, 1, 1, 0, 1, 0, 0, 1, 1, 0, 1, 1, 0, 1, 0, 0, 0, 0, 1, 0, 0, 0, 0, 1, 1, 1, 0, 1, 0, 0, 1, 1, 0, 1, 1, 1, 1, 0, 0, 0, 0, 0, 0, 0, 0, 1, 1, 1, 1, 0, 0, 1, 0, 0, 0, 1, 0, 1, 1, 1, 0, 1, 0, 1, 0, 0, 0, 0, 0, 0, 1, 0, 0, 0, 0, 0, 0, 1, 0, 0, 0, 1, 0, 1, 0, 0, 0, 0, 0, 1, 1, 1, 0, 0, 0, 0, 0, 1, 0, 1, 1, 0, 1, 1, 1, 0, 1, 1, 1, 0, 1, 0, 0, 0, 0, 1, 0, 1, 1, 1, 1, 1, 1, 0, 0, 0, 1, 1, 1, 0, 0, 0, 0, 1, 0, 0, 1, 1, 0, 1, 0, 1, 0, 1, 0, 1, 1, 1, 0, 1, 1, 1, 1, 1, 0, 0, 0, 1, 1, 0, 0, 1, 0, 0, 1, 0, 0, 1, 0, 0, 1, 1, 1, 1, 1, 1, 1, 1, 1, 1, 1, 1, 1, 0, 0, 1, 1, 0, 1, 0, 1, 0, 1, 1, 1, 1, 1, 1, 1, 1, 1, 1, 1, 1, 1, 1, 1, 0, 1, 1]]
Fitness:  291.3900000000003
Gens:  [0, 1, 2, 3, 4, 5, 6, 7, 8, 9, 10, 11, 12, 13, 14, 15, 16, 17, 18, 19, 20, 21, 22, 23, 24, 25, 26, 27, 28, 29, 30, 31, 32, 33, 34]
Inds:  [397.62500000000153, 293.3525000000002, 293.3525000000002, 293.3525000000002, 293.3525000000002, 293.3525000000002, 293.3525000000002, 293.3525000000002, 293.3525000000002, 293.3525000000002, 291.3900000000003, 291.3900000000003, 291.3900000000003, 291.3900000000003, 291.3900000000003, 291.3900000000003, 291.3900000000003, 291.3900000000003, 291.3900000000003, 291.3900000000003, 291.3900000000003, 291.3900000000003, 291.3900000000003, 291.3900000000003, 291.3900000000003, 291.3900000000003, 291.3900000000003, 291.3900000000003, 291.3900000000003, 291.3900000000003, 291.3900000000003, 291.3900000000003, 291.3900000000003, 291.3900000000003, 291.3900000000003]

Execution 6:
Parametros: P=1000, Pe=0.3, Pm=0.15, pe=0.7, Parada=100
Start Time (hh:mm:ss.ms) 2023-07-17 11:44:14.155857
gen	min   	max    	avg    	std    
0  	396.49	422.685	417.987	3.04821
1  	293.858	421.168	371.873	41.6152
12 	292.358	421.39 	328.86 	38.1106
End Time (hh:mm:ss.ms) 2023-07-17 11:49:50.154878
Total Time (hh:mm:ss.ms) 0:05:35.999021
Individuo: [[33, 290, 418, 45, 341, 425, 254, 75, 375, 257, 63, 250, 186, 401, 413, 219, 116, 371, 152, 455, 255, 409, 201, 8, 439, 456, 43, 342, 73, 372, 293, 265, 329, 21, 459, 339, 115, 441, 426, 420, 291, 90, 60, 463, 41, 435, 367, 190, 136, 275, 196, 273, 71, 178, 55, 161, 419, 328, 323, 188, 321, 239, 134, 96, 147, 414, 445, 253, 247, 312, 263, 158, 89, 18, 368, 205, 297, 393, 284, 16, 200, 57, 320, 310, 95, 124, 129, 127, 38, 30, 98, 213, 378, 211, 54, 36, 248, 87, 364, 422, 315, 227, 85, 67, 120, 242, 64, 387, 353, 292, 10, 440, 49, 82, 388, 453, 99, 24, 243, 398, 408, 226, 138, 433, 438, 0, 373, 4, 224, 125, 1, 97, 191, 112, 450, 133, 34, 189, 421, 305, 412, 318, 294, 222, 177, 444, 264, 451, 351, 340, 390, 276, 245, 94, 326, 251, 131, 221, 271, 449, 296, 424, 20, 9, 397, 35, 434, 151, 104, 155, 105, 349, 344, 5, 442, 258, 107, 261, 366, 194, 386, 230, 361, 128, 162, 164, 334, 301, 23, 331, 27, 145, 6, 343, 163, 216, 283, 139, 403, 181, 377, 31, 461, 427, 454, 39, 174, 69, 225, 333, 430, 13, 183, 280, 313, 141, 237, 79, 207, 269, 12, 173, 68, 278, 121, 28, 86, 231, 314, 348, 352, 287, 19, 235, 415, 402, 458, 416, 135, 197, 369, 210, 204, 246, 140, 431, 15, 106, 217, 462, 7, 319, 317, 25, 65, 81, 429, 432, 281, 392, 108, 26, 303, 51, 238, 394, 176, 266, 405, 228, 77, 44, 277, 70, 410, 215, 252, 53, 113, 307, 202, 169, 157, 154, 464, 233, 356, 437, 83, 159, 58, 223, 256, 357, 395, 345, 137, 428, 11, 267, 374, 362, 347, 399, 411, 324, 61, 14, 212, 218, 229, 167, 165, 359, 360, 203, 382, 298, 100, 214, 436, 446, 262, 148, 452, 160, 80, 279, 46, 180, 234, 3, 407, 249, 42, 457, 149, 17, 350, 391, 370, 288, 325, 295, 101, 417, 195, 50, 302, 185, 379, 126, 336, 236, 144, 240, 363, 171, 300, 282, 232, 389, 74, 192, 199, 123, 103, 88, 299, 286, 460, 119, 48, 132, 311, 92, 381, 338, 304, 443, 37, 447, 241, 156, 385, 285, 114, 153, 168, 400, 66, 209, 84, 22, 175, 423, 143, 316, 406, 29, 332, 172, 448, 111, 365, 78, 306, 308, 383, 309, 404, 346, 198, 335, 330, 72, 146, 62, 40, 56, 270, 150, 2, 142, 322, 244, 259, 47, 220, 118, 110, 122, 109, 102, 268, 358, 184, 52, 355, 376, 32, 179, 93, 274, 384, 130, 182, 206, 272, 91, 260, 327, 170, 396, 117, 337, 289, 187, 76, 59, 193, 208, 166, 380, 354], [1, 1, 0, 1, 0, 1, 0, 0, 0, 1, 0, 1, 1, 0, 1, 0, 0, 1, 1, 0, 0, 0, 0, 1, 0, 1, 0, 0, 1, 1, 0, 1, 0, 0, 0, 1, 1, 0, 1, 1, 1, 1, 1, 0, 1, 1, 0, 1, 0, 0, 1, 1, 1, 0, 0, 0, 0, 1, 0, 0, 1, 0, 0, 0, 0, 0, 0, 0, 1, 1, 1, 1, 0, 1, 0, 1, 1, 1, 0, 1, 1, 0, 0, 1, 0, 0, 1, 1, 0, 1, 1, 1, 0, 0, 1, 0, 1, 0, 0, 1, 1, 1, 1, 0, 1, 0, 1, 1, 1, 0, 0, 1, 1, 0, 0, 1, 1, 0, 0, 0, 0, 0, 0, 0, 1, 1, 0, 0, 1, 0, 1, 0, 1, 0, 1, 1, 0, 0, 0, 0, 1, 0, 0, 0, 0, 1, 1, 0, 0, 0, 0, 0, 0, 1, 1, 1, 1, 1, 1, 1, 0, 0, 1, 0, 1, 0, 1, 0, 1, 1, 0, 0, 1, 0, 1, 0, 1, 1, 1, 1, 1, 0, 0, 0, 0, 1, 1, 0, 1, 1, 1, 0, 1, 1, 1, 0, 1, 0, 1, 1, 1, 0, 1, 1, 0, 1, 1, 0, 1, 0, 0, 0, 0, 0, 1, 0, 0, 1, 1, 1, 1, 1, 0, 1, 1, 1, 0, 0, 1, 0, 1, 1, 0, 1, 0, 0, 0, 0, 0, 0, 0, 1, 1, 1, 0, 1, 0, 0, 1, 0, 0, 0, 0, 1, 1, 1, 0, 1, 0, 1, 0, 1, 0, 0, 1, 1, 0, 0, 0, 0, 1, 1, 1, 1, 1, 1, 1, 1, 0, 0, 1, 1, 1, 1, 1, 1, 0, 0, 0, 0, 1, 0, 0, 1, 0, 0, 1, 1, 0, 0, 1, 0, 0, 0, 1, 0, 1, 0, 0, 1, 0, 1, 1, 0, 1, 0, 1, 1, 1, 0, 1, 0, 1, 1, 0, 0, 1, 1, 0, 1, 1, 0, 0, 0, 0, 1, 0, 0, 1, 1, 0, 0, 0, 0, 0, 0, 1, 1, 0, 1, 1, 0, 1, 1, 1, 0, 0, 1, 1, 0, 0, 0, 1, 1, 1, 1, 1, 1, 1, 0, 0, 0, 0, 1, 0, 0, 0, 0, 0, 0, 0, 0, 1, 1, 1, 0, 0, 1, 1, 0, 0, 1, 1, 1, 1, 1, 1, 1, 1, 1, 0, 0, 0, 0, 0, 0, 0, 0, 1, 1, 0, 0, 1, 1, 1, 1, 0, 1, 0, 0, 0, 1, 1, 1, 1, 1, 1, 1, 0, 1, 1, 1, 1, 1, 1, 0, 1, 1, 1, 1, 1, 1, 1, 1, 1, 0, 1, 1, 1, 1, 1, 1, 1, 1, 1, 1, 0, 1, 1, 0, 1, 1, 1, 1, 1]]
Fitness:  292.3575000000003
Gens:  [0, 1, 2, 3, 4, 5, 6, 7, 8, 9, 10, 11, 12, 13, 14, 15, 16, 17, 18, 19, 20, 21, 22, 23, 24, 25, 26, 27, 28, 29, 30, 31, 32, 33, 34]
Inds:  [396.49000000000143, 293.85750000000036, 293.85750000000036, 293.85750000000036, 293.85750000000036, 293.85750000000036, 293.85750000000036, 293.85750000000036, 293.85750000000036, 293.85750000000036, 293.85750000000036, 293.85750000000036, 292.3575000000003, 292.3575000000003, 292.3575000000003, 292.3575000000003, 292.3575000000003, 292.3575000000003, 292.3575000000003, 292.3575000000003, 292.3575000000003, 292.3575000000003, 292.3575000000003, 292.3575000000003, 292.3575000000003, 292.3575000000003, 292.3575000000003, 292.3575000000003, 292.3575000000003, 292.3575000000003, 292.3575000000003, 292.3575000000003, 292.3575000000003, 292.3575000000003, 292.3575000000003]

Execution 7:
Parametros: P=1000, Pe=0.3, Pm=0.15, pe=0.7, Parada=100
Start Time (hh:mm:ss.ms) 2023-07-17 11:49:55.418939
gen	min    	max  	avg    	std    
0  	396.648	421.7	418.053	2.86622
1  	287.368	421.488	371.794	42.0357
28 	286.583	422.21 	324.473	39.9248
34 	286.27 	421.405	315.507	43.3412
36 	284.622	421.26 	312.345	44.6398
End Time (hh:mm:ss.ms) 2023-07-17 11:55:33.735058
Total Time (hh:mm:ss.ms) 0:05:38.316119
Individuo: [[108, 146, 315, 2, 120, 152, 242, 49, 64, 387, 292, 10, 86, 23, 457, 403, 31, 210, 197, 218, 326, 167, 7, 33, 204, 185, 410, 6, 343, 212, 141, 447, 237, 201, 417, 42, 400, 79, 288, 431, 280, 370, 60, 381, 338, 304, 344, 155, 100, 349, 176, 81, 405, 453, 11, 106, 240, 275, 25, 273, 138, 266, 455, 449, 199, 45, 129, 220, 254, 75, 209, 101, 284, 142, 346, 17, 356, 339, 165, 144, 360, 83, 58, 223, 348, 352, 357, 302, 385, 241, 37, 153, 198, 330, 320, 181, 158, 446, 414, 32, 56, 401, 399, 270, 409, 77, 183, 80, 439, 65, 379, 174, 366, 39, 238, 107, 264, 300, 48, 119, 234, 192, 44, 443, 62, 351, 245, 271, 41, 408, 173, 0, 97, 442, 22, 316, 406, 464, 444, 276, 416, 78, 341, 159, 200, 94, 332, 427, 221, 251, 248, 419, 429, 175, 137, 378, 213, 98, 196, 104, 448, 404, 92, 435, 117, 140, 337, 365, 111, 27, 76, 451, 13, 244, 331, 460, 321, 328, 154, 161, 63, 178, 219, 255, 391, 89, 329, 265, 149, 189, 82, 350, 388, 224, 279, 55, 246, 261, 145, 133, 3, 371, 308, 413, 186, 250, 232, 249, 258, 317, 235, 19, 203, 363, 342, 228, 131, 177, 336, 139, 382, 390, 163, 426, 230, 361, 285, 301, 114, 90, 395, 340, 345, 229, 282, 425, 222, 66, 51, 374, 423, 207, 50, 84, 148, 71, 18, 452, 46, 180, 123, 20, 143, 362, 377, 411, 461, 126, 21, 291, 335, 30, 168, 225, 172, 195, 436, 29, 393, 430, 69, 156, 309, 256, 243, 375, 202, 323, 298, 157, 233, 128, 347, 389, 434, 369, 437, 458, 421, 67, 188, 441, 34, 450, 135, 121, 278, 160, 88, 103, 252, 53, 113, 277, 70, 262, 215, 319, 132, 214, 402, 428, 164, 415, 407, 28, 99, 290, 418, 318, 162, 151, 398, 38, 226, 40, 170, 24, 289, 87, 386, 267, 124, 334, 127, 216, 253, 394, 190, 367, 16, 257, 105, 36, 263, 312, 445, 286, 239, 96, 147, 115, 305, 359, 412, 392, 236, 247, 294, 14, 433, 217, 15, 287, 364, 61, 324, 116, 26, 303, 68, 12, 269, 353, 454, 313, 73, 462, 420, 463, 299, 281, 422, 43, 372, 432, 5, 1, 125, 325, 306, 307, 194, 333, 311, 9, 8, 191, 193, 169, 456, 440, 227, 136, 112, 85, 322, 231, 314, 283, 293, 296, 459, 438, 72, 211, 134, 383, 424, 373, 4, 166, 54, 171, 110, 35, 122, 109, 368, 59, 206, 118, 310, 150, 327, 358, 52, 179, 102, 91, 384, 130, 397, 268, 259, 354, 95, 274, 295, 260, 208, 272, 205, 57, 380, 47, 74, 376, 297, 187, 93, 396, 184, 355, 182], [1, 0, 1, 0, 0, 1, 1, 0, 1, 1, 1, 1, 0, 1, 1, 1, 1, 1, 0, 1, 0, 0, 1, 1, 1, 1, 1, 0, 0, 0, 0, 0, 1, 1, 1, 1, 0, 1, 0, 1, 0, 0, 0, 0, 0, 0, 1, 0, 1, 0, 0, 1, 0, 0, 1, 1, 1, 0, 1, 0, 0, 0, 0, 0, 1, 0, 1, 1, 0, 0, 1, 0, 0, 1, 1, 0, 1, 0, 0, 0, 1, 0, 0, 1, 0, 0, 0, 0, 1, 0, 0, 1, 1, 1, 1, 1, 0, 1, 0, 0, 1, 0, 0, 1, 0, 1, 0, 1, 0, 0, 1, 1, 1, 0, 1, 1, 0, 1, 1, 0, 1, 0, 1, 1, 1, 1, 1, 0, 0, 0, 0, 0, 1, 0, 0, 1, 1, 0, 0, 0, 0, 0, 0, 0, 1, 0, 1, 1, 1, 1, 0, 0, 1, 1, 1, 0, 1, 0, 0, 0, 0, 0, 1, 1, 1, 0, 1, 1, 1, 0, 0, 0, 1, 1, 0, 1, 1, 0, 0, 0, 0, 1, 0, 1, 1, 1, 1, 0, 0, 1, 1, 1, 0, 0, 0, 0, 0, 0, 0, 1, 0, 0, 1, 0, 0, 1, 1, 0, 0, 0, 1, 0, 1, 1, 1, 0, 0, 1, 0, 1, 1, 1, 0, 0, 0, 0, 0, 0, 1, 1, 0, 0, 0, 1, 1, 1, 1, 0, 1, 0, 1, 1, 1, 0, 0, 1, 0, 1, 0, 1, 0, 0, 0, 0, 1, 0, 0, 0, 0, 1, 0, 0, 1, 1, 1, 1, 1, 0, 1, 1, 0, 1, 1, 0, 0, 0, 1, 1, 0, 1, 0, 0, 0, 1, 0, 0, 0, 0, 1, 1, 1, 0, 1, 1, 0, 1, 0, 1, 0, 1, 1, 1, 0, 1, 1, 0, 1, 1, 1, 0, 1, 1, 0, 1, 0, 1, 1, 0, 0, 1, 0, 1, 0, 1, 0, 1, 1, 1, 0, 0, 0, 1, 0, 1, 1, 1, 1, 1, 0, 1, 1, 0, 0, 1, 0, 0, 0, 0, 0, 0, 0, 0, 1, 1, 0, 0, 1, 0, 1, 0, 1, 1, 1, 1, 1, 0, 1, 0, 1, 1, 0, 0, 1, 0, 1, 1, 0, 1, 0, 1, 0, 1, 1, 1, 1, 0, 0, 1, 0, 1, 1, 1, 0, 1, 0, 1, 1, 0, 1, 1, 1, 1, 1, 0, 1, 1, 1, 1, 0, 1, 0, 0, 1, 1, 1, 1, 1, 1, 1, 0, 1, 1, 1, 0, 0, 0, 1, 1, 0, 0, 1, 0, 1, 0, 1, 1, 1, 1, 1, 1, 1, 0, 1, 1, 1, 1, 1, 1, 0, 1, 1, 1, 0, 0, 1, 1, 0, 1, 1, 1, 1, 1, 1, 1, 1]]
Fitness:  284.62249999999995
Gens:  [0, 1, 2, 3, 4, 5, 6, 7, 8, 9, 10, 11, 12, 13, 14, 15, 16, 17, 18, 19, 20, 21, 22, 23, 24, 25, 26, 27, 28, 29, 30, 31, 32, 33, 34, 35, 36]
Inds:  [396.6475000000014, 287.3675000000002, 287.3675000000002, 287.3675000000002, 287.3675000000002, 287.3675000000002, 287.3675000000002, 287.3675000000002, 287.3675000000002, 287.3675000000002, 287.3675000000002, 287.3675000000002, 287.3675000000002, 287.3675000000002, 287.3675000000002, 287.3675000000002, 287.3675000000002, 287.3675000000002, 287.3675000000002, 287.3675000000002, 287.3675000000002, 287.3675000000002, 287.3675000000002, 287.3675000000002, 287.3675000000002, 287.3675000000002, 287.3675000000002, 287.3675000000002, 286.5825000000002, 286.5825000000002, 286.5825000000002, 286.5825000000002, 286.5825000000002, 286.5825000000002, 286.27000000000015, 286.27000000000015, 284.62249999999995]

Execution 8:
Parametros: P=1000, Pe=0.3, Pm=0.15, pe=0.7, Parada=100
Start Time (hh:mm:ss.ms) 2023-07-17 11:55:39.042743
gen	min    	max   	avg   	std    
0  	401.178	422.03	417.91	2.78323
1  	297.462	421.58	371.899	41.5516
2  	296.637	421.65	336.336	35.5378
4  	295.965	421.44 	329.864	37.5957
13 	295.218	421.78 	327.889	38.4853
20 	293.533	420.963	327.427	38.622 
End Time (hh:mm:ss.ms) 2023-07-17 12:01:18.002168
Total Time (hh:mm:ss.ms) 0:05:38.959425
Individuo: [[146, 108, 427, 97, 275, 406, 175, 217, 150, 212, 211, 460, 302, 71, 240, 106, 394, 100, 349, 176, 266, 405, 346, 228, 243, 24, 328, 38, 444, 286, 1, 265, 442, 82, 75, 254, 67, 271, 220, 49, 136, 15, 276, 159, 37, 279, 236, 121, 359, 436, 305, 412, 318, 340, 391, 389, 233, 157, 57, 312, 298, 202, 25, 446, 191, 362, 423, 320, 95, 125, 255, 28, 9, 397, 35, 40, 408, 170, 117, 428, 289, 76, 235, 6, 439, 246, 379, 132, 185, 369, 218, 264, 232, 192, 241, 156, 351, 126, 115, 464, 269, 169, 173, 356, 294, 72, 111, 454, 370, 288, 78, 308, 92, 404, 79, 141, 69, 385, 330, 417, 237, 280, 183, 81, 421, 284, 162, 128, 461, 194, 65, 343, 256, 58, 83, 360, 422, 277, 324, 164, 402, 167, 197, 210, 80, 347, 14, 398, 364, 32, 258, 253, 393, 316, 321, 172, 196, 331, 213, 54, 248, 87, 163, 85, 2, 36, 120, 142, 322, 64, 310, 352, 383, 387, 443, 292, 10, 31, 440, 17, 455, 350, 216, 190, 325, 261, 201, 3, 34, 18, 89, 357, 178, 161, 114, 433, 53, 345, 400, 282, 267, 463, 73, 291, 420, 399, 458, 426, 123, 430, 5, 86, 229, 11, 129, 273, 195, 155, 410, 238, 390, 437, 326, 303, 415, 319, 456, 215, 214, 112, 231, 344, 449, 39, 60, 140, 381, 338, 304, 283, 363, 313, 462, 317, 135, 314, 386, 148, 88, 165, 203, 204, 445, 46, 180, 262, 7, 137, 407, 249, 293, 342, 403, 131, 296, 21, 177, 149, 189, 388, 55, 133, 371, 116, 227, 219, 315, 413, 281, 98, 186, 250, 154, 152, 453, 200, 341, 26, 348, 99, 290, 418, 435, 222, 45, 425, 339, 336, 441, 411, 138, 226, 61, 287, 451, 309, 153, 198, 181, 459, 209, 84, 382, 50, 207, 160, 375, 8, 311, 242, 374, 457, 230, 361, 285, 301, 306, 395, 4, 66, 365, 448, 22, 335, 247, 263, 447, 105, 257, 174, 368, 63, 74, 77, 144, 16, 300, 124, 13, 193, 337, 366, 323, 20, 199, 252, 113, 104, 44, 409, 234, 103, 42, 278, 450, 225, 223, 401, 224, 438, 452, 70, 33, 434, 353, 19, 432, 239, 299, 329, 43, 416, 151, 295, 101, 168, 96, 372, 429, 392, 367, 244, 334, 127, 41, 333, 30, 332, 29, 23, 377, 143, 431, 51, 145, 188, 0, 118, 110, 90, 122, 179, 158, 93, 396, 355, 171, 62, 56, 270, 27, 414, 139, 373, 260, 307, 268, 424, 208, 147, 109, 166, 182, 52, 384, 380, 130, 259, 206, 47, 205, 354, 184, 297, 376, 59, 358, 91, 274, 221, 102, 251, 245, 327, 272, 94, 378, 119, 68, 12, 134, 419, 187, 107, 48], [0, 0, 1, 0, 1, 1, 0, 0, 0, 1, 1, 0, 1, 1, 0, 0, 1, 1, 0, 0, 0, 0, 0, 0, 1, 1, 0, 0, 0, 0, 0, 0, 0, 0, 0, 0, 1, 0, 1, 0, 1, 0, 1, 1, 0, 1, 0, 1, 0, 0, 0, 0, 0, 0, 0, 0, 1, 0, 1, 1, 0, 0, 0, 0, 0, 1, 0, 0, 1, 0, 0, 0, 1, 1, 1, 1, 0, 1, 1, 0, 1, 1, 0, 1, 1, 0, 0, 1, 1, 1, 0, 1, 0, 0, 1, 1, 0, 1, 0, 0, 1, 0, 1, 1, 0, 0, 0, 0, 1, 1, 0, 1, 0, 0, 1, 1, 1, 1, 1, 0, 1, 1, 1, 1, 0, 0, 1, 0, 1, 1, 0, 1, 1, 1, 1, 1, 1, 1, 0, 1, 0, 0, 0, 0, 1, 1, 0, 1, 1, 0, 1, 0, 0, 0, 0, 1, 1, 0, 1, 1, 0, 1, 1, 1, 1, 1, 1, 0, 1, 1, 1, 1, 0, 1, 1, 0, 1, 1, 0, 0, 1, 1, 0, 0, 0, 0, 1, 0, 1, 1, 0, 0, 1, 1, 0, 1, 1, 0, 0, 1, 0, 1, 1, 0, 0, 1, 0, 0, 1, 1, 0, 0, 1, 1, 1, 1, 1, 0, 1, 1, 0, 0, 1, 1, 0, 1, 1, 1, 0, 1, 0, 0, 0, 0, 0, 0, 1, 0, 0, 0, 1, 1, 1, 0, 0, 1, 1, 1, 1, 0, 0, 1, 1, 0, 1, 0, 0, 1, 1, 0, 0, 0, 1, 0, 1, 1, 1, 0, 0, 0, 0, 0, 0, 0, 1, 0, 0, 0, 1, 0, 0, 0, 0, 1, 1, 0, 1, 0, 1, 0, 1, 0, 0, 0, 0, 1, 1, 1, 0, 1, 1, 0, 1, 1, 0, 1, 0, 1, 1, 1, 1, 1, 1, 1, 1, 0, 1, 0, 1, 1, 0, 0, 0, 0, 0, 0, 0, 0, 0, 0, 1, 1, 0, 0, 1, 1, 0, 1, 1, 1, 0, 0, 1, 1, 1, 1, 1, 1, 1, 1, 1, 0, 0, 1, 0, 1, 0, 1, 1, 0, 1, 1, 0, 0, 1, 1, 1, 0, 0, 0, 1, 1, 0, 0, 0, 1, 1, 1, 0, 0, 1, 1, 1, 0, 0, 1, 1, 0, 0, 0, 0, 1, 0, 1, 0, 1, 1, 0, 0, 1, 0, 1, 0, 1, 1, 1, 0, 1, 1, 0, 1, 1, 1, 1, 1, 1, 0, 1, 1, 1, 1, 1, 1, 1, 1, 1, 1, 0, 0, 1, 1, 1, 1, 1, 1, 1, 0, 1, 1, 0, 0, 0, 1, 0, 0, 1, 1, 1, 1, 0, 1, 1, 0, 1, 0, 0, 1, 0, 1, 1, 1, 1, 1, 1, 1]]
Fitness:  293.5325000000002
Gens:  [0, 1, 2, 3, 4, 5, 6, 7, 8, 9, 10, 11, 12, 13, 14, 15, 16, 17, 18, 19, 20, 21, 22, 23, 24, 25, 26, 27, 28, 29, 30, 31, 32, 33, 34, 35, 36]
Inds:  [401.17750000000143, 297.4625, 296.63749999999993, 296.63749999999993, 295.9650000000002, 295.9650000000002, 295.9650000000002, 295.9650000000002, 295.9650000000002, 295.9650000000002, 295.9650000000002, 295.9650000000002, 295.9650000000002, 295.21750000000014, 295.21750000000014, 295.21750000000014, 295.21750000000014, 295.21750000000014, 295.21750000000014, 295.21750000000014, 293.5325000000002, 293.5325000000002, 293.5325000000002, 293.5325000000002, 293.5325000000002, 293.5325000000002, 293.5325000000002, 293.5325000000002, 293.5325000000002, 293.5325000000002, 293.5325000000002, 293.5325000000002, 293.5325000000002, 293.5325000000002, 293.5325000000002, 293.5325000000002, 293.5325000000002]

Execution 9:
Parametros: P=1000, Pe=0.3, Pm=0.15, pe=0.7, Parada=100
Start Time (hh:mm:ss.ms) 2023-07-17 12:01:23.196242
gen	min    	max    	avg    	std    
0  	399.453	421.858	418.253	2.45693
1  	293.46 	422.038	371.908	42.0248
22 	293.163	422.373	326.745	38.8043
32 	293.153	421.113	324.578	39.7592
34 	292.577	422.065	322.759	40.5555
36 	291.76 	422.24 	319.865	41.6973
End Time (hh:mm:ss.ms) 2023-07-17 12:07:00.540257
Total Time (hh:mm:ss.ms) 0:05:37.344015
Individuo: [[171, 146, 85, 87, 242, 120, 418, 248, 54, 30, 189, 388, 211, 413, 378, 196, 332, 200, 353, 436, 312, 36, 266, 331, 100, 302, 303, 290, 128, 51, 152, 438, 401, 391, 101, 1, 71, 154, 255, 409, 273, 264, 342, 135, 203, 160, 6, 15, 240, 314, 106, 392, 66, 359, 197, 369, 367, 57, 246, 405, 155, 215, 176, 349, 449, 462, 20, 70, 48, 192, 116, 24, 237, 300, 103, 131, 390, 132, 185, 379, 338, 194, 455, 381, 430, 115, 34, 389, 421, 305, 278, 121, 294, 450, 0, 168, 356, 298, 452, 410, 318, 80, 395, 335, 163, 408, 432, 322, 283, 253, 96, 434, 448, 351, 429, 453, 42, 325, 9, 422, 29, 193, 416, 333, 170, 337, 289, 261, 77, 25, 424, 18, 281, 73, 90, 205, 368, 53, 105, 247, 111, 299, 306, 308, 133, 267, 83, 188, 360, 345, 3, 114, 89, 339, 445, 178, 161, 232, 250, 398, 460, 228, 370, 236, 288, 145, 365, 217, 104, 363, 12, 239, 92, 456, 81, 126, 414, 138, 183, 241, 141, 417, 79, 277, 167, 22, 129, 37, 454, 172, 153, 190, 147, 41, 127, 334, 320, 216, 50, 195, 95, 124, 144, 257, 158, 263, 377, 43, 374, 33, 214, 340, 459, 400, 177, 285, 162, 439, 361, 230, 201, 27, 316, 13, 397, 411, 224, 362, 286, 426, 23, 72, 321, 427, 315, 227, 243, 213, 387, 125, 292, 10, 348, 352, 309, 442, 258, 44, 234, 275, 330, 295, 350, 157, 17, 149, 265, 412, 233, 329, 75, 76, 254, 67, 220, 444, 441, 148, 373, 98, 375, 108, 99, 425, 45, 40, 222, 319, 256, 357, 433, 97, 328, 38, 346, 372, 284, 404, 69, 280, 151, 16, 293, 249, 407, 235, 19, 262, 164, 252, 415, 180, 204, 7, 140, 458, 313, 399, 402, 437, 174, 435, 279, 304, 60, 39, 366, 311, 225, 446, 231, 238, 344, 382, 323, 394, 209, 326, 207, 8, 84, 385, 317, 173, 169, 343, 65, 94, 271, 245, 428, 14, 324, 423, 143, 199, 123, 291, 139, 336, 113, 46, 218, 210, 420, 119, 347, 107, 269, 431, 11, 68, 226, 47, 386, 112, 223, 58, 251, 181, 198, 137, 443, 88, 150, 341, 156, 383, 287, 86, 28, 136, 61, 364, 461, 212, 406, 229, 165, 175, 31, 403, 440, 82, 282, 451, 55, 307, 4, 371, 447, 109, 244, 32, 191, 35, 186, 393, 63, 49, 457, 21, 296, 301, 26, 358, 52, 59, 274, 5, 463, 159, 276, 78, 206, 354, 184, 102, 182, 384, 208, 130, 297, 272, 166, 464, 219, 74, 64, 91, 376, 2, 118, 117, 110, 122, 268, 259, 419, 187, 179, 93, 327, 202, 134, 396, 355, 221, 380, 62, 56, 270, 310, 260, 142], [0, 1, 1, 0, 1, 1, 1, 0, 0, 0, 0, 0, 1, 0, 1, 0, 1, 0, 0, 0, 0, 0, 0, 0, 0, 1, 1, 0, 0, 1, 0, 0, 1, 1, 0, 1, 1, 1, 1, 0, 0, 1, 1, 0, 0, 1, 0, 0, 0, 0, 1, 0, 1, 0, 1, 1, 1, 1, 0, 0, 1, 1, 1, 0, 1, 0, 1, 1, 0, 1, 0, 0, 0, 0, 0, 0, 1, 1, 1, 1, 1, 0, 0, 1, 0, 1, 0, 1, 0, 0, 1, 0, 0, 1, 0, 0, 0, 0, 0, 0, 0, 0, 1, 0, 1, 1, 1, 1, 0, 0, 1, 0, 0, 0, 0, 0, 0, 0, 0, 1, 0, 0, 0, 1, 1, 1, 1, 0, 1, 1, 0, 1, 0, 0, 0, 1, 1, 1, 0, 0, 0, 1, 1, 1, 0, 0, 0, 1, 0, 0, 1, 1, 1, 0, 1, 0, 0, 1, 0, 0, 0, 0, 0, 0, 0, 0, 0, 0, 1, 0, 1, 1, 0, 1, 0, 0, 0, 0, 1, 0, 0, 0, 0, 0, 1, 1, 0, 1, 1, 0, 0, 0, 0, 1, 1, 0, 1, 0, 0, 0, 0, 0, 0, 0, 0, 0, 0, 1, 1, 1, 0, 1, 0, 1, 0, 1, 0, 0, 1, 1, 0, 0, 1, 1, 1, 1, 1, 1, 0, 0, 0, 0, 0, 0, 0, 0, 0, 0, 1, 0, 1, 1, 1, 0, 0, 1, 0, 1, 0, 0, 0, 0, 0, 0, 1, 1, 0, 0, 0, 0, 1, 1, 1, 1, 1, 1, 1, 1, 0, 1, 1, 0, 1, 1, 1, 1, 1, 0, 1, 1, 0, 0, 0, 0, 0, 1, 1, 1, 1, 0, 0, 0, 0, 1, 1, 0, 0, 1, 1, 1, 0, 1, 0, 0, 1, 0, 0, 0, 0, 0, 1, 1, 0, 1, 1, 0, 1, 0, 0, 1, 0, 1, 0, 0, 0, 0, 0, 1, 0, 0, 1, 0, 1, 0, 0, 1, 0, 0, 0, 1, 1, 1, 1, 1, 1, 1, 0, 0, 0, 0, 0, 0, 1, 1, 1, 0, 1, 0, 0, 0, 1, 0, 0, 1, 1, 0, 0, 1, 1, 0, 1, 1, 0, 1, 1, 0, 0, 1, 0, 0, 1, 1, 1, 0, 0, 0, 1, 1, 1, 1, 0, 0, 0, 0, 1, 1, 0, 1, 1, 0, 0, 1, 1, 0, 1, 0, 0, 1, 0, 1, 1, 1, 0, 0, 1, 0, 0, 1, 1, 0, 0, 1, 1, 1, 1, 1, 1, 1, 1, 1, 1, 1, 1, 1, 1, 1, 1, 1, 0, 0, 1, 0, 1, 1, 1, 1, 1, 1, 0, 1, 1, 1, 1, 0, 1, 1, 1, 0, 1, 1, 1, 1, 0, 1, 1]]
Fitness:  291.76000000000016
Gens:  [0, 1, 2, 3, 4, 5, 6, 7, 8, 9, 10, 11, 12, 13, 14, 15, 16, 17, 18, 19, 20, 21, 22, 23, 24, 25, 26, 27, 28, 29, 30, 31, 32, 33, 34, 35, 36]
Inds:  [399.45250000000175, 293.4600000000003, 293.4600000000003, 293.4600000000003, 293.4600000000003, 293.4600000000003, 293.4600000000003, 293.4600000000003, 293.4600000000003, 293.4600000000003, 293.4600000000003, 293.4600000000003, 293.4600000000003, 293.4600000000003, 293.4600000000003, 293.4600000000003, 293.4600000000003, 293.4600000000003, 293.4600000000003, 293.4600000000003, 293.4600000000003, 293.4600000000003, 293.1625000000001, 293.1625000000001, 293.1625000000001, 293.1625000000001, 293.1625000000001, 293.1625000000001, 293.1625000000001, 293.1625000000001, 293.1625000000001, 293.1625000000001, 293.15250000000015, 293.15250000000015, 292.5774999999998, 292.5774999999998, 291.76000000000016]

Execution 10:
Parametros: P=1000, Pe=0.3, Pm=0.15, pe=0.7, Parada=100
Start Time (hh:mm:ss.ms) 2023-07-17 12:07:05.885291
gen	min    	max    	avg    	std    
0  	397.565	421.755	417.983	2.86694
1  	291.88 	421.288	371.353	42.2311
34 	290.525	420.798	324.426	39.8056
End Time (hh:mm:ss.ms) 2023-07-17 12:12:46.264892
Total Time (hh:mm:ss.ms) 0:05:40.379601
Individuo: [[226, 108, 138, 418, 295, 101, 378, 290, 150, 310, 325, 444, 45, 222, 287, 239, 435, 38, 164, 402, 167, 218, 271, 347, 173, 11, 4, 51, 294, 373, 434, 277, 240, 464, 70, 410, 215, 234, 123, 199, 20, 455, 216, 344, 41, 127, 128, 361, 78, 308, 391, 30, 17, 172, 189, 174, 39, 438, 246, 212, 100, 154, 176, 177, 349, 266, 459, 366, 460, 405, 458, 10, 292, 244, 155, 142, 120, 348, 331, 27, 227, 427, 153, 433, 145, 24, 243, 408, 26, 445, 114, 369, 400, 66, 301, 162, 340, 126, 183, 284, 225, 374, 238, 333, 399, 14, 137, 368, 144, 229, 165, 283, 37, 425, 156, 430, 190, 392, 367, 320, 16, 159, 228, 50, 423, 205, 362, 364, 158, 263, 247, 207, 84, 252, 65, 88, 106, 7, 319, 235, 262, 214, 203, 197, 428, 48, 119, 278, 299, 304, 286, 437, 353, 302, 231, 256, 223, 49, 58, 387, 83, 360, 63, 202, 298, 341, 157, 453, 191, 442, 28, 72, 356, 64, 315, 281, 441, 5, 324, 313, 42, 397, 398, 375, 426, 97, 446, 175, 148, 73, 117, 337, 456, 131, 379, 390, 382, 269, 336, 326, 21, 249, 417, 188, 416, 201, 13, 135, 68, 449, 160, 19, 107, 204, 140, 6, 343, 452, 314, 415, 338, 317, 363, 60, 257, 323, 288, 79, 237, 115, 357, 407, 81, 421, 312, 34, 429, 275, 147, 372, 285, 151, 230, 104, 185, 414, 431, 80, 371, 383, 264, 116, 180, 96, 219, 413, 186, 250, 125, 129, 411, 95, 224, 124, 334, 57, 99, 307, 424, 33, 105, 220, 77, 255, 462, 395, 339, 345, 3, 267, 61, 352, 29, 69, 332, 196, 98, 439, 419, 134, 32, 211, 54, 394, 171, 377, 248, 118, 122, 403, 9, 457, 109, 35, 76, 268, 47, 161, 40, 193, 328, 306, 321, 436, 112, 440, 386, 121, 103, 43, 350, 53, 113, 44, 195, 432, 447, 210, 194, 311, 8, 253, 450, 258, 86, 280, 141, 296, 178, 259, 136, 15, 217, 236, 359, 305, 412, 318, 389, 67, 282, 279, 463, 291, 329, 420, 149, 335, 22, 132, 270, 163, 56, 303, 90, 62, 322, 85, 139, 1, 146, 168, 409, 143, 87, 46, 346, 404, 0, 381, 36, 111, 448, 316, 393, 422, 406, 451, 454, 370, 443, 192, 232, 300, 342, 293, 265, 75, 461, 254, 25, 273, 71, 18, 31, 170, 351, 23, 89, 200, 241, 213, 385, 74, 309, 297, 198, 330, 181, 209, 206, 289, 169, 221, 245, 276, 12, 380, 355, 184, 242, 2, 91, 396, 187, 179, 260, 365, 401, 327, 376, 92, 274, 272, 233, 182, 208, 59, 93, 358, 166, 102, 52, 110, 384, 130, 354, 388, 82, 261, 94, 152, 251, 133, 55], [1, 0, 0, 0, 1, 1, 1, 1, 0, 0, 1, 0, 1, 1, 1, 0, 1, 0, 0, 0, 1, 1, 0, 1, 0, 1, 1, 0, 0, 1, 1, 1, 1, 0, 1, 1, 1, 1, 0, 0, 0, 0, 1, 0, 1, 0, 1, 0, 0, 0, 0, 1, 1, 1, 1, 0, 0, 0, 1, 0, 1, 1, 1, 1, 1, 0, 0, 0, 0, 1, 0, 0, 0, 0, 0, 0, 0, 1, 1, 0, 0, 1, 1, 0, 1, 0, 0, 0, 1, 1, 0, 1, 0, 0, 1, 1, 0, 1, 0, 1, 1, 1, 1, 1, 0, 1, 0, 1, 0, 0, 1, 0, 0, 1, 1, 0, 0, 1, 1, 1, 0, 0, 1, 0, 1, 1, 0, 0, 1, 0, 0, 1, 0, 0, 0, 1, 1, 1, 0, 1, 1, 0, 0, 1, 1, 1, 1, 0, 0, 1, 1, 1, 1, 1, 1, 0, 1, 1, 1, 0, 0, 1, 0, 0, 1, 0, 0, 1, 1, 1, 0, 1, 0, 1, 1, 0, 0, 1, 0, 0, 0, 1, 0, 1, 0, 0, 1, 0, 1, 0, 1, 0, 0, 0, 1, 1, 0, 1, 1, 0, 1, 0, 1, 0, 0, 0, 1, 1, 1, 0, 1, 1, 1, 0, 1, 1, 0, 1, 1, 1, 0, 1, 1, 1, 0, 1, 1, 1, 1, 0, 0, 1, 1, 1, 0, 1, 0, 1, 1, 0, 1, 1, 1, 1, 0, 1, 1, 1, 0, 0, 0, 1, 1, 1, 0, 1, 0, 1, 0, 1, 0, 1, 1, 1, 0, 1, 0, 1, 0, 1, 0, 1, 1, 1, 0, 0, 1, 0, 0, 0, 0, 0, 1, 0, 1, 1, 1, 0, 1, 0, 0, 1, 1, 0, 0, 0, 0, 1, 1, 1, 1, 0, 1, 1, 0, 1, 1, 0, 1, 1, 1, 0, 1, 1, 0, 0, 1, 0, 1, 0, 0, 0, 0, 0, 1, 1, 0, 1, 0, 0, 1, 1, 1, 1, 1, 1, 1, 1, 0, 1, 1, 0, 1, 0, 0, 0, 0, 1, 0, 1, 1, 0, 0, 0, 0, 0, 0, 0, 0, 1, 0, 1, 0, 0, 0, 0, 0, 0, 1, 1, 1, 1, 0, 1, 0, 0, 0, 1, 1, 1, 0, 0, 1, 1, 1, 0, 0, 0, 0, 1, 0, 0, 1, 0, 0, 0, 0, 1, 1, 1, 1, 1, 0, 0, 0, 0, 0, 0, 0, 1, 1, 1, 0, 1, 1, 0, 1, 1, 1, 1, 0, 1, 1, 1, 0, 1, 1, 1, 1, 0, 0, 0, 1, 1, 1, 1, 1, 0, 1, 1, 0, 1, 1, 1, 1, 1, 1, 0, 0, 0, 0, 1, 0, 1, 1, 0, 1, 1, 1, 0, 1, 0, 0, 0, 1]]
Fitness:  290.52500000000003
Gens:  [0, 1, 2, 3, 4, 5, 6, 7, 8, 9, 10, 11, 12, 13, 14, 15, 16, 17, 18, 19, 20, 21, 22, 23, 24, 25, 26, 27, 28, 29, 30, 31, 32, 33, 34, 35, 36]
Inds:  [397.5650000000015, 291.8800000000003, 291.8800000000003, 291.8800000000003, 291.8800000000003, 291.8800000000003, 291.8800000000003, 291.8800000000003, 291.8800000000003, 291.8800000000003, 291.8800000000003, 291.8800000000003, 291.8800000000003, 291.8800000000003, 291.8800000000003, 291.8800000000003, 291.8800000000003, 291.8800000000003, 291.8800000000003, 291.8800000000003, 291.8800000000003, 291.8800000000003, 291.8800000000003, 291.8800000000003, 291.8800000000003, 291.8800000000003, 291.8800000000003, 291.8800000000003, 291.8800000000003, 291.8800000000003, 291.8800000000003, 291.8800000000003, 291.8800000000003, 291.8800000000003, 290.52500000000003, 290.52500000000003, 290.52500000000003]

