A-BRKGA:

Execution 1:
Parameters: Y=0.999
Start Time (hh:mm:ss.ms) 2023-07-17 21:09:00.431012
generations	MaxGenenerations	Populationk1	Populationk	PopulationElite	PopulationMutant	fitnessElite	alpha	min    	max    	avg    	std     
0          	0               	0           	0          	0              	0               	0           	0    	102.647	105.797	104.366	0.485986
2          	114.078         	998         	999        	102            	199             	103.506     	0.298	102.365	105.755	103.943	0.574678
3          	113.79          	997         	998        	103            	197             	103.37      	0.296	102.145	105.775	103.828	0.592353
7          	113.515         	993         	994        	108            	191             	103.114     	0.289	101.79 	105.625	103.617	0.674522
10         	113.151         	990         	991        	111            	187             	102.917     	0.284	101.747	105.582	103.474	0.718286
12         	113.091         	988         	989        	114            	184             	102.842     	0.280	101.657	105.9  	103.359	0.765555
13         	113.02          	987         	988        	115            	182             	102.84      	0.278	101.65 	105.658	103.298	0.793419
14         	112.984         	986         	987        	116            	181             	102.76      	0.276	101.405	105.49 	103.269	0.801699
17         	112.724         	983         	984        	120            	176             	102.59      	0.271	101.397	105.695	103.15 	0.847204
18         	112.708         	982         	983        	121            	175             	102.557     	0.269	101.38 	105.41 	103.089	0.873199
19         	112.656         	981         	982        	122            	173             	102.46      	0.268	101.18 	105.59 	103.004	0.891241
21         	112.478         	979         	980        	125            	170             	102.402     	0.264	101.007	105.72 	102.922	0.929457
23         	112.257         	977         	978        	127            	167             	102.19      	0.260	100.992	105.445	102.768	0.966109
24         	112.229         	976         	977        	128            	166             	102.146     	0.259	100.72 	105.747	102.755	0.994832
28         	111.928         	972         	973        	133            	160             	101.912     	0.251	100.665	105.5  	102.51 	1.07679 
29         	111.872         	971         	972        	134            	158             	101.873     	0.249	100.357	105.365	102.432	1.06575 
35         	111.539         	965         	966        	141            	149             	101.606     	0.239	100.312	105.76 	102.137	1.17653 
37         	111.463         	963         	964        	143            	146             	101.498     	0.235	99.82  	105.802	102.052	1.20766 
43         	110.935         	957         	958        	151            	138             	101.1       	0.224	99.77  	105.487	101.683	1.3294  
45         	110.857         	955         	956        	153            	135             	100.994     	0.220	99.695 	105.795	101.603	1.36011 
46         	110.826         	954         	955        	154            	133             	101.03      	0.218	99.67  	105.577	101.506	1.38922 
51         	110.76          	949         	950        	160            	126             	100.882     	0.209	99.615 	105.84 	101.403	1.43446 
53         	110.693         	947         	948        	162            	123             	100.805     	0.206	99.575 	105.722	101.264	1.44781 
54         	110.685         	946         	947        	163            	122             	100.831     	0.204	99.4325	105.512	101.288	1.4757  
58         	110.536         	942         	943        	168            	116             	100.688     	0.196	99.145 	105.887	101.174	1.49503 
65         	110.188         	935         	936        	175            	106             	100.323     	0.183	98.9925	105.492	100.932	1.53431 
71         	109.972         	929         	930        	182            	98              	100.052     	0.172	98.97  	105.483	100.708	1.59098 
73         	110.035         	927         	928        	184            	95              	100.146     	0.169	98.88  	105.482	100.648	1.56818 
74         	109.886         	926         	927        	185            	93              	99.9835     	0.167	98.86  	105.345	100.518	1.55998 
76         	109.836         	924         	925        	188            	91              	99.9015     	0.163	98.6325	105.48 	100.48 	1.5796  
81         	109.619         	919         	920        	193            	84              	99.6996     	0.154	98.6275	105.627	100.286	1.60737 
83         	109.635         	917         	918        	195            	81              	99.6996     	0.150	98.5125	105.598	100.24 	1.61254 
91         	109.475         	909         	910        	203            	70              	99.4544     	0.135	98.48  	105.515	99.9898	1.6203  
92         	109.445         	908         	909        	205            	69              	99.4206     	0.133	98.47  	105.542	99.9494	1.59779 
94         	109.426         	906         	907        	207            	66              	99.3769     	0.130	98.3725	105.23 	99.8724	1.56329 
97         	109.293         	903         	904        	210            	62              	99.2241     	0.124	98.36  	105.378	99.7546	1.57106 
98         	109.297         	902         	903        	211            	61              	99.2197     	0.122	98.3475	105.317	99.6862	1.54099 
99         	109.276         	901         	902        	212            	59              	99.1883     	0.120	98.285 	105.222	99.6163	1.52987 
102        	109.247         	898         	899        	215            	56              	99.1373     	0.115	98.2725	106.02 	99.6448	1.56625 
103        	109.269         	897         	898        	216            	54              	99.1503     	0.113	98.21  	105.503	99.6205	1.57194 
106        	109.13          	894         	895        	219            	50              	98.9815     	0.107	98.18  	105.405	99.4915	1.54663 
109        	109.09          	891         	892        	222            	46              	98.9083     	0.101	98.12  	105.992	99.405 	1.52153 
End Time (hh:mm:ss.ms) 2023-07-17 21:09:23.704739
Total Time (hh:mm:ss.ms) 0:00:23.273727
Individual: ([36, 13, 26, 41, 46, 8, 35, 22, 0, 50, 20, 29, 2, 24, 12, 40, 42, 18, 21, 49, 28, 48, 38, 11, 39, 32, 53, 10, 51, 23, 19, 4, 44, 31, 27, 9, 16, 3, 1, 14, 7, 5, 52, 45, 33, 6, 37, 17, 34, 25, 47, 15, 30, 43], [0, 0, 0, 0, 0, 0, 0, 0, 1, 0, 0, 0, 0, 1, 1, 1, 1, 0, 1, 1, 1, 1, 1, 1, 0, 0, 0, 1, 1, 0, 0, 1, 1, 0, 0, 1, 0, 0, 1, 1, 1, 1, 1, 1, 0, 1, 1, 1, 1, 1, 1, 1, 1, 0])
Fitness:  98.11999999999998
Gens:  [0, 1, 2, 3, 4, 5, 6, 7, 8, 9, 10, 11, 12, 13, 14, 15, 16, 17, 18, 19, 20, 21, 22, 23, 24, 25, 26, 27, 28, 29, 30, 31, 32, 33, 34, 35, 36, 37, 38, 39, 40, 41, 42, 43, 44, 45, 46, 47, 48, 49, 50, 51, 52, 53, 54, 55, 56, 57, 58, 59, 60, 61, 62, 63, 64, 65, 66, 67, 68, 69, 70, 71, 72, 73, 74, 75, 76, 77, 78, 79, 80, 81, 82, 83, 84, 85, 86, 87, 88, 89, 90, 91, 92, 93, 94, 95, 96, 97, 98, 99, 100, 101, 102, 103, 104, 105, 106, 107, 108, 109, 110]
Inds:  [102.64749999999997, 102.64749999999997, 102.365, 102.145, 102.145, 102.145, 102.145, 101.78999999999996, 101.78999999999996, 101.78999999999996, 101.74749999999997, 101.74749999999997, 101.65749999999998, 101.64999999999996, 101.40499999999996, 101.40499999999996, 101.40499999999996, 101.39749999999997, 101.37999999999998, 101.17999999999999, 101.17999999999999, 101.00749999999998, 101.00749999999998, 100.99249999999992, 100.71999999999993, 100.71999999999993, 100.71999999999993, 100.71999999999993, 100.66499999999996, 100.35749999999997, 100.35749999999997, 100.35749999999997, 100.35749999999997, 100.35749999999997, 100.35749999999997, 100.31249999999996, 100.31249999999996, 99.81999999999996, 99.81999999999996, 99.81999999999996, 99.81999999999996, 99.81999999999996, 99.81999999999996, 99.77, 99.77, 99.69499999999998, 99.66999999999996, 99.66999999999996, 99.66999999999996, 99.66999999999996, 99.66999999999996, 99.615, 99.615, 99.57499999999999, 99.43249999999996, 99.43249999999996, 99.43249999999996, 99.43249999999996, 99.14499999999995, 99.14499999999995, 99.14499999999995, 99.14499999999995, 99.14499999999995, 99.14499999999995, 99.14499999999995, 98.99249999999996, 98.99249999999996, 98.99249999999996, 98.99249999999996, 98.99249999999996, 98.99249999999996, 98.96999999999996, 98.96999999999996, 98.87999999999998, 98.85999999999997, 98.85999999999997, 98.63249999999998, 98.63249999999998, 98.63249999999998, 98.63249999999998, 98.63249999999998, 98.62749999999998, 98.62749999999998, 98.51249999999997, 98.51249999999997, 98.51249999999997, 98.51249999999997, 98.51249999999997, 98.51249999999997, 98.51249999999997, 98.51249999999997, 98.47999999999996, 98.46999999999996, 98.46999999999996, 98.37249999999996, 98.37249999999996, 98.37249999999996, 98.35999999999996, 98.34749999999997, 98.28499999999995, 98.28499999999995, 98.28499999999995, 98.27249999999998, 98.20999999999995, 98.20999999999995, 98.20999999999995, 98.17999999999996, 98.17999999999996, 98.17999999999996, 98.11999999999998, 98.11999999999998]

Execution 2:
Parameters: Y=0.999
Start Time (hh:mm:ss.ms) 2023-07-17 21:09:25.026735
generations	MaxGenenerations	Populationk1	Populationk	PopulationElite	PopulationMutant	fitnessElite	alpha	min    	max    	avg    	std     
0          	0               	0           	0          	0              	0               	0           	0    	102.765	105.667	104.389	0.469419
1          	114.224         	999         	1000       	100            	200             	103.636     	0.3  	102.328	105.475	104.053	0.532934
2          	113.716         	998         	999        	102            	199             	103.266     	0.298	102.297	105.612	103.919	0.553805
3          	113.699         	997         	998        	103            	197             	103.28      	0.296	101.967	105.608	103.805	0.619293
6          	113.335         	994         	995        	106            	193             	103.038     	0.291	101.938	105.487	103.559	0.671808
8          	113.303         	992         	993        	109            	190             	103.005     	0.287	101.757	105.542	103.433	0.724266
10         	113.073         	990         	991        	111            	187             	102.79      	0.284	101.552	105.365	103.327	0.773801
13         	112.843         	987         	988        	115            	182             	102.617     	0.278	101.165	105.483	103.128	0.826643
16         	112.406         	984         	985        	119            	178             	102.297     	0.273	101.05 	105.518	102.851	0.918285
18         	112.314         	982         	983        	121            	175             	102.285     	0.269	100.952	105.46 	102.676	0.996342
19         	112.187         	981         	982        	122            	173             	102.16      	0.267	100.687	105.725	102.627	1.03919 
21         	111.905         	979         	980        	125            	170             	101.98      	0.264	100.575	105.785	102.476	1.10023 
23         	111.776         	977         	978        	127            	167             	101.869     	0.260	100.502	105.415	102.355	1.15705 
24         	111.681         	976         	977        	128            	166             	101.774     	0.258	100.477	105.603	102.271	1.17316 
25         	111.675         	975         	976        	129            	164             	101.795     	0.257	100.457	105.688	102.249	1.19259 
26         	111.662         	974         	975        	131            	163             	101.792     	0.255	99.9625	105.612	102.242	1.23009 
31         	111.106         	969         	970        	137            	155             	101.358     	0.245	99.915 	105.595	101.924	1.30334 
36         	111.043         	964         	965        	142            	148             	101.249     	0.236	99.7525	105.568	101.765	1.39752 
39         	110.861         	961         	962        	146            	143             	101.09      	0.231	99.6725	105.777	101.678	1.40892 
43         	110.823         	957         	958        	151            	137             	101.088     	0.224	99.3225	105.523	101.625	1.423   
54         	110.372         	946         	947        	163            	122             	100.569     	0.203	99.22  	105.55 	101.165	1.52149 
56         	110.239         	944         	945        	166            	119             	100.428     	0.200	98.9675	105.807	101.069	1.50446 
62         	109.943         	938         	939        	172            	110             	100.131     	0.189	98.845 	105.358	100.924	1.58208 
68         	109.849         	932         	933        	179            	102             	100.031     	0.178	98.78  	105.477	100.692	1.58555 
74         	109.772         	926         	927        	185            	93              	99.8955     	0.166	98.6925	105.315	100.549	1.56807 
79         	109.686         	921         	922        	191            	86              	99.776      	0.157	98.33  	105.348	100.321	1.58187 
91         	109.268         	909         	910        	204            	70              	99.2897     	0.135	98.3175	105.57 	99.9784	1.63109 
93         	109.281         	907         	908        	206            	67              	99.285      	0.131	98.3   	105.677	99.8693	1.62517 
94         	109.263         	906         	907        	207            	66              	99.2574     	0.129	98.205 	105.308	99.8831	1.59994 
96         	109.185         	904         	905        	209            	63              	99.1782     	0.125	98.195 	105.377	99.7514	1.62285 
98         	109.132         	902         	903        	211            	61              	99.0943     	0.122	98.145 	105.38 	99.6552	1.58276 
99         	109.058         	901         	902        	212            	59              	99.0152     	0.120	97.9675	105.267	99.671 	1.62655 
102        	108.862         	898         	899        	215            	55              	98.8175     	0.114	97.91  	105.315	99.4541	1.57086 
105        	108.801         	895         	896        	218            	51              	98.7267     	0.108	97.8925	105.627	99.4125	1.65519 
106        	108.804         	894         	895        	219            	50              	98.7201     	0.106	97.7425	105.687	99.2949	1.5772  
108        	108.62          	892         	893        	222            	47              	98.538      	0.102	97.6025	105.165	99.1317	1.59717 
End Time (hh:mm:ss.ms) 2023-07-17 21:09:47.069899
Total Time (hh:mm:ss.ms) 0:00:22.043164
Individual: ([30, 36, 4, 31, 34, 46, 8, 13, 22, 10, 28, 1, 5, 39, 38, 11, 42, 21, 14, 6, 37, 0, 17, 44, 24, 2, 20, 45, 53, 33, 27, 12, 19, 23, 26, 40, 41, 49, 9, 16, 3, 48, 32, 50, 29, 52, 7, 18, 51, 25, 35, 15, 47, 43], [0, 1, 1, 0, 0, 0, 0, 0, 1, 1, 1, 1, 1, 1, 1, 1, 1, 0, 1, 1, 0, 0, 1, 0, 0, 1, 1, 1, 1, 0, 0, 0, 1, 1, 1, 0, 0, 1, 1, 1, 0, 0, 0, 1, 1, 1, 1, 1, 1, 1, 1, 1, 0, 0])
Fitness:  97.6025
Gens:  [0, 1, 2, 3, 4, 5, 6, 7, 8, 9, 10, 11, 12, 13, 14, 15, 16, 17, 18, 19, 20, 21, 22, 23, 24, 25, 26, 27, 28, 29, 30, 31, 32, 33, 34, 35, 36, 37, 38, 39, 40, 41, 42, 43, 44, 45, 46, 47, 48, 49, 50, 51, 52, 53, 54, 55, 56, 57, 58, 59, 60, 61, 62, 63, 64, 65, 66, 67, 68, 69, 70, 71, 72, 73, 74, 75, 76, 77, 78, 79, 80, 81, 82, 83, 84, 85, 86, 87, 88, 89, 90, 91, 92, 93, 94, 95, 96, 97, 98, 99, 100, 101, 102, 103, 104, 105, 106, 107, 108, 109]
Inds:  [102.76499999999997, 102.3275, 102.29749999999999, 101.96749999999999, 101.96749999999999, 101.96749999999999, 101.93750000000001, 101.93750000000001, 101.7575, 101.7575, 101.5525, 101.5525, 101.5525, 101.16499999999999, 101.16499999999999, 101.16499999999999, 101.05000000000003, 101.05000000000003, 100.95249999999996, 100.68749999999997, 100.68749999999997, 100.57500000000002, 100.57500000000002, 100.50249999999998, 100.47749999999999, 100.45749999999998, 99.96249999999996, 99.96249999999996, 99.96249999999996, 99.96249999999996, 99.96249999999996, 99.91499999999999, 99.91499999999999, 99.91499999999999, 99.91499999999999, 99.91499999999999, 99.75249999999998, 99.75249999999998, 99.75249999999998, 99.67249999999999, 99.67249999999999, 99.67249999999999, 99.67249999999999, 99.32250000000002, 99.32250000000002, 99.32250000000002, 99.32250000000002, 99.32250000000002, 99.32250000000002, 99.32250000000002, 99.32250000000002, 99.32250000000002, 99.32250000000002, 99.32250000000002, 99.22, 99.22, 98.96749999999999, 98.96749999999999, 98.96749999999999, 98.96749999999999, 98.96749999999999, 98.96749999999999, 98.84500000000004, 98.84500000000004, 98.84500000000004, 98.84500000000004, 98.84500000000004, 98.84500000000004, 98.78, 98.78, 98.78, 98.78, 98.78, 98.78, 98.6925, 98.6925, 98.6925, 98.6925, 98.6925, 98.33000000000001, 98.33000000000001, 98.33000000000001, 98.33000000000001, 98.33000000000001, 98.33000000000001, 98.33000000000001, 98.33000000000001, 98.33000000000001, 98.33000000000001, 98.33000000000001, 98.33000000000001, 98.31749999999998, 98.31749999999998, 98.3, 98.20500000000001, 98.20500000000001, 98.19500000000001, 98.19500000000001, 98.14500000000001, 97.9675, 97.9675, 97.9675, 97.91, 97.91, 97.91, 97.89250000000003, 97.7425, 97.7425, 97.6025, 97.6025]

Execution 3:
Parameters: Y=0.999
Start Time (hh:mm:ss.ms) 2023-07-17 21:09:48.157899
generations	MaxGenenerations	Populationk1	Populationk	PopulationElite	PopulationMutant	fitnessElite	alpha	min    	max    	avg    	std     
0          	0               	0           	0          	0              	0               	0           	0    	102.445	105.868	104.374	0.509757
1          	113.892         	999         	1000       	100            	200             	103.472     	0.3  	102.225	105.712	103.995	0.551574
4          	113.651         	996         	997        	104            	196             	103.309     	0.294	101.968	105.385	103.654	0.650791
5          	113.306         	995         	996        	105            	194             	102.969     	0.292	101.892	105.818	103.612	0.702918
6          	113.272         	994         	995        	106            	193             	103.035     	0.291	101.715	105.895	103.567	0.70181 
12         	113.058         	988         	989        	114            	184             	102.826     	0.280	101.505	105.707	103.342	0.781892
17         	112.825         	983         	984        	120            	176             	102.638     	0.271	101.227	105.653	103.088	0.884792
18         	112.514         	982         	983        	121            	175             	102.421     	0.269	101.197	105.78 	103.005	0.904708
19         	112.495         	981         	982        	122            	173             	102.426     	0.267	101.015	105.572	102.928	0.917879
20         	112.269         	980         	981        	123            	172             	102.228     	0.266	100.77 	105.422	102.874	0.971127
23         	112.001         	977         	978        	127            	167             	102.033     	0.260	100.603	105.27 	102.567	1.05418 
24         	111.776         	976         	977        	128            	166             	101.811     	0.258	100.23 	105.58 	102.438	1.08849 
30         	111.367         	970         	971        	135            	157             	101.49      	0.247	100.198	105.398	102.086	1.25912 
34         	111.37          	966         	967        	140            	151             	101.513     	0.240	100.167	105.733	101.954	1.30677 
36         	111.334         	964         	965        	142            	148             	101.465     	0.237	100.058	105.51 	101.866	1.33218 
38         	111.168         	962         	963        	145            	145             	101.269     	0.233	99.7925	105.54 	101.802	1.36851 
41         	110.887         	959         	960        	148            	140             	101.063     	0.227	99.695 	105.56 	101.659	1.39578 
46         	110.8           	954         	955        	154            	133             	100.978     	0.218	99.64  	105.8  	101.508	1.43801 
47         	110.766         	953         	954        	155            	132             	100.976     	0.216	99.5925	105.312	101.467	1.43798 
51         	110.661         	949         	950        	160            	126             	100.795     	0.209	99.48  	105.462	101.346	1.44158 
58         	110.559         	942         	943        	168            	116             	100.674     	0.196	99.4775	105.577	101.194	1.47718 
61         	110.593         	939         	940        	171            	112             	100.703     	0.191	99.275 	105.495	101.176	1.47922 
63         	110.318         	937         	938        	173            	109             	100.429     	0.187	99.245 	105.452	101.02 	1.51588 
64         	110.288         	936         	937        	174            	107             	100.398     	0.185	99.195 	105.263	101.035	1.53318 
72         	110.242         	928         	929        	183            	96              	100.281     	0.171	99.1325	105.492	100.804	1.54182 
74         	110.165         	926         	927        	185            	94              	100.194     	0.167	99.1125	105.772	100.794	1.55504 
77         	110.163         	923         	924        	188            	90              	100.172     	0.162	98.99  	105.537	100.706	1.51408 
80         	110.005         	920         	921        	192            	85              	100.001     	0.156	98.9675	105.75 	100.617	1.5563  
81         	110.013         	919         	920        	193            	84              	100.016     	0.154	98.9025	105.348	100.589	1.50457 
86         	109.911         	914         	915        	198            	77              	99.8595     	0.145	98.7075	105.22 	100.456	1.52481 
94         	109.687         	906         	907        	206            	66              	99.583      	0.130	98.67  	105.365	100.153	1.54642 
98         	109.649         	902         	903        	210            	61              	99.5047     	0.123	98.6575	105.1  	99.9901	1.51931 
99         	109.597         	901         	902        	211            	60              	99.4381     	0.121	98.64  	105.48 	99.9422	1.52433 
100        	109.619         	900         	901        	212            	59              	99.4565     	0.119	98.63  	105.285	99.9031	1.51522 
101        	109.586         	899         	900        	213            	57              	99.4119     	0.117	98.5725	105.177	99.8897	1.51015 
106        	109.547         	894         	895        	218            	51              	99.3238     	0.108	98.5675	105.425	99.7377	1.46968 
107        	109.532         	893         	894        	219            	49              	99.2975     	0.106	98.5575	105.397	99.7217	1.46154 
108        	109.518         	892         	893        	220            	48              	99.273      	0.104	98.5025	105.755	99.7343	1.48098 
109        	109.496         	891         	892        	221            	47              	99.2476     	0.102	98.4575	105.182	99.656 	1.40996 
End Time (hh:mm:ss.ms) 2023-07-17 21:10:11.548642
Total Time (hh:mm:ss.ms) 0:00:23.390743
Individual: ([43, 36, 24, 2, 27, 31, 12, 4, 25, 0, 6, 53, 44, 17, 37, 32, 50, 29, 52, 20, 40, 8, 23, 35, 46, 26, 41, 51, 42, 9, 33, 45, 7, 10, 49, 16, 3, 14, 28, 1, 11, 39, 38, 48, 5, 21, 18, 34, 22, 47, 15, 19, 13, 30], [1, 0, 0, 1, 0, 0, 0, 1, 0, 1, 0, 0, 1, 1, 1, 1, 1, 1, 1, 1, 1, 1, 1, 0, 0, 0, 0, 0, 1, 0, 1, 0, 1, 1, 1, 0, 0, 1, 1, 1, 1, 1, 1, 1, 1, 1, 1, 1, 0, 1, 0, 0, 0, 1])
Fitness:  98.45750000000001
Gens:  [0, 1, 2, 3, 4, 5, 6, 7, 8, 9, 10, 11, 12, 13, 14, 15, 16, 17, 18, 19, 20, 21, 22, 23, 24, 25, 26, 27, 28, 29, 30, 31, 32, 33, 34, 35, 36, 37, 38, 39, 40, 41, 42, 43, 44, 45, 46, 47, 48, 49, 50, 51, 52, 53, 54, 55, 56, 57, 58, 59, 60, 61, 62, 63, 64, 65, 66, 67, 68, 69, 70, 71, 72, 73, 74, 75, 76, 77, 78, 79, 80, 81, 82, 83, 84, 85, 86, 87, 88, 89, 90, 91, 92, 93, 94, 95, 96, 97, 98, 99, 100, 101, 102, 103, 104, 105, 106, 107, 108, 109, 110]
Inds:  [102.44500000000002, 102.22500000000004, 102.22500000000004, 102.22500000000004, 101.9675, 101.89249999999996, 101.715, 101.715, 101.715, 101.715, 101.715, 101.715, 101.505, 101.505, 101.505, 101.505, 101.505, 101.22749999999999, 101.19749999999999, 101.01499999999999, 100.76999999999998, 100.76999999999998, 100.76999999999998, 100.60250000000003, 100.23000000000003, 100.23000000000003, 100.23000000000003, 100.23000000000003, 100.23000000000003, 100.23000000000003, 100.1975, 100.1975, 100.1975, 100.1975, 100.16749999999998, 100.16749999999998, 100.05750000000002, 100.05750000000002, 99.79249999999998, 99.79249999999998, 99.79249999999998, 99.69500000000001, 99.69500000000001, 99.69500000000001, 99.69500000000001, 99.69500000000001, 99.64, 99.59249999999999, 99.59249999999999, 99.59249999999999, 99.59249999999999, 99.48, 99.48, 99.48, 99.48, 99.48, 99.48, 99.48, 99.47749999999998, 99.47749999999998, 99.47749999999998, 99.27499999999999, 99.27499999999999, 99.24499999999998, 99.19500000000001, 99.19500000000001, 99.19500000000001, 99.19500000000001, 99.19500000000001, 99.19500000000001, 99.19500000000001, 99.19500000000001, 99.13250000000002, 99.13250000000002, 99.11249999999997, 99.11249999999997, 99.11249999999997, 98.98999999999998, 98.98999999999998, 98.98999999999998, 98.96750000000002, 98.9025, 98.9025, 98.9025, 98.9025, 98.9025, 98.7075, 98.7075, 98.7075, 98.7075, 98.7075, 98.7075, 98.7075, 98.7075, 98.66999999999997, 98.66999999999997, 98.66999999999997, 98.66999999999997, 98.6575, 98.63999999999997, 98.63000000000001, 98.5725, 98.5725, 98.5725, 98.5725, 98.5725, 98.5675, 98.55750000000003, 98.50249999999997, 98.45750000000001, 98.45750000000001]

Execution 4:
Parameters: Y=0.999
Start Time (hh:mm:ss.ms) 2023-07-17 21:10:12.784644
generations	MaxGenenerations	Populationk1	Populationk	PopulationElite	PopulationMutant	fitnessElite	alpha	min   	max    	avg    	std     
0          	0               	0           	0          	0              	0               	0           	0    	102.61	105.762	104.377	0.497197
1          	114.063         	999         	1000       	100            	200             	103.556     	0.3  	102.053	105.86 	104.043	0.511257
5          	113.43          	995         	996        	105            	194             	103.106     	0.292	101.92 	105.775	103.691	0.640768
8          	113.266         	992         	993        	109            	190             	102.948     	0.287	101.908	105.712	103.563	0.708664
9          	113.276         	991         	992        	110            	188             	102.995     	0.285	101.722	105.65 	103.529	0.715752
12         	113.08          	988         	989        	114            	184             	102.864     	0.280	101.595	105.637	103.366	0.737082
15         	112.925         	985         	986        	117            	179             	102.719     	0.275	101.477	105.585	103.267	0.794472
17         	112.826         	983         	984        	120            	176             	102.695     	0.271	101.44 	105.423	103.194	0.823878
19         	112.728         	981         	982        	122            	173             	102.517     	0.268	100.835	105.565	103.066	0.84463 
26         	112.048         	974         	975        	130            	163             	101.998     	0.255	100.812	105.642	102.608	1.03419 
29         	112.047         	971         	972        	134            	158             	102.011     	0.250	100.745	105.727	102.466	1.06922 
30         	111.986         	970         	971        	135            	157             	101.982     	0.248	100.407	105.878	102.434	1.08835 
32         	111.591         	968         	969        	138            	154             	101.665     	0.244	100.353	105.692	102.312	1.13302 
39         	111.533         	961         	962        	146            	144             	101.564     	0.231	100.315	105.485	102.064	1.21802 
40         	111.481         	960         	961        	147            	142             	101.504     	0.230	100.268	105.512	101.987	1.25668 
41         	111.431         	959         	960        	148            	141             	101.464     	0.228	99.845 	105.492	101.961	1.28573 
42         	110.959         	958         	959        	149            	139             	101.122     	0.226	99.8125	105.91 	101.863	1.29305 
49         	110.896         	951         	952        	157            	129             	100.973     	0.213	99.775 	105.46 	101.56 	1.39522 
52         	110.901         	948         	949        	161            	125             	101.001     	0.208	99.66  	105.677	101.494	1.44397 
53         	110.774         	947         	948        	162            	123             	100.9       	0.206	99.455 	105.495	101.484	1.47268 
54         	110.526         	946         	947        	163            	122             	100.688     	0.204	99.36  	105.335	101.347	1.45443 
63         	110.441         	937         	938        	173            	109             	100.546     	0.187	99.24  	105.53 	101.139	1.52083 
67         	110.299         	933         	934        	178            	103             	100.386     	0.180	99.1425	105.672	100.971	1.57169 
72         	110.206         	928         	929        	183            	96              	100.272     	0.171	99.1325	105.302	100.85 	1.57005 
73         	110.147         	927         	928        	184            	95              	100.177     	0.169	99.0575	105.328	100.798	1.54618 
79         	110.143         	921         	922        	190            	87              	100.161     	0.158	99.01  	105.743	100.725	1.60378 
82         	110.03          	918         	919        	194            	83              	99.998      	0.152	98.9825	105.522	100.546	1.60938 
83         	110.004         	917         	918        	195            	81              	99.9695     	0.150	98.98  	105.433	100.618	1.60136 
87         	109.983         	913         	914        	199            	76              	99.8955     	0.143	98.9675	105.69 	100.507	1.61475 
88         	110.006         	912         	913        	200            	75              	99.9209     	0.141	98.855 	105.235	100.463	1.58128 
89         	109.831         	911         	912        	201            	73              	99.7466     	0.139	98.815 	105.817	100.294	1.58332 
93         	109.802         	907         	908        	205            	68              	99.684      	0.132	98.77  	105.36 	100.227	1.57689 
95         	109.749         	905         	906        	207            	65              	99.6168     	0.128	98.77  	105.547	100.159	1.56364 
96         	109.771         	904         	905        	208            	64              	99.6301     	0.126	98.755 	105.325	100.077	1.56283 
97         	109.73          	903         	904        	209            	63              	99.5764     	0.125	98.69  	105.638	100.1  	1.60753 
98         	109.692         	902         	903        	210            	61              	99.5455     	0.123	98.665 	105.255	100.108	1.58957 
100        	109.666         	900         	901        	212            	59              	99.5006     	0.119	98.6425	105.842	100.097	1.63859 
101        	109.661         	899         	900        	213            	57              	99.4894     	0.117	98.6025	105.365	99.9704	1.58981 
102        	109.565         	898         	899        	214            	56              	99.3845     	0.115	98.555 	105.432	99.8691	1.55265 
105        	109.55          	895         	896        	217            	52              	99.3438     	0.110	98.5175	105.28 	99.8818	1.66266 
106        	109.461         	894         	895        	219            	51              	99.2489     	0.108	98.495 	105.815	99.8125	1.64637 
107        	109.494         	893         	894        	219            	49              	99.2737     	0.106	98.4425	105.573	99.7299	1.56848 
End Time (hh:mm:ss.ms) 2023-07-17 21:10:46.528191
Total Time (hh:mm:ss.ms) 0:00:33.743547
Individual: ([30, 8, 51, 21, 14, 53, 16, 1, 0, 17, 24, 6, 25, 35, 15, 47, 29, 2, 20, 37, 34, 27, 31, 9, 46, 26, 23, 19, 13, 38, 11, 48, 3, 39, 5, 52, 45, 33, 32, 50, 7, 42, 18, 10, 44, 4, 12, 22, 28, 41, 40, 49, 43, 36], [0, 0, 0, 0, 1, 0, 0, 0, 1, 1, 0, 0, 1, 1, 1, 0, 0, 0, 0, 0, 0, 0, 0, 1, 0, 0, 0, 0, 0, 1, 1, 1, 1, 0, 0, 1, 1, 1, 1, 1, 1, 0, 0, 0, 0, 0, 1, 1, 1, 1, 1, 1, 1, 0])
Fitness:  98.44250000000002
Gens:  [0, 1, 2, 3, 4, 5, 6, 7, 8, 9, 10, 11, 12, 13, 14, 15, 16, 17, 18, 19, 20, 21, 22, 23, 24, 25, 26, 27, 28, 29, 30, 31, 32, 33, 34, 35, 36, 37, 38, 39, 40, 41, 42, 43, 44, 45, 46, 47, 48, 49, 50, 51, 52, 53, 54, 55, 56, 57, 58, 59, 60, 61, 62, 63, 64, 65, 66, 67, 68, 69, 70, 71, 72, 73, 74, 75, 76, 77, 78, 79, 80, 81, 82, 83, 84, 85, 86, 87, 88, 89, 90, 91, 92, 93, 94, 95, 96, 97, 98, 99, 100, 101, 102, 103, 104, 105, 106, 107, 108, 109, 110]
Inds:  [102.60999999999996, 102.05250000000004, 102.05250000000004, 102.05250000000004, 102.05250000000004, 101.91999999999999, 101.91999999999999, 101.91999999999999, 101.90750000000001, 101.72249999999997, 101.72249999999997, 101.72249999999997, 101.59499999999996, 101.59499999999996, 101.59499999999996, 101.47749999999999, 101.47749999999999, 101.43999999999997, 101.43999999999997, 100.83500000000002, 100.83500000000002, 100.83500000000002, 100.83500000000002, 100.83500000000002, 100.83500000000002, 100.83500000000002, 100.8125, 100.8125, 100.8125, 100.74499999999999, 100.40749999999998, 100.40749999999998, 100.35250000000002, 100.35250000000002, 100.35250000000002, 100.35250000000002, 100.35250000000002, 100.35250000000002, 100.35250000000002, 100.315, 100.26750000000001, 99.84500000000003, 99.81250000000003, 99.81250000000003, 99.81250000000003, 99.81250000000003, 99.81250000000003, 99.81250000000003, 99.81250000000003, 99.77500000000002, 99.77500000000002, 99.77500000000002, 99.66000000000001, 99.455, 99.36, 99.36, 99.36, 99.36, 99.36, 99.36, 99.36, 99.36, 99.36, 99.24000000000001, 99.24000000000001, 99.24000000000001, 99.24000000000001, 99.14249999999998, 99.14249999999998, 99.14249999999998, 99.14249999999998, 99.14249999999998, 99.13249999999998, 99.05750000000005, 99.05750000000005, 99.05750000000005, 99.05750000000005, 99.05750000000005, 99.05750000000005, 99.01000000000002, 99.01000000000002, 99.01000000000002, 98.98250000000004, 98.98000000000002, 98.98000000000002, 98.98000000000002, 98.98000000000002, 98.96750000000003, 98.85500000000003, 98.81500000000004, 98.81500000000004, 98.81500000000004, 98.81500000000004, 98.77000000000004, 98.77000000000004, 98.77000000000002, 98.75500000000004, 98.69000000000003, 98.66500000000003, 98.66500000000003, 98.64250000000001, 98.6025, 98.555, 98.555, 98.555, 98.51750000000001, 98.49500000000002, 98.44250000000002, 98.44250000000002, 98.44250000000002, 98.44250000000002]

Execution 5:
Parameters: Y=0.999
Start Time (hh:mm:ss.ms) 2023-07-17 21:10:48.026189
generations	MaxGenenerations	Populationk1	Populationk	PopulationElite	PopulationMutant	fitnessElite	alpha	min    	max    	avg    	std     
0          	0               	0           	0          	0              	0               	0           	0    	102.972	105.787	104.376	0.476719
1          	114.469         	999         	1000       	100            	200             	103.817     	0.3  	102.485	105.712	104.07 	0.509294
3          	113.894         	997         	998        	103            	197             	103.378     	0.296	102.348	105.642	103.866	0.563065
5          	113.739         	995         	996        	105            	194             	103.266     	0.292	101.932	105.602	103.76 	0.641856
7          	113.261         	993         	994        	108            	191             	102.915     	0.289	101.897	105.672	103.644	0.673028
10         	113.31          	990         	991        	111            	187             	103.094     	0.284	101.82 	105.587	103.506	0.721261
12         	113.172         	988         	989        	114            	184             	102.895     	0.280	101.35 	105.522	103.381	0.73731 
13         	112.635         	987         	988        	115            	182             	102.513     	0.278	101.327	106.117	103.338	0.780584
17         	112.604         	983         	984        	120            	176             	102.45      	0.271	100.992	105.522	103.088	0.879015
20         	112.254         	980         	981        	123            	172             	102.236     	0.266	100.933	105.525	102.772	0.959494
21         	112.172         	979         	980        	125            	170             	102.146     	0.264	100.777	105.413	102.667	0.975403
25         	112.02          	975         	976        	129            	164             	102.046     	0.257	100.732	105.51 	102.464	1.10398 
26         	111.948         	974         	975        	131            	163             	101.952     	0.255	100.512	105.355	102.369	1.13017 
28         	111.739         	972         	973        	133            	160             	101.852     	0.251	100.477	105.7  	102.293	1.16849 
29         	111.685         	971         	972        	134            	158             	101.782     	0.249	100.255	105.57 	102.217	1.15408 
33         	111.43          	967         	968        	139            	152             	101.558     	0.242	100.18 	105.433	102.033	1.26483 
34         	111.325         	966         	967        	140            	151             	101.444     	0.240	100.12 	105.79 	101.993	1.26184 
35         	111.298         	965         	966        	141            	149             	101.475     	0.238	99.75  	105.377	101.949	1.27758 
46         	110.837         	954         	955        	154            	133             	100.974     	0.218	99.6975	105.495	101.494	1.42535 
48         	110.78          	952         	953        	156            	130             	100.914     	0.215	99.6725	105.477	101.469	1.4078  
50         	110.779         	950         	951        	159            	127             	100.926     	0.211	99.5875	105.713	101.446	1.44118 
53         	110.676         	947         	948        	162            	123             	100.81      	0.206	99.5525	105.822	101.33 	1.47916 
55         	110.662         	945         	946        	164            	120             	100.805     	0.202	99.4575	105.687	101.276	1.4548  
58         	110.535         	942         	943        	168            	116             	100.656     	0.196	99.445 	105.532	101.188	1.46099 
60         	110.557         	940         	941        	170            	113             	100.687     	0.193	99.38  	105.365	101.185	1.48064 
66         	110.442         	934         	935        	176            	105             	100.492     	0.182	99.275 	105.505	100.945	1.48441 
69         	110.33          	931         	932        	180            	101             	100.381     	0.176	99.2   	105.455	100.877	1.50108 
71         	110.236         	929         	930        	182            	98              	100.279     	0.173	99.105 	105.53 	100.777	1.49416 
72         	110.141         	928         	929        	183            	96              	100.204     	0.171	98.885 	105.65 	100.751	1.49848 
76         	109.9           	924         	925        	187            	91              	99.9773     	0.163	98.7825	105.468	100.638	1.53267 
81         	109.797         	919         	920        	193            	84              	99.8431     	0.154	98.605 	105.822	100.475	1.53334 
87         	109.592         	913         	914        	199            	76              	99.6039     	0.143	98.57  	105.262	100.163	1.5602  
88         	109.517         	912         	913        	200            	74              	99.5145     	0.141	98.31  	105.305	100.077	1.57387 
90         	109.273         	910         	911        	203            	71              	99.3194     	0.137	98.2625	105.362	99.957 	1.57767 
97         	109.18          	903         	904        	210            	62              	99.1362     	0.124	98.125 	105.32 	99.631 	1.64666 
101        	109.026         	899         	900        	214            	57              	98.9601     	0.116	97.9325	105.583	99.5028	1.65583 
107        	108.779         	893         	894        	220            	49              	98.6743     	0.105	97.93  	105.377	99.1095	1.60163 
108        	108.819         	892         	893        	221            	47              	98.6996     	0.103	97.8875	105.205	99.1548	1.64803 
End Time (hh:mm:ss.ms) 2023-07-17 21:11:27.281843
Total Time (hh:mm:ss.ms) 0:00:39.255654
Individual: ([30, 13, 19, 41, 46, 35, 34, 24, 37, 17, 6, 2, 50, 29, 18, 40, 26, 8, 23, 25, 27, 14, 45, 52, 7, 33, 53, 16, 3, 39, 11, 38, 48, 5, 28, 22, 10, 51, 49, 42, 1, 21, 9, 32, 20, 0, 4, 44, 31, 12, 43, 15, 36, 47], [0, 1, 1, 0, 0, 0, 0, 0, 0, 0, 1, 1, 1, 1, 1, 1, 1, 1, 1, 0, 1, 0, 0, 0, 0, 0, 0, 0, 0, 0, 0, 0, 0, 0, 0, 1, 1, 1, 0, 1, 1, 1, 1, 1, 0, 1, 1, 1, 1, 0, 0, 0, 1, 1])
Fitness:  97.88749999999999
Gens:  [0, 1, 2, 3, 4, 5, 6, 7, 8, 9, 10, 11, 12, 13, 14, 15, 16, 17, 18, 19, 20, 21, 22, 23, 24, 25, 26, 27, 28, 29, 30, 31, 32, 33, 34, 35, 36, 37, 38, 39, 40, 41, 42, 43, 44, 45, 46, 47, 48, 49, 50, 51, 52, 53, 54, 55, 56, 57, 58, 59, 60, 61, 62, 63, 64, 65, 66, 67, 68, 69, 70, 71, 72, 73, 74, 75, 76, 77, 78, 79, 80, 81, 82, 83, 84, 85, 86, 87, 88, 89, 90, 91, 92, 93, 94, 95, 96, 97, 98, 99, 100, 101, 102, 103, 104, 105, 106, 107, 108, 109]
Inds:  [102.97249999999998, 102.485, 102.485, 102.34750000000003, 102.34750000000003, 101.93249999999998, 101.93249999999998, 101.89749999999998, 101.89749999999998, 101.89749999999998, 101.82, 101.82, 101.35, 101.32749999999999, 101.32749999999999, 101.32749999999999, 101.32749999999999, 100.99249999999998, 100.99249999999998, 100.99249999999998, 100.9325, 100.77749999999995, 100.77749999999995, 100.77749999999995, 100.77749999999995, 100.73249999999997, 100.51249999999996, 100.51249999999996, 100.47749999999996, 100.25500000000001, 100.25500000000001, 100.25500000000001, 100.25500000000001, 100.17999999999996, 100.12, 99.74999999999999, 99.74999999999999, 99.74999999999999, 99.74999999999999, 99.74999999999999, 99.74999999999999, 99.74999999999999, 99.74999999999999, 99.74999999999999, 99.74999999999999, 99.74999999999999, 99.69749999999999, 99.69749999999999, 99.67250000000001, 99.67250000000001, 99.58750000000002, 99.58750000000002, 99.58750000000002, 99.55250000000001, 99.55250000000001, 99.4575, 99.4575, 99.4575, 99.445, 99.445, 99.38000000000001, 99.38000000000001, 99.38000000000001, 99.38000000000001, 99.38000000000001, 99.38000000000001, 99.27499999999999, 99.27499999999999, 99.27499999999999, 99.19999999999999, 99.19999999999999, 99.10499999999999, 98.88499999999993, 98.88499999999993, 98.88499999999993, 98.88499999999993, 98.78250000000003, 98.78250000000003, 98.78250000000003, 98.78250000000003, 98.78250000000003, 98.60499999999999, 98.60499999999999, 98.60499999999999, 98.60499999999999, 98.60499999999999, 98.60499999999999, 98.57, 98.31000000000002, 98.31000000000002, 98.2625, 98.2625, 98.2625, 98.2625, 98.2625, 98.2625, 98.2625, 98.12499999999997, 98.12499999999997, 98.12499999999997, 98.12499999999997, 97.93249999999998, 97.93249999999998, 97.93249999999998, 97.93249999999998, 97.93249999999998, 97.93249999999998, 97.93, 97.88749999999999, 97.88749999999999]

Execution 6:
Parameters: Y=0.999
Start Time (hh:mm:ss.ms) 2023-07-17 21:11:29.636843
generations	MaxGenenerations	Populationk1	Populationk	PopulationElite	PopulationMutant	fitnessElite	alpha	min    	max    	avg    	std     
0          	0               	0           	0          	0              	0               	0           	0    	102.525	105.733	104.402	0.475874
3          	113.941         	997         	998        	103            	197             	103.412     	0.296	102.365	105.632	103.856	0.583035
4          	113.776         	996         	997        	104            	196             	103.328     	0.294	102.155	105.75 	103.784	0.59337 
5          	113.556         	995         	996        	105            	194             	103.208     	0.292	102.145	105.66 	103.728	0.648272
8          	113.535         	992         	993        	109            	190             	103.158     	0.287	101.88 	105.738	103.567	0.684289
9          	113.249         	991         	992        	110            	188             	102.983     	0.285	101.705	105.42 	103.494	0.721521
14         	113.045         	986         	987        	116            	181             	102.801     	0.277	101.618	106.055	103.293	0.805186
17         	112.952         	983         	984        	120            	176             	102.726     	0.271	101.573	105.47 	103.191	0.802603
19         	112.886         	981         	982        	122            	173             	102.64      	0.268	101.35 	105.915	103.115	0.864605
21         	112.625         	979         	980        	124            	170             	102.428     	0.264	101.335	105.665	103.006	0.866634
22         	112.635         	978         	979        	126            	169             	102.473     	0.262	101.31 	105.57 	102.976	0.885698
24         	112.615         	976         	977        	128            	166             	102.457     	0.259	101.118	105.615	102.872	0.941072
27         	112.396         	973         	974        	132            	161             	102.279     	0.253	100.868	105.422	102.723	0.975785
31         	112.089         	969         	970        	136            	155             	101.993     	0.246	100.75 	105.715	102.478	1.04657 
32         	111.99          	968         	969        	137            	154             	101.965     	0.244	100.743	105.32 	102.42 	1.05154 
33         	111.937         	967         	968        	139            	152             	101.854     	0.242	100.537	105.377	102.371	1.06627 
35         	111.725         	965         	966        	141            	149             	101.713     	0.239	100.47 	105.725	102.248	1.13685 
37         	111.673         	963         	964        	143            	147             	101.694     	0.235	100.378	105.385	102.16 	1.15539 
38         	111.539         	962         	963        	145            	145             	101.548     	0.233	100.162	105.783	102.101	1.16463 
41         	111.328         	959         	960        	148            	141             	101.412     	0.228	100.03 	105.685	101.967	1.26397 
45         	111.19          	955         	956        	153            	135             	101.287     	0.220	99.8625	105.465	101.748	1.24222 
46         	110.976         	954         	955        	154            	133             	101.089     	0.218	99.86  	105.522	101.664	1.33164 
48         	111.004         	952         	953        	156            	130             	101.126     	0.215	99.41  	105.512	101.675	1.35738 
52         	110.471         	948         	949        	161            	124             	100.664     	0.207	99.385 	105.472	101.321	1.45297 
56         	110.455         	944         	945        	165            	119             	100.622     	0.200	99.32  	105.722	101.128	1.47628 
57         	110.401         	943         	944        	167            	117             	100.591     	0.198	99.285 	105.502	101.127	1.53061 
59         	110.333         	941         	942        	169            	115             	100.488     	0.194	99.26  	105.57 	101.008	1.53745 
60         	110.318         	940         	941        	170            	113             	100.478     	0.193	99.2275	105.28 	101.012	1.54079 
61         	110.25          	939         	940        	171            	112             	100.384     	0.191	98.9425	105.437	100.921	1.54051 
64         	109.939         	936         	937        	175            	107             	100.128     	0.185	98.885 	105.617	100.76 	1.57864 
65         	109.906         	935         	936        	176            	106             	100.121     	0.183	98.7375	105.412	100.743	1.62626 
69         	109.721         	931         	932        	180            	100             	99.9139     	0.176	98.73  	105.322	100.54 	1.66259 
70         	109.702         	930         	931        	181            	99              	99.8784     	0.174	98.6675	105.472	100.485	1.65902 
71         	109.649         	929         	930        	182            	97              	99.8401     	0.172	98.5675	105.513	100.452	1.68493 
76         	109.51          	924         	925        	188            	90              	99.6524     	0.163	98.555 	105.357	100.285	1.70159 
78         	109.526         	922         	923        	190            	88              	99.6608     	0.159	98.5325	105.383	100.219	1.70306 
79         	109.489         	921         	922        	191            	86              	99.6115     	0.157	98.52  	105.42 	100.124	1.67347 
80         	109.479         	920         	921        	192            	85              	99.5942     	0.155	98.1625	105.417	100.124	1.71484 
91         	109.067         	909         	910        	204            	70              	99.1238     	0.134	98.1075	105.47 	99.702 	1.72361 
92         	109.026         	908         	909        	205            	68              	99.0872     	0.133	98.085 	105.31 	99.7064	1.74576 
96         	109.016         	904         	905        	209            	63              	99.0304     	0.125	98.015 	105.7  	99.5513	1.70368 
97         	108.948         	903         	904        	210            	62              	98.9662     	0.123	97.875 	105.717	99.4871	1.74676 
98         	108.795         	902         	903        	211            	60              	98.8293     	0.121	97.81  	105.4  	99.4022	1.66826 
100        	108.694         	900         	901        	213            	58              	98.7106     	0.117	97.76  	105.62 	99.4314	1.7587  
107        	108.643         	893         	894        	220            	48              	98.5711     	0.104	97.74  	105.555	99.0796	1.65335 
108        	108.627         	892         	893        	221            	47              	98.5449     	0.102	97.69  	105.072	99.0627	1.71013 
End Time (hh:mm:ss.ms) 2023-07-17 21:11:54.926355
Total Time (hh:mm:ss.ms) 0:00:25.289512
Individual: ([30, 36, 47, 15, 13, 18, 9, 28, 38, 5, 1, 3, 16, 48, 21, 10, 49, 40, 41, 51, 42, 23, 25, 35, 19, 26, 8, 46, 22, 14, 6, 2, 20, 52, 45, 27, 31, 44, 17, 50, 29, 7, 11, 39, 53, 33, 32, 0, 34, 4, 24, 37, 12, 43], [0, 1, 1, 0, 0, 0, 0, 1, 1, 0, 1, 0, 1, 0, 1, 0, 0, 0, 0, 0, 1, 0, 1, 1, 1, 0, 1, 1, 0, 1, 1, 1, 1, 1, 1, 0, 0, 0, 0, 1, 1, 1, 1, 1, 1, 1, 1, 0, 1, 0, 0, 0, 0, 0])
Fitness:  97.69000000000001
Gens:  [0, 1, 2, 3, 4, 5, 6, 7, 8, 9, 10, 11, 12, 13, 14, 15, 16, 17, 18, 19, 20, 21, 22, 23, 24, 25, 26, 27, 28, 29, 30, 31, 32, 33, 34, 35, 36, 37, 38, 39, 40, 41, 42, 43, 44, 45, 46, 47, 48, 49, 50, 51, 52, 53, 54, 55, 56, 57, 58, 59, 60, 61, 62, 63, 64, 65, 66, 67, 68, 69, 70, 71, 72, 73, 74, 75, 76, 77, 78, 79, 80, 81, 82, 83, 84, 85, 86, 87, 88, 89, 90, 91, 92, 93, 94, 95, 96, 97, 98, 99, 100, 101, 102, 103, 104, 105, 106, 107, 108, 109]
Inds:  [102.52499999999999, 102.52499999999999, 102.52499999999999, 102.36500000000001, 102.15499999999997, 102.14499999999998, 102.14499999999998, 102.14499999999998, 101.87999999999997, 101.70499999999998, 101.70499999999998, 101.70499999999998, 101.70499999999998, 101.70499999999998, 101.6175, 101.6175, 101.6175, 101.57250000000002, 101.57250000000002, 101.34999999999998, 101.34999999999998, 101.33500000000001, 101.31000000000002, 101.31000000000002, 101.1175, 101.1175, 101.1175, 100.8675, 100.8675, 100.8675, 100.8675, 100.75, 100.7425, 100.5375, 100.5375, 100.47000000000004, 100.47000000000004, 100.37750000000003, 100.1625, 100.1625, 100.1625, 100.03000000000002, 100.03000000000002, 100.03000000000002, 100.03000000000002, 99.86250000000001, 99.85999999999996, 99.85999999999996, 99.40999999999998, 99.40999999999998, 99.40999999999998, 99.40999999999998, 99.38499999999999, 99.38499999999999, 99.38499999999999, 99.38499999999999, 99.32, 99.285, 99.285, 99.25999999999998, 99.22749999999999, 98.94249999999998, 98.94249999999998, 98.94249999999998, 98.885, 98.73750000000001, 98.73750000000001, 98.73750000000001, 98.73750000000001, 98.72999999999996, 98.66749999999998, 98.56749999999997, 98.56749999999997, 98.56749999999997, 98.56749999999997, 98.56749999999997, 98.555, 98.555, 98.53249999999997, 98.51999999999998, 98.16250000000001, 98.16250000000001, 98.16250000000001, 98.16250000000001, 98.16250000000001, 98.16250000000001, 98.16250000000001, 98.16250000000001, 98.16250000000001, 98.16250000000001, 98.16250000000001, 98.1075, 98.08499999999998, 98.08499999999998, 98.08499999999998, 98.08499999999998, 98.01500000000001, 97.87499999999999, 97.80999999999999, 97.80999999999999, 97.76, 97.76, 97.76, 97.76, 97.76, 97.76, 97.76, 97.73999999999997, 97.69000000000001, 97.69000000000001]

Execution 7:
Parameters: Y=0.999
Start Time (hh:mm:ss.ms) 2023-07-17 21:11:56.224355
generations	MaxGenenerations	Populationk1	Populationk	PopulationElite	PopulationMutant	fitnessElite	alpha	min   	max    	avg    	std     
0          	0               	0           	0          	0              	0               	0           	0    	102.83	105.825	104.363	0.491295
1          	114.315         	999         	1000       	100            	200             	103.728     	0.3  	102.665	105.675	104.05 	0.511786
2          	114.114         	998         	999        	102            	199             	103.563     	0.298	102.498	105.515	103.935	0.54595 
3          	113.91          	997         	998        	103            	197             	103.392     	0.296	102.26 	105.442	103.851	0.569446
6          	113.69          	994         	995        	106            	193             	103.322     	0.291	102.12 	105.617	103.69 	0.63934 
9          	113.477         	991         	992        	110            	188             	103.056     	0.285	101.383	105.567	103.586	0.686238
16         	112.699         	984         	985        	119            	178             	102.581     	0.273	101.248	105.567	103.175	0.859268
17         	112.526         	983         	984        	120            	176             	102.421     	0.271	101.155	105.525	103.072	0.898342
18         	112.419         	982         	983        	121            	175             	102.334     	0.269	100.995	105.427	102.938	0.92212 
21         	112.256         	979         	980        	125            	170             	102.228     	0.264	100.928	105.612	102.657	1.00213 
23         	112.159         	977         	978        	127            	167             	102.111     	0.260	100.842	105.705	102.544	1.09202 
24         	112.092         	976         	977        	128            	166             	102.102     	0.258	100.358	105.693	102.516	1.10266 
27         	111.559         	973         	974        	132            	161             	101.726     	0.253	100.358	105.472	102.244	1.18669 
30         	111.516         	970         	971        	135            	157             	101.601     	0.247	100.27 	105.592	102.113	1.24428 
31         	111.443         	969         	970        	137            	155             	101.58      	0.246	100.26 	105.37 	102.077	1.28022 
32         	111.407         	968         	969        	138            	154             	101.509     	0.244	100.03 	105.42 	102.049	1.29985 
33         	111.157         	967         	968        	139            	152             	101.337     	0.242	100.002	105.665	101.934	1.33494 
36         	111.162         	964         	965        	142            	148             	101.363     	0.237	99.775 	105.633	101.894	1.37487 
37         	110.897         	963         	964        	144            	146             	101.152     	0.235	99.71  	105.605	101.799	1.38243 
38         	110.822         	962         	963        	145            	145             	101.085     	0.233	99.7075	105.45 	101.747	1.38939 
43         	110.808         	957         	958        	151            	137             	101.008     	0.224	99.585 	105.822	101.643	1.4633  
45         	110.668         	955         	956        	153            	135             	100.883     	0.220	99.535 	105.627	101.501	1.46408 
50         	110.617         	950         	951        	159            	127             	100.799     	0.211	99.4675	105.417	101.347	1.48776 
52         	110.533         	948         	949        	161            	124             	100.707     	0.207	99.365 	105.673	101.308	1.49776 
53         	110.446         	947         	948        	162            	123             	100.663     	0.205	99.28  	105.332	101.298	1.52474 
62         	110.311         	938         	939        	172            	110             	100.421     	0.189	99.185 	105.485	101.094	1.56425 
67         	110.253         	933         	934        	178            	103             	100.367     	0.180	99.17  	105.975	100.955	1.58984 
71         	110.197         	929         	930        	182            	98              	100.244     	0.172	99.13  	105.665	100.801	1.57396 
72         	110.184         	928         	929        	183            	96              	100.248     	0.171	99.015 	105.685	100.83 	1.5717  
77         	110.044         	923         	924        	188            	89              	100.074     	0.161	98.8175	105.132	100.639	1.58575 
80         	109.813         	920         	921        	192            	85              	99.8534     	0.156	98.8075	105.46 	100.497	1.58833 
84         	109.82          	916         	917        	196            	80              	99.8204     	0.148	98.7875	105.368	100.382	1.61021 
85         	109.77          	915         	916        	197            	78              	99.7545     	0.146	98.7625	105.29 	100.342	1.5822  
86         	109.734         	914         	915        	198            	77              	99.7095     	0.145	98.7025	105.767	100.267	1.58214 
87         	109.72          	913         	914        	199            	76              	99.7145     	0.143	98.6525	105.578	100.314	1.63992 
88         	109.643         	912         	913        	200            	74              	99.631      	0.141	98.615 	105.267	100.283	1.61583 
89         	109.568         	911         	912        	201            	73              	99.5422     	0.139	98.595 	105.325	100.147	1.59482 
90         	109.552         	910         	911        	202            	72              	99.5205     	0.137	98.5725	105.158	100.115	1.59422 
92         	109.515         	908         	909        	204            	69              	99.461      	0.133	98.5575	105.763	100.105	1.65451 
97         	109.511         	903         	904        	210            	62              	99.4025     	0.124	98.4925	105.608	99.9373	1.5954  
99         	109.417         	901         	902        	212            	60              	99.2951     	0.120	98.4175	105.56 	99.8255	1.59317 
100        	109.38          	900         	901        	213            	58              	99.2673     	0.118	98.415 	105.325	99.7784	1.59347 
103        	109.348         	897         	898        	216            	54              	99.1949     	0.113	98.3675	105.483	99.7177	1.55484 
106        	109.322         	894         	895        	219            	51              	99.1407     	0.107	98.3325	105.395	99.6276	1.61457 
107        	109.268         	893         	894        	220            	49              	99.081      	0.105	98.3125	105.32 	99.5764	1.55417 
108        	109.237         	892         	893        	221            	48              	99.042      	0.104	98.3125	105.165	99.4921	1.52114 
110        	109.246         	890         	891        	223            	45              	99.0239     	0.100	98.23  	105.365	99.5113	1.52943 
End Time (hh:mm:ss.ms) 2023-07-17 21:12:23.099814
Total Time (hh:mm:ss.ms) 0:00:26.875459
Individual: ([35, 14, 18, 34, 44, 37, 2, 50, 29, 20, 24, 4, 27, 45, 53, 7, 9, 12, 36, 23, 19, 51, 10, 49, 21, 1, 16, 48, 52, 32, 33, 40, 42, 0, 17, 6, 31, 25, 26, 8, 46, 15, 47, 30, 22, 28, 38, 11, 39, 5, 3, 41, 13, 43], [0, 0, 1, 1, 1, 1, 1, 1, 1, 0, 1, 1, 1, 0, 0, 1, 0, 0, 0, 0, 0, 0, 0, 0, 0, 0, 0, 0, 1, 0, 0, 0, 1, 1, 1, 0, 0, 0, 0, 0, 1, 1, 1, 1, 1, 1, 1, 1, 1, 0, 0, 1, 1, 0])
Fitness:  98.23000000000002
Gens:  [0, 1, 2, 3, 4, 5, 6, 7, 8, 9, 10, 11, 12, 13, 14, 15, 16, 17, 18, 19, 20, 21, 22, 23, 24, 25, 26, 27, 28, 29, 30, 31, 32, 33, 34, 35, 36, 37, 38, 39, 40, 41, 42, 43, 44, 45, 46, 47, 48, 49, 50, 51, 52, 53, 54, 55, 56, 57, 58, 59, 60, 61, 62, 63, 64, 65, 66, 67, 68, 69, 70, 71, 72, 73, 74, 75, 76, 77, 78, 79, 80, 81, 82, 83, 84, 85, 86, 87, 88, 89, 90, 91, 92, 93, 94, 95, 96, 97, 98, 99, 100, 101, 102, 103, 104, 105, 106, 107, 108, 109, 110]
Inds:  [102.82999999999996, 102.66499999999996, 102.4975, 102.25999999999999, 102.25999999999999, 102.25999999999999, 102.11999999999998, 102.11999999999998, 102.11999999999998, 101.38250000000001, 101.38250000000001, 101.38250000000001, 101.38250000000001, 101.38250000000001, 101.38250000000001, 101.38250000000001, 101.24750000000003, 101.15499999999999, 100.99499999999999, 100.99499999999999, 100.99499999999999, 100.92750000000004, 100.92750000000004, 100.84249999999999, 100.35750000000003, 100.35750000000003, 100.35750000000003, 100.35750000000002, 100.35750000000002, 100.35750000000002, 100.27000000000001, 100.25999999999999, 100.03, 100.00249999999998, 100.00249999999998, 100.00249999999998, 99.775, 99.71000000000001, 99.70750000000004, 99.70750000000004, 99.70750000000004, 99.70750000000004, 99.70750000000004, 99.58500000000002, 99.58500000000002, 99.53500000000003, 99.53500000000003, 99.53500000000003, 99.53500000000003, 99.53500000000003, 99.4675, 99.4675, 99.36500000000004, 99.28000000000003, 99.28000000000003, 99.28000000000003, 99.28000000000003, 99.28000000000003, 99.28000000000003, 99.28000000000003, 99.28000000000003, 99.28000000000003, 99.18500000000002, 99.18500000000002, 99.18500000000002, 99.18500000000002, 99.18500000000002, 99.17000000000002, 99.17000000000002, 99.17000000000002, 99.17000000000002, 99.13000000000001, 99.01499999999999, 99.01499999999999, 99.01499999999999, 99.01499999999999, 99.01499999999999, 98.81750000000002, 98.81750000000002, 98.81750000000002, 98.8075, 98.8075, 98.8075, 98.8075, 98.78750000000001, 98.76250000000002, 98.70250000000003, 98.6525, 98.61500000000002, 98.59500000000001, 98.5725, 98.5725, 98.55750000000002, 98.55750000000002, 98.55750000000002, 98.55750000000002, 98.55750000000002, 98.49250000000004, 98.49250000000004, 98.41750000000005, 98.41500000000002, 98.41500000000002, 98.41500000000002, 98.36750000000002, 98.36750000000002, 98.36750000000002, 98.33250000000002, 98.31250000000003, 98.31249999999999, 98.31249999999999, 98.23000000000002]

Execution 8:
Parameters: Y=0.999
Start Time (hh:mm:ss.ms) 2023-07-17 21:12:24.285814
generations	MaxGenenerations	Populationk1	Populationk	PopulationElite	PopulationMutant	fitnessElite	alpha	min    	max    	avg    	std     
0          	0               	0           	0          	0              	0               	0           	0    	102.982	105.768	104.383	0.485499
1          	114.478         	999         	1000       	100            	200             	103.818     	0.3  	102.485	105.74 	104.073	0.51505 
3          	113.913         	997         	998        	103            	197             	103.429     	0.296	102.4  	105.7  	103.839	0.576935
4          	113.822         	996         	997        	104            	196             	103.373     	0.294	102.19 	105.535	103.776	0.607209
5          	113.57          	995         	996        	105            	194             	103.17      	0.292	102.13 	105.52 	103.698	0.625656
6          	113.502         	994         	995        	106            	193             	103.117     	0.291	101.99 	105.578	103.654	0.659795
8          	113.334         	992         	993        	109            	190             	102.974     	0.287	101.98 	105.607	103.519	0.691286
10         	113.333         	990         	991        	111            	187             	102.981     	0.284	101.692	105.285	103.407	0.699218
13         	113.021         	987         	988        	115            	182             	102.773     	0.278	101.592	105.5  	103.257	0.768384
14         	112.902         	986         	987        	116            	181             	102.675     	0.276	101.453	105.55 	103.242	0.79389 
17         	112.744         	983         	984        	120            	176             	102.546     	0.271	101.405	105.832	103.092	0.863824
20         	112.692         	980         	981        	123            	172             	102.491     	0.266	101.248	105.445	102.984	0.894686
22         	112.535         	978         	979        	126            	169             	102.401     	0.262	100.865	105.64 	102.853	0.950341
24         	112.109         	976         	977        	128            	166             	102.102     	0.258	100.498	105.392	102.654	1.00457 
28         	111.691         	972         	973        	133            	160             	101.769     	0.251	100.405	105.592	102.274	1.13771 
29         	111.593         	971         	972        	134            	158             	101.701     	0.249	100.385	105.5  	102.163	1.19339 
30         	111.56          	970         	971        	135            	157             	101.654     	0.248	99.8275	105.533	102.092	1.21876 
36         	110.929         	964         	965        	143            	148             	101.147     	0.236	99.33  	105.68 	101.695	1.38087 
47         	110.376         	953         	954        	155            	132             	100.643     	0.216	99.3025	105.863	101.183	1.55301 
54         	110.418         	946         	947        	163            	122             	100.678     	0.204	99.095 	105.362	101.093	1.59575 
55         	110.112         	945         	946        	165            	120             	100.361     	0.201	98.9675	105.358	100.938	1.5746  
64         	109.997         	936         	937        	175            	107             	100.199     	0.185	98.7925	105.492	100.776	1.63449 
67         	109.819         	933         	934        	178            	103             	100.044     	0.179	98.6825	105.63 	100.563	1.6709  
69         	109.667         	931         	932        	180            	100             	99.881      	0.175	98.565 	105.415	100.522	1.69827 
75         	109.519         	925         	926        	187            	92              	99.6795     	0.164	98.445 	105.51 	100.244	1.70504 
81         	109.395         	919         	920        	193            	83              	99.517      	0.153	98.3525	105.68 	100.031	1.73627 
86         	109.334         	914         	915        	198            	77              	99.4288     	0.144	98.1775	105.53 	99.9085	1.7112  
90         	109.089         	910         	911        	203            	71              	99.1569     	0.136	98.17  	105.205	99.8043	1.74666 
93         	109.098         	907         	908        	206            	67              	99.1314     	0.131	98.1425	105.47 	99.6685	1.69856 
97         	109.027         	903         	904        	210            	62              	99.007      	0.123	98.0425	105.345	99.48  	1.69805 
98         	108.94          	902         	903        	211            	60              	98.9328     	0.121	98.0375	105.415	99.4135	1.70284 
99         	108.942         	901         	902        	212            	59              	98.9235     	0.120	98.015 	105.19 	99.3325	1.67331 
102        	108.902         	898         	899        	215            	55              	98.8461     	0.114	97.9725	105.622	99.3622	1.71597 
104        	108.836         	896         	897        	217            	53              	98.7622     	0.110	97.9575	105.355	99.2022	1.63474 
105        	108.847         	895         	896        	218            	51              	98.7631     	0.108	97.92  	105.302	99.2065	1.70022 
107        	108.804         	893         	894        	220            	49              	98.7002     	0.105	97.8925	105.527	99.2031	1.7176  
End Time (hh:mm:ss.ms) 2023-07-17 21:12:50.995815
Total Time (hh:mm:ss.ms) 0:00:26.710001
Individual: ([30, 4, 31, 44, 24, 0, 17, 37, 29, 1, 16, 10, 34, 9, 6, 50, 2, 20, 52, 14, 21, 7, 32, 45, 33, 53, 42, 26, 8, 23, 28, 3, 39, 11, 38, 48, 5, 49, 46, 19, 15, 13, 35, 22, 25, 51, 18, 40, 41, 27, 12, 36, 43, 47], [0, 1, 0, 1, 0, 0, 1, 1, 1, 1, 1, 0, 1, 1, 1, 1, 1, 1, 1, 0, 0, 0, 0, 0, 0, 0, 0, 1, 0, 1, 1, 0, 0, 0, 0, 0, 0, 0, 0, 0, 0, 0, 0, 0, 0, 0, 1, 1, 0, 0, 0, 0, 1, 1])
Fitness:  97.8925
Gens:  [0, 1, 2, 3, 4, 5, 6, 7, 8, 9, 10, 11, 12, 13, 14, 15, 16, 17, 18, 19, 20, 21, 22, 23, 24, 25, 26, 27, 28, 29, 30, 31, 32, 33, 34, 35, 36, 37, 38, 39, 40, 41, 42, 43, 44, 45, 46, 47, 48, 49, 50, 51, 52, 53, 54, 55, 56, 57, 58, 59, 60, 61, 62, 63, 64, 65, 66, 67, 68, 69, 70, 71, 72, 73, 74, 75, 76, 77, 78, 79, 80, 81, 82, 83, 84, 85, 86, 87, 88, 89, 90, 91, 92, 93, 94, 95, 96, 97, 98, 99, 100, 101, 102, 103, 104, 105, 106, 107, 108, 109]
Inds:  [102.98249999999999, 102.48499999999997, 102.48499999999997, 102.39999999999999, 102.19, 102.12999999999997, 101.99, 101.99, 101.97999999999998, 101.97999999999998, 101.6925, 101.6925, 101.6925, 101.59249999999999, 101.4525, 101.4525, 101.4525, 101.40499999999997, 101.40499999999997, 101.40499999999997, 101.2475, 101.2475, 100.86500000000001, 100.86500000000001, 100.4975, 100.4975, 100.4975, 100.4975, 100.40500000000002, 100.38499999999999, 99.8275, 99.8275, 99.8275, 99.8275, 99.8275, 99.8275, 99.33, 99.33, 99.33, 99.33, 99.33, 99.33, 99.33, 99.33, 99.33, 99.33, 99.33, 99.30250000000001, 99.30250000000001, 99.30250000000001, 99.30250000000001, 99.30250000000001, 99.30250000000001, 99.30250000000001, 99.095, 98.96750000000002, 98.96750000000002, 98.96750000000002, 98.96750000000002, 98.96750000000002, 98.96750000000002, 98.96750000000002, 98.96750000000002, 98.96750000000002, 98.7925, 98.7925, 98.7925, 98.68249999999999, 98.68249999999999, 98.56500000000003, 98.56500000000003, 98.56500000000003, 98.56500000000003, 98.56500000000003, 98.56500000000003, 98.44500000000002, 98.44500000000002, 98.44500000000002, 98.44500000000002, 98.44500000000002, 98.44500000000002, 98.35250000000003, 98.35250000000003, 98.35250000000003, 98.35250000000003, 98.35250000000003, 98.17750000000001, 98.17750000000001, 98.17750000000001, 98.17750000000001, 98.17000000000002, 98.17000000000002, 98.17000000000002, 98.14249999999998, 98.14249999999998, 98.14249999999998, 98.14249999999998, 98.04250000000002, 98.0375, 98.01499999999999, 98.01499999999999, 98.01499999999999, 97.97249999999998, 97.97249999999998, 97.95749999999998, 97.92000000000002, 97.92000000000002, 97.8925, 97.8925, 97.8925]

Execution 9:
Parameters: Y=0.999
Start Time (hh:mm:ss.ms) 2023-07-17 21:12:52.178814
generations	MaxGenenerations	Populationk1	Populationk	PopulationElite	PopulationMutant	fitnessElite	alpha	min   	max   	avg    	std     
0          	0               	0           	0          	0              	0               	0           	0    	102.83	105.78	104.361	0.473501
1          	114.31          	999         	1000       	100            	200             	103.715     	0.3  	102.49	105.685	104.073	0.514542
3          	113.903         	997         	998        	103            	197             	103.392     	0.296	102.24	105.81 	103.878	0.582211
4          	113.657         	996         	997        	104            	196             	103.292     	0.294	102.205	105.627	103.821	0.59621 
6          	113.588         	994         	995        	106            	193             	103.178     	0.291	102.077	105.722	103.634	0.648573
8          	113.449         	992         	993        	109            	190             	103.083     	0.287	101.975	105.715	103.565	0.677213
10         	113.319         	990         	991        	111            	187             	102.955     	0.284	101.523	105.422	103.504	0.713005
12         	112.88          	988         	989        	114            	184             	102.776     	0.280	101.353	105.627	103.395	0.759588
13         	112.65          	987         	988        	115            	182             	102.544     	0.278	101.345	105.713	103.327	0.786715
16         	112.632         	984         	985        	119            	178             	102.492     	0.273	101.32 	105.23 	103.067	0.821836
19         	112.638         	981         	982        	122            	173             	102.532     	0.268	101.26 	105.545	102.876	0.911568
20         	112.538         	980         	981        	123            	172             	102.401     	0.266	101.047	105.442	102.832	0.944098
23         	112.327         	977         	978        	127            	167             	102.281     	0.260	101.03 	105.575	102.672	1.00802 
24         	112.286         	976         	977        	128            	166             	102.207     	0.259	100.935	105.822	102.63 	1.05403 
25         	112.208         	975         	976        	129            	164             	102.192     	0.257	100.695	105.795	102.556	1.04465 
28         	111.928         	972         	973        	133            	160             	101.956     	0.251	100.547	105.703	102.368	1.10899 
29         	111.764         	971         	972        	134            	158             	101.836     	0.249	100.507	105.422	102.328	1.13492 
32         	111.703         	968         	969        	138            	154             	101.743     	0.244	100.447	105.417	102.225	1.19395 
33         	111.621         	967         	968        	139            	152             	101.654     	0.242	100.28 	105.747	102.174	1.18415 
36         	111.443         	964         	965        	142            	148             	101.516     	0.237	100.213	105.492	102.015	1.25312 
39         	111.374         	961         	962        	146            	144             	101.449     	0.231	100.01 	105.617	101.912	1.28081 
41         	111.127         	959         	960        	148            	141             	101.228     	0.228	99.9   	105.473	101.8  	1.29045 
43         	111.021         	957         	958        	151            	138             	101.155     	0.224	99.76  	105.605	101.744	1.34045 
44         	110.877         	956         	957        	152            	136             	101.06      	0.222	99.675 	105.675	101.716	1.33481 
53         	110.753         	947         	948        	162            	123             	100.841     	0.206	99.2   	105.738	101.401	1.43446 
58         	110.214         	942         	943        	168            	116             	100.387     	0.196	99.155 	105.89 	101.116	1.46402 
64         	110.199         	936         	937        	174            	107             	100.342     	0.185	99.0875	105.855	100.947	1.49853 
66         	110.144         	934         	935        	177            	105             	100.296     	0.181	99.0525	105.535	100.857	1.52156 
67         	110.083         	933         	934        	178            	103             	100.22      	0.180	98.9525	105.545	100.853	1.53768 
72         	109.955         	928         	929        	183            	96              	100.05      	0.170	98.7775	105.48 	100.686	1.54895 
76         	109.782         	924         	925        	188            	91              	99.8884     	0.163	98.735 	105.505	100.472	1.55564 
81         	109.712         	919         	920        	193            	84              	99.7575     	0.154	98.715 	105.527	100.387	1.54354 
82         	109.707         	918         	919        	194            	82              	99.7528     	0.152	98.55  	105.44 	100.301	1.5825  
84         	109.505         	916         	917        	196            	80              	99.5592     	0.148	98.47  	105.302	100.247	1.59699 
93         	109.45          	907         	908        	206            	68              	99.4186     	0.131	98.3825	105.438	99.9317	1.58955 
95         	109.329         	905         	906        	208            	65              	99.2871     	0.128	98.265 	105.372	99.7797	1.52204 
96         	109.19          	904         	905        	209            	63              	99.1605     	0.125	98.255 	105.325	99.7518	1.55624 
97         	109.174         	903         	904        	210            	62              	99.1326     	0.124	98.2025	105.772	99.7061	1.56206 
100        	109.135         	900         	901        	213            	58              	99.0684     	0.118	98.0675	105.555	99.5796	1.56797 
105        	108.941         	895         	896        	218            	51              	98.834      	0.109	98.05  	105.237	99.4006	1.61378 
107        	108.951         	893         	894        	220            	49              	98.8219     	0.105	98.0475	105.34 	99.378 	1.60689 
108        	108.945         	892         	893        	221            	47              	98.8028     	0.103	97.9975	105.303	99.315 	1.54531 
109        	108.886         	891         	892        	222            	46              	98.7399     	0.101	97.985 	105.33 	99.2148	1.50766 
End Time (hh:mm:ss.ms) 2023-07-17 21:13:16.945556
Total Time (hh:mm:ss.ms) 0:00:24.766742
Individual: ([24, 17, 31, 33, 32, 20, 52, 29, 50, 38, 11, 48, 14, 53, 27, 37, 2, 6, 0, 34, 28, 5, 39, 16, 18, 40, 41, 19, 23, 25, 22, 10, 45, 7, 1, 3, 21, 42, 49, 51, 9, 44, 4, 12, 35, 26, 8, 46, 13, 15, 47, 43, 36, 30], [0, 1, 1, 1, 1, 1, 0, 0, 0, 0, 1, 1, 1, 0, 0, 1, 1, 0, 1, 0, 1, 1, 1, 1, 1, 1, 0, 1, 1, 1, 1, 1, 1, 1, 1, 0, 1, 1, 0, 0, 0, 1, 0, 1, 1, 1, 1, 1, 1, 1, 0, 0, 0, 1])
Fitness:  97.98499999999999
Gens:  [0, 1, 2, 3, 4, 5, 6, 7, 8, 9, 10, 11, 12, 13, 14, 15, 16, 17, 18, 19, 20, 21, 22, 23, 24, 25, 26, 27, 28, 29, 30, 31, 32, 33, 34, 35, 36, 37, 38, 39, 40, 41, 42, 43, 44, 45, 46, 47, 48, 49, 50, 51, 52, 53, 54, 55, 56, 57, 58, 59, 60, 61, 62, 63, 64, 65, 66, 67, 68, 69, 70, 71, 72, 73, 74, 75, 76, 77, 78, 79, 80, 81, 82, 83, 84, 85, 86, 87, 88, 89, 90, 91, 92, 93, 94, 95, 96, 97, 98, 99, 100, 101, 102, 103, 104, 105, 106, 107, 108, 109]
Inds:  [102.82999999999998, 102.49000000000001, 102.49000000000001, 102.24, 102.205, 102.205, 102.07749999999997, 102.07749999999997, 101.975, 101.975, 101.52250000000001, 101.52250000000001, 101.3525, 101.34499999999998, 101.34499999999998, 101.34499999999998, 101.31999999999998, 101.31999999999998, 101.31999999999998, 101.25999999999996, 101.04749999999996, 101.04749999999996, 101.04749999999996, 101.03000000000002, 100.93499999999999, 100.69500000000001, 100.69500000000001, 100.69500000000001, 100.54749999999997, 100.5075, 100.5075, 100.5075, 100.44749999999999, 100.28000000000002, 100.28000000000002, 100.28000000000002, 100.2125, 100.2125, 100.2125, 100.01, 100.01, 99.89999999999998, 99.89999999999998, 99.75999999999998, 99.675, 99.675, 99.675, 99.675, 99.675, 99.675, 99.675, 99.675, 99.675, 99.19999999999999, 99.19999999999999, 99.19999999999999, 99.19999999999999, 99.19999999999999, 99.15499999999996, 99.15499999999996, 99.15499999999996, 99.15499999999996, 99.15499999999996, 99.15499999999996, 99.08749999999998, 99.08749999999998, 99.05249999999998, 98.95250000000001, 98.95250000000001, 98.95250000000001, 98.95250000000001, 98.95250000000001, 98.77750000000003, 98.77750000000003, 98.77750000000003, 98.77750000000003, 98.73499999999996, 98.73499999999996, 98.73499999999996, 98.73499999999996, 98.73499999999996, 98.71500000000003, 98.55000000000001, 98.55000000000001, 98.47000000000001, 98.47000000000001, 98.47000000000001, 98.47000000000001, 98.47000000000001, 98.47000000000001, 98.47000000000001, 98.47000000000001, 98.47000000000001, 98.3825, 98.3825, 98.26500000000001, 98.25500000000001, 98.2025, 98.2025, 98.2025, 98.06749999999998, 98.06749999999998, 98.06749999999998, 98.06749999999998, 98.06749999999998, 98.05000000000003, 98.05000000000003, 98.0475, 97.99750000000002, 97.98499999999999]

Execution 10:
Parameters: Y=0.999
Start Time (hh:mm:ss.ms) 2023-07-17 21:13:18.135555
generations	MaxGenenerations	Populationk1	Populationk	PopulationElite	PopulationMutant	fitnessElite	alpha	min    	max   	avg    	std     
0          	0               	0           	0          	0              	0               	0           	0    	102.798	105.94	104.392	0.480847
1          	114.292         	999         	1000       	100            	200             	103.74      	0.3  	102.452	105.45	104.094	0.522983
3          	113.886         	997         	998        	103            	197             	103.43      	0.296	102.037	105.68	103.824	0.602454
5          	113.414         	995         	996        	105            	194             	103.097     	0.292	101.992	105.382	103.632	0.645493
6          	113.333         	994         	995        	106            	193             	102.98      	0.291	101.92 	105.28 	103.572	0.681673
7          	113.241         	993         	994        	108            	191             	102.892     	0.289	101.817	105.78 	103.504	0.70435 
8          	113.184         	992         	993        	109            	190             	102.957     	0.287	101.445	105.4  	103.481	0.727076
12         	112.766         	988         	989        	114            	184             	102.651     	0.280	101.415	105.552	103.289	0.800058
17         	112.746         	983         	984        	120            	176             	102.624     	0.271	101.328	105.687	103.06 	0.900739
18         	112.629         	982         	983        	121            	175             	102.504     	0.269	101.312	105.277	103.038	0.922812
19         	112.566         	981         	982        	122            	173             	102.375     	0.268	101.237	105.62 	102.952	0.934454
20         	112.521         	980         	981        	123            	172             	102.404     	0.266	100.932	105.403	102.89 	0.951675
22         	112.193         	978         	979        	126            	169             	102.188     	0.262	100.915	105.608	102.799	0.960833
25         	112.142         	975         	976        	129            	164             	102.078     	0.257	100.903	105.425	102.665	1.03413 
27         	112.136         	973         	974        	132            	161             	102.069     	0.253	100.667	105.555	102.546	1.06474 
28         	111.88          	972         	973        	133            	160             	101.898     	0.251	100.615	105.622	102.452	1.11817 
29         	111.83          	971         	972        	134            	158             	101.866     	0.249	100.478	105.98 	102.378	1.14076 
31         	111.682         	969         	970        	136            	155             	101.755     	0.246	100.453	106.168	102.257	1.18754 
32         	111.71          	968         	969        	138            	154             	101.85      	0.244	100.25 	105.532	102.274	1.20621 
36         	111.416         	964         	965        	142            	148             	101.507     	0.237	100.2  	105.67 	102.045	1.26264 
38         	111.352         	962         	963        	145            	145             	101.433     	0.233	100.182	105.955	101.98 	1.31362 
40         	111.373         	960         	961        	147            	142             	101.484     	0.229	99.91  	105.35 	101.914	1.30666 
44         	111.034         	956         	957        	152            	136             	101.158     	0.222	99.805 	105.523	101.714	1.35464 
48         	110.912         	952         	953        	156            	130             	101.024     	0.215	99.66  	105.608	101.592	1.43949 
49         	110.767         	951         	952        	157            	129             	100.929     	0.213	99.64  	105.687	101.545	1.43727 
51         	110.73          	949         	950        	160            	126             	100.864     	0.209	99.6225	105.642	101.45 	1.45382 
52         	110.729         	948         	949        	161            	125             	100.874     	0.207	99.5925	105.415	101.394	1.45753 
54         	110.67          	946         	947        	163            	122             	100.781     	0.204	99.505 	105.605	101.388	1.49736 
55         	110.594         	945         	946        	164            	120             	100.739     	0.202	99.315 	105.715	101.338	1.49254 
56         	110.395         	944         	945        	165            	119             	100.597     	0.200	99.315 	105.36 	101.226	1.47866 
57         	110.356         	943         	944        	167            	117             	100.515     	0.198	99.195 	105.535	101.216	1.51283 
61         	110.235         	939         	940        	171            	112             	100.394     	0.191	99.1775	105.742	101.054	1.53682 
62         	110.245         	938         	939        	172            	110             	100.421     	0.189	99.05  	105.545	101.031	1.56987 
69         	110.082         	931         	932        	180            	100             	100.197     	0.176	98.9875	105.575	100.759	1.5904  
71         	109.983         	929         	930        	182            	98              	100.074     	0.172	98.97  	105.557	100.743	1.65129 
73         	109.985         	927         	928        	184            	95              	100.069     	0.169	98.9475	105.655	100.609	1.59752 
75         	109.964         	925         	926        	186            	92              	100.033     	0.165	98.9375	105.402	100.585	1.63369 
76         	109.941         	924         	925        	187            	91              	99.9949     	0.163	98.9225	105.76 	100.58 	1.65121 
77         	109.964         	923         	924        	188            	89              	100.029     	0.161	98.8625	105.367	100.523	1.61902 
79         	109.851         	921         	922        	191            	87              	99.8859     	0.157	98.79  	105.602	100.464	1.62872 
85         	109.788         	915         	916        	197            	78              	99.7762     	0.146	98.6475	105.572	100.287	1.64475 
87         	109.591         	913         	914        	199            	76              	99.5781     	0.143	98.6225	105.402	100.15 	1.6454  
88         	109.591         	912         	913        	200            	74              	99.58       	0.141	98.5575	105.4  	100.108	1.63194 
89         	109.518         	911         	912        	201            	73              	99.5106     	0.139	98.4625	105.682	100.035	1.62895 
92         	109.395         	908         	909        	205            	69              	99.3672     	0.133	98.3525	105.37 	99.9352	1.61995 
93         	109.287         	907         	908        	206            	67              	99.2763     	0.131	98.28  	105.378	99.8973	1.62499 
100        	109.192         	900         	901        	213            	58              	99.105      	0.118	98.235 	105.327	99.6412	1.63524 
104        	109.175         	896         	897        	217            	53              	99.0481     	0.111	98.23  	105.22 	99.5182	1.60407 
105        	109.135         	895         	896        	218            	52              	98.9948     	0.109	98.18  	105.565	99.434 	1.57315 
108        	109.069         	892         	893        	221            	48              	98.9011     	0.103	98.1675	105.07 	99.3536	1.58562 
End Time (hh:mm:ss.ms) 2023-07-17 21:13:41.605554
Total Time (hh:mm:ss.ms) 0:00:23.469999
Individual: ([43, 47, 36, 30, 15, 26, 23, 51, 40, 49, 21, 9, 34, 4, 24, 6, 45, 52, 0, 17, 31, 27, 38, 48, 1, 3, 53, 33, 32, 20, 50, 37, 22, 10, 25, 44, 12, 2, 29, 7, 35, 13, 19, 8, 41, 28, 14, 16, 5, 11, 39, 18, 42, 46], [1, 1, 1, 0, 0, 1, 1, 0, 1, 1, 0, 0, 0, 0, 0, 0, 0, 0, 1, 1, 1, 1, 1, 1, 1, 1, 1, 1, 0, 0, 0, 0, 1, 1, 1, 1, 1, 1, 1, 1, 1, 1, 1, 1, 0, 1, 1, 0, 1, 1, 1, 1, 1, 0])
Fitness:  98.1675
Gens:  [0, 1, 2, 3, 4, 5, 6, 7, 8, 9, 10, 11, 12, 13, 14, 15, 16, 17, 18, 19, 20, 21, 22, 23, 24, 25, 26, 27, 28, 29, 30, 31, 32, 33, 34, 35, 36, 37, 38, 39, 40, 41, 42, 43, 44, 45, 46, 47, 48, 49, 50, 51, 52, 53, 54, 55, 56, 57, 58, 59, 60, 61, 62, 63, 64, 65, 66, 67, 68, 69, 70, 71, 72, 73, 74, 75, 76, 77, 78, 79, 80, 81, 82, 83, 84, 85, 86, 87, 88, 89, 90, 91, 92, 93, 94, 95, 96, 97, 98, 99, 100, 101, 102, 103, 104, 105, 106, 107, 108, 109, 110]
Inds:  [102.79750000000001, 102.45249999999999, 102.45249999999999, 102.03749999999998, 102.03749999999998, 101.99249999999996, 101.91999999999999, 101.81749999999997, 101.44500000000001, 101.44500000000001, 101.44500000000001, 101.44500000000001, 101.415, 101.415, 101.415, 101.415, 101.415, 101.32750000000001, 101.31249999999999, 101.23749999999995, 100.93249999999998, 100.93249999999998, 100.91499999999999, 100.91499999999999, 100.91499999999999, 100.90250000000002, 100.90250000000002, 100.66749999999996, 100.615, 100.4775, 100.4775, 100.4525, 100.25000000000001, 100.25000000000001, 100.25000000000001, 100.25000000000001, 100.19999999999999, 100.19999999999999, 100.18249999999998, 100.18249999999998, 99.90999999999998, 99.90999999999998, 99.90999999999998, 99.90999999999998, 99.80499999999999, 99.80499999999999, 99.80499999999999, 99.80499999999999, 99.65999999999998, 99.63999999999999, 99.63999999999999, 99.62249999999997, 99.5925, 99.5925, 99.50499999999998, 99.31500000000001, 99.315, 99.195, 99.195, 99.195, 99.195, 99.17749999999998, 99.04999999999995, 99.04999999999995, 99.04999999999995, 99.04999999999995, 99.04999999999995, 99.04999999999995, 99.04999999999995, 98.9875, 98.9875, 98.97, 98.97, 98.9475, 98.9475, 98.93749999999999, 98.9225, 98.86250000000003, 98.86250000000003, 98.78999999999998, 98.78999999999998, 98.78999999999998, 98.78999999999998, 98.78999999999998, 98.78999999999998, 98.6475, 98.6475, 98.62249999999997, 98.55749999999998, 98.46249999999999, 98.46249999999999, 98.46249999999999, 98.35249999999998, 98.28, 98.28, 98.28, 98.28, 98.28, 98.28, 98.28, 98.23499999999999, 98.23499999999999, 98.23499999999999, 98.23499999999999, 98.22999999999999, 98.17999999999999, 98.17999999999999, 98.17999999999999, 98.1675, 98.1675, 98.1675]

