A-BRKGA:

Execution 1:
Parameters: Y=0.999
Start Time (hh:mm:ss.ms) 2023-07-17 21:30:48.453002
generations	MaxGenenerations	Populationk1	Populationk	PopulationElite	PopulationMutant	fitnessElite	alpha	min    	max    	avg    	std     
0          	0               	0           	0          	0              	0               	0           	0    	29.8925	30.8525	30.3827	0.163229
1          	30.8296         	999         	1000       	100            	200             	30.1805     	0.3  	29.805 	30.8025	30.2832	0.173161
2          	30.7378         	998         	999        	105            	195             	30.0978     	0.293	29.675 	30.805 	30.2261	0.178563
5          	30.6044         	995         	996        	120            	180             	29.9899     	0.273	29.63  	30.7525	30.1618	0.214475
6          	30.5558         	994         	995        	124            	175             	29.93       	0.267	29.5775	30.7775	30.1392	0.224023
7          	30.5024         	993         	994        	129            	170             	29.8903     	0.260	29.5325	30.7325	30.1174	0.224565
10         	30.4581         	990         	991        	143            	155             	29.8487     	0.240	29.4825	30.8175	30.0518	0.245378
13         	30.4045         	987         	988        	158            	139             	29.7688     	0.221	29.4425	30.8575	29.9833	0.257056
14         	30.3657         	986         	987        	162            	134             	29.7458     	0.214	29.42  	30.86  	29.9682	0.261476
15         	30.3425         	985         	986        	167            	129             	29.7191     	0.207	29.3775	30.6725	29.9425	0.255287
16         	30.293          	984         	985        	172            	124             	29.6378     	0.200	29.2925	30.87  	29.9159	0.264115
19         	30.2092         	981         	982        	186            	109             	29.5651     	0.180	29.2775	30.9375	29.8051	0.277824
20         	30.1979         	980         	981        	191            	104             	29.5666     	0.174	29.16  	30.82  	29.7744	0.28443 
22         	30.0696         	978         	979        	201            	94              	29.4069     	0.160	29.1575	30.8975	29.665 	0.30767 
23         	30.0729         	977         	978        	205            	89              	29.4249     	0.153	29.09  	30.8525	29.605 	0.310886
25         	29.9977         	975         	976        	215            	78              	29.3168     	0.139	28.945 	30.755 	29.5052	0.314103
27         	29.8496         	973         	974        	225            	68              	29.1733     	0.125	28.9275	30.8025	29.3991	0.336992
30         	29.8308         	970         	971        	239            	53              	29.1183     	0.105	28.9075	30.805 	29.2795	0.324883
End Time (hh:mm:ss.ms) 2023-07-17 21:30:53.750001
Total Time (hh:mm:ss.ms) 0:00:05.296999
Individual: ([31, 17, 10, 11, 4, 19, 32, 39, 7, 26, 38, 9, 1, 16, 8, 3, 13, 22, 12, 2, 24, 20, 5, 35, 18, 27, 21, 41, 0, 42, 25, 28, 30, 33, 15, 37, 34, 29, 40, 23, 36, 14, 6], [0, 0, 1, 0, 0, 1, 1, 0, 0, 0, 1, 0, 0, 0, 0, 0, 0, 0, 1, 0, 1, 1, 1, 0, 1, 1, 1, 0, 1, 0, 1, 0, 0, 1, 1, 0, 1, 1, 0, 0, 0, 1, 1])
Fitness:  28.907500000000002
Gens:  [0, 1, 2, 3, 4, 5, 6, 7, 8, 9, 10, 11, 12, 13, 14, 15, 16, 17, 18, 19, 20, 21, 22, 23, 24, 25, 26, 27, 28, 29, 30]
Inds:  [29.8925, 29.805, 29.674999999999994, 29.674999999999994, 29.674999999999994, 29.63, 29.577499999999997, 29.532499999999995, 29.532499999999995, 29.532499999999995, 29.4825, 29.4825, 29.4825, 29.4425, 29.42, 29.3775, 29.292499999999997, 29.292499999999997, 29.292499999999997, 29.277499999999996, 29.160000000000004, 29.160000000000004, 29.157499999999988, 29.089999999999996, 29.089999999999996, 28.945, 28.945, 28.927500000000013, 28.927500000000013, 28.927500000000013, 28.907500000000002]

Execution 2:
Parameters: Y=0.999
Start Time (hh:mm:ss.ms) 2023-07-17 21:30:54.783000
generations	MaxGenenerations	Populationk1	Populationk	PopulationElite	PopulationMutant	fitnessElite	alpha	min    	max   	avg    	std     
0          	0               	0           	0          	0              	0               	0           	0    	29.8975	30.875	30.3849	0.166772
1          	30.8355         	999         	1000       	100            	200             	30.1907     	0.3  	29.725 	30.825	30.267 	0.17491 
3          	30.6546         	997         	998        	110            	190             	30.0277     	0.286	29.6025	30.7725	30.1815	0.202001
8          	30.5301         	992         	993        	134            	165             	29.917      	0.254	29.5975	30.855 	30.0772	0.232577
9          	30.5254         	991         	992        	139            	160             	29.9088     	0.247	29.545 	30.8275	30.0668	0.239276
12         	30.4686         	988         	989        	153            	145             	29.8235     	0.227	29.5125	30.8225	30.0182	0.248875
15         	30.4356         	985         	986        	167            	130             	29.7767     	0.208	29.4475	30.7475	29.9814	0.256179
17         	30.3716         	983         	984        	176            	119             	29.7268     	0.194	29.4325	30.77  	29.952 	0.25968 
19         	30.3537         	981         	982        	186            	109             	29.6815     	0.181	29.36  	30.765 	29.9218	0.263389
22         	30.2775         	978         	979        	200            	94              	29.585      	0.161	29.335 	30.8325	29.8646	0.261006
23         	30.254          	977         	978        	205            	89              	29.5665     	0.154	29.2525	30.9025	29.8392	0.272092
25         	30.1691         	975         	976        	214            	79              	29.4758     	0.140	29.17  	30.8675	29.7635	0.273305
27         	30.0845         	973         	974        	224            	69              	29.3843     	0.127	29.1525	30.685 	29.636 	0.280052
28         	30.0614         	972         	973        	229            	64              	29.337      	0.120	29.1225	30.815 	29.5809	0.285041
29         	30.0343         	971         	972        	233            	59              	29.3147     	0.113	29.095 	30.8375	29.5324	0.292423
30         	30.0067         	970         	971        	238            	54              	29.2809     	0.106	29.0375	30.775 	29.4884	0.284549
31         	29.9455         	969         	970        	243            	49              	29.2106     	0.099	28.92  	30.7325	29.4358	0.280672
End Time (hh:mm:ss.ms) 2023-07-17 21:31:00.496000
Total Time (hh:mm:ss.ms) 0:00:05.713000
Individual: ([14, 36, 40, 21, 42, 19, 32, 0, 39, 6, 38, 34, 29, 10, 11, 2, 37, 33, 30, 24, 18, 15, 5, 35, 22, 13, 8, 3, 4, 41, 27, 12, 25, 20, 28, 16, 7, 9, 1, 26, 17, 23, 31], [0, 1, 1, 1, 1, 1, 0, 0, 0, 0, 1, 0, 0, 0, 0, 1, 1, 0, 0, 1, 0, 1, 0, 1, 1, 1, 1, 0, 0, 1, 0, 1, 0, 0, 0, 1, 1, 0, 1, 1, 1, 1, 1])
Fitness:  28.919999999999995
Gens:  [0, 1, 2, 3, 4, 5, 6, 7, 8, 9, 10, 11, 12, 13, 14, 15, 16, 17, 18, 19, 20, 21, 22, 23, 24, 25, 26, 27, 28, 29, 30, 31]
Inds:  [29.8975, 29.724999999999994, 29.724999999999994, 29.602499999999996, 29.602499999999996, 29.602499999999996, 29.602499999999996, 29.602499999999996, 29.597499999999993, 29.545, 29.545, 29.545, 29.512500000000003, 29.512500000000003, 29.512500000000003, 29.447499999999994, 29.447499999999994, 29.4325, 29.4325, 29.359999999999996, 29.359999999999996, 29.359999999999996, 29.334999999999997, 29.252499999999994, 29.252499999999994, 29.169999999999998, 29.169999999999998, 29.152499999999996, 29.12249999999999, 29.095000000000002, 29.03749999999999, 28.919999999999995]

Execution 3:
Parameters: Y=0.999
Start Time (hh:mm:ss.ms) 2023-07-17 21:31:01.602999
generations	MaxGenenerations	Populationk1	Populationk	PopulationElite	PopulationMutant	fitnessElite	alpha	min  	max    	avg    	std     
0          	0               	0           	0          	0              	0               	0           	0    	29.86	30.9775	30.3915	0.163244
1          	30.7999         	999         	1000       	100            	200             	30.1953     	0.3  	29.7825	30.8975	30.2813	0.175359
2          	30.7175         	998         	999        	105            	195             	30.1097     	0.293	29.69  	30.9075	30.2199	0.186895
3          	30.6224         	997         	998        	110            	190             	30.0393     	0.286	29.675 	30.8225	30.1937	0.204947
4          	30.6044         	996         	997        	115            	185             	29.9968     	0.280	29.635 	30.7925	30.1624	0.216789
7          	30.5633         	993         	994        	129            	170             	29.9466     	0.260	29.58  	30.7675	30.1137	0.231933
9          	30.5066         	991         	992        	139            	160             	29.8894     	0.247	29.54  	30.8   	30.0864	0.235808
12         	30.4641         	988         	989        	153            	145             	29.8242     	0.227	29.3525	30.67  	30.045 	0.237131
16         	30.2712         	984         	985        	172            	124             	29.6438     	0.200	29.35  	30.9825	29.9232	0.269013
17         	30.274          	983         	984        	177            	119             	29.6672     	0.194	29.325 	30.775 	29.8854	0.281075
19         	30.2426         	981         	982        	186            	109             	29.591      	0.180	29.295 	30.7975	29.8127	0.286059
20         	30.2117         	980         	981        	191            	104             	29.5568     	0.174	29.205 	30.845 	29.7812	0.297324
23         	30.1161         	977         	978        	205            	89              	29.4358     	0.153	29.12  	30.74  	29.6685	0.297612
25         	30.0282         	975         	976        	215            	79              	29.3411     	0.140	29.0575	30.71  	29.559 	0.30717 
26         	29.9642         	974         	975        	220            	73              	29.2775     	0.133	28.985 	30.79  	29.511 	0.311848
27         	29.8918         	973         	974        	225            	68              	29.2125     	0.126	28.94  	30.73  	29.4646	0.320127
28         	29.8436         	972         	973        	230            	63              	29.1531     	0.119	28.8875	30.7325	29.4111	0.323372
End Time (hh:mm:ss.ms) 2023-07-17 21:31:07.221999
Total Time (hh:mm:ss.ms) 0:00:05.619000
Individual: ([6, 14, 10, 11, 36, 34, 33, 40, 16, 20, 28, 18, 27, 32, 8, 13, 1, 26, 9, 7, 3, 0, 4, 25, 23, 31, 17, 37, 12, 5, 35, 22, 42, 19, 41, 24, 21, 15, 2, 30, 29, 38, 39], [0, 0, 0, 0, 1, 0, 1, 0, 0, 1, 1, 1, 1, 1, 0, 0, 1, 0, 0, 1, 1, 0, 1, 1, 0, 1, 0, 1, 0, 0, 1, 1, 0, 1, 0, 0, 0, 1, 0, 1, 0, 0, 0])
Fitness:  28.8875
Gens:  [0, 1, 2, 3, 4, 5, 6, 7, 8, 9, 10, 11, 12, 13, 14, 15, 16, 17, 18, 19, 20, 21, 22, 23, 24, 25, 26, 27, 28, 29, 30]
Inds:  [29.860000000000003, 29.782499999999995, 29.689999999999998, 29.674999999999997, 29.634999999999994, 29.634999999999994, 29.634999999999994, 29.58, 29.58, 29.54, 29.54, 29.54, 29.352499999999996, 29.352499999999996, 29.352499999999996, 29.352499999999996, 29.349999999999994, 29.32499999999999, 29.32499999999999, 29.295, 29.205000000000002, 29.205000000000002, 29.205000000000002, 29.12, 29.12, 29.0575, 28.985, 28.94, 28.8875, 28.8875, 28.8875]

Execution 4:
Parameters: Y=0.999
Start Time (hh:mm:ss.ms) 2023-07-17 21:31:08.297000
generations	MaxGenenerations	Populationk1	Populationk	PopulationElite	PopulationMutant	fitnessElite	alpha	min  	max  	avg    	std    
0          	0               	0           	0          	0              	0               	0           	0    	29.74	31.05	30.3824	0.17155
2          	30.6741         	998         	999        	105            	195             	30.0834     	0.293	29.69	30.785	30.2163	0.192692
4          	30.6224         	996         	997        	115            	185             	30.0307     	0.280	29.52	30.7925	30.1594	0.20809 
5          	30.4436         	995         	996        	120            	180             	29.8683     	0.273	29.505	30.8025	30.1351	0.221913
14         	30.428          	986         	987        	162            	135             	29.7802     	0.214	29.44 	30.9225	29.9828	0.262608
18         	30.3586         	982         	983        	181            	114             	29.6788     	0.188	29.3525	30.7375	29.9167	0.260435
21         	30.2717         	979         	980        	195            	99              	29.5988     	0.167	29.3275	30.78  	29.862 	0.269396
23         	30.2441         	977         	978        	205            	89              	29.5488     	0.154	29.315 	30.6675	29.8251	0.257985
24         	30.2284         	976         	977        	209            	84              	29.5149     	0.147	29.265 	30.7775	29.7793	0.265301
26         	30.1782         	974         	975        	219            	74              	29.4594     	0.134	29.185 	30.8475	29.7027	0.276694
27         	30.0998         	973         	974        	224            	69              	29.3965     	0.127	29.155 	30.8075	29.6512	0.275755
29         	30.0624         	971         	972        	233            	59              	29.323      	0.113	29.05  	30.745 	29.5519	0.272351
End Time (hh:mm:ss.ms) 2023-07-17 21:31:13.688000
Total Time (hh:mm:ss.ms) 0:00:05.391000
Individual: ([7, 26, 36, 40, 16, 42, 18, 32, 4, 11, 20, 12, 5, 21, 41, 27, 2, 33, 30, 29, 3, 10, 37, 34, 1, 6, 39, 9, 8, 13, 28, 19, 0, 35, 25, 22, 24, 15, 38, 14, 17, 23, 31], [1, 0, 0, 1, 1, 1, 1, 0, 1, 1, 1, 0, 0, 1, 0, 0, 0, 1, 1, 1, 0, 0, 0, 0, 1, 0, 0, 1, 1, 0, 0, 0, 0, 0, 0, 0, 1, 0, 0, 1, 1, 0, 0])
Fitness:  29.050000000000008
Gens:  [0, 1, 2, 3, 4, 5, 6, 7, 8, 9, 10, 11, 12, 13, 14, 15, 16, 17, 18, 19, 20, 21, 22, 23, 24, 25, 26, 27, 28, 29, 30]
Inds:  [29.73999999999999, 29.73999999999999, 29.689999999999998, 29.689999999999998, 29.520000000000003, 29.505, 29.505, 29.505, 29.505, 29.505, 29.505, 29.505, 29.505, 29.505, 29.439999999999994, 29.439999999999994, 29.439999999999994, 29.439999999999994, 29.352499999999992, 29.352499999999992, 29.352499999999992, 29.327499999999997, 29.327499999999997, 29.314999999999994, 29.264999999999997, 29.264999999999997, 29.184999999999995, 29.154999999999998, 29.154999999999998, 29.050000000000008, 29.050000000000008]

Execution 5:
Parameters: Y=0.999
Start Time (hh:mm:ss.ms) 2023-07-17 21:31:14.720000
generations	MaxGenenerations	Populationk1	Populationk	PopulationElite	PopulationMutant	fitnessElite	alpha	min   	max  	avg    	std     
0          	0               	0           	0          	0              	0               	0           	0    	29.825	30.96	30.3717	0.173319
1          	30.7633         	999         	1000       	100            	200             	30.1655     	0.3  	29.765	30.8375	30.2673	0.178183
2          	30.6977         	998         	999        	105            	195             	30.0798     	0.293	29.705	30.86  	30.2154	0.188826
3          	30.6365         	997         	998        	110            	190             	30.0364     	0.286	29.7025	30.885 	30.1787	0.204438
4          	30.6346         	996         	997        	115            	185             	30.0341     	0.280	29.6625	30.7725	30.1485	0.211284
5          	30.5899         	995         	996        	120            	180             	29.9665     	0.273	29.585 	30.7675	30.1303	0.222409
7          	30.5099         	993         	994        	129            	170             	29.8932     	0.260	29.585 	30.7875	30.0829	0.23041 
8          	30.5105         	992         	993        	134            	165             	29.8906     	0.254	29.5575	30.8675	30.0711	0.238205
9          	30.4846         	991         	992        	139            	160             	29.8817     	0.247	29.4975	30.7625	30.0555	0.238976
12         	30.4239         	988         	989        	153            	145             	29.8185     	0.227	29.4725	30.915 	30.0052	0.260071
13         	30.3983         	987         	988        	158            	139             	29.7914     	0.221	29.405 	30.84  	29.9871	0.262399
16         	30.3228         	984         	985        	172            	124             	29.6694     	0.201	29.355 	30.7725	29.9105	0.262205
18         	30.2697         	982         	983        	181            	114             	29.6013     	0.187	29.2675	30.8175	29.8429	0.275459
20         	30.184          	980         	981        	191            	104             	29.5378     	0.174	29.2525	30.7975	29.7833	0.285801
23         	30.1695         	977         	978        	205            	89              	29.4988     	0.154	29.155 	30.81  	29.6901	0.292756
27         	30.0668         	973         	974        	224            	69              	29.3615     	0.127	29.1025	30.805 	29.58  	0.301389
28         	30.0134         	972         	973        	229            	64              	29.3069     	0.120	28.965 	30.7525	29.5524	0.290185
End Time (hh:mm:ss.ms) 2023-07-17 21:31:20.135000
Total Time (hh:mm:ss.ms) 0:00:05.415000
Individual: ([6, 14, 16, 1, 40, 4, 8, 11, 2, 37, 9, 7, 39, 13, 28, 19, 18, 25, 20, 15, 5, 21, 35, 12, 23, 36, 17, 31, 38, 29, 30, 34, 33, 10, 32, 0, 27, 42, 22, 24, 41, 3, 26], [0, 0, 0, 0, 1, 1, 1, 1, 0, 0, 1, 0, 1, 0, 0, 0, 0, 1, 1, 1, 0, 0, 0, 1, 1, 0, 1, 0, 0, 1, 1, 0, 0, 1, 0, 0, 0, 0, 0, 0, 0, 0, 1])
Fitness:  28.965000000000003
Gens:  [0, 1, 2, 3, 4, 5, 6, 7, 8, 9, 10, 11, 12, 13, 14, 15, 16, 17, 18, 19, 20, 21, 22, 23, 24, 25, 26, 27, 28, 29, 30]
Inds:  [29.825000000000006, 29.765000000000004, 29.705, 29.702500000000004, 29.662499999999998, 29.585, 29.585, 29.584999999999997, 29.5575, 29.49749999999999, 29.49749999999999, 29.49749999999999, 29.472500000000004, 29.404999999999994, 29.404999999999994, 29.404999999999994, 29.354999999999997, 29.354999999999997, 29.267500000000005, 29.267500000000005, 29.252499999999994, 29.252499999999994, 29.252499999999994, 29.155, 29.155, 29.155, 29.155, 29.102500000000003, 28.965000000000003, 28.965000000000003, 28.965000000000003]

Execution 6:
Parameters: Y=0.999
Start Time (hh:mm:ss.ms) 2023-07-17 21:31:21.163003
generations	MaxGenenerations	Populationk1	Populationk	PopulationElite	PopulationMutant	fitnessElite	alpha	min  	max   	avg    	std     
0          	0               	0           	0          	0              	0               	0           	0    	29.89	30.925	30.3884	0.165931
1          	30.8293         	999         	1000       	100            	200             	30.2005     	0.3  	29.725	30.7675	30.2665	0.17646 
3          	30.6607         	997         	998        	110            	190             	30.0844     	0.286	29.6725	30.8125	30.1926	0.197447
5          	30.6016         	995         	996        	120            	180             	29.9861     	0.273	29.6475	30.76  	30.1397	0.221614
6          	30.5741         	994         	995        	124            	175             	29.9449     	0.267	29.615 	30.79  	30.1183	0.222667
7          	30.5415         	993         	994        	129            	170             	29.9213     	0.260	29.585 	30.7925	30.0867	0.235166
8          	30.5106         	992         	993        	134            	165             	29.8918     	0.254	29.5775	30.8225	30.061 	0.236001
9          	30.5038         	991         	992        	139            	160             	29.8857     	0.247	29.435 	30.79  	30.0428	0.245705
14         	30.3584         	986         	987        	162            	134             	29.7437     	0.214	29.3625	30.7425	29.9175	0.270686
15         	30.2797         	985         	986        	167            	129             	29.6489     	0.207	29.35  	30.7575	29.8728	0.270409
17         	30.2684         	983         	984        	177            	119             	29.6312     	0.194	29.3375	30.74  	29.8352	0.2866  
18         	30.2538         	982         	983        	181            	114             	29.6006     	0.187	29.2825	30.735 	29.7888	0.28557 
19         	30.1969         	981         	982        	186            	109             	29.5451     	0.180	29.2525	30.7025	29.7558	0.296296
21         	30.1655         	979         	980        	196            	99              	29.4977     	0.167	29.215 	30.7125	29.6789	0.291522
22         	30.1266         	978         	979        	201            	94              	29.4555     	0.160	29.1625	30.6875	29.6401	0.305309
23         	30.0718         	977         	978        	205            	89              	29.3969     	0.153	29.0475	30.8375	29.5984	0.3062  
24         	29.9577         	976         	977        	210            	83              	29.3096     	0.146	29.0025	30.8275	29.5524	0.313576
26         	29.9083         	974         	975        	220            	73              	29.2329     	0.132	28.92  	30.7425	29.4331	0.315525
27         	29.8233         	973         	974        	225            	68              	29.149      	0.125	28.9125	30.7025	29.379 	0.332997
28         	29.8144         	972         	973        	230            	63              	29.1253     	0.118	28.885 	30.6825	29.3317	0.340199
29         	29.7855         	971         	972        	235            	58              	29.0863     	0.111	28.87  	30.7975	29.285 	0.339855
30         	29.7734         	970         	971        	239            	53              	29.0728     	0.105	28.835 	30.6725	29.2467	0.329494
End Time (hh:mm:ss.ms) 2023-07-17 21:31:26.477005
Total Time (hh:mm:ss.ms) 0:00:05.314002
Individual: ([14, 17, 31, 23, 6, 36, 25, 37, 20, 27, 24, 34, 28, 32, 19, 42, 18, 22, 41, 5, 35, 12, 21, 15, 30, 33, 2, 11, 10, 1, 9, 13, 39, 16, 40, 8, 3, 0, 4, 29, 38, 26, 7], [0, 1, 1, 1, 0, 0, 0, 0, 1, 0, 1, 1, 0, 0, 1, 1, 0, 1, 0, 0, 0, 1, 1, 0, 0, 0, 1, 1, 1, 1, 1, 1, 1, 0, 0, 0, 1, 1, 1, 0, 0, 0, 1])
Fitness:  28.834999999999997
Gens:  [0, 1, 2, 3, 4, 5, 6, 7, 8, 9, 10, 11, 12, 13, 14, 15, 16, 17, 18, 19, 20, 21, 22, 23, 24, 25, 26, 27, 28, 29, 30]
Inds:  [29.889999999999993, 29.724999999999994, 29.724999999999994, 29.6725, 29.6725, 29.6475, 29.615000000000006, 29.585000000000004, 29.577499999999997, 29.435000000000002, 29.435000000000002, 29.435000000000002, 29.435000000000002, 29.435000000000002, 29.36249999999999, 29.34999999999999, 29.34999999999999, 29.337500000000002, 29.282499999999995, 29.252499999999994, 29.252499999999994, 29.215, 29.162499999999998, 29.047499999999992, 29.0025, 29.0025, 28.919999999999995, 28.912499999999994, 28.884999999999994, 28.869999999999994, 28.834999999999997]

Execution 7:
Parameters: Y=0.999
Start Time (hh:mm:ss.ms) 2023-07-17 21:31:27.498002
generations	MaxGenenerations	Populationk1	Populationk	PopulationElite	PopulationMutant	fitnessElite	alpha	min    	max    	avg    	std     
0          	0               	0           	0          	0              	0               	0           	0    	29.8475	30.8925	30.3843	0.166919
1          	30.7844         	999         	1000       	100            	200             	30.161      	0.3  	29.6875	30.8   	30.2765	0.17314 
3          	30.6216         	997         	998        	110            	190             	30.0533     	0.286	29.53  	30.8125	30.1846	0.20028 
5          	30.4545         	995         	996        	120            	180             	29.8811     	0.273	29.5175	30.8475	30.1158	0.230441
6          	30.4427         	994         	995        	124            	175             	29.8728     	0.267	29.5025	30.9125	30.0819	0.237161
7          	30.4292         	993         	994        	129            	170             	29.8699     	0.260	29.49  	30.805 	30.0543	0.240332
9          	30.4114         	991         	992        	139            	160             	29.8017     	0.247	29.425 	30.895 	29.9914	0.260367
10         	30.3487         	990         	991        	144            	154             	29.7788     	0.240	29.385 	30.92  	29.9662	0.269162
13         	30.3048         	987         	988        	158            	139             	29.6985     	0.220	29.345 	30.865 	29.8711	0.281034
14         	30.2653         	986         	987        	163            	134             	29.6704     	0.214	29.32  	30.76  	29.8558	0.290826
16         	30.2368         	984         	985        	172            	124             	29.6121     	0.200	29.29  	30.715 	29.7954	0.296599
17         	30.2041         	983         	984        	177            	119             	29.5665     	0.194	29.28  	30.765 	29.7604	0.309683
18         	30.1953         	982         	983        	182            	114             	29.5583     	0.187	29.2425	30.8575	29.7366	0.312221
19         	30.1594         	981         	982        	186            	109             	29.5342     	0.180	29.2375	30.91  	29.6995	0.31915 
20         	30.1558         	980         	981        	191            	104             	29.5285     	0.173	29.2   	30.9225	29.6677	0.319766
21         	30.1175         	979         	980        	196            	99              	29.488      	0.167	29.1675	30.7675	29.6426	0.324798
22         	30.0793         	978         	979        	201            	94              	29.4241     	0.160	29.0575	30.775 	29.6124	0.329725
24         	29.9633         	976         	977        	210            	83              	29.2952     	0.146	29.045 	30.745 	29.5057	0.320016
25         	29.9523         	975         	976        	215            	78              	29.2826     	0.139	28.995 	30.795 	29.4695	0.327581
26         	29.9023         	974         	975        	220            	73              	29.234      	0.132	28.94  	30.75  	29.4348	0.337572
28         	29.844          	972         	973        	230            	63              	29.1546     	0.119	28.82  	30.7775	29.3395	0.346941
30         	29.7218         	970         	971        	239            	53              	29.0271     	0.104	28.8025	30.685 	29.1994	0.342114
End Time (hh:mm:ss.ms) 2023-07-17 21:31:33.050000
Total Time (hh:mm:ss.ms) 0:00:05.551998
Individual: ([6, 38, 16, 39, 25, 12, 15, 5, 18, 24, 27, 41, 20, 35, 21, 37, 28, 42, 19, 0, 40, 11, 36, 29, 14, 17, 23, 2, 30, 33, 22, 3, 13, 4, 32, 8, 34, 1, 26, 7, 9, 10, 31], [1, 1, 0, 0, 1, 0, 0, 1, 1, 1, 1, 0, 0, 1, 0, 0, 0, 0, 0, 0, 1, 1, 1, 1, 1, 0, 1, 0, 1, 0, 1, 0, 1, 0, 0, 1, 1, 1, 1, 1, 0, 0, 0])
Fitness:  28.802499999999995
Gens:  [0, 1, 2, 3, 4, 5, 6, 7, 8, 9, 10, 11, 12, 13, 14, 15, 16, 17, 18, 19, 20, 21, 22, 23, 24, 25, 26, 27, 28, 29, 30]
Inds:  [29.847499999999993, 29.687499999999996, 29.687499999999996, 29.52999999999999, 29.52999999999999, 29.517499999999995, 29.502499999999998, 29.49, 29.49, 29.425, 29.384999999999998, 29.384999999999998, 29.384999999999998, 29.344999999999995, 29.319999999999997, 29.319999999999997, 29.289999999999996, 29.279999999999998, 29.242499999999996, 29.2375, 29.199999999999996, 29.167499999999997, 29.057499999999994, 29.057499999999994, 29.044999999999998, 28.99499999999999, 28.94000000000001, 28.94000000000001, 28.819999999999993, 28.819999999999993, 28.802499999999995]

Execution 8:
Parameters: Y=0.999
Start Time (hh:mm:ss.ms) 2023-07-17 21:31:34.078000
generations	MaxGenenerations	Populationk1	Populationk	PopulationElite	PopulationMutant	fitnessElite	alpha	min    	max    	avg    	std     
0          	0               	0           	0          	0              	0               	0           	0    	29.8175	30.8775	30.3842	0.172457
1          	30.753          	999         	1000       	100            	200             	30.1355     	0.3  	29.78  	30.9   	30.2773	0.180322
2          	30.715          	998         	999        	105            	195             	30.1087     	0.293	29.7425	30.8025	30.2248	0.188671
3          	30.6734         	997         	998        	110            	190             	30.0467     	0.286	29.675 	30.8525	30.186 	0.201577
4          	30.6053         	996         	997        	115            	185             	30.0052     	0.280	29.6025	30.8225	30.1667	0.208348
6          	30.5276         	994         	995        	124            	175             	29.9112     	0.267	29.4475	30.78  	30.1139	0.22296 
15         	30.369          	985         	986        	167            	129             	29.728      	0.207	29.3775	30.74  	29.9335	0.267398
16         	30.2951         	984         	985        	172            	124             	29.6513     	0.200	29.2975	30.7375	29.8996	0.269598
20         	30.2156         	980         	981        	191            	104             	29.5663     	0.174	29.27  	30.73  	29.7519	0.280785
21         	30.1839         	979         	980        	196            	99              	29.5145     	0.167	29.205 	30.8575	29.7208	0.295675
22         	30.1207         	978         	979        	201            	94              	29.4703     	0.160	29.12  	30.855 	29.6938	0.295975
23         	30.033          	977         	978        	206            	89              	29.3863     	0.153	29.09  	30.6625	29.655 	0.303427
24         	29.9962         	976         	977        	210            	83              	29.3206     	0.146	29.085 	30.835 	29.5849	0.309495
26         	29.9911         	974         	975        	220            	74              	29.2953     	0.133	29.05  	30.655 	29.4881	0.318545
28         	29.9591         	972         	973        	229            	64              	29.2596     	0.119	29.005 	30.68  	29.4268	0.320712
29         	29.9091         	971         	972        	234            	58              	29.1939     	0.112	28.98  	30.7375	29.3922	0.307162
End Time (hh:mm:ss.ms) 2023-07-17 21:31:39.462000
Total Time (hh:mm:ss.ms) 0:00:05.384000
Individual: ([36, 38, 28, 3, 23, 31, 17, 10, 26, 40, 8, 4, 32, 12, 35, 21, 24, 18, 19, 11, 37, 14, 29, 0, 25, 42, 27, 41, 22, 33, 2, 5, 15, 20, 30, 34, 39, 9, 16, 13, 7, 1, 6], [1, 1, 1, 1, 0, 0, 0, 1, 0, 0, 0, 0, 0, 0, 1, 0, 0, 1, 1, 1, 1, 1, 1, 0, 0, 1, 1, 1, 1, 1, 1, 1, 0, 0, 1, 0, 0, 0, 1, 0, 1, 1, 0])
Fitness:  28.979999999999997
Gens:  [0, 1, 2, 3, 4, 5, 6, 7, 8, 9, 10, 11, 12, 13, 14, 15, 16, 17, 18, 19, 20, 21, 22, 23, 24, 25, 26, 27, 28, 29, 30]
Inds:  [29.817499999999995, 29.780000000000005, 29.742500000000007, 29.674999999999997, 29.602499999999996, 29.602499999999996, 29.4475, 29.4475, 29.4475, 29.4475, 29.4475, 29.4475, 29.4475, 29.4475, 29.4475, 29.377499999999987, 29.2975, 29.2975, 29.2975, 29.2975, 29.270000000000007, 29.20499999999999, 29.11999999999999, 29.089999999999996, 29.084999999999994, 29.084999999999994, 29.049999999999997, 29.049999999999997, 29.005000000000006, 28.979999999999997, 28.979999999999997]

Execution 9:
Parameters: Y=0.999
Start Time (hh:mm:ss.ms) 2023-07-17 21:31:40.582001
generations	MaxGenenerations	Populationk1	Populationk	PopulationElite	PopulationMutant	fitnessElite	alpha	min    	max    	avg    	std     
0          	0               	0           	0          	0              	0               	0           	0    	29.7725	30.8875	30.3774	0.170315
1          	30.7069         	999         	1000       	100            	200             	30.107      	0.3  	29.695 	30.7675	30.2563	0.183168
3          	30.6254         	997         	998        	110            	190             	30.0221     	0.286	29.6525	30.7725	30.17  	0.205632
4          	30.5796         	996         	997        	115            	185             	29.9665     	0.280	29.6275	30.775 	30.1368	0.217215
5          	30.5539         	995         	996        	120            	180             	29.9417     	0.273	29.6   	30.81  	30.0998	0.223341
6          	30.5266         	994         	995        	124            	175             	29.9234     	0.267	29.5725	30.7875	30.0974	0.239739
7          	30.4976         	993         	994        	129            	170             	29.8892     	0.260	29.56  	30.7125	30.0561	0.241042
8          	30.4824         	992         	993        	134            	165             	29.8528     	0.254	29.56  	30.75  	30.0329	0.242047
9          	30.4836         	991         	992        	139            	160             	29.8545     	0.247	29.5175	30.7975	30.0121	0.253006
11         	30.4407         	989         	990        	148            	150             	29.8139     	0.234	29.35  	30.75  	29.9705	0.262134
17         	30.274          	983         	984        	177            	119             	29.6672     	0.194	29.275 	30.7175	29.7991	0.292892
20         	30.1929         	980         	981        	191            	104             	29.5506     	0.174	29.22  	30.91  	29.7085	0.30282 
21         	30.1378         	979         	980        	196            	99              	29.5027     	0.167	29.2075	30.8575	29.6815	0.299303
22         	30.1233         	978         	979        	201            	94              	29.4724     	0.160	29.1275	30.78  	29.6436	0.300794
26         	30.0354         	974         	975        	220            	74              	29.3348     	0.133	29.095 	30.8575	29.5196	0.303245
28         	30.0038         	972         	973        	229            	64              	29.2927     	0.120	29.065 	30.68  	29.4733	0.30205 
29         	29.971          	971         	972        	234            	59              	29.2477     	0.113	29.005 	30.78  	29.446 	0.301933
End Time (hh:mm:ss.ms) 2023-07-17 21:31:46.714000
Total Time (hh:mm:ss.ms) 0:00:06.131999
Individual: ([1, 39, 13, 3, 34, 15, 12, 2, 10, 9, 7, 8, 32, 41, 18, 19, 37, 30, 40, 11, 38, 16, 29, 14, 36, 25, 27, 22, 24, 33, 21, 5, 35, 20, 28, 42, 0, 4, 23, 31, 17, 6, 26], [0, 0, 0, 1, 1, 1, 1, 1, 1, 1, 1, 0, 0, 1, 1, 1, 1, 0, 1, 1, 1, 1, 0, 0, 1, 1, 1, 0, 1, 1, 1, 1, 1, 1, 1, 1, 0, 0, 0, 1, 0, 0, 0])
Fitness:  29.005000000000006
Gens:  [0, 1, 2, 3, 4, 5, 6, 7, 8, 9, 10, 11, 12, 13, 14, 15, 16, 17, 18, 19, 20, 21, 22, 23, 24, 25, 26, 27, 28, 29, 30]
Inds:  [29.772499999999997, 29.695000000000007, 29.695000000000007, 29.652500000000007, 29.627499999999994, 29.6, 29.572499999999998, 29.560000000000002, 29.56, 29.5175, 29.5175, 29.349999999999998, 29.349999999999998, 29.349999999999998, 29.349999999999998, 29.349999999999998, 29.349999999999998, 29.275000000000006, 29.275000000000006, 29.275000000000006, 29.220000000000002, 29.207500000000007, 29.12750000000001, 29.12750000000001, 29.12750000000001, 29.12750000000001, 29.095000000000002, 29.095000000000002, 29.065000000000005, 29.005000000000006, 29.005000000000006]

Execution 10:
Parameters: Y=0.999
Start Time (hh:mm:ss.ms) 2023-07-17 21:31:47.745999
generations	MaxGenenerations	Populationk1	Populationk	PopulationElite	PopulationMutant	fitnessElite	alpha	min    	max    	avg    	std     
0          	0               	0           	0          	0              	0               	0           	0    	29.8725	30.8925	30.3814	0.172597
1          	30.8102         	999         	1000       	100            	200             	30.1785     	0.3  	29.71  	30.7975	30.2697	0.174184
3          	30.6392         	997         	998        	110            	190             	30.0177     	0.286	29.6925	30.86  	30.1896	0.208204
4          	30.6236         	996         	997        	115            	185             	30.0199     	0.280	29.62  	30.7625	30.154 	0.211655
6          	30.5464         	994         	995        	124            	175             	29.93       	0.267	29.58  	30.8175	30.1099	0.227883
8          	30.5052         	992         	993        	134            	165             	29.8856     	0.254	29.555 	30.755 	30.0677	0.235907
10         	30.4792         	990         	991        	143            	155             	29.849      	0.240	29.5125	30.84  	30.0329	0.24586 
11         	30.4373         	989         	990        	148            	150             	29.8235     	0.234	29.4525	30.6875	30.0056	0.243543
15         	30.3735         	985         	986        	167            	129             	29.7273     	0.207	29.36  	30.72  	29.9416	0.262907
19         	30.2797         	981         	982        	186            	109             	29.6262     	0.181	29.335 	30.72  	29.845 	0.271047
20         	30.2506         	980         	981        	191            	104             	29.5765     	0.174	29.29  	30.7825	29.8186	0.270722
21         	30.2061         	979         	980        	196            	99              	29.5401     	0.167	29.29  	30.905 	29.7844	0.284853
22         	30.2098         	978         	979        	200            	94              	29.55       	0.160	29.2275	30.7475	29.7327	0.280623
23         	30.1406         	977         	978        	205            	89              	29.4616     	0.154	29.0525	30.825 	29.6888	0.284543
26         	29.9615         	974         	975        	220            	73              	29.2841     	0.133	29.05  	30.8   	29.5094	0.320142
27         	29.9591         	973         	974        	224            	68              	29.2713     	0.126	29.015 	30.7025	29.4589	0.310473
28         	29.9201         	972         	973        	229            	63              	29.2167     	0.119	28.9625	30.835 	29.4202	0.305914
30         	29.8719         	970         	971        	239            	53              	29.1678     	0.105	28.95  	30.6775	29.3546	0.303215
End Time (hh:mm:ss.ms) 2023-07-17 21:31:53.086000
Total Time (hh:mm:ss.ms) 0:00:05.340001
Individual: ([26, 7, 1, 39, 29, 10, 25, 30, 37, 31, 23, 36, 6, 13, 16, 40, 3, 32, 0, 21, 18, 24, 5, 33, 2, 12, 35, 15, 20, 19, 22, 27, 41, 8, 4, 28, 42, 9, 38, 14, 17, 11, 34], [1, 1, 0, 0, 1, 1, 1, 1, 0, 0, 1, 1, 1, 1, 1, 0, 0, 0, 0, 1, 0, 1, 0, 0, 1, 0, 1, 1, 1, 1, 0, 1, 1, 0, 0, 0, 1, 0, 1, 1, 1, 1, 1])
Fitness:  28.950000000000003
Gens:  [0, 1, 2, 3, 4, 5, 6, 7, 8, 9, 10, 11, 12, 13, 14, 15, 16, 17, 18, 19, 20, 21, 22, 23, 24, 25, 26, 27, 28, 29, 30]
Inds:  [29.872500000000006, 29.71, 29.71, 29.692499999999995, 29.62, 29.62, 29.580000000000005, 29.580000000000005, 29.555, 29.555, 29.5125, 29.452500000000004, 29.452500000000004, 29.452500000000004, 29.452500000000004, 29.360000000000003, 29.360000000000003, 29.360000000000003, 29.360000000000003, 29.334999999999997, 29.29, 29.289999999999992, 29.2275, 29.05249999999999, 29.05249999999999, 29.05249999999999, 29.05, 29.014999999999993, 28.962499999999995, 28.962499999999995, 28.950000000000003]

