A-BRKGA:

Execution 1:
Parameters: Y=0.997
Start Time (hh:mm:ss.ms) 2023-07-17 21:32:59.974999
generations	MaxGenenerations	Populationk1	Populationk	PopulationElite	PopulationMutant	fitnessElite	alpha	min    	max   	avg    	std     
0          	0               	0           	0          	0              	0               	0           	0    	29.7225	30.835	30.3737	0.173389
1          	32.6077         	997         	1000       	100            	200             	30.0562     	0.3  	29.695 	30.85 	30.2448	0.187439
3          	32.5719         	991         	994        	109            	190             	30.0065     	0.287	29.6175	30.76  	30.1582	0.212243
6          	32.4959         	982         	985        	121            	174             	29.9547     	0.269	29.5775	30.86  	30.1131	0.232444
7          	32.4511         	979         	982        	126            	169             	29.9148     	0.263	29.5575	30.7425	30.0871	0.236452
10         	32.4342         	970         	973        	138            	154             	29.8888     	0.244	29.4825	30.7925	30.0304	0.2528  
11         	32.3403         	967         	970        	142            	149             	29.7945     	0.238	29.4625	30.84  	30.0145	0.259266
13         	32.3208         	961         	964        	150            	139             	29.7684     	0.225	29.4425	30.79  	29.9713	0.258916
14         	32.2962         	958         	961        	154            	134             	29.7383     	0.219	29.3675	30.7275	29.9533	0.272184
16         	32.2163         	952         	955        	162            	124             	29.667      	0.206	29.355 	30.7125	29.8948	0.269443
17         	32.1927         	949         	952        	166            	120             	29.6273     	0.200	29.3225	30.705 	29.8712	0.279272
19         	32.1718         	943         	946        	174            	110             	29.6126     	0.188	29.225 	31.0125	29.8113	0.28646 
23         	32.0588         	931         	934        	189            	91              	29.4817     	0.162	29.2225	30.88  	29.7255	0.297573
25         	32.0695         	925         	928        	197            	82              	29.4811     	0.150	29.1975	30.8175	29.6822	0.297595
27         	32.0269         	919         	922        	204            	72              	29.416      	0.137	29.17  	30.6825	29.6326	0.292705
28         	31.9869         	916         	919        	208            	68              	29.3684     	0.131	29.06  	30.7625	29.6155	0.294596
32         	31.8763         	904         	907        	223            	49              	29.2422     	0.105	28.9725	30.765 	29.4196	0.301113
End Time (hh:mm:ss.ms) 2023-07-17 21:33:05.566000
Total Time (hh:mm:ss.ms) 0:00:05.591001
Individual: ([14, 6, 17, 36, 40, 4, 25, 37, 20, 23, 34, 33, 12, 15, 5, 41, 21, 24, 2, 28, 7, 39, 13, 0, 19, 27, 32, 3, 42, 16, 10, 11, 30, 35, 18, 22, 8, 31, 29, 1, 38, 9, 26], [1, 1, 1, 1, 0, 1, 1, 0, 1, 0, 0, 0, 0, 1, 0, 1, 0, 0, 0, 1, 0, 1, 1, 1, 0, 0, 1, 0, 0, 1, 0, 0, 0, 1, 1, 1, 1, 0, 0, 1, 1, 1, 1])
Fitness:  28.972499999999997
Gens:  [0, 1, 2, 3, 4, 5, 6, 7, 8, 9, 10, 11, 12, 13, 14, 15, 16, 17, 18, 19, 20, 21, 22, 23, 24, 25, 26, 27, 28, 29, 30, 31, 32]
Inds:  [29.72249999999999, 29.69499999999999, 29.69499999999999, 29.617499999999993, 29.617499999999993, 29.617499999999993, 29.577500000000008, 29.557499999999994, 29.557499999999994, 29.557499999999994, 29.482499999999995, 29.462500000000002, 29.462500000000002, 29.442500000000003, 29.367499999999996, 29.367499999999996, 29.355, 29.322500000000005, 29.322500000000005, 29.225, 29.225, 29.225, 29.225, 29.222500000000004, 29.222500000000004, 29.1975, 29.1975, 29.17, 29.06, 29.06, 29.06, 29.06, 28.972499999999997]

Execution 2:
Parameters: Y=0.997
Start Time (hh:mm:ss.ms) 2023-07-17 21:33:06.631001
generations	MaxGenenerations	Populationk1	Populationk	PopulationElite	PopulationMutant	fitnessElite	alpha	min  	max  	avg    	std     
0          	0               	0           	0          	0              	0               	0           	0    	29.75	30.93	30.3831	0.171274
1          	32.6472         	997         	1000       	100            	200             	30.104      	0.3  	29.625	30.8675	30.2622	0.184716
5          	32.4946         	985         	988        	117            	179             	29.941      	0.275	29.4775	30.835 	30.126 	0.23213 
8          	32.3338         	976         	979        	130            	164             	29.8125     	0.256	29.4725	30.8375	30.0513	0.250129
9          	32.3337         	973         	976        	134            	159             	29.8145     	0.250	29.4575	30.7925	30.0259	0.252086
10         	32.3128         	970         	973        	138            	154             	29.7836     	0.244	29.36  	30.7675	30.0124	0.2567  
14         	32.2081         	958         	961        	154            	134             	29.679      	0.219	29.26  	30.87  	29.8644	0.292336
19         	32.0967         	943         	946        	174            	110             	29.5488     	0.187	29.1675	30.725 	29.7124	0.311065
22         	32.0024         	934         	937        	186            	95              	29.4552     	0.168	29.0625	30.7875	29.6302	0.328999
24         	31.8815         	928         	931        	194            	86              	29.335      	0.155	29.0075	30.8725	29.5501	0.331595
27         	31.8156         	919         	922        	205            	72              	29.2461     	0.136	28.975 	30.775 	29.4208	0.343282
29         	31.7762         	913         	916        	212            	62              	29.1904     	0.123	28.9425	30.805 	29.3622	0.338567
31         	31.7331         	907         	910        	220            	53              	29.1305     	0.110	28.8975	30.8725	29.2954	0.329988
End Time (hh:mm:ss.ms) 2023-07-17 21:33:12.110001
Total Time (hh:mm:ss.ms) 0:00:05.479000
Individual: ([26, 7, 1, 34, 12, 2, 20, 25, 0, 3, 8, 28, 42, 32, 4, 41, 27, 19, 11, 31, 17, 39, 9, 13, 40, 22, 18, 24, 10, 16, 30, 33, 15, 5, 21, 35, 37, 29, 38, 6, 36, 23, 14], [1, 1, 1, 0, 1, 1, 0, 0, 1, 1, 0, 1, 1, 1, 1, 1, 1, 0, 0, 1, 0, 0, 0, 1, 1, 0, 0, 0, 1, 0, 1, 1, 1, 1, 1, 1, 0, 0, 1, 0, 0, 1, 1])
Fitness:  28.897499999999994
Gens:  [0, 1, 2, 3, 4, 5, 6, 7, 8, 9, 10, 11, 12, 13, 14, 15, 16, 17, 18, 19, 20, 21, 22, 23, 24, 25, 26, 27, 28, 29, 30, 31, 32]
Inds:  [29.75, 29.625000000000004, 29.625000000000004, 29.625000000000004, 29.625000000000004, 29.4775, 29.4775, 29.4775, 29.472499999999997, 29.457499999999996, 29.359999999999992, 29.359999999999992, 29.359999999999992, 29.359999999999992, 29.259999999999998, 29.259999999999998, 29.259999999999998, 29.259999999999998, 29.259999999999998, 29.1675, 29.1675, 29.1675, 29.0625, 29.0625, 29.007499999999993, 29.007499999999993, 29.007499999999993, 28.974999999999994, 28.974999999999994, 28.942499999999992, 28.942499999999992, 28.897499999999994, 28.897499999999994]

Execution 3:
Parameters: Y=0.997
Start Time (hh:mm:ss.ms) 2023-07-17 21:33:13.224002
generations	MaxGenenerations	Populationk1	Populationk	PopulationElite	PopulationMutant	fitnessElite	alpha	min    	max   	avg    	std    
0          	0               	0           	0          	0              	0               	0           	0    	29.8425	30.855	30.3763	0.17038
1          	32.7413         	997         	1000       	100            	200             	30.1463     	0.3  	29.795 	30.8675	30.2664	0.17688
2          	32.6904         	994         	997        	104            	195             	30.1102     	0.293	29.68  	30.8525	30.2105	0.186859
4          	32.5567         	988         	991        	113            	184             	29.9925     	0.281	29.635 	30.765 	30.1648	0.209258
5          	32.5049         	985         	988        	117            	179             	29.9462     	0.275	29.56  	30.7875	30.1426	0.209581
7          	32.4219         	979         	982        	126            	169             	29.8749     	0.262	29.5125	30.795 	30.1075	0.229871
9          	32.3712         	973         	976        	134            	159             	29.8282     	0.250	29.375 	30.8425	30.0704	0.234737
14         	32.2182         	958         	961        	154            	134             	29.6765     	0.219	29.2975	30.9575	29.9169	0.287514
16         	32.1393         	952         	955        	162            	124             	29.6106     	0.206	29.2675	30.71  	29.8256	0.29918 
18         	32.1064         	946         	949        	170            	115             	29.5674     	0.194	29.1925	30.725 	29.7256	0.315996
19         	32.0157         	943         	946        	174            	110             	29.4799     	0.187	29.155 	30.9675	29.6787	0.331522
22         	31.9707         	934         	937        	186            	95              	29.413      	0.168	29.1425	30.705 	29.5698	0.336244
23         	31.9589         	931         	934        	190            	91              	29.3961     	0.162	29.135 	30.725 	29.5478	0.348728
24         	31.9526         	928         	931        	193            	86              	29.3831     	0.156	29.0225	30.895 	29.5208	0.347944
25         	31.8455         	925         	928        	198            	81              	29.302      	0.149	29.015 	30.835 	29.4847	0.353065
27         	31.8203         	919         	922        	205            	72              	29.2475     	0.136	28.9875	30.7375	29.4122	0.347513
28         	31.792          	916         	919        	209            	67              	29.2153     	0.130	28.9625	30.87  	29.3843	0.352703
30         	31.7622         	910         	913        	216            	58              	29.1679     	0.117	28.9375	30.74  	29.3308	0.350465
31         	31.7374         	907         	910        	220            	53              	29.1375     	0.110	28.9125	30.72  	29.2799	0.343183
32         	31.7081         	904         	907        	223            	49              	29.1013     	0.104	28.8975	30.6825	29.24  	0.334202
End Time (hh:mm:ss.ms) 2023-07-17 21:33:18.685000
Total Time (hh:mm:ss.ms) 0:00:05.460998
Individual: ([17, 6, 14, 0, 4, 39, 29, 23, 36, 31, 7, 26, 10, 34, 25, 22, 18, 21, 37, 30, 2, 12, 35, 15, 11, 33, 40, 8, 38, 1, 13, 9, 16, 19, 42, 28, 32, 24, 5, 41, 27, 20, 3], [0, 0, 0, 1, 1, 0, 1, 0, 1, 0, 0, 0, 0, 0, 0, 0, 0, 0, 0, 0, 0, 0, 0, 0, 0, 0, 0, 0, 1, 1, 0, 0, 0, 0, 0, 0, 0, 1, 0, 0, 1, 1, 0])
Fitness:  28.897499999999997
Gens:  [0, 1, 2, 3, 4, 5, 6, 7, 8, 9, 10, 11, 12, 13, 14, 15, 16, 17, 18, 19, 20, 21, 22, 23, 24, 25, 26, 27, 28, 29, 30, 31, 32]
Inds:  [29.84250000000001, 29.794999999999998, 29.679999999999996, 29.679999999999996, 29.634999999999994, 29.560000000000002, 29.560000000000002, 29.512500000000006, 29.512500000000006, 29.375, 29.375, 29.375, 29.375, 29.375, 29.297499999999996, 29.297499999999996, 29.267500000000002, 29.267500000000002, 29.192499999999995, 29.154999999999998, 29.154999999999998, 29.154999999999998, 29.142500000000002, 29.135, 29.0225, 29.014999999999993, 29.014999999999993, 28.987499999999997, 28.962499999999995, 28.962499999999995, 28.937499999999996, 28.912499999999984, 28.897499999999997]

Execution 4:
Parameters: Y=0.997
Start Time (hh:mm:ss.ms) 2023-07-17 21:33:19.658001
generations	MaxGenenerations	Populationk1	Populationk	PopulationElite	PopulationMutant	fitnessElite	alpha	min    	max    	avg   	std     
0          	0               	0           	0          	0              	0               	0           	0    	29.8475	30.9175	30.385	0.168686
1          	32.7529         	997         	1000       	100            	200             	30.1685     	0.3  	29.7925	30.8475	30.2845	0.178413
2          	32.6857         	994         	997        	104            	195             	30.1025     	0.293	29.775 	30.845 	30.2386	0.192626
3          	32.6663         	991         	994        	109            	190             	30.0829     	0.287	29.7325	30.87  	30.1999	0.195527
4          	32.6221         	988         	991        	113            	184             	30.0528     	0.281	29.6775	30.7775	30.1783	0.208703
5          	32.5527         	985         	988        	117            	179             	29.9805     	0.275	29.595 	30.81  	30.1492	0.214092
6          	32.4654         	982         	985        	121            	174             	29.9221     	0.269	29.56  	30.83  	30.1199	0.221022
8          	32.4287         	976         	979        	130            	164             	29.8855     	0.256	29.5075	30.9325	30.0806	0.244898
10         	32.3667         	970         	973        	138            	154             	29.8191     	0.244	29.445 	30.8275	30.0437	0.247011
15         	32.3127         	955         	958        	158            	129             	29.7624     	0.213	29.44  	30.72  	29.935 	0.270761
16         	32.2866         	952         	955        	162            	125             	29.7051     	0.207	29.3575	30.78  	29.9208	0.27348 
17         	32.2019         	949         	952        	166            	120             	29.6429     	0.200	29.2425	30.7675	29.8992	0.280729
19         	32.0753         	943         	946        	174            	110             	29.5302     	0.187	29.2   	30.71  	29.8198	0.288946
20         	32.0224         	940         	943        	178            	105             	29.4738     	0.181	29.195 	30.6975	29.777 	0.297941
21         	32.0158         	937         	940        	182            	100             	29.458      	0.175	29.1875	30.76  	29.7219	0.314798
23         	32.0102         	931         	934        	190            	91              	29.4374     	0.162	29.17  	30.725 	29.6278	0.323371
24         	31.991          	928         	931        	193            	86              	29.4129     	0.156	29.065 	30.775 	29.5879	0.327416
26         	31.888          	922         	925        	201            	76              	29.321      	0.143	29.005 	30.89  	29.505 	0.329019
28         	31.8167         	916         	919        	209            	67              	29.2382     	0.130	28.99  	30.8675	29.4198	0.329337
29         	31.8072         	913         	916        	212            	63              	29.2227     	0.123	28.9025	30.6975	29.3828	0.338515
32         	31.7041         	904         	907        	223            	49              	29.0999     	0.104	28.8825	30.81  	29.2374	0.326386
End Time (hh:mm:ss.ms) 2023-07-17 21:33:25.296001
Total Time (hh:mm:ss.ms) 0:00:05.638000
Individual: ([26, 12, 5, 15, 21, 41, 42, 3, 0, 8, 13, 7, 39, 1, 25, 22, 28, 34, 37, 30, 2, 19, 4, 32, 11, 9, 40, 35, 24, 18, 27, 20, 33, 10, 36, 29, 14, 17, 31, 23, 16, 38, 6], [0, 0, 0, 0, 1, 0, 0, 0, 0, 0, 0, 0, 0, 0, 0, 1, 0, 1, 0, 0, 0, 0, 0, 0, 1, 1, 1, 1, 0, 0, 1, 0, 1, 0, 1, 1, 1, 1, 1, 0, 1, 0, 0])
Fitness:  28.882500000000004
Gens:  [0, 1, 2, 3, 4, 5, 6, 7, 8, 9, 10, 11, 12, 13, 14, 15, 16, 17, 18, 19, 20, 21, 22, 23, 24, 25, 26, 27, 28, 29, 30, 31, 32]
Inds:  [29.847499999999997, 29.792499999999997, 29.775000000000002, 29.732500000000005, 29.6775, 29.594999999999995, 29.560000000000006, 29.560000000000006, 29.5075, 29.5075, 29.445000000000004, 29.445000000000004, 29.445000000000004, 29.445000000000004, 29.445000000000004, 29.440000000000005, 29.3575, 29.242500000000007, 29.242500000000007, 29.200000000000006, 29.195000000000007, 29.187500000000007, 29.187500000000007, 29.169999999999998, 29.065000000000005, 29.065000000000005, 29.005000000000003, 29.005000000000003, 28.990000000000002, 28.902500000000003, 28.902500000000003, 28.902500000000003, 28.882500000000004]

Execution 5:
Parameters: Y=0.997
Start Time (hh:mm:ss.ms) 2023-07-17 21:33:26.534000
generations	MaxGenenerations	Populationk1	Populationk	PopulationElite	PopulationMutant	fitnessElite	alpha	min   	max    	avg    	std     
0          	0               	0           	0          	0              	0               	0           	0    	29.855	30.9075	30.3817	0.164856
1          	32.7602         	997         	1000       	100            	200             	30.1708     	0.3  	29.7475	30.8075	30.2827	0.174099
2          	32.6324         	994         	997        	104            	195             	30.059      	0.293	29.645 	30.8025	30.2268	0.189329
4          	32.5149         	988         	991        	113            	184             	29.9575     	0.281	29.6125	30.7675	30.1587	0.211208
6          	32.4792         	982         	985        	121            	174             	29.9201     	0.269	29.5875	30.745 	30.1091	0.229611
7          	32.4508         	979         	982        	126            	169             	29.8919     	0.263	29.555 	30.71  	30.0801	0.227898
9          	32.4264         	973         	976        	134            	159             	29.8821     	0.250	29.455 	30.81  	30.0518	0.246413
13         	32.3069         	961         	964        	150            	139             	29.7496     	0.225	29.4   	30.725 	29.9729	0.263844
14         	32.2432         	958         	961        	154            	134             	29.6907     	0.219	29.37  	30.76  	29.9422	0.267044
16         	32.2188         	952         	955        	162            	124             	29.6684     	0.206	29.3   	30.78  	29.8957	0.271821
20         	32.157          	940         	943        	178            	105             	29.6032     	0.181	29.0625	30.7825	29.7745	0.295185
23         	31.8707         	931         	934        	190            	90              	29.3277     	0.161	29.045 	30.7625	29.6198	0.330016
25         	31.8501         	925         	928        	198            	81              	29.2898     	0.149	28.9925	30.715 	29.5461	0.337155
27         	31.8056         	919         	922        	205            	72              	29.2423     	0.136	28.965 	30.735 	29.4768	0.332707
28         	31.7671         	916         	919        	209            	67              	29.1951     	0.130	28.95  	30.7575	29.428 	0.337575
31         	31.7583         	907         	910        	220            	53              	29.1572     	0.111	28.895 	30.74  	29.2963	0.345741
End Time (hh:mm:ss.ms) 2023-07-17 21:33:32.208002
Total Time (hh:mm:ss.ms) 0:00:05.674002
Individual: ([6, 26, 1, 13, 8, 3, 0, 19, 30, 33, 2, 12, 35, 40, 9, 38, 36, 23, 31, 25, 27, 32, 4, 42, 18, 5, 24, 41, 21, 15, 20, 28, 16, 34, 37, 22, 7, 39, 10, 11, 14, 29, 17], [0, 1, 1, 0, 1, 1, 1, 1, 1, 1, 0, 0, 0, 0, 1, 1, 0, 0, 0, 0, 1, 1, 1, 1, 0, 0, 1, 0, 1, 1, 0, 1, 1, 1, 1, 1, 0, 1, 0, 0, 1, 1, 1])
Fitness:  28.89500000000001
Gens:  [0, 1, 2, 3, 4, 5, 6, 7, 8, 9, 10, 11, 12, 13, 14, 15, 16, 17, 18, 19, 20, 21, 22, 23, 24, 25, 26, 27, 28, 29, 30, 31, 32]
Inds:  [29.855000000000004, 29.747500000000002, 29.645, 29.645, 29.6125, 29.6125, 29.587500000000002, 29.554999999999996, 29.554999999999996, 29.45499999999999, 29.45499999999999, 29.45499999999999, 29.45499999999999, 29.400000000000002, 29.37, 29.37, 29.3, 29.3, 29.3, 29.3, 29.062499999999996, 29.062499999999996, 29.062499999999996, 29.044999999999995, 29.044999999999995, 28.992500000000003, 28.992500000000003, 28.965000000000003, 28.95, 28.95, 28.95, 28.89500000000001, 28.89500000000001]

Execution 6:
Parameters: Y=0.997
Start Time (hh:mm:ss.ms) 2023-07-17 21:33:33.246000
generations	MaxGenenerations	Populationk1	Populationk	PopulationElite	PopulationMutant	fitnessElite	alpha	min   	max   	avg    	std     
0          	0               	0           	0          	0              	0               	0           	0    	29.845	30.815	30.3779	0.161325
1          	32.7401         	997         	1000       	100            	200             	30.136      	0.3  	29.7725	30.8675	30.2661	0.170095
2          	32.6657         	994         	997        	104            	195             	30.0943     	0.293	29.7575	30.795 	30.2264	0.184121
3          	32.6422         	991         	994        	109            	190             	30.056      	0.287	29.6375	30.905 	30.2071	0.200462
5          	32.5088         	985         	988        	117            	179             	29.9514     	0.275	29.4625	30.76  	30.1414	0.218568
10         	32.3237         	970         	973        	138            	154             	29.8009     	0.244	29.4225	30.835 	30.0161	0.265524
12         	32.2766         	964         	967        	146            	144             	29.7453     	0.231	29.35  	30.8375	29.9895	0.265198
17         	32.1901         	949         	952        	166            	120             	29.6293     	0.200	29.32  	30.6725	29.8874	0.278774
21         	32.1649         	937         	940        	182            	101             	29.5839     	0.175	29.2725	30.83  	29.7852	0.295358
22         	32.1135         	934         	937        	186            	96              	29.5361     	0.169	29.19  	30.8925	29.7436	0.293892
23         	32.029          	931         	934        	190            	91              	29.4669     	0.162	29.1325	30.7275	29.7077	0.303771
25         	31.9477         	925         	928        	197            	81              	29.3676     	0.149	29.015 	30.78  	29.6005	0.322904
29         	31.8246         	913         	916        	212            	63              	29.2318     	0.124	28.9775	30.75  	29.4031	0.328506
30         	31.7823         	910         	913        	216            	58              	29.1858     	0.117	28.9475	30.745 	29.3649	0.326754
31         	31.7489         	907         	910        	220            	53              	29.1471     	0.111	28.9425	30.795 	29.3253	0.316551
32         	31.7482         	904         	907        	223            	49              	29.1365     	0.104	28.78  	30.77  	29.2985	0.332636
End Time (hh:mm:ss.ms) 2023-07-17 21:33:38.907000
Total Time (hh:mm:ss.ms) 0:00:05.661000
Individual: ([38, 1, 17, 31, 23, 14, 25, 28, 19, 18, 41, 27, 32, 0, 11, 30, 33, 20, 22, 40, 37, 10, 8, 42, 24, 12, 21, 35, 5, 2, 15, 34, 36, 6, 29, 39, 26, 13, 3, 4, 16, 9, 7], [1, 1, 1, 0, 1, 0, 0, 0, 0, 0, 0, 1, 0, 0, 0, 1, 0, 1, 1, 0, 0, 1, 1, 1, 0, 0, 1, 1, 1, 1, 1, 1, 1, 1, 1, 0, 1, 1, 0, 0, 0, 1, 0])
Fitness:  28.780000000000005
Gens:  [0, 1, 2, 3, 4, 5, 6, 7, 8, 9, 10, 11, 12, 13, 14, 15, 16, 17, 18, 19, 20, 21, 22, 23, 24, 25, 26, 27, 28, 29, 30, 31, 32]
Inds:  [29.844999999999995, 29.772499999999994, 29.7575, 29.637500000000003, 29.637500000000003, 29.46250000000001, 29.46250000000001, 29.46250000000001, 29.46250000000001, 29.46250000000001, 29.4225, 29.4225, 29.34999999999999, 29.34999999999999, 29.34999999999999, 29.34999999999999, 29.34999999999999, 29.320000000000004, 29.320000000000004, 29.320000000000004, 29.320000000000004, 29.272499999999997, 29.19, 29.1325, 29.1325, 29.01499999999999, 29.01499999999999, 29.01499999999999, 29.01499999999999, 28.977499999999996, 28.947499999999998, 28.9425, 28.780000000000005]

Execution 7:
Parameters: Y=0.997
Start Time (hh:mm:ss.ms) 2023-07-17 21:33:39.939000
generations	MaxGenenerations	Populationk1	Populationk	PopulationElite	PopulationMutant	fitnessElite	alpha	min    	max   	avg    	std     
0          	0               	0           	0          	0              	0               	0           	0    	29.8675	30.955	30.3863	0.169825
1          	32.7786         	997         	1000       	100            	200             	30.1937     	0.3  	29.68  	30.82 	30.2802	0.170798
3          	32.5601         	991         	994        	109            	190             	30.0094     	0.287	29.62  	30.805	30.2   	0.199039
5          	32.4923         	985         	988        	117            	179             	29.9463     	0.275	29.555 	30.845	30.1614	0.215818
11         	32.421          	967         	970        	142            	149             	29.8529     	0.238	29.54  	30.76  	30.0594	0.245766
12         	32.4002         	964         	967        	146            	144             	29.8232     	0.232	29.49  	30.8725	30.0273	0.244611
14         	32.3495         	958         	961        	154            	134             	29.7783     	0.219	29.415 	30.76  	29.9941	0.259244
17         	32.2611         	949         	952        	166            	120             	29.6811     	0.200	29.4025	30.855 	29.925 	0.262539
18         	32.2586         	946         	949        	170            	115             	29.6852     	0.194	29.3375	30.77  	29.9133	0.265587
20         	32.1749         	940         	943        	178            	105             	29.5903     	0.181	29.315 	30.89  	29.8669	0.277945
22         	32.1539         	934         	937        	185            	96              	29.5606     	0.169	29.25  	30.8975	29.7872	0.286336
24         	32.0696         	928         	931        	193            	86              	29.4661     	0.156	29.245 	30.7225	29.707 	0.281448
26         	32.0761         	922         	925        	200            	77              	29.4626     	0.144	29.17  	30.72  	29.6253	0.287305
27         	31.9905         	919         	922        	204            	72              	29.3831     	0.137	29.135 	30.7925	29.5868	0.298992
28         	31.9591         	916         	919        	208            	68              	29.3522     	0.131	29.065 	30.8525	29.5473	0.308286
29         	31.888          	913         	916        	212            	63              	29.2873     	0.124	29.0575	30.74  	29.5135	0.303444
31         	31.8695         	907         	910        	219            	54              	29.246      	0.111	29.0375	30.77  	29.4338	0.300819
End Time (hh:mm:ss.ms) 2023-07-17 21:33:45.674999
Total Time (hh:mm:ss.ms) 0:00:05.735999
Individual: ([6, 14, 30, 29, 10, 31, 11, 25, 42, 41, 23, 36, 34, 15, 33, 18, 22, 9, 39, 7, 38, 1, 26, 40, 13, 3, 8, 4, 32, 27, 0, 19, 28, 16, 37, 2, 12, 20, 35, 21, 5, 24, 17], [0, 0, 0, 0, 0, 0, 1, 0, 0, 0, 1, 0, 0, 0, 1, 0, 1, 1, 1, 1, 0, 0, 1, 1, 0, 1, 0, 0, 0, 0, 0, 0, 1, 1, 1, 0, 0, 1, 1, 1, 1, 1, 0])
Fitness:  29.037500000000005
Gens:  [0, 1, 2, 3, 4, 5, 6, 7, 8, 9, 10, 11, 12, 13, 14, 15, 16, 17, 18, 19, 20, 21, 22, 23, 24, 25, 26, 27, 28, 29, 30, 31, 32]
Inds:  [29.867499999999993, 29.679999999999986, 29.679999999999986, 29.620000000000005, 29.620000000000005, 29.555, 29.555, 29.555, 29.555, 29.555, 29.555, 29.540000000000006, 29.49, 29.49, 29.415000000000003, 29.415000000000003, 29.415000000000003, 29.402500000000003, 29.337500000000002, 29.337500000000002, 29.314999999999998, 29.314999999999998, 29.25, 29.25, 29.244999999999997, 29.244999999999997, 29.17, 29.135, 29.064999999999994, 29.057500000000005, 29.057500000000005, 29.037500000000005, 29.037500000000005]

Execution 8:
Parameters: Y=0.997
Start Time (hh:mm:ss.ms) 2023-07-17 21:33:46.709000
generations	MaxGenenerations	Populationk1	Populationk	PopulationElite	PopulationMutant	fitnessElite	alpha	min    	max   	avg    	std     
0          	0               	0           	0          	0              	0               	0           	0    	29.9275	30.845	30.3849	0.161364
1          	32.8336         	997         	1000       	100            	200             	30.2027     	0.3  	29.695 	30.8275	30.2866	0.173441
2          	32.5768         	994         	997        	104            	195             	30.0278     	0.293	29.6825	30.8525	30.2402	0.192695
4          	32.5582         	988         	991        	113            	184             	29.9908     	0.281	29.615 	30.7725	30.1594	0.204943
6          	32.4888         	982         	985        	121            	174             	29.9408     	0.269	29.5625	30.89  	30.1124	0.222496
7          	32.4375         	979         	982        	126            	169             	29.9116     	0.263	29.545 	30.865 	30.0851	0.234184
8          	32.4159         	976         	979        	130            	164             	29.884      	0.256	29.4575	30.8175	30.0705	0.230533
13         	32.3187         	961         	964        	150            	139             	29.7724     	0.225	29.425 	30.7   	29.9777	0.261754
15         	32.2772         	955         	958        	158            	129             	29.7166     	0.213	29.3725	30.745 	29.9175	0.272118
17         	32.2138         	949         	952        	166            	120             	29.6454     	0.200	29.3575	30.7125	29.8621	0.275581
18         	32.1954         	946         	949        	170            	115             	29.6209     	0.194	29.345 	30.805 	29.8171	0.281372
19         	32.1907         	943         	946        	174            	110             	29.6197     	0.188	29.295 	30.8125	29.7916	0.30069 
20         	32.1365         	940         	943        	178            	105             	29.5708     	0.181	29.225 	30.85  	29.7543	0.303339
21         	32.0633         	937         	940        	182            	100             	29.5098     	0.175	29.165 	30.8675	29.694 	0.303373
23         	31.9961         	931         	934        	190            	91              	29.4363     	0.162	29.1325	30.7525	29.6228	0.312837
26         	31.9592         	922         	925        	201            	77              	29.3751     	0.143	29.045 	30.7375	29.55  	0.320875
30         	31.8599         	910         	913        	216            	58              	29.2505     	0.117	29.0375	30.8725	29.4071	0.311734
31         	31.8598         	907         	910        	219            	54              	29.2424     	0.111	28.9725	30.75  	29.3892	0.320709
32         	31.7768         	904         	907        	223            	49              	29.1589     	0.104	28.945 	30.7425	29.3639	0.305294
End Time (hh:mm:ss.ms) 2023-07-17 21:33:52.184001
Total Time (hh:mm:ss.ms) 0:00:05.475001
Individual: ([6, 0, 27, 32, 13, 28, 24, 41, 33, 15, 25, 4, 3, 8, 10, 37, 11, 2, 18, 35, 12, 30, 38, 29, 1, 7, 39, 16, 36, 14, 23, 31, 17, 34, 19, 42, 22, 5, 21, 20, 40, 9, 26], [0, 1, 1, 0, 0, 1, 0, 0, 1, 1, 0, 1, 1, 1, 0, 1, 1, 0, 1, 1, 1, 0, 1, 0, 1, 0, 1, 0, 0, 1, 1, 1, 0, 0, 0, 0, 0, 0, 0, 0, 0, 1, 1])
Fitness:  28.945
Gens:  [0, 1, 2, 3, 4, 5, 6, 7, 8, 9, 10, 11, 12, 13, 14, 15, 16, 17, 18, 19, 20, 21, 22, 23, 24, 25, 26, 27, 28, 29, 30, 31, 32]
Inds:  [29.9275, 29.695, 29.6825, 29.6825, 29.615000000000002, 29.615000000000002, 29.562499999999996, 29.544999999999995, 29.4575, 29.4575, 29.4575, 29.4575, 29.4575, 29.425000000000004, 29.425000000000004, 29.372499999999995, 29.372499999999995, 29.357499999999987, 29.345000000000002, 29.295, 29.224999999999994, 29.165000000000003, 29.165000000000003, 29.132499999999997, 29.132499999999997, 29.132499999999997, 29.044999999999998, 29.044999999999998, 29.044999999999998, 29.044999999999998, 29.0375, 28.972500000000004, 28.945]

Execution 9:
Parameters: Y=0.997
Start Time (hh:mm:ss.ms) 2023-07-17 21:33:53.216999
generations	MaxGenenerations	Populationk1	Populationk	PopulationElite	PopulationMutant	fitnessElite	alpha	min    	max  	avg    	std     
0          	0               	0           	0          	0              	0               	0           	0    	29.8525	31.03	30.3887	0.170637
1          	32.7695         	997         	1000       	100            	200             	30.2057     	0.3  	29.7475	30.82	30.2656	0.171015
2          	32.6337         	994         	997        	104            	195             	30.0627     	0.293	29.7475	30.78	30.221 	0.190572
3          	32.6297         	991         	994        	109            	190             	30.0446     	0.287	29.645 	30.86	30.1867	0.199857
5          	32.5129         	985         	988        	117            	179             	29.9452     	0.275	29.6375	30.8225	30.1445	0.219062
6          	32.5132         	982         	985        	121            	174             	29.9566     	0.269	29.6225	30.845 	30.124 	0.223654
7          	32.499          	979         	982        	126            	169             	29.9441     	0.263	29.5775	30.7675	30.1029	0.225023
8          	32.442          	976         	979        	130            	164             	29.8831     	0.256	29.5375	30.8525	30.0867	0.233349
11         	32.3999         	967         	970        	142            	149             	29.8347     	0.238	29.52  	30.8075	30.0339	0.245154
13         	32.3763         	961         	964        	150            	139             	29.7956     	0.225	29.505 	30.89  	29.999 	0.254922
14         	32.3744         	958         	961        	154            	134             	29.8093     	0.219	29.43  	30.76  	29.9703	0.242192
17         	32.2914         	949         	952        	166            	120             	29.7218     	0.200	29.4225	30.7775	29.9192	0.263288
18         	32.273          	946         	949        	170            	115             	29.6862     	0.194	29.3825	30.7475	29.8975	0.267855
22         	32.2361         	934         	937        	185            	96              	29.6316     	0.169	29.235 	30.73  	29.8438	0.279773
23         	32.0628         	931         	934        	189            	91              	29.4783     	0.162	29.0925	30.7025	29.8109	0.2582  
25         	31.9153         	925         	928        	197            	81              	29.3513     	0.149	29.02  	30.75  	29.6419	0.30794 
28         	31.8339         	916         	919        	209            	67              	29.2524     	0.130	29.01  	30.66  	29.3985	0.34672 
29         	31.8093         	913         	916        	212            	63              	29.2145     	0.123	28.9825	30.7125	29.3704	0.346514
30         	31.7842         	910         	913        	216            	58              	29.1858     	0.117	28.9075	30.6925	29.3319	0.342375
End Time (hh:mm:ss.ms) 2023-07-17 21:33:58.840002
Total Time (hh:mm:ss.ms) 0:00:05.623003
Individual: ([6, 31, 17, 36, 23, 10, 34, 2, 18, 0, 32, 19, 42, 28, 3, 8, 13, 4, 25, 33, 30, 15, 21, 24, 41, 20, 9, 1, 40, 14, 29, 39, 16, 35, 12, 37, 5, 22, 27, 11, 38, 26, 7], [1, 1, 0, 0, 1, 0, 0, 1, 0, 0, 0, 1, 1, 0, 0, 1, 1, 0, 1, 1, 1, 1, 1, 0, 1, 0, 0, 0, 0, 1, 0, 1, 0, 0, 1, 1, 0, 1, 1, 1, 0, 1, 0])
Fitness:  28.90749999999999
Gens:  [0, 1, 2, 3, 4, 5, 6, 7, 8, 9, 10, 11, 12, 13, 14, 15, 16, 17, 18, 19, 20, 21, 22, 23, 24, 25, 26, 27, 28, 29, 30, 31, 32]
Inds:  [29.852499999999996, 29.747500000000006, 29.7475, 29.645, 29.645, 29.6375, 29.622500000000002, 29.577499999999993, 29.53749999999999, 29.53749999999999, 29.53749999999999, 29.52, 29.52, 29.504999999999995, 29.430000000000003, 29.430000000000003, 29.430000000000003, 29.422499999999996, 29.382499999999993, 29.382499999999993, 29.382499999999993, 29.382499999999993, 29.235, 29.092499999999994, 29.092499999999994, 29.019999999999996, 29.019999999999996, 29.019999999999996, 29.009999999999998, 28.982499999999995, 28.90749999999999, 28.90749999999999, 28.90749999999999]

Execution 10:
Parameters: Y=0.997
Start Time (hh:mm:ss.ms) 2023-07-17 21:33:59.923000
generations	MaxGenenerations	Populationk1	Populationk	PopulationElite	PopulationMutant	fitnessElite	alpha	min    	max    	avg    	std   
0          	0               	0           	0          	0              	0               	0           	0    	29.8675	30.8725	30.3838	0.1654
1          	32.7705         	997         	1000       	100            	200             	30.169      	0.3  	29.8475	30.87  	30.2763	0.174676
2          	32.7483         	994         	997        	104            	195             	30.148      	0.293	29.73  	30.96  	30.2217	0.184906
3          	32.6282         	991         	994        	109            	190             	30.0839     	0.287	29.6725	30.8175	30.2071	0.197571
5          	32.555          	985         	988        	117            	179             	29.9989     	0.275	29.665 	30.8975	30.1627	0.2136  
8          	32.5336         	976         	979        	130            	164             	29.9367     	0.256	29.54  	30.8075	30.0985	0.228813
10         	32.4089         	970         	973        	138            	154             	29.8602     	0.244	29.4625	30.7525	30.0579	0.242134
14         	32.3191         	958         	961        	154            	134             	29.7562     	0.219	29.4375	30.88  	29.9557	0.261233
16         	32.2987         	952         	955        	162            	125             	29.7347     	0.207	29.3825	30.815 	29.9104	0.265542
17         	32.2328         	949         	952        	166            	120             	29.67       	0.200	29.3725	30.7475	29.8868	0.273367
19         	32.2286         	943         	946        	174            	110             	29.6573     	0.188	29.325 	30.7225	29.8356	0.282134
20         	32.1607         	940         	943        	178            	105             	29.5791     	0.181	29.305 	30.7275	29.8029	0.28033 
21         	32.1393         	937         	940        	182            	100             	29.5547     	0.175	29.2175	30.8075	29.7728	0.290523
22         	32.051          	934         	937        	186            	96              	29.4861     	0.168	29.2125	30.775 	29.7425	0.294581
23         	32.0424         	931         	934        	189            	91              	29.4667     	0.162	29.2075	30.78  	29.704 	0.303608
25         	32.0396         	925         	928        	197            	82              	29.447      	0.150	29.1875	30.885 	29.6331	0.308022
26         	32.0256         	922         	925        	201            	77              	29.4317     	0.143	29.09  	30.7725	29.5905	0.300172
27         	31.9078         	919         	922        	205            	72              	29.3206     	0.137	29.065 	30.7225	29.5576	0.305231
29         	31.8914         	913         	916        	212            	63              	29.2917     	0.124	29.0075	30.87  	29.466 	0.303889
30         	31.8266         	910         	913        	216            	58              	29.2268     	0.117	28.985 	30.7725	29.4319	0.299811
31         	31.7926         	907         	910        	220            	54              	29.1839     	0.111	28.97  	30.7625	29.3926	0.306642
End Time (hh:mm:ss.ms) 2023-07-17 21:34:05.620000
Total Time (hh:mm:ss.ms) 0:00:05.697000
Individual: ([17, 23, 6, 36, 13, 7, 9, 26, 29, 38, 14, 16, 1, 8, 40, 25, 0, 42, 19, 18, 21, 35, 12, 15, 5, 41, 11, 37, 20, 33, 2, 27, 28, 24, 30, 10, 22, 32, 4, 3, 39, 34, 31], [1, 1, 0, 1, 0, 0, 1, 0, 1, 0, 1, 1, 1, 1, 1, 0, 1, 1, 1, 0, 1, 0, 1, 0, 0, 0, 1, 1, 0, 1, 0, 0, 1, 1, 1, 1, 0, 1, 1, 1, 0, 1, 0])
Fitness:  28.970000000000002
Gens:  [0, 1, 2, 3, 4, 5, 6, 7, 8, 9, 10, 11, 12, 13, 14, 15, 16, 17, 18, 19, 20, 21, 22, 23, 24, 25, 26, 27, 28, 29, 30, 31, 32]
Inds:  [29.867500000000003, 29.847499999999993, 29.73, 29.672500000000017, 29.672500000000017, 29.665, 29.665, 29.665, 29.539999999999996, 29.539999999999996, 29.4625, 29.4625, 29.4625, 29.4625, 29.437500000000014, 29.437500000000014, 29.38250000000001, 29.372499999999995, 29.372499999999995, 29.325, 29.304999999999996, 29.217499999999994, 29.212500000000006, 29.2075, 29.2075, 29.187500000000007, 29.09, 29.065, 29.065, 29.007500000000007, 28.984999999999996, 28.970000000000002, 28.970000000000002]

