A-BRKGA:

Execution 1:
Parameters: Y=0.999
Start Time (hh:mm:ss.ms) 2023-07-17 21:16:47.151097
generations	MaxGenenerations	Populationk1	Populationk	PopulationElite	PopulationMutant	fitnessElite	alpha	min   	max	avg    	std     
0          	0               	0           	0          	0              	0               	0           	0    	93.725	97 	95.5677	0.470035
1          	103.277         	999         	1000       	100            	200             	94.7075     	0.3  	93.7  	96.9	95.2342	0.529345
2          	103.239         	998         	999        	102            	199             	94.6538     	0.298	93.475	97.075	95.1623	0.588717
3          	103.009         	997         	998        	103            	197             	94.541      	0.296	93.45 	96.7  	95.0204	0.603297
4          	102.943         	996         	997        	104            	195             	94.4061     	0.294	93.125	96.625	94.9709	0.654156
6          	102.618         	994         	995        	107            	192             	94.257      	0.290	93.125	96.6  	94.8075	0.711635
7          	102.575         	993         	994        	109            	190             	94.1268     	0.288	92.575	96.725	94.7083	0.737092
10         	101.979         	990         	991        	113            	185             	93.7397     	0.282	92.35 	96.625	94.3823	0.887784
11         	101.724         	989         	990        	114            	184             	93.5484     	0.280	92.325	96.55 	94.2583	0.937344
12         	101.688         	988         	989        	115            	182             	93.5011     	0.278	92.225	96.65 	94.0704	0.994427
13         	101.588         	987         	988        	117            	180             	93.448      	0.276	92.2  	96.825	93.9309	1.04322 
14         	101.579         	986         	987        	118            	179             	93.4691     	0.274	91.875	96.55 	93.8925	1.09353 
15         	101.193         	985         	986        	119            	177             	93.1481     	0.272	91.85 	96.75 	93.7987	1.14525 
17         	101.168         	983         	984        	122            	174             	93.118      	0.268	91.825	96.75 	93.6842	1.21034 
18         	101.158         	982         	983        	123            	172             	93.137      	0.266	91.55 	96.525	93.6193	1.20701 
20         	100.858         	980         	981        	126            	169             	92.9206     	0.262	91.4  	96.825	93.4804	1.28286 
22         	100.695         	978         	979        	129            	166             	92.7948     	0.258	91.375	96.75 	93.3711	1.32699 
23         	100.662         	977         	978        	130            	164             	92.7526     	0.256	91.25 	96.8  	93.2247	1.3553  
26         	100.512         	974         	975        	134            	159             	92.5951     	0.250	90.975	96.45 	93.0712	1.45782 
29         	100.229         	971         	972        	138            	154             	92.4031     	0.244	90.95 	96.55 	92.9195	1.49285 
30         	100.174         	970         	971        	140            	152             	92.3058     	0.242	90.925	96.55 	92.8926	1.51497 
34         	100.161         	966         	967        	145            	146             	92.277      	0.234	90.925	96.725	92.7458	1.58943 
35         	100.164         	965         	966        	146            	144             	92.2712     	0.232	90.9  	96.45 	92.6599	1.58486 
36         	100.109         	964         	965        	147            	143             	92.1769     	0.230	90.85 	96.525	92.6486	1.6049  
38         	100.071         	962         	963        	150            	140             	92.1555     	0.226	90.8  	96.725	92.5891	1.6316  
44         	99.9912         	956         	957        	158            	130             	91.993      	0.213	90.675	96.75 	92.4726	1.65762 
56         	99.8935         	944         	945        	173            	111             	91.8333     	0.189	90.65 	96.75 	92.2237	1.63294 
End Time (hh:mm:ss.ms) 2023-07-17 21:16:56.753097
Total Time (hh:mm:ss.ms) 0:00:09.602000
Individual: ([6, 17, 11, 12, 2, 5, 13, 16, 14, 8, 10, 15, 9, 19, 1, 0, 18, 3, 4, 7], [0, 1, 1, 1, 1, 1, 1, 1, 0, 0, 0, 0, 0, 0, 0, 0, 0, 0, 0, 0])
Fitness:  90.65
Gens:  [0, 1, 2, 3, 4, 5, 6, 7, 8, 9, 10, 11, 12, 13, 14, 15, 16, 17, 18, 19, 20, 21, 22, 23, 24, 25, 26, 27, 28, 29, 30, 31, 32, 33, 34, 35, 36, 37, 38, 39, 40, 41, 42, 43, 44, 45, 46, 47, 48, 49, 50, 51, 52, 53, 54, 55, 56, 57, 58, 59, 60, 61, 62, 63, 64, 65, 66, 67, 68, 69, 70, 71, 72, 73, 74, 75, 76, 77, 78, 79, 80, 81, 82, 83, 84, 85, 86, 87, 88, 89, 90, 91, 92, 93, 94, 95, 96, 97, 98, 99, 100]
Inds:  [93.72500000000001, 93.70000000000002, 93.475, 93.44999999999999, 93.12500000000001, 93.12500000000001, 93.125, 92.57499999999999, 92.57499999999999, 92.57499999999999, 92.35000000000001, 92.325, 92.22500000000001, 92.19999999999999, 91.875, 91.85000000000001, 91.85000000000001, 91.825, 91.55, 91.55, 91.39999999999999, 91.39999999999999, 91.375, 91.25, 91.25, 91.25, 90.975, 90.975, 90.975, 90.94999999999999, 90.92500000000001, 90.92500000000001, 90.92500000000001, 90.92500000000001, 90.925, 90.9, 90.85, 90.85, 90.80000000000001, 90.80000000000001, 90.80000000000001, 90.80000000000001, 90.80000000000001, 90.80000000000001, 90.67500000000001, 90.67500000000001, 90.67500000000001, 90.67500000000001, 90.67500000000001, 90.67500000000001, 90.67500000000001, 90.67500000000001, 90.67500000000001, 90.67500000000001, 90.67500000000001, 90.67500000000001, 90.65, 90.65, 90.65, 90.65, 90.65, 90.65, 90.65, 90.65, 90.65, 90.65, 90.65, 90.65, 90.65, 90.65, 90.65, 90.65, 90.65, 90.65, 90.65, 90.65, 90.65, 90.65, 90.65, 90.65, 90.65, 90.65, 90.65, 90.65, 90.65, 90.65, 90.65, 90.65, 90.65, 90.65, 90.65, 90.65, 90.65, 90.65, 90.65, 90.65, 90.65, 90.65, 90.65, 90.65, 90.65]

Execution 2:
Parameters: Y=0.999
Start Time (hh:mm:ss.ms) 2023-07-17 21:16:57.535097
generations	MaxGenenerations	Populationk1	Populationk	PopulationElite	PopulationMutant	fitnessElite	alpha	min   	max  	avg    	std     
0          	0               	0           	0          	0              	0               	0           	0    	93.525	96.95	95.5823	0.480963
1          	103.051         	999         	1000       	100            	200             	94.5525     	0.3  	93.075	97.125	95.2385	0.553948
5          	102.548         	995         	996        	106            	194             	94.1854     	0.292	93.025	97.025	94.7785	0.723504
6          	102.508         	994         	995        	107            	192             	94.186      	0.290	92.95 	96.95 	94.6896	0.7764  
7          	102.418         	993         	994        	109            	190             	94.1031     	0.288	92.7  	97.025	94.6255	0.791211
9          	102.109         	991         	992        	111            	187             	93.816      	0.284	92.475	96.725	94.4774	0.857365
12         	101.854         	988         	989        	115            	182             	93.6095     	0.278	92.075	96.75 	94.31  	0.93466 
14         	101.436         	986         	987        	118            	179             	93.3645     	0.274	91.975	96.775	94.1692	1.0018  
15         	101.326         	985         	986        	119            	177             	93.2824     	0.272	91.775	96.825	94.1278	1.02214 
16         	101.11          	984         	985        	121            	175             	93.1402     	0.270	91.7  	96.45 	94.006 	1.03376 
19         	101.025         	981         	982        	125            	170             	93.0483     	0.264	91.325	96.6  	93.7084	1.21006 
24         	100.602         	976         	977        	132            	162             	92.6917     	0.254	91.3  	96.625	93.2707	1.39467 
25         	100.567         	975         	976        	133            	161             	92.6433     	0.252	91.225	97.05 	93.1626	1.42913 
27         	100.512         	973         	974        	136            	157             	92.6339     	0.248	91.125	96.65 	93.0899	1.44569 
35         	100.382         	965         	966        	146            	144             	92.4198     	0.232	91.125	96.4  	92.7855	1.57301 
36         	100.352         	964         	965        	147            	143             	92.3395     	0.230	91    	96.5  	92.8192	1.57958 
38         	100.232         	962         	963        	150            	140             	92.2609     	0.226	90.95 	96.925	92.7578	1.61782 
42         	100.202         	958         	959        	155            	133             	92.2317     	0.218	90.775	96.725	92.7479	1.57757 
53         	99.9787         	947         	948        	169            	116             	91.9019     	0.195	90.725	96.6  	92.3281	1.66412 
86         	99.9336         	914         	915        	209            	67              	91.4913     	0.129	90.7  	96.525	91.827 	1.49705 
End Time (hh:mm:ss.ms) 2023-07-17 21:17:07.096101
Total Time (hh:mm:ss.ms) 0:00:09.561004
Individual: ([6, 16, 14, 8, 10, 11, 17, 9, 19, 1, 15, 0, 12, 13, 5, 2, 18, 3, 4, 7], [0, 1, 0, 0, 0, 0, 0, 0, 0, 0, 0, 0, 1, 0, 0, 0, 0, 0, 0, 0])
Fitness:  90.70000000000002
Gens:  [0, 1, 2, 3, 4, 5, 6, 7, 8, 9, 10, 11, 12, 13, 14, 15, 16, 17, 18, 19, 20, 21, 22, 23, 24, 25, 26, 27, 28, 29, 30, 31, 32, 33, 34, 35, 36, 37, 38, 39, 40, 41, 42, 43, 44, 45, 46, 47, 48, 49, 50, 51, 52, 53, 54, 55, 56, 57, 58, 59, 60, 61, 62, 63, 64, 65, 66, 67, 68, 69, 70, 71, 72, 73, 74, 75, 76, 77, 78, 79, 80, 81, 82, 83, 84, 85, 86, 87, 88, 89, 90, 91, 92, 93, 94, 95, 96, 97, 98, 99, 100]
Inds:  [93.52500000000003, 93.07500000000003, 93.07500000000003, 93.07500000000003, 93.07500000000003, 93.025, 92.95000000000002, 92.7, 92.7, 92.475, 92.475, 92.475, 92.07499999999999, 92.07499999999999, 91.97500000000001, 91.775, 91.7, 91.7, 91.7, 91.325, 91.325, 91.325, 91.325, 91.325, 91.30000000000001, 91.225, 91.225, 91.12500000000001, 91.12500000000001, 91.12500000000001, 91.12500000000001, 91.12500000000001, 91.12500000000001, 91.12500000000001, 91.12500000000001, 91.125, 91.00000000000001, 91.00000000000001, 90.95000000000002, 90.95000000000002, 90.95000000000002, 90.95000000000002, 90.775, 90.775, 90.775, 90.775, 90.775, 90.775, 90.775, 90.775, 90.775, 90.775, 90.775, 90.72500000000001, 90.72500000000001, 90.72500000000001, 90.72500000000001, 90.72500000000001, 90.72500000000001, 90.72500000000001, 90.72500000000001, 90.72500000000001, 90.72500000000001, 90.72500000000001, 90.72500000000001, 90.72500000000001, 90.72500000000001, 90.72500000000001, 90.72500000000001, 90.72500000000001, 90.72500000000001, 90.72500000000001, 90.72500000000001, 90.72500000000001, 90.72500000000001, 90.72500000000001, 90.72500000000001, 90.72500000000001, 90.72500000000001, 90.72500000000001, 90.72500000000001, 90.72500000000001, 90.72500000000001, 90.72500000000001, 90.72500000000001, 90.72500000000001, 90.70000000000002, 90.70000000000002, 90.70000000000002, 90.70000000000002, 90.70000000000002, 90.70000000000002, 90.70000000000002, 90.70000000000002, 90.70000000000002, 90.70000000000002, 90.70000000000002, 90.70000000000002, 90.70000000000002, 90.70000000000002, 90.70000000000002]

Execution 3:
Parameters: Y=0.999
Start Time (hh:mm:ss.ms) 2023-07-17 21:17:07.861098
generations	MaxGenenerations	Populationk1	Populationk	PopulationElite	PopulationMutant	fitnessElite	alpha	min  	max   	avg    	std     
0          	0               	0           	0          	0              	0               	0           	0    	93.75	96.975	95.5542	0.482748
1          	103.302         	999         	1000       	100            	200             	94.7175     	0.3  	93.45	96.8  	95.2134	0.540398
2          	102.953         	998         	999        	102            	199             	94.4485     	0.298	93.4 	96.65 	95.0749	0.60879 
3          	102.883         	997         	998        	103            	197             	94.3624     	0.296	93.25	96.75 	94.9558	0.648674
4          	102.728         	996         	997        	104            	195             	94.2796     	0.294	93.075	96.8  	94.9039	0.674325
6          	102.522         	994         	995        	107            	192             	94.1054     	0.290	92.8  	96.725	94.7354	0.752467
8          	102.217         	992         	993        	110            	189             	93.888      	0.286	92.575	96.6  	94.5941	0.82741 
10         	101.989         	990         	991        	113            	185             	93.7679     	0.282	92.45 	96.75 	94.3988	0.909225
12         	101.867         	988         	989        	115            	182             	93.7028     	0.278	92.25 	96.8  	94.201 	0.952433
13         	101.631         	987         	988        	117            	180             	93.5076     	0.276	92.025	96.675	94.034 	0.99264 
15         	101.386         	985         	986        	119            	177             	93.3324     	0.272	91.875	96.775	93.8926	1.07073 
17         	101.21          	983         	984        	122            	174             	93.1767     	0.268	91.825	96.725	93.7841	1.1526  
18         	101.155         	982         	983        	123            	172             	93.1303     	0.266	91.65 	96.75 	93.6821	1.16951 
19         	100.965         	981         	982        	125            	170             	92.9982     	0.264	91.6  	96.55 	93.5708	1.2046  
21         	100.928         	979         	980        	128            	167             	92.9865     	0.260	91.525	96.775	93.5227	1.28448 
23         	100.853         	977         	978        	130            	164             	92.9286     	0.256	91.225	96.825	93.3718	1.30792 
24         	100.504         	976         	977        	132            	162             	92.6487     	0.254	91.025	96.725	93.2959	1.36415 
28         	100.267         	972         	973        	137            	156             	92.4096     	0.246	90.925	96.5  	93.055 	1.48042 
34         	100.189         	966         	967        	145            	146             	92.3415     	0.234	90.85 	96.825	92.8268	1.60067 
48         	100.066         	952         	953        	163            	124             	92.0297     	0.206	90.825	96.5  	92.4558	1.6514  
52         	100.051         	948         	949        	168            	118             	91.9886     	0.198	90.825	96.525	92.3993	1.61924 
57         	100.064         	943         	944        	174            	110             	91.9534     	0.188	90.8  	96.775	92.3491	1.62646 
59         	100.024         	941         	942        	176            	107             	91.8858     	0.184	90.725	96.7  	92.2899	1.62796 
65         	99.9386         	935         	936        	184            	98              	91.7479     	0.171	90.7  	96.775	92.2035	1.62263 
End Time (hh:mm:ss.ms) 2023-07-17 21:17:17.446098
Total Time (hh:mm:ss.ms) 0:00:09.585000
Individual: ([6, 16, 14, 8, 10, 1, 2, 5, 13, 12, 17, 4, 3, 18, 0, 19, 9, 15, 11, 7], [0, 1, 0, 0, 0, 1, 1, 1, 1, 0, 1, 1, 1, 1, 0, 1, 1, 1, 0, 0])
Fitness:  90.7
Gens:  [0, 1, 2, 3, 4, 5, 6, 7, 8, 9, 10, 11, 12, 13, 14, 15, 16, 17, 18, 19, 20, 21, 22, 23, 24, 25, 26, 27, 28, 29, 30, 31, 32, 33, 34, 35, 36, 37, 38, 39, 40, 41, 42, 43, 44, 45, 46, 47, 48, 49, 50, 51, 52, 53, 54, 55, 56, 57, 58, 59, 60, 61, 62, 63, 64, 65, 66, 67, 68, 69, 70, 71, 72, 73, 74, 75, 76, 77, 78, 79, 80, 81, 82, 83, 84, 85, 86, 87, 88, 89, 90, 91, 92, 93, 94, 95, 96, 97, 98, 99, 100]
Inds:  [93.75000000000001, 93.45000000000002, 93.4, 93.25, 93.07500000000003, 93.07500000000003, 92.80000000000003, 92.80000000000003, 92.575, 92.575, 92.45, 92.45, 92.25000000000003, 92.02500000000002, 92.02500000000002, 91.87499999999999, 91.87499999999999, 91.82500000000002, 91.65000000000002, 91.6, 91.6, 91.52499999999999, 91.52499999999999, 91.225, 91.02499999999999, 91.02499999999999, 91.02499999999999, 91.02499999999999, 90.925, 90.925, 90.925, 90.925, 90.925, 90.925, 90.85, 90.85, 90.85, 90.85, 90.85, 90.85, 90.85, 90.85, 90.85, 90.85, 90.85, 90.85, 90.85, 90.85, 90.825, 90.825, 90.825, 90.825, 90.82499999999999, 90.82499999999999, 90.82499999999999, 90.82499999999999, 90.82499999999999, 90.8, 90.8, 90.725, 90.725, 90.725, 90.725, 90.725, 90.725, 90.7, 90.7, 90.7, 90.7, 90.7, 90.7, 90.7, 90.7, 90.7, 90.7, 90.7, 90.7, 90.7, 90.7, 90.7, 90.7, 90.7, 90.7, 90.7, 90.7, 90.7, 90.7, 90.7, 90.7, 90.7, 90.7, 90.7, 90.7, 90.7, 90.7, 90.7, 90.7, 90.7, 90.7, 90.7, 90.7]

Execution 4:
Parameters: Y=0.999
Start Time (hh:mm:ss.ms) 2023-07-17 21:17:18.222098
generations	MaxGenenerations	Populationk1	Populationk	PopulationElite	PopulationMutant	fitnessElite	alpha	min  	max   	avg    	std    
0          	0               	0           	0          	0              	0               	0           	0    	94.05	96.875	95.5697	0.47872
1          	103.622         	999         	1000       	100            	200             	94.8975     	0.3  	93.5 	96.825	95.273 	0.50536
2          	103.011         	998         	999        	102            	199             	94.491      	0.298	93.475	96.625	95.1233	0.58699
3          	102.963         	997         	998        	103            	197             	94.4078     	0.296	93.35 	96.65 	95.0137	0.640972
4          	102.828         	996         	997        	104            	195             	94.3207     	0.294	93.175	96.825	94.9491	0.688645
5          	102.653         	995         	996        	106            	194             	94.2416     	0.292	92.825	96.6  	94.839 	0.696919
8          	102.272         	992         	993        	110            	189             	93.9846     	0.286	92.775	96.6  	94.5796	0.795966
10         	102.21          	990         	991        	113            	185             	93.9116     	0.282	92.55 	96.8  	94.4275	0.913231
11         	101.962         	989         	990        	114            	184             	93.7416     	0.280	92.475	96.85 	94.2784	0.909344
12         	101.884         	988         	989        	115            	182             	93.693      	0.278	92.175	96.625	94.0963	0.988965
13         	101.531         	987         	988        	117            	180             	93.4048     	0.276	92    	96.525	93.9248	1.04256 
14         	101.328         	986         	987        	118            	179             	93.2414     	0.274	91.775	96.7  	93.7418	1.12484 
15         	101.098         	985         	986        	119            	177             	93.1161     	0.272	91.725	97    	93.726 	1.17832 
16         	101.073         	984         	985        	121            	175             	93.1509     	0.270	91.4  	96.8  	93.6037	1.1995  
20         	100.692         	980         	981        	126            	169             	92.8097     	0.262	91.3  	96.925	93.348 	1.32226 
21         	100.597         	979         	980        	128            	167             	92.7638     	0.260	91.225	96.925	93.2866	1.33407 
24         	100.482         	976         	977        	132            	162             	92.5914     	0.254	91.125	96.6  	93.1932	1.40168 
25         	100.372         	975         	976        	133            	161             	92.5057     	0.252	91.1  	96.725	93.108 	1.42515 
27         	100.344         	973         	974        	136            	157             	92.465      	0.248	91.075	96.575	93.0819	1.45088 
28         	100.314         	972         	973        	137            	156             	92.4289     	0.246	90.9  	96.7  	93.0574	1.4887  
30         	100.154         	970         	971        	140            	152             	92.3525     	0.242	90.8  	96.6  	92.8622	1.50906 
33         	100.009         	967         	968        	144            	147             	92.157      	0.236	90.575	96.6  	92.7635	1.54931 
38         	99.7559         	962         	963        	150            	139             	91.913      	0.225	90.475	96.75 	92.6028	1.62314 
End Time (hh:mm:ss.ms) 2023-07-17 21:17:27.850097
Total Time (hh:mm:ss.ms) 0:00:09.627999
Individual: ([7, 4, 3, 18, 15, 9, 19, 1, 10, 8, 12, 17, 11, 0, 14, 2, 16, 13, 5, 6], [1, 1, 1, 1, 0, 0, 0, 0, 1, 1, 0, 1, 1, 0, 0, 0, 0, 0, 0, 1])
Fitness:  90.47500000000001
Gens:  [0, 1, 2, 3, 4, 5, 6, 7, 8, 9, 10, 11, 12, 13, 14, 15, 16, 17, 18, 19, 20, 21, 22, 23, 24, 25, 26, 27, 28, 29, 30, 31, 32, 33, 34, 35, 36, 37, 38, 39, 40, 41, 42, 43, 44, 45, 46, 47, 48, 49, 50, 51, 52, 53, 54, 55, 56, 57, 58, 59, 60, 61, 62, 63, 64, 65, 66, 67, 68, 69, 70, 71, 72, 73, 74, 75, 76, 77, 78, 79, 80, 81, 82, 83, 84, 85, 86, 87, 88, 89, 90, 91, 92, 93, 94, 95, 96, 97, 98, 99, 100]
Inds:  [94.05000000000001, 93.5, 93.47500000000001, 93.35, 93.17500000000003, 92.825, 92.825, 92.825, 92.77500000000002, 92.77500000000002, 92.55, 92.47500000000001, 92.17500000000001, 92.00000000000001, 91.77500000000002, 91.72500000000002, 91.40000000000002, 91.40000000000002, 91.40000000000002, 91.40000000000002, 91.3, 91.22500000000002, 91.22500000000002, 91.22500000000002, 91.12500000000003, 91.10000000000001, 91.10000000000001, 91.075, 90.9, 90.9, 90.80000000000001, 90.80000000000001, 90.80000000000001, 90.575, 90.575, 90.575, 90.575, 90.575, 90.47500000000001, 90.47500000000001, 90.47500000000001, 90.47500000000001, 90.47500000000001, 90.47500000000001, 90.47500000000001, 90.47500000000001, 90.47500000000001, 90.47500000000001, 90.47500000000001, 90.47500000000001, 90.47500000000001, 90.47500000000001, 90.47500000000001, 90.47500000000001, 90.47500000000001, 90.47500000000001, 90.47500000000001, 90.47500000000001, 90.47500000000001, 90.47500000000001, 90.47500000000001, 90.47500000000001, 90.47500000000001, 90.47500000000001, 90.47500000000001, 90.47500000000001, 90.47500000000001, 90.47500000000001, 90.47500000000001, 90.47500000000001, 90.47500000000001, 90.47500000000001, 90.47500000000001, 90.47500000000001, 90.47500000000001, 90.47500000000001, 90.47500000000001, 90.47500000000001, 90.47500000000001, 90.47500000000001, 90.47500000000001, 90.47500000000001, 90.47500000000001, 90.47500000000001, 90.47500000000001, 90.47500000000001, 90.47500000000001, 90.47500000000001, 90.47500000000001, 90.47500000000001, 90.47500000000001, 90.47500000000001, 90.47500000000001, 90.47500000000001, 90.47500000000001, 90.47500000000001, 90.47500000000001, 90.47500000000001, 90.47500000000001, 90.47500000000001, 90.47500000000001]

Execution 5:
Parameters: Y=0.999
Start Time (hh:mm:ss.ms) 2023-07-17 21:17:28.613097
generations	MaxGenenerations	Populationk1	Populationk	PopulationElite	PopulationMutant	fitnessElite	alpha	min 	max   	avg   	std     
0          	0               	0           	0          	0              	0               	0           	0    	93.9	96.775	95.568	0.458198
2          	103.436         	998         	999        	102            	199             	94.7271     	0.298	93.225	96.775	95.0988	0.583547
4          	102.685         	996         	997        	104            	195             	94.2178     	0.294	92.95 	96.8  	94.8804	0.666609
5          	102.402         	995         	996        	106            	194             	94.0749     	0.292	92.775	96.775	94.8244	0.722463
6          	102.207         	994         	995        	107            	192             	93.9359     	0.290	92.7  	96.875	94.7202	0.744188
8          	102.117         	992         	993        	110            	189             	93.8452     	0.286	92.625	96.525	94.5566	0.79575 
9          	102.016         	991         	992        	111            	187             	93.7338     	0.284	92.375	96.725	94.5005	0.847491
12         	101.779         	988         	989        	115            	182             	93.6347     	0.278	92.35 	96.95 	94.3837	0.916605
15         	101.708         	985         	986        	119            	177             	93.4739     	0.272	92.175	96.5  	94.2015	0.944374
17         	101.549         	983         	984        	122            	174             	93.4168     	0.268	91.8  	96.5  	94.1442	0.998151
26         	101.113         	974         	975        	134            	159             	92.9964     	0.250	91.625	96.7  	93.5369	1.21629 
27         	100.933         	973         	974        	135            	158             	92.886      	0.248	91.55 	96.775	93.4763	1.23874 
32         	100.858         	968         	969        	142            	149             	92.7963     	0.238	91.4  	96.575	93.3682	1.33941 
51         	100.675         	949         	950        	166            	120             	92.4435     	0.200	91.375	97.025	92.8297	1.50901 
78         	100.64          	922         	923        	199            	79              	92.1319     	0.146	91.35 	96.875	92.5054	1.44044 
92         	100.632         	908         	909        	214            	59              	91.9904     	0.119	91.3  	96.625	92.2572	1.28009 
101        	100.605         	899         	900        	224            	46              	91.8769     	0.101	91.225	96.4  	92.2142	1.24054 
End Time (hh:mm:ss.ms) 2023-07-17 21:17:38.649106
Total Time (hh:mm:ss.ms) 0:00:10.036009
Individual: ([6, 16, 8, 10, 9, 19, 1, 3, 18, 17, 11, 14, 2, 5, 13, 12, 0, 15, 4, 7], [0, 1, 0, 0, 0, 0, 0, 1, 1, 1, 1, 1, 1, 1, 1, 0, 1, 0, 0, 0])
Fitness:  91.22500000000002
Gens:  [0, 1, 2, 3, 4, 5, 6, 7, 8, 9, 10, 11, 12, 13, 14, 15, 16, 17, 18, 19, 20, 21, 22, 23, 24, 25, 26, 27, 28, 29, 30, 31, 32, 33, 34, 35, 36, 37, 38, 39, 40, 41, 42, 43, 44, 45, 46, 47, 48, 49, 50, 51, 52, 53, 54, 55, 56, 57, 58, 59, 60, 61, 62, 63, 64, 65, 66, 67, 68, 69, 70, 71, 72, 73, 74, 75, 76, 77, 78, 79, 80, 81, 82, 83, 84, 85, 86, 87, 88, 89, 90, 91, 92, 93, 94, 95, 96, 97, 98, 99, 100, 101]
Inds:  [93.9, 93.9, 93.22500000000002, 93.22500000000002, 92.95, 92.775, 92.70000000000002, 92.70000000000002, 92.625, 92.37500000000001, 92.37500000000001, 92.37500000000001, 92.35000000000001, 92.35000000000001, 92.35000000000001, 92.17500000000003, 92.17500000000003, 91.80000000000004, 91.80000000000004, 91.80000000000004, 91.80000000000004, 91.80000000000004, 91.80000000000004, 91.80000000000004, 91.80000000000004, 91.80000000000004, 91.62500000000003, 91.55000000000001, 91.55000000000001, 91.55000000000001, 91.55000000000001, 91.55000000000001, 91.40000000000002, 91.40000000000002, 91.40000000000002, 91.40000000000002, 91.40000000000002, 91.40000000000002, 91.40000000000002, 91.40000000000002, 91.40000000000002, 91.40000000000002, 91.40000000000002, 91.40000000000002, 91.40000000000002, 91.40000000000002, 91.40000000000002, 91.40000000000002, 91.40000000000002, 91.40000000000002, 91.40000000000002, 91.37500000000001, 91.37500000000001, 91.37500000000001, 91.37500000000001, 91.37500000000001, 91.37500000000001, 91.37500000000001, 91.37500000000001, 91.37500000000001, 91.37500000000001, 91.37500000000001, 91.37500000000001, 91.37500000000001, 91.37500000000001, 91.37500000000001, 91.37500000000001, 91.37500000000001, 91.37500000000001, 91.37500000000001, 91.37500000000001, 91.37500000000001, 91.37500000000001, 91.37500000000001, 91.37500000000001, 91.37500000000001, 91.37500000000001, 91.37500000000001, 91.35000000000002, 91.35000000000002, 91.35000000000002, 91.35000000000002, 91.35000000000002, 91.35000000000002, 91.35000000000002, 91.35000000000002, 91.35000000000002, 91.35000000000002, 91.35000000000002, 91.35000000000002, 91.35000000000002, 91.35000000000002, 91.30000000000001, 91.30000000000001, 91.30000000000001, 91.30000000000001, 91.30000000000001, 91.30000000000001, 91.30000000000001, 91.30000000000001, 91.30000000000001, 91.22500000000002]

Execution 6:
Parameters: Y=0.999
Start Time (hh:mm:ss.ms) 2023-07-17 21:17:39.428107
generations	MaxGenenerations	Populationk1	Populationk	PopulationElite	PopulationMutant	fitnessElite	alpha	min  	max   	avg    	std     
0          	0               	0           	0          	0              	0               	0           	0    	94.05	96.875	95.5828	0.459147
1          	103.622         	999         	1000       	100            	200             	94.8975     	0.3  	93.85	96.675	95.2879	0.529756
2          	103.381         	998         	999        	102            	199             	94.692      	0.298	93.375	96.925	95.1585	0.583317
3          	102.883         	997         	998        	103            	197             	94.4262     	0.296	93.25 	96.875	95.0506	0.623102
4          	102.741         	996         	997        	104            	195             	94.3163     	0.294	93.225	96.575	94.9726	0.65491 
5          	102.682         	995         	996        	106            	194             	94.2039     	0.292	93.175	96.675	94.9157	0.679696
6          	102.637         	994         	995        	107            	192             	94.1909     	0.290	93.15 	96.65 	94.859 	0.716158
7          	102.607         	993         	994        	109            	190             	94.1591     	0.288	92.9  	96.875	94.7915	0.747414
8          	102.355         	992         	993        	110            	189             	94.0381     	0.286	92.825	96.925	94.7264	0.76859 
10         	102.262         	990         	991        	113            	185             	93.9405     	0.282	92.675	96.8  	94.6358	0.82293 
11         	102.099         	989         	990        	114            	184             	93.8317     	0.280	92.575	96.725	94.565 	0.83081 
13         	101.971         	987         	988        	117            	180             	93.6947     	0.276	92.425	96.85 	94.4669	0.898474
14         	101.829         	986         	987        	118            	179             	93.6395     	0.274	92.2  	96.9  	94.3916	0.914069
16         	101.571         	984         	985        	121            	176             	93.4306     	0.270	92.15 	96.8  	94.1716	0.963659
18         	101.521         	982         	983        	123            	172             	93.3893     	0.266	92.05 	96.55 	94.0649	1.0327  
19         	101.386         	981         	982        	125            	171             	93.2402     	0.264	91.975	96.775	93.9875	1.04618 
21         	101.303         	979         	980        	127            	167             	93.1669     	0.260	91.85 	96.675	93.8859	1.10372 
22         	101.178         	978         	979        	129            	166             	93.0972     	0.258	91.775	96.6  	93.8467	1.14795 
24         	101.08          	976         	977        	131            	162             	92.9838     	0.254	91.575	96.7  	93.7298	1.20822 
28         	100.903         	972         	973        	137            	156             	92.8998     	0.246	91.4  	96.725	93.4541	1.30509 
29         	100.687         	971         	972        	138            	154             	92.7013     	0.244	91.25 	96.825	93.3024	1.31162 
31         	100.507         	969         	970        	141            	151             	92.5296     	0.240	91.05 	96.675	93.1527	1.39062 
32         	100.297         	968         	969        	142            	149             	92.3898     	0.238	90.875	96.675	93.0565	1.43821 
33         	100.104         	967         	968        	144            	148             	92.2442     	0.236	90.8  	96.875	92.9353	1.49104 
37         	100.046         	963         	964        	149            	141             	92.1967     	0.228	90.775	96.875	92.7361	1.58735 
41         	100.004         	959         	960        	154            	135             	92.095      	0.220	90.725	96.425	92.5563	1.59678 
44         	99.9236         	956         	957        	158            	130             	91.9658     	0.213	90.65 	96.575	92.4196	1.68218 
48         	99.8635         	952         	953        	163            	124             	91.9058     	0.205	90.625	96.825	92.3406	1.69873 
50         	99.8285         	950         	951        	165            	121             	91.8461     	0.201	90.525	96.775	92.3886	1.67585 
51         	99.7283         	949         	950        	167            	119             	91.7733     	0.199	90.425	96.725	92.2655	1.68096 
62         	99.6107         	938         	939        	180            	102             	91.539      	0.177	90.375	96.85 	91.9298	1.72449 
End Time (hh:mm:ss.ms) 2023-07-17 21:17:49.115107
Total Time (hh:mm:ss.ms) 0:00:09.687000
Individual: ([7, 11, 17, 4, 3, 18, 10, 19, 9, 15, 1, 8, 2, 16, 13, 5, 14, 0, 12, 6], [1, 1, 1, 1, 1, 1, 1, 1, 1, 1, 1, 1, 0, 0, 0, 0, 1, 1, 1, 1])
Fitness:  90.375
Gens:  [0, 1, 2, 3, 4, 5, 6, 7, 8, 9, 10, 11, 12, 13, 14, 15, 16, 17, 18, 19, 20, 21, 22, 23, 24, 25, 26, 27, 28, 29, 30, 31, 32, 33, 34, 35, 36, 37, 38, 39, 40, 41, 42, 43, 44, 45, 46, 47, 48, 49, 50, 51, 52, 53, 54, 55, 56, 57, 58, 59, 60, 61, 62, 63, 64, 65, 66, 67, 68, 69, 70, 71, 72, 73, 74, 75, 76, 77, 78, 79, 80, 81, 82, 83, 84, 85, 86, 87, 88, 89, 90, 91, 92, 93, 94, 95, 96, 97, 98, 99, 100]
Inds:  [94.05000000000001, 93.85000000000002, 93.375, 93.25, 93.22500000000001, 93.175, 93.15000000000002, 92.9, 92.82499999999999, 92.82499999999999, 92.67499999999998, 92.575, 92.575, 92.42500000000001, 92.2, 92.2, 92.15, 92.15, 92.05, 91.97500000000002, 91.97500000000002, 91.85000000000001, 91.775, 91.775, 91.575, 91.575, 91.575, 91.575, 91.4, 91.25, 91.25, 91.05000000000001, 90.875, 90.80000000000001, 90.80000000000001, 90.80000000000001, 90.80000000000001, 90.775, 90.775, 90.775, 90.775, 90.725, 90.725, 90.725, 90.65, 90.65, 90.65, 90.65, 90.625, 90.625, 90.525, 90.42500000000001, 90.42500000000001, 90.42500000000001, 90.42500000000001, 90.42500000000001, 90.42500000000001, 90.42500000000001, 90.42500000000001, 90.42500000000001, 90.42500000000001, 90.42500000000001, 90.375, 90.375, 90.375, 90.375, 90.375, 90.375, 90.375, 90.375, 90.375, 90.375, 90.375, 90.375, 90.375, 90.375, 90.375, 90.375, 90.375, 90.375, 90.375, 90.375, 90.375, 90.375, 90.375, 90.375, 90.375, 90.375, 90.375, 90.375, 90.375, 90.375, 90.375, 90.375, 90.375, 90.375, 90.375, 90.375, 90.375, 90.375, 90.375]

Execution 7:
Parameters: Y=0.999
Start Time (hh:mm:ss.ms) 2023-07-17 21:17:49.835106
generations	MaxGenenerations	Populationk1	Populationk	PopulationElite	PopulationMutant	fitnessElite	alpha	min 	max  	avg    	std     
0          	0               	0           	0          	0              	0               	0           	0    	93.4	96.75	95.5873	0.466484
1          	102.893         	999         	1000       	100            	200             	94.405      	0.3  	93.375	96.85	95.107 	0.58125 
2          	102.876         	998         	999        	102            	199             	94.4107     	0.298	93.3  	96.775	94.9602	0.650156
3          	102.785         	997         	998        	103            	197             	94.329      	0.296	92.95 	96.925	94.8953	0.695576
7          	102.392         	993         	994        	109            	190             	94.0311     	0.288	92.7  	96.525	94.6328	0.834828
9          	102.132         	991         	992        	111            	187             	93.88       	0.284	92.6  	96.65 	94.5481	0.869573
11         	102.009         	989         	990        	114            	184             	93.7566     	0.280	92.35 	96.85 	94.43  	0.900847
12         	101.746         	988         	989        	115            	182             	93.6027     	0.278	92.275	96.9  	94.3501	0.952028
15         	101.636         	985         	986        	119            	177             	93.4465     	0.272	92.2  	96.65 	94.0774	1.0016  
16         	101.561         	984         	985        	121            	176             	93.4036     	0.270	92.15 	96.65 	93.9807	1.03687 
17         	101.506         	983         	984        	122            	174             	93.3581     	0.268	91.7  	96.575	93.9016	1.08137 
22         	100.997         	978         	979        	129            	166             	92.9469     	0.258	91.5  	96.825	93.5662	1.25877 
23         	100.807         	977         	978        	130            	164             	92.8651     	0.256	91.475	96.7  	93.564 	1.28736 
25         	100.745         	975         	976        	133            	161             	92.7368     	0.252	91.35 	96.475	93.4333	1.31332 
27         	100.64          	973         	974        	136            	157             	92.7034     	0.248	90.975	96.625	93.3653	1.33243 
42         	100.232         	958         	959        	155            	133             	92.2569     	0.218	90.8  	96.7  	92.7145	1.54226 
44         	100.016         	956         	957        	158            	130             	92.0466     	0.214	90.55 	96.65 	92.6694	1.57555 
53         	99.7509         	947         	948        	169            	116             	91.7587     	0.195	90.525	96.9  	92.3702	1.64257 
54         	99.7408         	946         	947        	171            	114             	91.76       	0.193	90.45 	96.7  	92.2499	1.66967 
59         	99.6556         	941         	942        	177            	107             	91.6296     	0.183	90.4  	96.825	92.0037	1.74896 
End Time (hh:mm:ss.ms) 2023-07-17 21:17:59.523110
Total Time (hh:mm:ss.ms) 0:00:09.688004
Individual: ([7, 17, 15, 9, 19, 1, 0, 14, 8, 10, 16, 13, 5, 2, 11, 4, 3, 18, 12, 6], [1, 0, 0, 0, 0, 0, 0, 0, 0, 0, 0, 0, 0, 0, 0, 1, 1, 1, 1, 1])
Fitness:  90.4
Gens:  [0, 1, 2, 3, 4, 5, 6, 7, 8, 9, 10, 11, 12, 13, 14, 15, 16, 17, 18, 19, 20, 21, 22, 23, 24, 25, 26, 27, 28, 29, 30, 31, 32, 33, 34, 35, 36, 37, 38, 39, 40, 41, 42, 43, 44, 45, 46, 47, 48, 49, 50, 51, 52, 53, 54, 55, 56, 57, 58, 59, 60, 61, 62, 63, 64, 65, 66, 67, 68, 69, 70, 71, 72, 73, 74, 75, 76, 77, 78, 79, 80, 81, 82, 83, 84, 85, 86, 87, 88, 89, 90, 91, 92, 93, 94, 95, 96, 97, 98, 99, 100]
Inds:  [93.4, 93.37500000000001, 93.3, 92.95000000000002, 92.95000000000002, 92.95000000000002, 92.95000000000002, 92.69999999999999, 92.69999999999999, 92.6, 92.6, 92.35, 92.27499999999999, 92.27499999999999, 92.27499999999999, 92.2, 92.14999999999999, 91.7, 91.7, 91.7, 91.7, 91.7, 91.5, 91.475, 91.475, 91.35, 91.35, 90.97500000000001, 90.97500000000001, 90.97500000000001, 90.97500000000001, 90.97500000000001, 90.97500000000001, 90.97500000000001, 90.97500000000001, 90.97500000000001, 90.97500000000001, 90.97500000000001, 90.97500000000001, 90.97500000000001, 90.97500000000001, 90.97500000000001, 90.80000000000001, 90.80000000000001, 90.55000000000001, 90.55000000000001, 90.55000000000001, 90.55000000000001, 90.55000000000001, 90.55000000000001, 90.55000000000001, 90.55000000000001, 90.55000000000001, 90.525, 90.45, 90.45, 90.45, 90.45, 90.45, 90.4, 90.4, 90.4, 90.4, 90.4, 90.4, 90.4, 90.4, 90.4, 90.4, 90.4, 90.4, 90.4, 90.4, 90.4, 90.4, 90.4, 90.4, 90.4, 90.4, 90.4, 90.4, 90.4, 90.4, 90.4, 90.4, 90.4, 90.4, 90.4, 90.4, 90.4, 90.4, 90.4, 90.4, 90.4, 90.4, 90.4, 90.4, 90.4, 90.4, 90.4, 90.4]

Execution 8:
Parameters: Y=0.999
Start Time (hh:mm:ss.ms) 2023-07-17 21:18:00.254106
generations	MaxGenenerations	Populationk1	Populationk	PopulationElite	PopulationMutant	fitnessElite	alpha	min  	max   	avg    	std     
0          	0               	0           	0          	0              	0               	0           	0    	94.05	96.875	95.5649	0.461272
1          	103.622         	999         	1000       	100            	200             	94.8975     	0.3  	93.525	96.7  	95.3002	0.513932
3          	103.044         	997         	998        	103            	197             	94.517      	0.296	93.375	96.825	95.0625	0.624197
6          	102.86          	994         	995        	107            	192             	94.3402     	0.290	93    	96.775	94.8101	0.70803 
7          	102.455         	993         	994        	109            	190             	94.0883     	0.288	93    	96.625	94.7559	0.724796
8          	102.44          	992         	993        	110            	189             	94.038      	0.286	92.8  	96.65 	94.6733	0.769086
10         	102.232         	990         	991        	113            	185             	93.9155     	0.282	92.675	96.95 	94.55  	0.792116
12         	102.087         	988         	989        	115            	182             	93.7888     	0.278	92.5  	96.75 	94.4618	0.828498
16         	101.899         	984         	985        	121            	176             	93.6431     	0.270	92.475	96.75 	94.2744	0.886122
17         	101.874         	983         	984        	122            	174             	93.6232     	0.268	92.45 	96.725	94.252 	0.934105
18         	101.844         	982         	983        	123            	172             	93.5898     	0.266	92.35 	96.475	94.2028	0.924987
19         	101.708         	981         	982        	125            	171             	93.4415     	0.264	92.3  	96.55 	94.1598	0.968183
22         	101.681         	978         	979        	129            	166             	93.4512     	0.258	92.275	96.925	94.005 	0.976877
23         	101.671         	977         	978        	130            	164             	93.4688     	0.256	92.25 	96.775	94.0052	1.02507 
25         	101.631         	975         	976        	133            	161             	93.4001     	0.252	91.9  	96.725	93.8584	1.04963 
27         	101.218         	973         	974        	135            	158             	93.0499     	0.248	91.85 	96.65 	93.749 	1.08314 
30         	101.188         	970         	971        	139            	153             	93.0452     	0.242	91.45 	96.725	93.5933	1.15699 
35         	100.755         	965         	966        	146            	145             	92.7056     	0.232	91.4  	96.675	93.2354	1.29756 
36         	100.682         	964         	965        	147            	143             	92.6158     	0.230	91.1  	96.8  	93.1912	1.33327 
39         	100.344         	961         	962        	151            	138             	92.3334     	0.224	90.925	96.625	92.937 	1.36087 
41         	100.136         	959         	960        	154            	135             	92.1411     	0.220	90.775	96.825	92.8459	1.46054 
42         	100.009         	958         	959        	155            	133             	92.0939     	0.218	90.725	96.575	92.7598	1.45965 
43         	99.9286         	957         	958        	157            	132             	91.9882     	0.215	90.65 	96.55 	92.6847	1.51154 
49         	99.8635         	951         	952        	164            	122             	91.8936     	0.203	90.6  	96.525	92.4595	1.57453 
51         	99.8009         	949         	950        	167            	119             	91.8138     	0.199	90.475	96.725	92.4285	1.62118 
86         	99.6682         	914         	915        	209            	66              	91.284      	0.129	90.425	96.525	91.6222	1.54703 
End Time (hh:mm:ss.ms) 2023-07-17 21:18:09.884107
Total Time (hh:mm:ss.ms) 0:00:09.630001
Individual: ([7, 11, 17, 4, 3, 18, 10, 8, 14, 0, 1, 19, 9, 15, 2, 5, 13, 12, 16, 6], [1, 1, 1, 1, 1, 1, 1, 1, 1, 1, 1, 1, 1, 1, 1, 1, 1, 0, 0, 1])
Fitness:  90.425
Gens:  [0, 1, 2, 3, 4, 5, 6, 7, 8, 9, 10, 11, 12, 13, 14, 15, 16, 17, 18, 19, 20, 21, 22, 23, 24, 25, 26, 27, 28, 29, 30, 31, 32, 33, 34, 35, 36, 37, 38, 39, 40, 41, 42, 43, 44, 45, 46, 47, 48, 49, 50, 51, 52, 53, 54, 55, 56, 57, 58, 59, 60, 61, 62, 63, 64, 65, 66, 67, 68, 69, 70, 71, 72, 73, 74, 75, 76, 77, 78, 79, 80, 81, 82, 83, 84, 85, 86, 87, 88, 89, 90, 91, 92, 93, 94, 95, 96, 97, 98, 99, 100]
Inds:  [94.05, 93.52500000000002, 93.52500000000002, 93.37500000000001, 93.37500000000001, 93.37500000000001, 93.00000000000001, 93.0, 92.8, 92.8, 92.67500000000001, 92.67500000000001, 92.50000000000001, 92.50000000000001, 92.50000000000001, 92.50000000000001, 92.47500000000001, 92.45000000000002, 92.35000000000001, 92.3, 92.3, 92.3, 92.275, 92.25000000000001, 92.25000000000001, 91.90000000000002, 91.90000000000002, 91.85000000000001, 91.85000000000001, 91.85000000000001, 91.45000000000002, 91.45000000000002, 91.45000000000002, 91.45000000000002, 91.45000000000002, 91.4, 91.10000000000001, 91.10000000000001, 91.10000000000001, 90.92500000000001, 90.92500000000001, 90.77500000000002, 90.72500000000002, 90.65000000000002, 90.65000000000002, 90.65000000000002, 90.65000000000002, 90.65000000000002, 90.65000000000002, 90.60000000000002, 90.60000000000002, 90.47500000000002, 90.47500000000002, 90.47500000000002, 90.47500000000002, 90.47500000000002, 90.47500000000002, 90.47500000000002, 90.47500000000002, 90.47500000000002, 90.47500000000002, 90.47500000000002, 90.47500000000002, 90.47500000000002, 90.47500000000002, 90.47500000000002, 90.47500000000002, 90.47500000000002, 90.47500000000002, 90.47500000000002, 90.47500000000002, 90.47500000000002, 90.47500000000002, 90.47500000000002, 90.47500000000002, 90.47500000000002, 90.47500000000002, 90.47500000000002, 90.47500000000002, 90.47500000000002, 90.47500000000002, 90.47500000000002, 90.47500000000002, 90.47500000000002, 90.47500000000002, 90.47500000000002, 90.425, 90.425, 90.425, 90.425, 90.425, 90.425, 90.425, 90.425, 90.425, 90.425, 90.425, 90.425, 90.425, 90.425, 90.425]

Execution 9:
Parameters: Y=0.999
Start Time (hh:mm:ss.ms) 2023-07-17 21:18:10.597106
generations	MaxGenenerations	Populationk1	Populationk	PopulationElite	PopulationMutant	fitnessElite	alpha	min  	max  	avg    	std     
0          	0               	0           	0          	0              	0               	0           	0    	94.15	97.15	95.5694	0.468636
1          	103.761         	999         	1000       	100            	200             	95.05       	0.3  	93.675	96.825	95.2917	0.520611
2          	103.204         	998         	999        	102            	199             	94.6139     	0.298	93.375	96.975	95.1823	0.566339
4          	102.871         	996         	997        	104            	195             	94.3825     	0.294	92.725	96.75 	94.9816	0.643202
9          	102.126         	991         	992        	111            	187             	93.8055     	0.284	92.7  	97.05 	94.6008	0.805436
11         	102.096         	989         	990        	114            	184             	93.7656     	0.280	92.15 	96.675	94.4651	0.85353 
18         	101.516         	982         	983        	123            	172             	93.3759     	0.266	92.025	96.6  	93.992 	1.03228 
19         	101.363         	981         	982        	125            	171             	93.235      	0.264	91.925	96.525	93.9424	1.07786 
21         	101.283         	979         	980        	127            	167             	93.221      	0.260	91.9  	96.625	93.7359	1.14742 
23         	101.235         	977         	978        	130            	164             	93.1314     	0.256	91.825	96.775	93.6714	1.19992 
24         	101.16          	976         	977        	131            	162             	93.0849     	0.254	91.775	96.775	93.6243	1.21273 
25         	101.105         	975         	976        	133            	161             	93.0376     	0.252	91.625	96.525	93.5622	1.21878 
26         	100.915         	974         	975        	134            	159             	92.8522     	0.250	91.6  	96.7  	93.4721	1.27586 
32         	100.892         	968         	969        	142            	149             	92.7868     	0.238	91.55 	96.775	93.2994	1.3563  
33         	100.858         	967         	968        	143            	148             	92.7859     	0.236	91.475	96.675	93.1802	1.35409 
40         	100.765         	960         	961        	152            	137             	92.6325     	0.222	91.325	96.725	93.0978	1.39561 
43         	100.602         	957         	958        	156            	132             	92.4887     	0.216	91.25 	96.85 	92.9498	1.43006 
47         	100.492         	953         	954        	161            	126             	92.3287     	0.208	90.925	96.85 	92.8693	1.47258 
52         	100.129         	948         	949        	168            	118             	92.0048     	0.198	90.8  	97.075	92.601 	1.53631 
59         	100.014         	941         	942        	176            	107             	91.8673     	0.184	90.775	96.425	92.3902	1.63552 
62         	99.9587         	938         	939        	180            	102             	91.7626     	0.177	90.425	96.95 	92.3039	1.60031 
End Time (hh:mm:ss.ms) 2023-07-17 21:18:20.040108
Total Time (hh:mm:ss.ms) 0:00:09.443002
Individual: ([7, 11, 0, 12, 13, 5, 2, 14, 8, 10, 18, 3, 4, 17, 15, 9, 19, 1, 16, 6], [1, 1, 0, 1, 0, 0, 0, 0, 0, 0, 0, 0, 0, 0, 0, 0, 0, 0, 0, 1])
Fitness:  90.425
Gens:  [0, 1, 2, 3, 4, 5, 6, 7, 8, 9, 10, 11, 12, 13, 14, 15, 16, 17, 18, 19, 20, 21, 22, 23, 24, 25, 26, 27, 28, 29, 30, 31, 32, 33, 34, 35, 36, 37, 38, 39, 40, 41, 42, 43, 44, 45, 46, 47, 48, 49, 50, 51, 52, 53, 54, 55, 56, 57, 58, 59, 60, 61, 62, 63, 64, 65, 66, 67, 68, 69, 70, 71, 72, 73, 74, 75, 76, 77, 78, 79, 80, 81, 82, 83, 84, 85, 86, 87, 88, 89, 90, 91, 92, 93, 94, 95, 96, 97, 98, 99, 100]
Inds:  [94.14999999999999, 93.675, 93.375, 93.375, 92.725, 92.725, 92.725, 92.725, 92.725, 92.7, 92.7, 92.15, 92.15, 92.15, 92.15, 92.15, 92.15, 92.15, 92.025, 91.925, 91.925, 91.89999999999999, 91.89999999999999, 91.825, 91.77499999999999, 91.625, 91.60000000000001, 91.60000000000001, 91.60000000000001, 91.60000000000001, 91.60000000000001, 91.60000000000001, 91.55000000000001, 91.47500000000001, 91.47500000000001, 91.47500000000001, 91.47500000000001, 91.47500000000001, 91.47500000000001, 91.47500000000001, 91.325, 91.325, 91.325, 91.25000000000001, 91.25000000000001, 91.25000000000001, 91.25000000000001, 90.925, 90.925, 90.925, 90.925, 90.925, 90.8, 90.8, 90.8, 90.8, 90.8, 90.8, 90.8, 90.775, 90.775, 90.775, 90.425, 90.425, 90.425, 90.425, 90.425, 90.425, 90.425, 90.425, 90.425, 90.425, 90.425, 90.425, 90.425, 90.425, 90.425, 90.425, 90.425, 90.425, 90.425, 90.425, 90.425, 90.425, 90.425, 90.425, 90.425, 90.425, 90.425, 90.425, 90.425, 90.425, 90.425, 90.425, 90.425, 90.425, 90.425, 90.425, 90.425, 90.425, 90.425]

Execution 10:
Parameters: Y=0.999
Start Time (hh:mm:ss.ms) 2023-07-17 21:18:20.817109
generations	MaxGenenerations	Populationk1	Populationk	PopulationElite	PopulationMutant	fitnessElite	alpha	min   	max 	avg    	std     
0          	0               	0           	0          	0              	0               	0           	0    	93.975	96.9	95.5783	0.480397
1          	103.542         	999         	1000       	100            	200             	94.8525     	0.3  	93.5  	96.725	95.2376	0.5265  
2          	103.001         	998         	999        	102            	199             	94.4612     	0.298	93.4  	97.025	95.1027	0.598313
3          	102.921         	997         	998        	103            	197             	94.4734     	0.296	93.375	96.625	95.0109	0.640557
4          	102.853         	996         	997        	104            	195             	94.331      	0.294	93.125	96.775	94.9358	0.691407
6          	102.577         	994         	995        	107            	192             	94.1409     	0.290	93.1  	96.6  	94.7586	0.72687 
8          	102.596         	992         	993        	110            	189             	94.2383     	0.286	92.8  	96.65 	94.6624	0.772745
9          	102.222         	991         	992        	111            	187             	93.8947     	0.284	92.575	96.625	94.6013	0.805812
10         	101.971         	990         	991        	113            	185             	93.7185     	0.282	92.55 	96.85 	94.5472	0.824458
13         	101.952         	987         	988        	117            	180             	93.6973     	0.276	92.325	96.55 	94.3375	0.882085
16         	101.706         	984         	985        	121            	176             	93.5152     	0.270	92.275	96.75 	94.0535	0.99195 
17         	101.654         	983         	984        	122            	174             	93.4766     	0.268	92.175	97.05 	93.9506	1.04201 
18         	101.574         	982         	983        	123            	172             	93.4743     	0.266	91.65 	96.65 	93.8613	1.0969  
24         	100.965         	976         	977        	131            	162             	92.9476     	0.254	91.425	96.675	93.5299	1.31531 
29         	100.722         	971         	972        	138            	154             	92.7387     	0.244	91.25 	96.625	93.2765	1.37995 
30         	100.512         	970         	971        	139            	153             	92.5523     	0.242	91.1  	96.6  	93.2324	1.38553 
32         	100.334         	968         	969        	142            	149             	92.3863     	0.238	90.875	96.6  	93.105 	1.41925 
39         	100.116         	961         	962        	151            	138             	92.2027     	0.224	90.775	96.775	92.8172	1.50528 
41         	99.9912         	959         	960        	154            	135             	92.0675     	0.219	90.65 	96.675	92.7084	1.57968 
42         	99.856          	958         	959        	155            	133             	91.9627     	0.217	90.6  	96.675	92.7083	1.60212 
44         	99.8109         	956         	957        	158            	130             	91.9204     	0.213	90.575	96.4  	92.5687	1.59013 
49         	99.7534         	951         	952        	164            	122             	91.7772     	0.203	90.425	97.075	92.3494	1.65376 
53         	99.6007         	947         	948        	169            	116             	91.6327     	0.195	90.25 	96.7  	92.2952	1.68517 
End Time (hh:mm:ss.ms) 2023-07-17 21:18:30.352108
Total Time (hh:mm:ss.ms) 0:00:09.534999
Individual: ([6, 12, 15, 9, 19, 1, 11, 17, 0, 16, 13, 5, 2, 14, 8, 10, 18, 3, 4, 7], [0, 0, 0, 0, 0, 0, 0, 0, 0, 0, 0, 0, 0, 0, 0, 0, 0, 0, 0, 0])
Fitness:  90.25
Gens:  [0, 1, 2, 3, 4, 5, 6, 7, 8, 9, 10, 11, 12, 13, 14, 15, 16, 17, 18, 19, 20, 21, 22, 23, 24, 25, 26, 27, 28, 29, 30, 31, 32, 33, 34, 35, 36, 37, 38, 39, 40, 41, 42, 43, 44, 45, 46, 47, 48, 49, 50, 51, 52, 53, 54, 55, 56, 57, 58, 59, 60, 61, 62, 63, 64, 65, 66, 67, 68, 69, 70, 71, 72, 73, 74, 75, 76, 77, 78, 79, 80, 81, 82, 83, 84, 85, 86, 87, 88, 89, 90, 91, 92, 93, 94, 95, 96, 97, 98, 99, 100]
Inds:  [93.97500000000002, 93.50000000000001, 93.40000000000002, 93.37500000000001, 93.12500000000001, 93.12500000000001, 93.10000000000001, 93.10000000000001, 92.80000000000003, 92.57500000000002, 92.55000000000001, 92.55000000000001, 92.55000000000001, 92.32500000000002, 92.32500000000002, 92.32500000000002, 92.275, 92.17500000000001, 91.65, 91.65, 91.65, 91.65, 91.65, 91.65, 91.42500000000001, 91.42500000000001, 91.42500000000001, 91.42500000000001, 91.42500000000001, 91.25, 91.10000000000001, 91.10000000000001, 90.875, 90.875, 90.875, 90.875, 90.875, 90.875, 90.875, 90.775, 90.775, 90.65, 90.6, 90.6, 90.57500000000002, 90.57500000000002, 90.57500000000002, 90.57500000000002, 90.57500000000002, 90.42500000000001, 90.42500000000001, 90.42500000000001, 90.42500000000001, 90.25, 90.25, 90.25, 90.25, 90.25, 90.25, 90.25, 90.25, 90.25, 90.25, 90.25, 90.25, 90.25, 90.25, 90.25, 90.25, 90.25, 90.25, 90.25, 90.25, 90.25, 90.25, 90.25, 90.25, 90.25, 90.25, 90.25, 90.25, 90.25, 90.25, 90.25, 90.25, 90.25, 90.25, 90.25, 90.25, 90.25, 90.25, 90.25, 90.25, 90.25, 90.25, 90.25, 90.25, 90.25, 90.25, 90.25, 90.25]

