A-BRKGA:

Execution 1:
Parameters: Y=0.999
Start Time (hh:mm:ss.ms) 2023-07-17 21:40:14.265001
generations	MaxGenenerations	Populationk1	Populationk	PopulationElite	PopulationMutant	fitnessElite	alpha	min  	max    	avg    	std     
0          	0               	0           	0          	0              	0               	0           	0    	164.7	169.725	167.407	0.806112
1          	195.183         	999         	1000       	100            	200             	166.208     	0.3  	164.275	169.475	166.92 	0.846342
4          	194.698         	996         	997        	102            	197             	165.923     	0.296	164.05 	169.175	166.501	0.991298
5          	194.305         	995         	996        	103            	196             	165.566     	0.295	163.825	169.475	166.417	1.01398 
7          	194.063         	993         	994        	104            	194             	165.434     	0.293	163.25 	169.225	166.254	1.04988 
11         	193.421         	989         	990        	107            	191             	165.06      	0.289	162.825	169.775	165.975	1.20322 
13         	192.936         	987         	988        	108            	189             	164.773     	0.287	162.325	169.175	165.808	1.24373 
19         	192.296         	981         	982        	112            	183             	164.301     	0.281	162.3  	169.3  	165.324	1.46385 
20         	192.257         	980         	981        	113            	182             	164.262     	0.280	162.2  	169.225	165.226	1.47814 
22         	192.273         	978         	979        	114            	180             	164.37      	0.278	161.825	169.35 	165.103	1.57228 
26         	191.795         	974         	975        	117            	176             	164.016     	0.273	161.75 	169.5  	164.731	1.69967 
27         	191.643         	973         	974        	118            	175             	163.865     	0.272	161.7  	169.5  	164.661	1.73123 
28         	191.584         	972         	973        	118            	174             	163.82      	0.271	161.075	170    	164.538	1.80401 
30         	190.753         	970         	971        	120            	172             	163.218     	0.269	161    	169.125	164.211	1.90465 
31         	190.683         	969         	970        	120            	171             	163.182     	0.268	160.925	169.975	164.056	1.94934 
32         	190.757         	968         	969        	121            	171             	163.346     	0.267	160.525	169.375	163.99 	1.99881 
33         	190.168         	967         	968        	122            	169             	162.882     	0.266	160.5  	169.05 	163.853	2.02063 
36         	190.082         	964         	965        	124            	167             	162.757     	0.263	160.15 	169.7  	163.644	2.1789  
38         	189.696         	962         	963        	125            	165             	162.518     	0.260	160.1  	169.5  	163.523	2.22301 
44         	189.622         	956         	957        	129            	159             	162.405     	0.254	159.95 	169.575	163.319	2.32471 
45         	189.525         	955         	956        	129            	158             	162.391     	0.253	159.85 	169.45 	163.211	2.35427 
48         	189.378         	952         	953        	131            	155             	162.247     	0.250	159.55 	169.125	163.078	2.41833 
52         	189.032         	948         	949        	134            	152             	161.992     	0.246	159.325	169.3  	162.869	2.44267 
55         	188.761         	945         	946        	136            	149             	161.783     	0.242	159.25 	168.825	162.654	2.53257 
56         	188.554         	944         	945        	136            	148             	161.564     	0.241	159.1  	169.35 	162.682	2.53467 
63         	188.551         	937         	938        	140            	142             	161.595     	0.234	158.925	169.175	162.226	2.6695  
64         	188.235         	936         	937        	141            	141             	161.314     	0.233	158.65 	169.275	162.263	2.70085 
65         	187.928         	935         	936        	142            	140             	161.114     	0.231	158.35 	169.075	162.146	2.76775 
70         	187.46          	930         	931        	145            	135             	160.687     	0.226	158.3  	169.15 	161.71 	2.92474 
72         	187.579         	928         	929        	146            	133             	160.84      	0.224	158.15 	168.825	161.643	3.0103  
74         	187.322         	926         	927        	147            	132             	160.604     	0.222	158.1  	169.225	161.654	3.05191 
81         	187.3           	919         	920        	151            	125             	160.525     	0.214	158.05 	169.2  	161.428	3.09032 
83         	187.358         	917         	918        	152            	124             	160.594     	0.212	157.975	169.4  	161.374	3.15229 
95         	187.087         	905         	906        	159            	113             	160.185     	0.199	157.875	168.925	161.029	3.19097 
101        	186.982         	899         	900        	163            	108             	160.047     	0.193	157.725	169.65 	160.957	3.16413 
End Time (hh:mm:ss.ms) 2023-07-17 21:40:37.487000
Total Time (hh:mm:ss.ms) 0:00:23.221999
Individual: ([19, 21, 27, 25, 9, 12, 31, 7, 17, 24, 29, 28, 5, 8, 6, 15, 13, 23, 16, 26, 0, 11, 20, 10, 1, 3, 14, 4, 2, 30, 22, 18], [1, 1, 0, 0, 0, 0, 1, 0, 0, 0, 0, 0, 0, 0, 0, 0, 0, 0, 0, 0, 0, 0, 1, 1, 1, 1, 1, 1, 0, 0, 1, 1])
Fitness:  157.725
Gens:  [0, 1, 2, 3, 4, 5, 6, 7, 8, 9, 10, 11, 12, 13, 14, 15, 16, 17, 18, 19, 20, 21, 22, 23, 24, 25, 26, 27, 28, 29, 30, 31, 32, 33, 34, 35, 36, 37, 38, 39, 40, 41, 42, 43, 44, 45, 46, 47, 48, 49, 50, 51, 52, 53, 54, 55, 56, 57, 58, 59, 60, 61, 62, 63, 64, 65, 66, 67, 68, 69, 70, 71, 72, 73, 74, 75, 76, 77, 78, 79, 80, 81, 82, 83, 84, 85, 86, 87, 88, 89, 90, 91, 92, 93, 94, 95, 96, 97, 98, 99, 100, 101, 102, 103, 104, 105, 106, 107, 108, 109, 110, 111, 112, 113, 114, 115, 116, 117, 118, 119, 120, 121, 122, 123, 124, 125, 126, 127, 128, 129, 130, 131, 132, 133, 134, 135, 136, 137, 138, 139, 140, 141, 142, 143, 144, 145, 146, 147, 148, 149, 150, 151, 152, 153, 154, 155, 156, 157, 158, 159, 160, 161, 162, 163, 164, 165, 166, 167, 168, 169, 170, 171, 172, 173, 174, 175, 176, 177, 178, 179, 180, 181, 182, 183, 184, 185, 186, 187]
Inds:  [164.70000000000005, 164.275, 164.275, 164.275, 164.05, 163.82500000000005, 163.82500000000005, 163.25, 163.25, 163.25, 163.25, 162.825, 162.825, 162.325, 162.325, 162.325, 162.325, 162.325, 162.325, 162.3, 162.20000000000002, 162.20000000000002, 161.825, 161.825, 161.825, 161.825, 161.75000000000003, 161.7, 161.075, 161.075, 160.99999999999997, 160.92499999999998, 160.525, 160.5, 160.5, 160.5, 160.14999999999998, 160.14999999999998, 160.10000000000002, 160.10000000000002, 160.10000000000002, 160.10000000000002, 160.10000000000002, 160.10000000000002, 159.95000000000005, 159.85000000000002, 159.85000000000002, 159.85000000000002, 159.55000000000004, 159.55000000000004, 159.55000000000004, 159.55000000000004, 159.32500000000002, 159.32500000000002, 159.32500000000002, 159.25000000000003, 159.10000000000002, 159.10000000000002, 159.10000000000002, 159.10000000000002, 159.10000000000002, 159.10000000000002, 159.10000000000002, 158.92499999999998, 158.65000000000003, 158.35000000000002, 158.35000000000002, 158.35000000000002, 158.35000000000002, 158.35000000000002, 158.3, 158.3, 158.15, 158.15, 158.1, 158.1, 158.1, 158.1, 158.1, 158.1, 158.1, 158.04999999999998, 158.04999999999998, 157.975, 157.975, 157.975, 157.975, 157.975, 157.975, 157.975, 157.975, 157.975, 157.975, 157.975, 157.975, 157.875, 157.875, 157.875, 157.875, 157.875, 157.875, 157.725, 157.725, 157.725, 157.725, 157.725, 157.725, 157.725, 157.725, 157.725, 157.725, 157.725, 157.725, 157.725, 157.725, 157.725, 157.725, 157.725, 157.725, 157.725, 157.725, 157.725, 157.725, 157.725, 157.725, 157.725, 157.725, 157.725, 157.725, 157.725, 157.725, 157.725, 157.725, 157.725, 157.725, 157.725, 157.725, 157.725, 157.725, 157.725, 157.725, 157.725, 157.725, 157.725, 157.725, 157.725, 157.725, 157.725, 157.725, 157.725, 157.725, 157.725, 157.725, 157.725, 157.725, 157.725, 157.725, 157.725, 157.725, 157.725, 157.725, 157.725, 157.725, 157.725, 157.725, 157.725, 157.725, 157.725, 157.725, 157.725, 157.725, 157.725, 157.725, 157.725, 157.725, 157.725, 157.725, 157.725, 157.725, 157.725, 157.725, 157.725, 157.725, 157.725, 157.725, 157.725, 157.725, 157.725]

Execution 2:
Parameters: Y=0.999
Start Time (hh:mm:ss.ms) 2023-07-17 21:40:38.343001
generations	MaxGenenerations	Populationk1	Populationk	PopulationElite	PopulationMutant	fitnessElite	alpha	min    	max    	avg    	std     
0          	0               	0           	0          	0              	0               	0           	0    	163.575	169.325	167.379	0.807541
6          	193.767         	994         	995        	104            	195             	165.263     	0.294	163.225	168.9  	165.922	1.20054 
9          	193.42          	991         	992        	106            	193             	165.099     	0.291	162.75 	169.35 	165.601	1.38105 
10         	192.799         	990         	991        	106            	192             	164.668     	0.290	162.575	169.4  	165.449	1.38522 
13         	192.64          	987         	988        	108            	189             	164.595     	0.287	162.475	169.425	165.222	1.49773 
15         	192.493         	985         	986        	110            	187             	164.466     	0.285	161.775	169.2  	165.095	1.50346 
17         	191.745         	983         	984        	111            	185             	164.07      	0.283	161.7  	169.25 	164.924	1.61138 
23         	191.575         	977         	978        	115            	179             	163.847     	0.277	161.55 	169.425	164.476	1.85382 
25         	191.488         	975         	976        	116            	177             	163.853     	0.274	161.375	170.05 	164.468	1.931   
26         	191.304         	974         	975        	117            	176             	163.751     	0.273	161.275	169.025	164.333	1.90933 
27         	190.99          	973         	974        	118            	175             	163.389     	0.272	161.15 	170.1  	164.236	1.94331 
28         	191.047         	972         	973        	118            	174             	163.582     	0.271	161.025	169.55 	164.254	1.95575 
29         	190.794         	971         	972        	119            	173             	163.332     	0.270	160.9  	169.2  	164.201	2.02834 
30         	190.579         	970         	971        	120            	172             	163.137     	0.269	160.775	169.4  	164.02 	2.05012 
32         	190.46          	968         	969        	121            	170             	163.068     	0.267	160.625	169.35 	164.023	2.0888  
38         	190.239         	962         	963        	125            	165             	162.844     	0.261	160.6  	169.7  	163.807	2.21486 
39         	190.319         	961         	962        	125            	164             	162.967     	0.260	160.4  	169.675	163.76 	2.22955 
40         	190.077         	960         	961        	126            	163             	162.802     	0.258	160.3  	170    	163.704	2.22062 
41         	190.021         	959         	960        	127            	162             	162.802     	0.257	160.25 	169.375	163.62 	2.24591 
42         	189.843         	958         	959        	127            	161             	162.593     	0.256	159.85 	169.225	163.556	2.27839 
44         	189.321         	956         	957        	129            	159             	162.211     	0.254	159.725	169.475	163.442	2.34527 
47         	189.154         	953         	954        	131            	156             	162.063     	0.251	159.625	169.55 	163.273	2.38226 
53         	189.074         	947         	948        	134            	151             	161.977     	0.244	159.575	168.775	162.936	2.50229 
56         	188.991         	944         	945        	136            	148             	161.878     	0.241	159.275	169.225	162.941	2.53807 
57         	188.659         	943         	944        	137            	147             	161.669     	0.240	159    	169.05 	162.72 	2.59576 
70         	188.305         	930         	931        	145            	135             	161.284     	0.226	158.975	169.425	162.318	2.82647 
71         	188.341         	929         	930        	145            	135             	161.333     	0.225	158.95 	169.35 	162.314	2.86869 
82         	188.255         	918         	919        	152            	125             	161.127     	0.213	158.85 	168.725	161.978	2.90885 
End Time (hh:mm:ss.ms) 2023-07-17 21:41:02.461000
Total Time (hh:mm:ss.ms) 0:00:24.117999
Individual: ([19, 30, 1, 2, 3, 21, 13, 15, 29, 16, 22, 14, 4, 26, 27, 7, 17, 25, 31, 0, 28, 8, 6, 5, 10, 12, 9, 20, 11, 24, 23, 18], [1, 1, 0, 0, 1, 0, 1, 1, 0, 1, 0, 1, 1, 1, 0, 0, 0, 0, 0, 0, 1, 0, 0, 1, 1, 1, 1, 1, 1, 1, 1, 1])
Fitness:  158.85000000000005
Gens:  [0, 1, 2, 3, 4, 5, 6, 7, 8, 9, 10, 11, 12, 13, 14, 15, 16, 17, 18, 19, 20, 21, 22, 23, 24, 25, 26, 27, 28, 29, 30, 31, 32, 33, 34, 35, 36, 37, 38, 39, 40, 41, 42, 43, 44, 45, 46, 47, 48, 49, 50, 51, 52, 53, 54, 55, 56, 57, 58, 59, 60, 61, 62, 63, 64, 65, 66, 67, 68, 69, 70, 71, 72, 73, 74, 75, 76, 77, 78, 79, 80, 81, 82, 83, 84, 85, 86, 87, 88, 89, 90, 91, 92, 93, 94, 95, 96, 97, 98, 99, 100, 101, 102, 103, 104, 105, 106, 107, 108, 109, 110, 111, 112, 113, 114, 115, 116, 117, 118, 119, 120, 121, 122, 123, 124, 125, 126, 127, 128, 129, 130, 131, 132, 133, 134, 135, 136, 137, 138, 139, 140, 141, 142, 143, 144, 145, 146, 147, 148, 149, 150, 151, 152, 153, 154, 155, 156, 157, 158, 159, 160, 161, 162, 163, 164, 165, 166, 167, 168, 169, 170, 171, 172, 173, 174, 175, 176, 177, 178, 179, 180, 181, 182, 183, 184, 185, 186, 187, 188, 189]
Inds:  [163.57500000000002, 163.57500000000002, 163.57500000000002, 163.57500000000002, 163.57500000000002, 163.57500000000002, 163.22500000000002, 163.22500000000002, 163.22500000000002, 162.75, 162.57500000000007, 162.57500000000007, 162.57500000000007, 162.47500000000005, 162.47500000000005, 161.775, 161.775, 161.70000000000002, 161.70000000000002, 161.70000000000002, 161.70000000000002, 161.70000000000002, 161.70000000000002, 161.55, 161.55, 161.37500000000003, 161.27500000000003, 161.15000000000003, 161.02500000000003, 160.9, 160.775, 160.775, 160.625, 160.625, 160.625, 160.625, 160.625, 160.625, 160.6, 160.4, 160.3, 160.25000000000003, 159.85, 159.85, 159.725, 159.725, 159.725, 159.62500000000003, 159.62500000000003, 159.62500000000003, 159.62500000000003, 159.62500000000003, 159.62500000000003, 159.57500000000002, 159.57500000000002, 159.57500000000002, 159.27500000000003, 159.00000000000006, 159.00000000000006, 159.00000000000006, 159.00000000000006, 159.00000000000006, 159.00000000000006, 159.00000000000006, 159.00000000000006, 159.00000000000006, 159.00000000000006, 159.00000000000006, 159.00000000000006, 159.00000000000006, 158.97500000000005, 158.95000000000005, 158.95000000000005, 158.95000000000005, 158.95000000000005, 158.95000000000005, 158.95000000000005, 158.95000000000005, 158.95000000000005, 158.95000000000005, 158.95000000000005, 158.95000000000005, 158.85000000000005, 158.85000000000005, 158.85000000000005, 158.85000000000005, 158.85000000000005, 158.85000000000005, 158.85000000000005, 158.85000000000005, 158.85000000000005, 158.85000000000005, 158.85000000000005, 158.85000000000005, 158.85000000000005, 158.85000000000005, 158.85000000000005, 158.85000000000005, 158.85000000000005, 158.85000000000005, 158.85000000000005, 158.85000000000005, 158.85000000000005, 158.85000000000005, 158.85000000000005, 158.85000000000005, 158.85000000000005, 158.85000000000005, 158.85000000000005, 158.85000000000005, 158.85000000000005, 158.85000000000005, 158.85000000000005, 158.85000000000005, 158.85000000000005, 158.85000000000005, 158.85000000000005, 158.85000000000005, 158.85000000000005, 158.85000000000005, 158.85000000000005, 158.85000000000005, 158.85000000000005, 158.85000000000005, 158.85000000000005, 158.85000000000005, 158.85000000000005, 158.85000000000005, 158.85000000000005, 158.85000000000005, 158.85000000000005, 158.85000000000005, 158.85000000000005, 158.85000000000005, 158.85000000000005, 158.85000000000005, 158.85000000000005, 158.85000000000005, 158.85000000000005, 158.85000000000005, 158.85000000000005, 158.85000000000005, 158.85000000000005, 158.85000000000005, 158.85000000000005, 158.85000000000005, 158.85000000000005, 158.85000000000005, 158.85000000000005, 158.85000000000005, 158.85000000000005, 158.85000000000005, 158.85000000000005, 158.85000000000005, 158.85000000000005, 158.85000000000005, 158.85000000000005, 158.85000000000005, 158.85000000000005, 158.85000000000005, 158.85000000000005, 158.85000000000005, 158.85000000000005, 158.85000000000005, 158.85000000000005, 158.85000000000005, 158.85000000000005, 158.85000000000005, 158.85000000000005, 158.85000000000005, 158.85000000000005, 158.85000000000005, 158.85000000000005, 158.85000000000005, 158.85000000000005, 158.85000000000005, 158.85000000000005, 158.85000000000005, 158.85000000000005, 158.85000000000005, 158.85000000000005, 158.85000000000005, 158.85000000000005, 158.85000000000005, 158.85000000000005, 158.85000000000005, 158.85000000000005, 158.85000000000005, 158.85000000000005, 158.85000000000005]

Execution 3:
Parameters: Y=0.999
Start Time (hh:mm:ss.ms) 2023-07-17 21:41:03.489000
generations	MaxGenenerations	Populationk1	Populationk	PopulationElite	PopulationMutant	fitnessElite	alpha	min    	max   	avg    	std     
0          	0               	0           	0          	0              	0               	0           	0    	164.525	169.45	167.362	0.794005
1          	194.922         	999         	1000       	100            	200             	166.003     	0.3  	164.35 	169.475	166.855	0.85981 
2          	194.719         	998         	999        	101            	199             	165.882     	0.298	164.125	169.125	166.661	0.941993
4          	194.433         	996         	997        	102            	197             	165.684     	0.296	163.25 	169.45 	166.436	1.04799 
9          	193.353         	991         	992        	106            	193             	164.971     	0.291	163.125	169    	165.739	1.25446 
10         	193.176         	990         	991        	106            	192             	164.833     	0.290	162.775	169.5  	165.704	1.32866 
12         	192.8           	988         	989        	108            	190             	164.629     	0.288	162.6  	168.95 	165.489	1.38442 
13         	192.545         	987         	988        	108            	189             	164.426     	0.287	162.525	169.375	165.306	1.43836 
14         	192.538         	986         	987        	109            	188             	164.487     	0.286	162.075	169.575	165.216	1.49057 
15         	192.043         	985         	986        	110            	187             	164.216     	0.285	162.025	169.875	165.038	1.57052 
18         	191.892         	982         	983        	112            	184             	164.022     	0.282	161.775	169.1  	164.753	1.70885 
19         	191.596         	981         	982        	112            	183             	163.835     	0.281	161.75 	169.3  	164.615	1.7416  
20         	191.605         	980         	981        	113            	182             	163.865     	0.280	161.575	168.875	164.556	1.77785 
21         	191.316         	979         	980        	114            	181             	163.612     	0.279	161.375	168.975	164.433	1.81868 
23         	191.175         	977         	978        	115            	179             	163.591     	0.276	160.9  	169.25 	164.316	1.85909 
25         	190.613         	975         	976        	116            	177             	163.229     	0.274	160.675	169.325	164.179	1.94757 
31         	190.294         	969         	970        	120            	171             	162.937     	0.268	160.625	168.925	163.843	2.1146  
33         	190.201         	967         	968        	122            	169             	162.836     	0.266	160.625	169.35 	163.779	2.13078 
34         	190.282         	966         	967        	122            	169             	162.94      	0.265	160.425	169.425	163.75 	2.11639 
36         	190.021         	964         	965        	124            	167             	162.741     	0.263	160.2  	169.325	163.598	2.18575 
37         	189.774         	963         	964        	124            	166             	162.591     	0.262	159.95 	169.3  	163.581	2.25265 
39         	189.492         	961         	962        	126            	164             	162.406     	0.259	159.425	169.375	163.439	2.32205 
44         	188.875         	956         	957        	129            	159             	161.97      	0.254	159.275	169.425	162.987	2.48703 
46         	188.64          	954         	955        	130            	157             	161.76      	0.252	158.9  	168.925	162.881	2.53108 
48         	188.229         	952         	953        	131            	155             	161.501     	0.250	158.525	169.2  	162.682	2.6651  
61         	187.893         	939         	940        	139            	143             	161.205     	0.236	158.45 	169.25 	162.247	2.8954  
66         	187.579         	934         	935        	142            	139             	160.809     	0.230	158.4  	169.075	161.902	2.95052 
67         	187.595         	933         	934        	143            	138             	160.851     	0.229	158.35 	169.65 	161.955	2.97331 
68         	187.643         	932         	933        	144            	137             	160.933     	0.228	158.275	169.2  	162.003	2.97527 
75         	187.498         	925         	926        	148            	131             	160.723     	0.221	158.225	169.025	161.863	3.03695 
78         	187.444         	922         	923        	150            	128             	160.654     	0.217	158.175	169.7  	161.843	3.03975 
81         	187.337         	919         	920        	151            	125             	160.525     	0.214	158.125	169.625	161.677	3.07168 
84         	187.33          	916         	917        	153            	123             	160.508     	0.211	157.925	168.975	161.454	3.10803 
91         	187.023         	909         	910        	157            	117             	160.187     	0.203	157.8  	169.85 	161.175	3.14149 
96         	186.973         	904         	905        	160            	112             	160.131     	0.198	157.75 	169.4  	161.191	3.19435 
153        	186.792         	847         	848        	189            	67              	159.28      	0.137	157.7  	169.25 	159.898	2.93542 
End Time (hh:mm:ss.ms) 2023-07-17 21:41:26.955001
Total Time (hh:mm:ss.ms) 0:00:23.466001
Individual: ([19, 23, 6, 31, 27, 7, 17, 24, 0, 10, 12, 20, 28, 16, 22, 21, 13, 15, 8, 29, 5, 9, 25, 11, 26, 2, 1, 4, 14, 3, 30, 18], [1, 0, 0, 0, 0, 0, 0, 0, 1, 1, 1, 1, 1, 1, 0, 0, 1, 1, 0, 0, 1, 1, 1, 1, 0, 0, 0, 0, 0, 0, 0, 1])
Fitness:  157.70000000000002
Gens:  [0, 1, 2, 3, 4, 5, 6, 7, 8, 9, 10, 11, 12, 13, 14, 15, 16, 17, 18, 19, 20, 21, 22, 23, 24, 25, 26, 27, 28, 29, 30, 31, 32, 33, 34, 35, 36, 37, 38, 39, 40, 41, 42, 43, 44, 45, 46, 47, 48, 49, 50, 51, 52, 53, 54, 55, 56, 57, 58, 59, 60, 61, 62, 63, 64, 65, 66, 67, 68, 69, 70, 71, 72, 73, 74, 75, 76, 77, 78, 79, 80, 81, 82, 83, 84, 85, 86, 87, 88, 89, 90, 91, 92, 93, 94, 95, 96, 97, 98, 99, 100, 101, 102, 103, 104, 105, 106, 107, 108, 109, 110, 111, 112, 113, 114, 115, 116, 117, 118, 119, 120, 121, 122, 123, 124, 125, 126, 127, 128, 129, 130, 131, 132, 133, 134, 135, 136, 137, 138, 139, 140, 141, 142, 143, 144, 145, 146, 147, 148, 149, 150, 151, 152, 153, 154, 155, 156, 157, 158, 159, 160, 161, 162, 163, 164, 165, 166, 167, 168, 169, 170, 171, 172, 173, 174, 175, 176, 177, 178, 179, 180, 181, 182, 183, 184, 185, 186, 187]
Inds:  [164.52500000000003, 164.35, 164.12500000000003, 164.12500000000003, 163.25, 163.25, 163.25, 163.25, 163.25, 163.125, 162.775, 162.775, 162.6, 162.52500000000003, 162.075, 162.025, 162.025, 162.025, 161.775, 161.75000000000003, 161.57500000000005, 161.37500000000003, 161.37500000000003, 160.90000000000006, 160.90000000000006, 160.675, 160.675, 160.675, 160.675, 160.675, 160.675, 160.62500000000006, 160.62500000000006, 160.62500000000003, 160.425, 160.425, 160.20000000000005, 159.95000000000005, 159.95000000000005, 159.425, 159.425, 159.425, 159.425, 159.425, 159.275, 159.275, 158.90000000000003, 158.90000000000003, 158.52500000000003, 158.52500000000003, 158.52500000000003, 158.52500000000003, 158.52500000000003, 158.52500000000003, 158.52500000000003, 158.52500000000003, 158.52500000000003, 158.52500000000003, 158.52500000000003, 158.52500000000003, 158.52500000000003, 158.45000000000002, 158.45000000000002, 158.45000000000002, 158.45000000000002, 158.45000000000002, 158.4, 158.35, 158.27500000000003, 158.27500000000003, 158.27500000000003, 158.27500000000003, 158.27500000000003, 158.27500000000003, 158.27500000000003, 158.22500000000002, 158.22500000000002, 158.22500000000002, 158.175, 158.175, 158.175, 158.12500000000003, 158.12500000000003, 158.12500000000003, 157.925, 157.925, 157.925, 157.925, 157.925, 157.925, 157.925, 157.8, 157.8, 157.8, 157.8, 157.8, 157.75, 157.75, 157.75, 157.75, 157.75, 157.75, 157.75, 157.75, 157.75, 157.75, 157.75, 157.75, 157.75, 157.75, 157.75, 157.75, 157.75, 157.75, 157.75, 157.75, 157.75, 157.75, 157.75, 157.75, 157.75, 157.75, 157.75, 157.75, 157.75, 157.75, 157.75, 157.75, 157.75, 157.75, 157.75, 157.75, 157.75, 157.75, 157.75, 157.75, 157.75, 157.75, 157.75, 157.75, 157.75, 157.75, 157.75, 157.75, 157.75, 157.75, 157.75, 157.75, 157.75, 157.75, 157.75, 157.75, 157.75, 157.70000000000002, 157.70000000000002, 157.70000000000002, 157.70000000000002, 157.70000000000002, 157.70000000000002, 157.70000000000002, 157.70000000000002, 157.70000000000002, 157.70000000000002, 157.70000000000002, 157.70000000000002, 157.70000000000002, 157.70000000000002, 157.70000000000002, 157.70000000000002, 157.70000000000002, 157.70000000000002, 157.70000000000002, 157.70000000000002, 157.70000000000002, 157.70000000000002, 157.70000000000002, 157.70000000000002, 157.70000000000002, 157.70000000000002, 157.70000000000002, 157.70000000000002, 157.70000000000002, 157.70000000000002, 157.70000000000002, 157.70000000000002, 157.70000000000002, 157.70000000000002, 157.70000000000002]

Execution 4:
Parameters: Y=0.999
Start Time (hh:mm:ss.ms) 2023-07-17 21:41:27.786999
generations	MaxGenenerations	Populationk1	Populationk	PopulationElite	PopulationMutant	fitnessElite	alpha	min   	max  	avg    	std     
0          	0               	0           	0          	0              	0               	0           	0    	163.75	169.7	167.368	0.813301
3          	193.969         	997         	998        	102            	198             	165.396     	0.297	163.7 	169.1  	166.3  	1.03249 
4          	193.876         	996         	997        	102            	197             	165.303     	0.296	163.55	169.425	166.212	1.09292 
5          	193.762         	995         	996        	103            	196             	165.288     	0.295	163.525	169.125	166.08 	1.14433 
6          	193.674         	994         	995        	104            	195             	165.176     	0.294	163.125	169.7  	165.96 	1.18246 
10         	193.224         	990         	991        	106            	192             	164.905     	0.290	162.925	169.475	165.63 	1.278   
12         	193.079         	988         	989        	108            	190             	164.888     	0.288	162.05 	169.25 	165.48 	1.34206 
15         	191.965         	985         	986        	110            	187             	164.126     	0.285	161.775	169.925	165.129	1.53091 
18         	191.611         	982         	983        	112            	184             	163.864     	0.282	161.475	169.075	164.726	1.67047 
21         	191.294         	979         	980        	114            	181             	163.68      	0.279	160.875	169.85 	164.457	1.85157 
22         	190.674         	978         	979        	114            	180             	163.37      	0.277	160.8  	168.85 	164.305	1.86585 
24         	190.604         	976         	977        	116            	178             	163.324     	0.275	160.55 	169.525	164.252	2.02179 
30         	190.231         	970         	971        	120            	172             	162.976     	0.269	160.175	169.975	163.819	2.21186 
35         	189.801         	965         	966        	123            	168             	162.671     	0.264	160.025	170.1  	163.523	2.29746 
36         	189.714         	964         	965        	124            	167             	162.676     	0.263	159.8  	169.35 	163.493	2.30105 
40         	189.3           	960         	961        	126            	163             	162.265     	0.258	159.625	169.5  	163.171	2.45555 
42         	188.989         	958         	959        	127            	161             	161.973     	0.256	159.325	169.55 	163.069	2.45209 
46         	188.676         	954         	955        	130            	157             	161.766     	0.252	159.175	169.325	162.817	2.58885 
47         	188.56          	953         	954        	131            	156             	161.725     	0.251	158.85 	169.35 	162.726	2.58921 
57         	188.189         	943         	944        	137            	147             	161.387     	0.240	158.625	169.2  	162.34 	2.79609 
74         	187.946         	926         	927        	147            	132             	161.048     	0.222	158.6  	169.1  	161.898	2.93062 
75         	187.836         	925         	926        	148            	131             	160.923     	0.221	158.5  	169.525	161.741	2.94249 
80         	187.755         	920         	921        	151            	126             	160.831     	0.215	158.475	169.35 	161.645	2.95358 
83         	187.744         	917         	918        	152            	124             	160.798     	0.212	158.3  	169.4  	161.659	2.95348 
98         	187.584         	902         	903        	161            	111             	160.531     	0.196	158.25 	169.1  	161.322	2.97649 
104        	187.436         	896         	897        	164            	106             	160.327     	0.190	158.15 	169.125	161.12 	2.92013 
112        	187.336         	888         	889        	168            	99              	160.169     	0.181	158.05 	169.775	160.948	2.98403 
116        	187.18          	884         	885        	170            	96              	160.003     	0.177	158.025	169.3  	160.985	2.95918 
124        	187.15          	876         	877        	174            	89              	159.888     	0.168	157.9  	169    	160.669	2.98339 
126        	187.026         	874         	875        	176            	88              	159.78      	0.166	157.8  	169.5  	160.587	2.99191 
130        	186.982         	870         	871        	178            	84              	159.712     	0.162	157.8  	169.25 	160.522	2.9841  
138        	186.893         	862         	863        	181            	78              	159.537     	0.153	157.65 	169.2  	160.26 	2.99737 
141        	186.72          	859         	860        	183            	76              	159.375     	0.150	157.6  	168.975	160.069	2.94229 
144        	186.633         	856         	857        	184            	73              	159.273     	0.146	157.6  	169.15 	160.058	2.94324 
151        	186.708         	849         	850        	188            	68              	159.244     	0.139	157.45 	168.8  	159.983	2.97491 
155        	186.474         	845         	846        	190            	65              	159.021     	0.134	157.3  	169.1  	159.789	2.94255 
160        	186.334         	840         	841        	192            	61              	158.852     	0.129	157.175	168.95 	159.608	2.82896 
165        	186.251         	835         	836        	194            	57              	158.721     	0.123	157.15 	168.775	159.397	2.79772 
End Time (hh:mm:ss.ms) 2023-07-17 21:41:51.471001
Total Time (hh:mm:ss.ms) 0:00:23.684002
Individual: ([19, 21, 26, 4, 14, 3, 30, 22, 2, 1, 31, 25, 11, 24, 8, 5, 28, 29, 23, 13, 6, 15, 17, 7, 27, 0, 10, 12, 9, 20, 16, 18], [1, 1, 0, 0, 0, 0, 0, 0, 0, 0, 1, 1, 1, 1, 1, 1, 1, 1, 1, 1, 0, 0, 1, 1, 1, 1, 1, 1, 1, 1, 1, 1])
Fitness:  157.15000000000003
Gens:  [0, 1, 2, 3, 4, 5, 6, 7, 8, 9, 10, 11, 12, 13, 14, 15, 16, 17, 18, 19, 20, 21, 22, 23, 24, 25, 26, 27, 28, 29, 30, 31, 32, 33, 34, 35, 36, 37, 38, 39, 40, 41, 42, 43, 44, 45, 46, 47, 48, 49, 50, 51, 52, 53, 54, 55, 56, 57, 58, 59, 60, 61, 62, 63, 64, 65, 66, 67, 68, 69, 70, 71, 72, 73, 74, 75, 76, 77, 78, 79, 80, 81, 82, 83, 84, 85, 86, 87, 88, 89, 90, 91, 92, 93, 94, 95, 96, 97, 98, 99, 100, 101, 102, 103, 104, 105, 106, 107, 108, 109, 110, 111, 112, 113, 114, 115, 116, 117, 118, 119, 120, 121, 122, 123, 124, 125, 126, 127, 128, 129, 130, 131, 132, 133, 134, 135, 136, 137, 138, 139, 140, 141, 142, 143, 144, 145, 146, 147, 148, 149, 150, 151, 152, 153, 154, 155, 156, 157, 158, 159, 160, 161, 162, 163, 164, 165, 166, 167, 168, 169, 170, 171, 172, 173, 174, 175, 176, 177, 178, 179, 180, 181, 182, 183, 184, 185, 186, 187]
Inds:  [163.75, 163.75, 163.75, 163.70000000000002, 163.55, 163.525, 163.12500000000006, 163.12500000000006, 163.12500000000006, 163.12500000000006, 162.925, 162.925, 162.05000000000007, 162.05000000000007, 162.05000000000007, 161.77500000000006, 161.77500000000006, 161.77500000000006, 161.47500000000005, 161.47500000000005, 161.47500000000005, 160.875, 160.80000000000004, 160.80000000000004, 160.55, 160.55, 160.55, 160.55, 160.55, 160.55, 160.175, 160.175, 160.175, 160.175, 160.175, 160.02500000000003, 159.8, 159.8, 159.8, 159.8, 159.625, 159.625, 159.32500000000002, 159.32500000000002, 159.32500000000002, 159.32500000000002, 159.175, 158.85000000000002, 158.85000000000002, 158.85000000000002, 158.85000000000002, 158.85000000000002, 158.85000000000002, 158.85000000000002, 158.85000000000002, 158.85000000000002, 158.85000000000002, 158.62500000000003, 158.62500000000003, 158.62500000000003, 158.62500000000003, 158.62500000000003, 158.62500000000003, 158.62500000000003, 158.62500000000003, 158.62500000000003, 158.62500000000003, 158.62500000000003, 158.62500000000003, 158.62500000000003, 158.62500000000003, 158.62500000000003, 158.62500000000003, 158.62500000000003, 158.60000000000002, 158.50000000000003, 158.50000000000003, 158.50000000000003, 158.50000000000003, 158.50000000000003, 158.47500000000002, 158.47500000000002, 158.47500000000002, 158.30000000000004, 158.30000000000004, 158.30000000000004, 158.30000000000004, 158.30000000000004, 158.30000000000004, 158.30000000000004, 158.30000000000004, 158.30000000000004, 158.30000000000004, 158.30000000000004, 158.30000000000004, 158.30000000000004, 158.30000000000004, 158.30000000000004, 158.25000000000003, 158.25000000000003, 158.25000000000003, 158.25000000000003, 158.25000000000003, 158.25000000000003, 158.15, 158.15, 158.15, 158.15, 158.15, 158.15, 158.15, 158.15, 158.05000000000004, 158.05000000000004, 158.05000000000004, 158.05000000000004, 158.02500000000003, 158.02500000000003, 158.02500000000003, 158.02500000000003, 158.02500000000003, 158.02500000000003, 158.02500000000003, 158.02500000000003, 157.90000000000003, 157.90000000000003, 157.80000000000007, 157.80000000000007, 157.80000000000007, 157.80000000000007, 157.80000000000004, 157.80000000000004, 157.80000000000004, 157.80000000000004, 157.80000000000004, 157.80000000000004, 157.80000000000004, 157.80000000000004, 157.65000000000003, 157.65000000000003, 157.65000000000003, 157.60000000000005, 157.60000000000005, 157.60000000000005, 157.60000000000002, 157.60000000000002, 157.60000000000002, 157.60000000000002, 157.60000000000002, 157.60000000000002, 157.60000000000002, 157.45000000000005, 157.45000000000005, 157.45000000000005, 157.45000000000005, 157.30000000000004, 157.30000000000004, 157.30000000000004, 157.30000000000004, 157.30000000000004, 157.17500000000004, 157.17500000000004, 157.17500000000004, 157.17500000000004, 157.17500000000004, 157.15000000000003, 157.15000000000003, 157.15000000000003, 157.15000000000003, 157.15000000000003, 157.15000000000003, 157.15000000000003, 157.15000000000003, 157.15000000000003, 157.15000000000003, 157.15000000000003, 157.15000000000003, 157.15000000000003, 157.15000000000003, 157.15000000000003, 157.15000000000003, 157.15000000000003, 157.15000000000003, 157.15000000000003, 157.15000000000003, 157.15000000000003, 157.15000000000003, 157.15000000000003]

Execution 5:
Parameters: Y=0.999
Start Time (hh:mm:ss.ms) 2023-07-17 21:41:52.320003
generations	MaxGenenerations	Populationk1	Populationk	PopulationElite	PopulationMutant	fitnessElite	alpha	min  	max  	avg    	std     
0          	0               	0           	0          	0              	0               	0           	0    	164.2	169.8	167.385	0.788953
1          	194.605         	999         	1000       	100            	200             	165.88      	0.3  	164.1	169.35	166.848	0.892658
2          	194.399         	998         	999        	101            	199             	165.67      	0.298	163.9	169.45	166.63 	0.940516
3          	194.181         	997         	998        	102            	198             	165.554     	0.297	163.825	169.575	166.464	1.02316 
4          	194.117         	996         	997        	102            	197             	165.532     	0.296	163.65 	169.575	166.37 	1.04904 
7          	193.924         	993         	994        	104            	194             	165.413     	0.293	162.975	169.225	166.11 	1.15267 
12         	193.047         	988         	989        	108            	190             	164.786     	0.288	162.775	169.45 	165.802	1.2857  
17         	192.829         	983         	984        	111            	185             	164.638     	0.283	162.025	169.075	165.448	1.40191 
18         	191.888         	982         	983        	112            	184             	164.015     	0.282	162.025	169.625	165.361	1.43507 
21         	191.969         	979         	980        	114            	181             	164.112     	0.279	161.9  	169.125	165.162	1.51871 
24         	191.764         	976         	977        	116            	178             	163.915     	0.276	161.65 	169.1  	164.9  	1.63054 
25         	191.448         	975         	976        	116            	177             	163.698     	0.274	160.725	169.275	164.848	1.70744 
28         	190.391         	972         	973        	118            	174             	163.054     	0.271	160.525	169.225	164.301	1.88728 
32         	190.135         	968         	969        	121            	170             	162.845     	0.267	160.1  	169.55 	163.829	2.10937 
33         	189.698         	967         	968        	122            	169             	162.616     	0.266	160.075	169.25 	163.676	2.20335 
35         	189.64          	965         	966        	123            	168             	162.538     	0.264	159.8  	169.375	163.513	2.35074 
36         	189.309         	964         	965        	124            	167             	162.318     	0.263	159.625	169.325	163.372	2.3579  
39         	189.093         	961         	962        	126            	164             	162.145     	0.259	159.525	169.225	163.118	2.44314 
40         	188.955         	960         	961        	126            	163             	162.035     	0.258	159.5  	169.15 	163.151	2.5223  
41         	188.911         	959         	960        	127            	162             	161.986     	0.257	159.475	169.3  	163.003	2.52503 
42         	188.91          	958         	959        	127            	161             	161.996     	0.256	159.375	169.2  	162.947	2.5696  
46         	188.74          	954         	955        	130            	157             	161.81      	0.252	159.1  	170.125	162.763	2.67966 
50         	188.457         	950         	951        	133            	153             	161.617     	0.247	158.95 	169.25 	162.618	2.7472  
52         	188.26          	948         	949        	134            	152             	161.457     	0.245	158.9  	169.325	162.621	2.78077 
55         	188.224         	945         	946        	136            	149             	161.417     	0.242	158.825	169.225	162.39 	2.78677 
56         	188.126         	944         	945        	136            	148             	161.337     	0.241	158.6  	169.525	162.393	2.8093  
59         	187.841         	941         	942        	138            	145             	161.108     	0.238	158.5  	169.375	162.164	2.85416 
83         	187.713         	917         	918        	152            	124             	160.749     	0.212	158.475	169    	161.723	3.03029 
86         	187.721         	914         	915        	154            	121             	160.737     	0.209	158.4  	168.875	161.701	2.98028 
116        	187.717         	884         	885        	170            	96              	160.41      	0.177	158.25 	169.825	161.074	2.9964  
118        	187.478         	882         	883        	171            	94              	160.203     	0.175	158.15 	169.025	161.099	3.03165 
End Time (hh:mm:ss.ms) 2023-07-17 21:42:15.882002
Total Time (hh:mm:ss.ms) 0:00:23.561999
Individual: ([18, 22, 2, 10, 31, 20, 26, 1, 3, 15, 6, 29, 21, 23, 8, 5, 28, 16, 30, 14, 4, 12, 9, 25, 11, 0, 27, 7, 17, 24, 13, 19], [0, 0, 1, 0, 1, 1, 0, 1, 0, 1, 1, 0, 0, 0, 1, 1, 1, 1, 1, 1, 1, 1, 1, 1, 1, 0, 0, 0, 0, 0, 0, 0])
Fitness:  158.15000000000003
Gens:  [0, 1, 2, 3, 4, 5, 6, 7, 8, 9, 10, 11, 12, 13, 14, 15, 16, 17, 18, 19, 20, 21, 22, 23, 24, 25, 26, 27, 28, 29, 30, 31, 32, 33, 34, 35, 36, 37, 38, 39, 40, 41, 42, 43, 44, 45, 46, 47, 48, 49, 50, 51, 52, 53, 54, 55, 56, 57, 58, 59, 60, 61, 62, 63, 64, 65, 66, 67, 68, 69, 70, 71, 72, 73, 74, 75, 76, 77, 78, 79, 80, 81, 82, 83, 84, 85, 86, 87, 88, 89, 90, 91, 92, 93, 94, 95, 96, 97, 98, 99, 100, 101, 102, 103, 104, 105, 106, 107, 108, 109, 110, 111, 112, 113, 114, 115, 116, 117, 118, 119, 120, 121, 122, 123, 124, 125, 126, 127, 128, 129, 130, 131, 132, 133, 134, 135, 136, 137, 138, 139, 140, 141, 142, 143, 144, 145, 146, 147, 148, 149, 150, 151, 152, 153, 154, 155, 156, 157, 158, 159, 160, 161, 162, 163, 164, 165, 166, 167, 168, 169, 170, 171, 172, 173, 174, 175, 176, 177, 178, 179, 180, 181, 182, 183, 184, 185, 186, 187, 188]
Inds:  [164.20000000000002, 164.10000000000002, 163.90000000000003, 163.82500000000005, 163.65000000000003, 163.65000000000003, 163.65000000000003, 162.97500000000005, 162.97500000000005, 162.97500000000005, 162.97500000000005, 162.97500000000005, 162.77500000000003, 162.77500000000003, 162.77500000000003, 162.77500000000003, 162.77500000000003, 162.02500000000003, 162.025, 162.025, 162.025, 161.90000000000003, 161.90000000000003, 161.90000000000003, 161.65, 160.725, 160.725, 160.725, 160.525, 160.525, 160.525, 160.525, 160.10000000000002, 160.07500000000002, 160.07500000000002, 159.80000000000004, 159.62500000000003, 159.62500000000003, 159.62500000000003, 159.52500000000003, 159.50000000000003, 159.47500000000002, 159.37500000000003, 159.37500000000003, 159.37500000000003, 159.37500000000003, 159.10000000000002, 159.10000000000002, 159.10000000000002, 159.10000000000002, 158.95000000000002, 158.95000000000002, 158.9, 158.9, 158.9, 158.82500000000002, 158.60000000000002, 158.60000000000002, 158.60000000000002, 158.50000000000003, 158.50000000000003, 158.50000000000003, 158.50000000000003, 158.50000000000003, 158.50000000000003, 158.50000000000003, 158.50000000000003, 158.50000000000003, 158.50000000000003, 158.50000000000003, 158.50000000000003, 158.50000000000003, 158.50000000000003, 158.50000000000003, 158.50000000000003, 158.50000000000003, 158.50000000000003, 158.50000000000003, 158.50000000000003, 158.50000000000003, 158.50000000000003, 158.50000000000003, 158.50000000000003, 158.47500000000002, 158.47500000000002, 158.47500000000002, 158.4, 158.4, 158.4, 158.4, 158.4, 158.4, 158.4, 158.4, 158.4, 158.4, 158.4, 158.4, 158.4, 158.4, 158.4, 158.4, 158.4, 158.4, 158.4, 158.4, 158.4, 158.4, 158.4, 158.4, 158.4, 158.4, 158.4, 158.4, 158.4, 158.4, 158.25000000000003, 158.25000000000003, 158.15000000000003, 158.15000000000003, 158.15000000000003, 158.15000000000003, 158.15000000000003, 158.15000000000003, 158.15000000000003, 158.15000000000003, 158.15000000000003, 158.15000000000003, 158.15000000000003, 158.15000000000003, 158.15000000000003, 158.15000000000003, 158.15000000000003, 158.15000000000003, 158.15000000000003, 158.15000000000003, 158.15000000000003, 158.15000000000003, 158.15000000000003, 158.15000000000003, 158.15000000000003, 158.15000000000003, 158.15000000000003, 158.15000000000003, 158.15000000000003, 158.15000000000003, 158.15000000000003, 158.15000000000003, 158.15000000000003, 158.15000000000003, 158.15000000000003, 158.15000000000003, 158.15000000000003, 158.15000000000003, 158.15000000000003, 158.15000000000003, 158.15000000000003, 158.15000000000003, 158.15000000000003, 158.15000000000003, 158.15000000000003, 158.15000000000003, 158.15000000000003, 158.15000000000003, 158.15000000000003, 158.15000000000003, 158.15000000000003, 158.15000000000003, 158.15000000000003, 158.15000000000003, 158.15000000000003, 158.15000000000003, 158.15000000000003, 158.15000000000003, 158.15000000000003, 158.15000000000003, 158.15000000000003, 158.15000000000003, 158.15000000000003, 158.15000000000003, 158.15000000000003, 158.15000000000003, 158.15000000000003, 158.15000000000003, 158.15000000000003, 158.15000000000003, 158.15000000000003, 158.15000000000003, 158.15000000000003]

Execution 6:
Parameters: Y=0.999
Start Time (hh:mm:ss.ms) 2023-07-17 21:42:16.753001
generations	MaxGenenerations	Populationk1	Populationk	PopulationElite	PopulationMutant	fitnessElite	alpha	min    	max    	avg    	std     
0          	0               	0           	0          	0              	0               	0           	0    	164.775	169.575	167.345	0.799689
1          	195.242         	999         	1000       	100            	200             	166.215     	0.3  	164.325	169.225	166.851	0.848838
2          	194.641         	998         	999        	101            	199             	165.79      	0.298	164    	169.8  	166.685	0.959154
3          	194.368         	997         	998        	102            	198             	165.728     	0.297	163.9  	169.275	166.522	0.964672
4          	194.147         	996         	997        	102            	197             	165.496     	0.296	163.45 	169.125	166.422	1.03155 
6          	193.585         	994         	995        	104            	195             	165.123     	0.294	162.275	169.3  	166.187	1.14149 
15         	192.27          	985         	986        	110            	187             	164.344     	0.285	162.1  	169.125	165.323	1.45473 
16         	191.986         	984         	985        	110            	186             	164.098     	0.284	161.65 	169.1  	165.25 	1.5097  
22         	191.501         	978         	979        	114            	180             	163.798     	0.278	161.35 	169.575	164.716	1.71967 
24         	191.155         	976         	977        	116            	178             	163.578     	0.275	161.3  	169    	164.478	1.7686  
28         	191.058         	972         	973        	118            	174             	163.454     	0.271	160.775	169.35 	164.252	1.91423 
30         	190.407         	970         	971        	120            	172             	163.012     	0.269	160.7  	169.025	164.102	1.92763 
34         	190.423         	966         	967        	122            	169             	163.068     	0.265	160.425	169.5  	163.882	2.02082 
39         	190.126         	961         	962        	125            	164             	162.856     	0.260	160.025	169.275	163.573	2.18448 
43         	189.68          	957         	958        	128            	160             	162.557     	0.255	159.925	169.05 	163.303	2.26805 
44         	189.396         	956         	957        	129            	159             	162.248     	0.254	159.525	169.225	163.247	2.34236 
47         	189.026         	953         	954        	131            	156             	162.057     	0.251	159.35 	169.575	163.005	2.41192 
50         	188.842         	950         	951        	132            	154             	161.924     	0.248	159.225	169.7  	162.638	2.5414  
51         	188.69          	949         	950        	133            	153             	161.812     	0.247	158.95 	169.4  	162.551	2.62723 
55         	188.208         	945         	946        	136            	149             	161.358     	0.242	158.75 	169.375	162.317	2.67763 
63         	188.028         	937         	938        	141            	142             	161.19      	0.234	158.625	169.175	161.988	2.86888 
65         	187.941         	935         	936        	142            	140             	161.147     	0.231	158.4  	169.2  	161.974	2.90701 
75         	187.66          	925         	926        	148            	131             	160.838     	0.221	158.325	168.925	161.651	2.96622 
76         	187.478         	924         	925        	148            	130             	160.657     	0.219	158.325	169.3  	161.574	2.98283 
77         	187.548         	923         	924        	149            	129             	160.728     	0.218	158.3  	169.075	161.548	2.9741  
82         	187.457         	918         	919        	152            	125             	160.58      	0.213	158.2  	169.675	161.532	3.04125 
95         	187.512         	905         	906        	159            	113             	160.537     	0.199	158.125	169.275	161.23 	3.07082 
125        	187.25          	875         	876        	175            	89              	159.943     	0.167	157.975	169.175	160.595	3.03233 
144        	187.152         	856         	857        	184            	74              	159.657     	0.147	157.9  	169.4  	160.279	2.83662 
146        	187.021         	854         	855        	185            	72              	159.534     	0.144	157.875	169.5  	160.273	2.94008 
150        	186.879         	850         	851        	187            	69              	159.379     	0.140	157.8  	168.675	160.02 	2.83624 
156        	186.856         	844         	845        	190            	64              	159.292     	0.134	157.75 	169    	159.775	2.80277 
164        	186.713         	836         	837        	194            	58              	159.095     	0.125	157.625	169.175	159.839	2.84777 
End Time (hh:mm:ss.ms) 2023-07-17 21:42:40.189007
Total Time (hh:mm:ss.ms) 0:00:23.436006
Individual: ([19, 13, 24, 27, 25, 9, 12, 10, 20, 7, 17, 2, 1, 4, 14, 3, 30, 22, 21, 23, 6, 15, 8, 5, 0, 31, 11, 28, 29, 26, 16, 18], [1, 1, 0, 0, 0, 0, 0, 0, 0, 0, 0, 0, 0, 0, 0, 0, 0, 0, 0, 0, 0, 0, 1, 1, 1, 1, 1, 1, 0, 1, 1, 1])
Fitness:  157.62500000000003
Gens:  [0, 1, 2, 3, 4, 5, 6, 7, 8, 9, 10, 11, 12, 13, 14, 15, 16, 17, 18, 19, 20, 21, 22, 23, 24, 25, 26, 27, 28, 29, 30, 31, 32, 33, 34, 35, 36, 37, 38, 39, 40, 41, 42, 43, 44, 45, 46, 47, 48, 49, 50, 51, 52, 53, 54, 55, 56, 57, 58, 59, 60, 61, 62, 63, 64, 65, 66, 67, 68, 69, 70, 71, 72, 73, 74, 75, 76, 77, 78, 79, 80, 81, 82, 83, 84, 85, 86, 87, 88, 89, 90, 91, 92, 93, 94, 95, 96, 97, 98, 99, 100, 101, 102, 103, 104, 105, 106, 107, 108, 109, 110, 111, 112, 113, 114, 115, 116, 117, 118, 119, 120, 121, 122, 123, 124, 125, 126, 127, 128, 129, 130, 131, 132, 133, 134, 135, 136, 137, 138, 139, 140, 141, 142, 143, 144, 145, 146, 147, 148, 149, 150, 151, 152, 153, 154, 155, 156, 157, 158, 159, 160, 161, 162, 163, 164, 165, 166, 167, 168, 169, 170, 171, 172, 173, 174, 175, 176, 177, 178, 179, 180, 181, 182, 183, 184, 185, 186, 187]
Inds:  [164.775, 164.32500000000005, 164.0, 163.90000000000003, 163.45, 163.45, 162.27500000000003, 162.27500000000003, 162.27500000000003, 162.27500000000003, 162.27500000000003, 162.27500000000003, 162.27500000000003, 162.27500000000003, 162.27500000000003, 162.10000000000005, 161.64999999999998, 161.64999999999998, 161.64999999999998, 161.64999999999998, 161.64999999999998, 161.64999999999998, 161.35000000000002, 161.35000000000002, 161.29999999999998, 161.29999999999998, 161.29999999999998, 161.29999999999998, 160.77500000000003, 160.77500000000003, 160.70000000000002, 160.70000000000002, 160.70000000000002, 160.70000000000002, 160.42499999999998, 160.42499999999998, 160.42499999999998, 160.42499999999998, 160.42499999999998, 160.02500000000003, 160.02500000000003, 160.02500000000003, 160.02500000000003, 159.92500000000004, 159.52500000000003, 159.52500000000003, 159.52500000000003, 159.35000000000005, 159.35000000000005, 159.35000000000005, 159.22500000000002, 158.95000000000005, 158.95000000000005, 158.95000000000005, 158.95000000000005, 158.75000000000003, 158.75000000000003, 158.75000000000003, 158.75000000000003, 158.75000000000003, 158.75000000000003, 158.75000000000003, 158.75000000000003, 158.62500000000003, 158.62500000000003, 158.40000000000003, 158.40000000000003, 158.40000000000003, 158.40000000000003, 158.40000000000003, 158.40000000000003, 158.40000000000003, 158.40000000000003, 158.40000000000003, 158.40000000000003, 158.32500000000005, 158.32500000000002, 158.30000000000004, 158.30000000000004, 158.30000000000004, 158.30000000000004, 158.30000000000004, 158.20000000000002, 158.20000000000002, 158.20000000000002, 158.20000000000002, 158.20000000000002, 158.20000000000002, 158.20000000000002, 158.20000000000002, 158.20000000000002, 158.20000000000002, 158.20000000000002, 158.20000000000002, 158.20000000000002, 158.12500000000003, 158.12500000000003, 158.12500000000003, 158.12500000000003, 158.12500000000003, 158.12500000000003, 158.12500000000003, 158.12500000000003, 158.12500000000003, 158.12500000000003, 158.12500000000003, 158.12500000000003, 158.12500000000003, 158.12500000000003, 158.12500000000003, 158.12500000000003, 158.12500000000003, 158.12500000000003, 158.12500000000003, 158.12500000000003, 158.12500000000003, 158.12500000000003, 158.12500000000003, 158.12500000000003, 158.12500000000003, 158.12500000000003, 158.12500000000003, 158.12500000000003, 158.12500000000003, 158.12500000000003, 157.97500000000002, 157.97500000000002, 157.97500000000002, 157.97500000000002, 157.97500000000002, 157.97500000000002, 157.97500000000002, 157.97500000000002, 157.97500000000002, 157.97500000000002, 157.97500000000002, 157.97500000000002, 157.97500000000002, 157.97500000000002, 157.97500000000002, 157.97500000000002, 157.97500000000002, 157.97500000000002, 157.97500000000002, 157.9, 157.9, 157.87500000000003, 157.87500000000003, 157.87500000000003, 157.87500000000003, 157.80000000000004, 157.80000000000004, 157.80000000000004, 157.80000000000004, 157.80000000000004, 157.80000000000004, 157.75000000000003, 157.75000000000003, 157.75000000000003, 157.75000000000003, 157.75000000000003, 157.75000000000003, 157.75000000000003, 157.75000000000003, 157.62500000000003, 157.62500000000003, 157.62500000000003, 157.62500000000003, 157.62500000000003, 157.62500000000003, 157.62500000000003, 157.62500000000003, 157.62500000000003, 157.62500000000003, 157.62500000000003, 157.62500000000003, 157.62500000000003, 157.62500000000003, 157.62500000000003, 157.62500000000003, 157.62500000000003, 157.62500000000003, 157.62500000000003, 157.62500000000003, 157.62500000000003, 157.62500000000003, 157.62500000000003, 157.62500000000003]

Execution 7:
Parameters: Y=0.999
Start Time (hh:mm:ss.ms) 2023-07-17 21:42:41.066000
generations	MaxGenenerations	Populationk1	Populationk	PopulationElite	PopulationMutant	fitnessElite	alpha	min   	max    	avg    	std     
0          	0               	0           	0          	0              	0               	0           	0    	164.85	169.575	167.328	0.796767
1          	195.331         	999         	1000       	100            	200             	166.268     	0.3  	164.8 	169.55 	166.895	0.865768
2          	195.267         	998         	999        	101            	199             	166.22      	0.298	163.5 	169.4  	166.706	0.955703
7          	193.678         	993         	994        	104            	194             	165.204     	0.293	162.55	169.3  	165.895	1.21861 
9          	192.553         	991         	992        	106            	193             	164.519     	0.291	162.375	169.4  	165.409	1.37975 
11         	192.326         	989         	990        	107            	191             	164.352     	0.289	162.1  	169.2  	165.093	1.50257 
12         	192.001         	988         	989        	108            	190             	164.149     	0.288	162.05 	169.3  	164.934	1.54988 
13         	191.961         	987         	988        	108            	189             	164.134     	0.287	161.8  	169.55 	164.892	1.62992 
15         	191.612         	985         	986        	110            	187             	163.862     	0.285	161.675	169.275	164.687	1.65228 
18         	191.507         	982         	983        	112            	184             	163.813     	0.282	161.55 	168.75 	164.556	1.7372  
19         	191.263         	981         	982        	112            	183             	163.574     	0.281	161.125	169.025	164.48 	1.81252 
27         	190.908         	973         	974        	118            	175             	163.416     	0.272	160.95 	169.5  	164.178	1.95118 
31         	190.677         	969         	970        	120            	171             	163.219     	0.268	160.675	168.925	164.037	1.99018 
33         	190.36          	967         	968        	122            	170             	163.012     	0.266	160.575	169.625	163.949	2.09372 
34         	190.275         	966         	967        	122            	169             	162.976     	0.265	160.025	169.275	163.837	2.04935 
52         	189.476         	948         	949        	134            	152             	162.197     	0.246	159.875	169.85 	163.156	2.35848 
53         	189.488         	947         	948        	134            	151             	162.32      	0.245	159.625	169.475	163.241	2.42974 
59         	189.102         	941         	942        	138            	145             	161.952     	0.238	159.6  	169.125	162.78 	2.51662 
60         	189.025         	940         	941        	139            	144             	161.863     	0.237	159.525	169.025	162.82 	2.5604  
64         	188.979         	936         	937        	141            	141             	161.817     	0.233	159.475	169.275	162.616	2.55001 
71         	188.858         	929         	930        	145            	135             	161.632     	0.225	159.425	169.325	162.554	2.65639 
72         	188.856         	928         	929        	146            	134             	161.651     	0.224	159.3  	169.175	162.543	2.61596 
75         	188.769         	925         	926        	147            	131             	161.594     	0.221	159.275	169.025	162.396	2.62586 
78         	188.687         	922         	923        	149            	128             	161.481     	0.218	159.2  	169.375	162.323	2.68802 
79         	188.599         	921         	922        	150            	128             	161.411     	0.217	159.175	168.875	162.274	2.66551 
85         	188.512         	915         	916        	153            	122             	161.263     	0.210	159.075	169.375	162.058	2.698   
91         	188.465         	909         	910        	157            	117             	161.197     	0.204	159.075	169.275	161.856	2.78125 
92         	188.432         	908         	909        	157            	116             	161.15      	0.203	158.95 	169.85 	161.972	2.77663 
94         	188.335         	906         	907        	158            	115             	161.083     	0.201	158.825	169.4  	161.79 	2.73632 
98         	188.107         	902         	903        	160            	111             	160.853     	0.196	158.65 	168.825	161.576	2.79767 
103        	187.928         	897         	898        	163            	107             	160.684     	0.191	158.525	170.125	161.524	2.84404 
104        	187.94          	896         	897        	164            	106             	160.734     	0.190	158.475	168.95 	161.393	2.78172 
116        	187.655         	884         	885        	170            	96              	160.329     	0.177	158.425	169.2  	161.046	2.95149 
End Time (hh:mm:ss.ms) 2023-07-17 21:43:04.922000
Total Time (hh:mm:ss.ms) 0:00:23.856000
Individual: ([19, 13, 24, 5, 11, 20, 31, 12, 9, 25, 27, 28, 21, 8, 29, 0, 10, 1, 2, 26, 6, 17, 7, 15, 23, 22, 30, 3, 14, 4, 16, 18], [1, 1, 0, 0, 0, 0, 0, 1, 1, 1, 1, 1, 0, 0, 0, 1, 1, 1, 1, 1, 0, 1, 1, 1, 0, 1, 1, 1, 1, 1, 1, 1])
Fitness:  158.425
Gens:  [0, 1, 2, 3, 4, 5, 6, 7, 8, 9, 10, 11, 12, 13, 14, 15, 16, 17, 18, 19, 20, 21, 22, 23, 24, 25, 26, 27, 28, 29, 30, 31, 32, 33, 34, 35, 36, 37, 38, 39, 40, 41, 42, 43, 44, 45, 46, 47, 48, 49, 50, 51, 52, 53, 54, 55, 56, 57, 58, 59, 60, 61, 62, 63, 64, 65, 66, 67, 68, 69, 70, 71, 72, 73, 74, 75, 76, 77, 78, 79, 80, 81, 82, 83, 84, 85, 86, 87, 88, 89, 90, 91, 92, 93, 94, 95, 96, 97, 98, 99, 100, 101, 102, 103, 104, 105, 106, 107, 108, 109, 110, 111, 112, 113, 114, 115, 116, 117, 118, 119, 120, 121, 122, 123, 124, 125, 126, 127, 128, 129, 130, 131, 132, 133, 134, 135, 136, 137, 138, 139, 140, 141, 142, 143, 144, 145, 146, 147, 148, 149, 150, 151, 152, 153, 154, 155, 156, 157, 158, 159, 160, 161, 162, 163, 164, 165, 166, 167, 168, 169, 170, 171, 172, 173, 174, 175, 176, 177, 178, 179, 180, 181, 182, 183, 184, 185, 186, 187, 188]
Inds:  [164.85000000000002, 164.80000000000004, 163.5, 163.5, 163.5, 163.5, 163.5, 162.54999999999998, 162.54999999999998, 162.37499999999997, 162.37499999999997, 162.1, 162.05000000000004, 161.79999999999998, 161.79999999999998, 161.67500000000004, 161.67500000000004, 161.67500000000004, 161.54999999999998, 161.12500000000006, 161.12500000000006, 161.12500000000006, 161.12500000000006, 161.12500000000006, 161.12500000000006, 161.12500000000006, 161.12500000000006, 160.95000000000005, 160.95000000000005, 160.95000000000005, 160.95000000000005, 160.675, 160.675, 160.57500000000002, 160.02500000000003, 160.02500000000003, 160.02500000000003, 160.02500000000003, 160.02500000000003, 160.02500000000003, 160.02500000000003, 160.02500000000003, 160.02500000000003, 160.02500000000003, 160.02500000000003, 160.02500000000003, 160.02500000000003, 160.02500000000003, 160.02500000000003, 160.02500000000003, 160.02500000000003, 160.02500000000003, 159.87500000000003, 159.62500000000003, 159.62500000000003, 159.62500000000003, 159.62500000000003, 159.62500000000003, 159.62500000000003, 159.60000000000002, 159.52500000000003, 159.52500000000003, 159.52500000000003, 159.52500000000003, 159.47500000000002, 159.47500000000002, 159.47500000000002, 159.47500000000002, 159.47500000000002, 159.47500000000002, 159.47500000000002, 159.42500000000004, 159.30000000000007, 159.30000000000007, 159.30000000000007, 159.275, 159.275, 159.275, 159.20000000000005, 159.17500000000004, 159.17500000000004, 159.17500000000004, 159.17500000000004, 159.17500000000004, 159.17500000000004, 159.07500000000005, 159.07500000000005, 159.07500000000005, 159.07500000000005, 159.07500000000005, 159.07500000000005, 159.07500000000002, 158.95000000000005, 158.95000000000005, 158.82500000000005, 158.82500000000005, 158.82500000000005, 158.82500000000005, 158.65000000000003, 158.65000000000003, 158.65000000000003, 158.65000000000003, 158.65000000000003, 158.52500000000003, 158.47500000000002, 158.47500000000002, 158.47500000000002, 158.47500000000002, 158.47500000000002, 158.47500000000002, 158.47500000000002, 158.47500000000002, 158.47500000000002, 158.47500000000002, 158.47500000000002, 158.47500000000002, 158.425, 158.425, 158.425, 158.425, 158.425, 158.425, 158.425, 158.425, 158.425, 158.425, 158.425, 158.425, 158.425, 158.425, 158.425, 158.425, 158.425, 158.425, 158.425, 158.425, 158.425, 158.425, 158.425, 158.425, 158.425, 158.425, 158.425, 158.425, 158.425, 158.425, 158.425, 158.425, 158.425, 158.425, 158.425, 158.425, 158.425, 158.425, 158.425, 158.425, 158.425, 158.425, 158.425, 158.425, 158.425, 158.425, 158.425, 158.425, 158.425, 158.425, 158.425, 158.425, 158.425, 158.425, 158.425, 158.425, 158.425, 158.425, 158.425, 158.425, 158.425, 158.425, 158.425, 158.425, 158.425, 158.425, 158.425, 158.425, 158.425, 158.425, 158.425, 158.425, 158.425]

Execution 8:
Parameters: Y=0.999
Start Time (hh:mm:ss.ms) 2023-07-17 21:43:05.792001
generations	MaxGenenerations	Populationk1	Populationk	PopulationElite	PopulationMutant	fitnessElite	alpha	min    	max    	avg    	std     
0          	0               	0           	0          	0              	0               	0           	0    	164.825	169.475	167.358	0.769669
1          	195.282         	999         	1000       	100            	200             	166.22      	0.3  	164.075	169.2  	166.901	0.85151 
2          	194.34          	998         	999        	101            	199             	165.607     	0.298	164.025	169.4  	166.649	0.938533
5          	194.276         	995         	996        	103            	196             	165.549     	0.295	163.575	169.225	166.308	1.02858 
6          	193.752         	994         	995        	104            	195             	165.241     	0.294	162.925	169.575	166.279	1.08924 
19         	193.06          	981         	982        	112            	183             	164.81      	0.281	162.45 	169.775	165.586	1.35854 
22         	192.521         	978         	979        	114            	180             	164.481     	0.278	162.05 	169.525	165.324	1.51833 
23         	192.004         	977         	978        	115            	179             	164.121     	0.277	161.875	169.325	165.126	1.57269 
25         	191.748         	975         	976        	116            	177             	163.91      	0.274	161.825	169.4  	164.72 	1.72643 
26         	191.713         	974         	975        	117            	176             	163.9       	0.273	161.775	169.775	164.619	1.82135 
27         	191.726         	973         	974        	118            	175             	163.958     	0.272	161.625	169.1  	164.513	1.87558 
28         	191.419         	972         	973        	118            	174             	163.657     	0.271	161.25 	169.825	164.408	1.94464 
29         	191.113         	971         	972        	119            	173             	163.571     	0.270	161.075	169.6  	164.272	1.98968 
31         	190.81          	969         	970        	120            	171             	163.291     	0.268	161    	169.475	164.101	2.07046 
33         	190.631         	967         	968        	122            	170             	163.091     	0.266	160.725	169.225	163.885	2.12367 
35         	190.448         	965         	966        	123            	168             	163.071     	0.264	160.5  	169.05 	163.807	2.20838 
36         	190.077         	964         	965        	124            	167             	162.75      	0.263	160.45 	169.425	163.676	2.24869 
40         	190.056         	960         	961        	126            	163             	162.729     	0.258	160.225	169.325	163.477	2.39573 
41         	189.803         	959         	960        	127            	162             	162.571     	0.257	160.125	169.425	163.553	2.45588 
43         	189.623         	957         	958        	128            	160             	162.394     	0.255	160.05 	169.4  	163.253	2.52137 
44         	189.61          	956         	957        	129            	159             	162.431     	0.254	160.025	169.7  	163.377	2.55486 
45         	189.638         	955         	956        	129            	158             	162.479     	0.253	159.95 	169    	163.349	2.55631 
46         	189.416         	954         	955        	130            	157             	162.235     	0.252	159.8  	169.35 	163.241	2.53921 
53         	189.328         	947         	948        	134            	151             	162.171     	0.245	159.725	169.325	162.985	2.7364  
56         	189.296         	944         	945        	136            	148             	162.156     	0.241	159.7  	169.075	162.87 	2.73186 
68         	189.129         	932         	933        	143            	137             	161.843     	0.229	159.675	169.05 	162.622	2.76724 
84         	189.228         	916         	917        	152            	123             	161.808     	0.212	159.55 	168.85 	162.541	2.7694  
95         	189.079         	905         	906        	158            	114             	161.591     	0.200	159.55 	169.275	162.377	2.78478 
96         	188.994         	904         	905        	159            	113             	161.49      	0.199	159.525	169.325	162.262	2.75631 
159        	188.87          	841         	842        	190            	63              	160.752     	0.132	159.5  	169.1  	161.446	2.49481 
End Time (hh:mm:ss.ms) 2023-07-17 21:43:29.192003
Total Time (hh:mm:ss.ms) 0:00:23.400002
Individual: ([12, 20, 16, 22, 1, 26, 11, 31, 27, 25, 9, 10, 24, 17, 7, 6, 29, 28, 15, 13, 23, 19, 21, 5, 8, 3, 14, 4, 0, 2, 30, 18], [1, 1, 1, 0, 0, 1, 0, 0, 0, 0, 0, 0, 1, 1, 1, 1, 0, 0, 0, 0, 0, 1, 1, 0, 0, 1, 1, 1, 0, 0, 0, 1])
Fitness:  159.5
Gens:  [0, 1, 2, 3, 4, 5, 6, 7, 8, 9, 10, 11, 12, 13, 14, 15, 16, 17, 18, 19, 20, 21, 22, 23, 24, 25, 26, 27, 28, 29, 30, 31, 32, 33, 34, 35, 36, 37, 38, 39, 40, 41, 42, 43, 44, 45, 46, 47, 48, 49, 50, 51, 52, 53, 54, 55, 56, 57, 58, 59, 60, 61, 62, 63, 64, 65, 66, 67, 68, 69, 70, 71, 72, 73, 74, 75, 76, 77, 78, 79, 80, 81, 82, 83, 84, 85, 86, 87, 88, 89, 90, 91, 92, 93, 94, 95, 96, 97, 98, 99, 100, 101, 102, 103, 104, 105, 106, 107, 108, 109, 110, 111, 112, 113, 114, 115, 116, 117, 118, 119, 120, 121, 122, 123, 124, 125, 126, 127, 128, 129, 130, 131, 132, 133, 134, 135, 136, 137, 138, 139, 140, 141, 142, 143, 144, 145, 146, 147, 148, 149, 150, 151, 152, 153, 154, 155, 156, 157, 158, 159, 160, 161, 162, 163, 164, 165, 166, 167, 168, 169, 170, 171, 172, 173, 174, 175, 176, 177, 178, 179, 180, 181, 182, 183, 184, 185, 186, 187, 188, 189]
Inds:  [164.82500000000002, 164.07500000000002, 164.02500000000003, 164.02500000000003, 164.02500000000003, 163.57500000000002, 162.925, 162.925, 162.925, 162.925, 162.925, 162.925, 162.925, 162.925, 162.925, 162.925, 162.925, 162.925, 162.925, 162.45, 162.45, 162.45, 162.05, 161.87500000000003, 161.87500000000003, 161.82500000000002, 161.77500000000003, 161.625, 161.25000000000003, 161.07500000000002, 161.07500000000002, 161.0, 161.0, 160.725, 160.725, 160.5, 160.45000000000002, 160.45000000000002, 160.45000000000002, 160.45000000000002, 160.22500000000002, 160.125, 160.125, 160.05, 160.025, 159.95000000000005, 159.8, 159.8, 159.8, 159.8, 159.8, 159.8, 159.8, 159.72500000000002, 159.72500000000002, 159.72500000000002, 159.70000000000002, 159.70000000000002, 159.70000000000002, 159.70000000000002, 159.70000000000002, 159.70000000000002, 159.70000000000002, 159.70000000000002, 159.70000000000002, 159.70000000000002, 159.70000000000002, 159.70000000000002, 159.675, 159.675, 159.675, 159.675, 159.675, 159.675, 159.675, 159.675, 159.675, 159.675, 159.675, 159.675, 159.675, 159.675, 159.675, 159.675, 159.55000000000004, 159.55000000000004, 159.55000000000004, 159.55000000000004, 159.55000000000004, 159.55000000000004, 159.55000000000004, 159.55000000000004, 159.55000000000004, 159.55000000000004, 159.55000000000004, 159.55, 159.52500000000003, 159.52500000000003, 159.52500000000003, 159.52500000000003, 159.52500000000003, 159.52500000000003, 159.52500000000003, 159.52500000000003, 159.52500000000003, 159.52500000000003, 159.52500000000003, 159.52500000000003, 159.52500000000003, 159.52500000000003, 159.52500000000003, 159.52500000000003, 159.52500000000003, 159.52500000000003, 159.52500000000003, 159.52500000000003, 159.52500000000003, 159.52500000000003, 159.52500000000003, 159.52500000000003, 159.52500000000003, 159.52500000000003, 159.52500000000003, 159.52500000000003, 159.52500000000003, 159.52500000000003, 159.52500000000003, 159.52500000000003, 159.52500000000003, 159.52500000000003, 159.52500000000003, 159.52500000000003, 159.52500000000003, 159.52500000000003, 159.52500000000003, 159.52500000000003, 159.52500000000003, 159.52500000000003, 159.52500000000003, 159.52500000000003, 159.52500000000003, 159.52500000000003, 159.52500000000003, 159.52500000000003, 159.52500000000003, 159.52500000000003, 159.52500000000003, 159.52500000000003, 159.52500000000003, 159.52500000000003, 159.52500000000003, 159.52500000000003, 159.52500000000003, 159.52500000000003, 159.52500000000003, 159.52500000000003, 159.52500000000003, 159.52500000000003, 159.52500000000003, 159.5, 159.5, 159.5, 159.5, 159.5, 159.5, 159.5, 159.5, 159.5, 159.5, 159.5, 159.5, 159.5, 159.5, 159.5, 159.5, 159.5, 159.5, 159.5, 159.5, 159.5, 159.5, 159.5, 159.5, 159.5, 159.5, 159.5, 159.5, 159.5, 159.5, 159.5]

Execution 9:
Parameters: Y=0.999
Start Time (hh:mm:ss.ms) 2023-07-17 21:43:30.112000
generations	MaxGenenerations	Populationk1	Populationk	PopulationElite	PopulationMutant	fitnessElite	alpha	min  	max    	avg    	std     
0          	0               	0           	0          	0              	0               	0           	0    	164.8	169.575	167.379	0.785344
1          	195.272         	999         	1000       	100            	200             	166.233     	0.3  	164.375	169.625	166.889	0.881306
2          	194.778         	998         	999        	101            	199             	165.945     	0.298	164.3  	169.75 	166.702	0.938882
4          	194.611         	996         	997        	102            	197             	165.762     	0.296	164    	169.45 	166.499	1.01432 
7          	194.285         	993         	994        	104            	195             	165.579     	0.293	163.825	169.3  	166.306	1.08679 
8          	194.063         	992         	993        	105            	194             	165.428     	0.292	163.525	169.225	166.235	1.10442 
11         	193.751         	989         	990        	107            	191             	165.263     	0.289	163.5  	169.575	166.069	1.18907 
12         	193.731         	988         	989        	108            	190             	165.254     	0.288	163.15 	169.225	166.055	1.19397 
14         	193.297         	986         	987        	109            	188             	164.962     	0.286	163.1  	169.6  	165.92 	1.23831 
16         	193.18          	984         	985        	110            	186             	164.828     	0.284	162.8  	169.625	165.767	1.25131 
20         	192.825         	980         	981        	113            	182             	164.587     	0.280	162.45 	169.05 	165.408	1.38913 
22         	192.507         	978         	979        	114            	180             	164.46      	0.278	162.25 	169.55 	165.125	1.46109 
24         	192.217         	976         	977        	116            	178             	164.224     	0.276	162.2  	169.6  	165.014	1.57757 
25         	192.196         	975         	976        	116            	177             	164.235     	0.275	162.15 	169.225	164.913	1.59767 
26         	192.065         	974         	975        	117            	176             	164.088     	0.273	162.075	169.275	164.831	1.61328 
27         	191.985         	973         	974        	118            	175             	164.04      	0.272	162.05 	169.3  	164.64 	1.67127 
28         	191.961         	972         	973        	118            	174             	164.021     	0.271	161.825	169.65 	164.698	1.72386 
29         	191.761         	971         	972        	119            	173             	163.944     	0.270	161.825	169.075	164.604	1.71318 
30         	191.651         	970         	971        	120            	172             	163.781     	0.269	161.125	169.025	164.521	1.78605 
34         	190.927         	966         	967        	122            	169             	163.381     	0.265	161.1  	169.525	164.255	1.88992 
35         	190.878         	965         	966        	123            	168             	163.327     	0.264	160.85 	169.575	164.188	1.89873 
42         	190.558         	958         	959        	127            	161             	163.047     	0.256	160.8  	169.575	163.999	2.10943 
43         	190.532         	957         	958        	128            	160             	163.046     	0.255	160.65 	169.45 	163.791	2.11452 
44         	190.331         	956         	957        	128            	159             	162.892     	0.254	160.45 	169.85 	163.762	2.15549 
50         	190.065         	950         	951        	132            	154             	162.649     	0.248	160.275	169.25 	163.511	2.22903 
56         	189.81          	944         	945        	136            	148             	162.399     	0.242	160.275	168.95 	163.29 	2.31471 
58         	189.844         	942         	943        	137            	146             	162.423     	0.239	160.2  	169.075	163.334	2.35669 
68         	189.883         	932         	933        	143            	138             	162.425     	0.229	159.975	169.475	163.112	2.46151 
71         	189.484         	929         	930        	145            	135             	162.061     	0.226	159.85 	169.925	162.889	2.49924 
78         	189.312         	922         	923        	149            	129             	161.867     	0.218	159.7  	169.425	162.783	2.51521 
84         	189.205         	916         	917        	152            	123             	161.77      	0.212	159.675	169.1  	162.613	2.50109 
97         	189.209         	903         	904        	160            	112             	161.65      	0.198	159.65 	169.675	162.337	2.61123 
98         	189.188         	902         	903        	160            	112             	161.63      	0.197	159.525	168.95 	162.174	2.63401 
104        	188.861         	896         	897        	163            	106             	161.282     	0.190	159.475	169.525	162.079	2.62028 
105        	188.953         	895         	896        	164            	106             	161.384     	0.189	159.45 	169.5  	162.162	2.65483 
106        	188.918         	894         	895        	164            	105             	161.348     	0.188	159.4  	169.45 	162.181	2.66076 
111        	188.732         	889         	890        	167            	101             	161.129     	0.183	159.3  	168.925	161.976	2.69017 
115        	188.774         	885         	886        	169            	97              	161.159     	0.179	159.175	169.075	161.876	2.7074  
116        	188.512         	884         	885        	170            	96              	160.937     	0.177	159.125	169.025	161.668	2.63948 
131        	188.477         	869         	870        	177            	84              	160.758     	0.162	159    	169.175	161.389	2.69861 
145        	188.489         	855         	856        	184            	74              	160.627     	0.147	158.825	168.925	161.294	2.6868  
156        	188.121         	844         	845        	189            	65              	160.228     	0.135	158.775	169.7  	160.916	2.64034 
End Time (hh:mm:ss.ms) 2023-07-17 21:43:53.132000
Total Time (hh:mm:ss.ms) 0:00:23.020000
Individual: ([2, 30, 16, 29, 8, 24, 7, 17, 9, 12, 10, 5, 15, 13, 21, 22, 1, 4, 14, 3, 28, 26, 31, 25, 20, 0, 27, 11, 6, 23, 19, 18], [0, 0, 0, 1, 1, 1, 0, 0, 0, 0, 0, 0, 0, 0, 1, 1, 0, 0, 0, 0, 0, 0, 1, 1, 1, 0, 0, 1, 1, 1, 0, 1])
Fitness:  158.775
Gens:  [0, 1, 2, 3, 4, 5, 6, 7, 8, 9, 10, 11, 12, 13, 14, 15, 16, 17, 18, 19, 20, 21, 22, 23, 24, 25, 26, 27, 28, 29, 30, 31, 32, 33, 34, 35, 36, 37, 38, 39, 40, 41, 42, 43, 44, 45, 46, 47, 48, 49, 50, 51, 52, 53, 54, 55, 56, 57, 58, 59, 60, 61, 62, 63, 64, 65, 66, 67, 68, 69, 70, 71, 72, 73, 74, 75, 76, 77, 78, 79, 80, 81, 82, 83, 84, 85, 86, 87, 88, 89, 90, 91, 92, 93, 94, 95, 96, 97, 98, 99, 100, 101, 102, 103, 104, 105, 106, 107, 108, 109, 110, 111, 112, 113, 114, 115, 116, 117, 118, 119, 120, 121, 122, 123, 124, 125, 126, 127, 128, 129, 130, 131, 132, 133, 134, 135, 136, 137, 138, 139, 140, 141, 142, 143, 144, 145, 146, 147, 148, 149, 150, 151, 152, 153, 154, 155, 156, 157, 158, 159, 160, 161, 162, 163, 164, 165, 166, 167, 168, 169, 170, 171, 172, 173, 174, 175, 176, 177, 178, 179, 180, 181, 182, 183, 184, 185, 186, 187, 188]
Inds:  [164.80000000000004, 164.375, 164.3, 164.3, 164.0, 164.0, 164.0, 163.82500000000005, 163.52499999999998, 163.52499999999998, 163.52499999999998, 163.50000000000006, 163.15, 163.15, 163.10000000000005, 163.10000000000005, 162.80000000000004, 162.80000000000004, 162.80000000000004, 162.80000000000004, 162.45000000000002, 162.45000000000002, 162.25000000000003, 162.25000000000003, 162.20000000000002, 162.15000000000006, 162.07500000000002, 162.05, 161.82500000000005, 161.82500000000002, 161.12500000000003, 161.12500000000003, 161.12500000000003, 161.12500000000003, 161.10000000000002, 160.85000000000002, 160.85000000000002, 160.85000000000002, 160.85000000000002, 160.85000000000002, 160.85000000000002, 160.85000000000002, 160.80000000000004, 160.65000000000003, 160.45000000000002, 160.45000000000002, 160.45000000000002, 160.45000000000002, 160.45000000000002, 160.45000000000002, 160.27500000000003, 160.27500000000003, 160.27500000000003, 160.27500000000003, 160.27500000000003, 160.27500000000003, 160.275, 160.275, 160.20000000000002, 160.20000000000002, 160.20000000000002, 160.20000000000002, 160.20000000000002, 160.20000000000002, 160.20000000000002, 160.20000000000002, 160.20000000000002, 160.20000000000002, 159.97500000000002, 159.97500000000002, 159.97500000000002, 159.85000000000005, 159.85000000000005, 159.85000000000005, 159.85000000000005, 159.85000000000005, 159.85000000000005, 159.85000000000005, 159.70000000000005, 159.70000000000005, 159.70000000000005, 159.70000000000005, 159.70000000000005, 159.70000000000005, 159.67500000000004, 159.67500000000004, 159.67500000000004, 159.67500000000004, 159.67500000000004, 159.67500000000004, 159.67500000000004, 159.67500000000004, 159.67500000000004, 159.67500000000004, 159.67500000000004, 159.67500000000004, 159.67500000000004, 159.65, 159.52500000000003, 159.52500000000003, 159.52500000000003, 159.52500000000003, 159.52500000000003, 159.52500000000003, 159.47500000000002, 159.45000000000005, 159.40000000000003, 159.40000000000003, 159.40000000000003, 159.40000000000003, 159.40000000000003, 159.30000000000004, 159.30000000000004, 159.30000000000004, 159.30000000000004, 159.17500000000004, 159.12500000000003, 159.12500000000003, 159.12500000000003, 159.12500000000003, 159.12500000000003, 159.12500000000003, 159.12500000000003, 159.12500000000003, 159.12500000000003, 159.12500000000003, 159.12500000000003, 159.12500000000003, 159.12500000000003, 159.12500000000003, 159.12500000000003, 159.00000000000003, 159.00000000000003, 159.00000000000003, 159.00000000000003, 159.00000000000003, 159.00000000000003, 159.00000000000003, 159.00000000000003, 159.00000000000003, 159.00000000000003, 159.00000000000003, 159.00000000000003, 159.00000000000003, 159.00000000000003, 158.82500000000002, 158.82500000000002, 158.82500000000002, 158.82500000000002, 158.82500000000002, 158.82500000000002, 158.82500000000002, 158.82500000000002, 158.82500000000002, 158.82500000000002, 158.82500000000002, 158.775, 158.775, 158.775, 158.775, 158.775, 158.775, 158.775, 158.775, 158.775, 158.775, 158.775, 158.775, 158.775, 158.775, 158.775, 158.775, 158.775, 158.775, 158.775, 158.775, 158.775, 158.775, 158.775, 158.775, 158.775, 158.775, 158.775, 158.775, 158.775, 158.775, 158.775, 158.775, 158.775]

Execution 10:
Parameters: Y=0.999
Start Time (hh:mm:ss.ms) 2023-07-17 21:43:53.934001
generations	MaxGenenerations	Populationk1	Populationk	PopulationElite	PopulationMutant	fitnessElite	alpha	min    	max   	avg    	std     
0          	0               	0           	0          	0              	0               	0           	0    	164.425	169.65	167.374	0.827388
2          	194.784         	998         	999        	101            	199             	165.897     	0.298	164.15 	169   	166.694	0.923745
4          	194.443         	996         	997        	102            	197             	165.672     	0.296	164.125	169.125	166.525	1.02986 
5          	194.384         	995         	996        	103            	196             	165.604     	0.295	164.05 	169.675	166.353	1.06193 
6          	194.403         	994         	995        	104            	195             	165.709     	0.294	163.75 	169.65 	166.267	1.08779 
7          	194.042         	993         	994        	104            	194             	165.484     	0.293	163.625	169.15 	166.192	1.11798 
8          	193.797         	992         	993        	105            	194             	165.243     	0.292	163.2  	169.825	166.056	1.15948 
9          	193.424         	991         	992        	106            	193             	165.133     	0.291	163.075	169.275	165.918	1.19701 
11         	193.102         	989         	990        	107            	191             	164.769     	0.289	162.975	169.125	165.79 	1.24516 
12         	193.022         	988         	989        	108            	190             	164.75      	0.288	162.425	169.425	165.77 	1.26277 
15         	192.462         	985         	986        	110            	187             	164.473     	0.285	162.35 	169.225	165.512	1.38444 
16         	192.301         	984         	985        	110            	186             	164.305     	0.284	162.35 	169.775	165.506	1.3805  
21         	192.34          	979         	980        	114            	181             	164.325     	0.279	162.05 	169.2  	165.28 	1.52427 
23         	192.004         	977         	978        	115            	179             	164.121     	0.277	161.725	169.325	165.153	1.57486 
31         	191.537         	969         	970        	120            	172             	163.706     	0.268	161.525	169.175	164.743	1.72044 
36         	191.339         	964         	965        	123            	167             	163.573     	0.263	161.475	169.2  	164.411	1.8806  
39         	191.227         	961         	962        	125            	164             	163.44      	0.260	161.175	169.325	164.256	1.96666 
44         	190.962         	956         	957        	128            	159             	163.298     	0.254	160.925	169.35 	164.005	2.09224 
48         	190.604         	952         	953        	131            	156             	162.993     	0.250	160.825	169.025	163.849	2.20685 
50         	190.519         	950         	951        	132            	154             	162.944     	0.248	160.775	169.425	163.777	2.25131 
51         	190.474         	949         	950        	133            	153             	162.916     	0.247	160.65 	169.075	163.758	2.29189 
52         	190.259         	948         	949        	133            	152             	162.726     	0.246	160.575	168.875	163.524	2.27189 
53         	190.132         	947         	948        	134            	151             	162.611     	0.245	160.525	169.225	163.53 	2.30744 
55         	190.197         	945         	946        	135            	149             	162.714     	0.243	160.45 	169.05 	163.526	2.36785 
59         	190.051         	941         	942        	138            	146             	162.547     	0.238	160.275	169.5  	163.321	2.46649 
62         	189.844         	938         	939        	140            	143             	162.385     	0.235	160.2  	169.3  	163.363	2.46544 
63         	189.769         	937         	938        	140            	142             	162.335     	0.234	160.15 	169.3  	163.2  	2.52557 
64         	189.71          	936         	937        	141            	141             	162.287     	0.233	159.975	169.375	163.228	2.51186 
66         	189.517         	934         	935        	142            	139             	162.15      	0.231	159.975	169.2  	163.049	2.55338 
68         	189.465         	932         	933        	143            	137             	162.067     	0.229	159.9  	169.425	162.935	2.60591 
75         	189.489         	925         	926        	147            	131             	162.075     	0.221	159.825	169.125	162.854	2.64137 
76         	189.292         	924         	925        	148            	130             	161.878     	0.220	159.8  	169.7  	162.748	2.65617 
78         	189.428         	922         	923        	149            	129             	162.031     	0.218	159.725	169.425	162.861	2.68523 
79         	189.23          	921         	922        	150            	128             	161.835     	0.217	159.7  	169.15 	162.73 	2.67074 
87         	189.224         	913         	914        	154            	121             	161.76      	0.209	159.475	169.3  	162.543	2.69153 
End Time (hh:mm:ss.ms) 2023-07-17 21:44:18.555644
Total Time (hh:mm:ss.ms) 0:00:24.621643
Individual: ([18, 4, 26, 29, 8, 23, 19, 30, 22, 31, 9, 10, 20, 25, 0, 1, 3, 14, 2, 16, 12, 27, 5, 6, 13, 15, 24, 17, 7, 11, 28, 21], [0, 1, 1, 1, 1, 1, 0, 1, 0, 1, 0, 0, 0, 1, 1, 1, 1, 1, 0, 0, 1, 1, 0, 1, 1, 1, 1, 1, 1, 1, 1, 0])
Fitness:  159.47500000000002
Gens:  [0, 1, 2, 3, 4, 5, 6, 7, 8, 9, 10, 11, 12, 13, 14, 15, 16, 17, 18, 19, 20, 21, 22, 23, 24, 25, 26, 27, 28, 29, 30, 31, 32, 33, 34, 35, 36, 37, 38, 39, 40, 41, 42, 43, 44, 45, 46, 47, 48, 49, 50, 51, 52, 53, 54, 55, 56, 57, 58, 59, 60, 61, 62, 63, 64, 65, 66, 67, 68, 69, 70, 71, 72, 73, 74, 75, 76, 77, 78, 79, 80, 81, 82, 83, 84, 85, 86, 87, 88, 89, 90, 91, 92, 93, 94, 95, 96, 97, 98, 99, 100, 101, 102, 103, 104, 105, 106, 107, 108, 109, 110, 111, 112, 113, 114, 115, 116, 117, 118, 119, 120, 121, 122, 123, 124, 125, 126, 127, 128, 129, 130, 131, 132, 133, 134, 135, 136, 137, 138, 139, 140, 141, 142, 143, 144, 145, 146, 147, 148, 149, 150, 151, 152, 153, 154, 155, 156, 157, 158, 159, 160, 161, 162, 163, 164, 165, 166, 167, 168, 169, 170, 171, 172, 173, 174, 175, 176, 177, 178, 179, 180, 181, 182, 183, 184, 185, 186, 187, 188, 189]
Inds:  [164.425, 164.425, 164.14999999999998, 164.14999999999998, 164.12499999999997, 164.05000000000004, 163.75, 163.62499999999997, 163.2, 163.07500000000002, 163.07500000000002, 162.975, 162.425, 162.425, 162.425, 162.35000000000002, 162.35, 162.35, 162.35, 162.35, 162.35, 162.05000000000004, 162.05000000000004, 161.72500000000002, 161.72500000000002, 161.72500000000002, 161.72500000000002, 161.72500000000002, 161.72500000000002, 161.72500000000002, 161.72500000000002, 161.52500000000003, 161.52500000000003, 161.52500000000003, 161.52500000000003, 161.52500000000003, 161.47500000000002, 161.47500000000002, 161.47500000000002, 161.175, 161.175, 161.175, 161.175, 161.175, 160.92500000000004, 160.92500000000004, 160.92500000000004, 160.92500000000004, 160.82500000000005, 160.82500000000005, 160.77500000000003, 160.65000000000003, 160.57500000000005, 160.52500000000003, 160.52500000000003, 160.45000000000005, 160.45000000000005, 160.45000000000005, 160.45000000000005, 160.27500000000003, 160.27500000000003, 160.27500000000003, 160.20000000000005, 160.15000000000003, 159.97500000000005, 159.97500000000005, 159.97500000000002, 159.97500000000002, 159.90000000000003, 159.90000000000003, 159.90000000000003, 159.90000000000003, 159.90000000000003, 159.90000000000003, 159.90000000000003, 159.82500000000005, 159.80000000000007, 159.80000000000007, 159.72500000000005, 159.70000000000005, 159.70000000000005, 159.70000000000005, 159.70000000000005, 159.70000000000005, 159.70000000000005, 159.70000000000005, 159.70000000000005, 159.47500000000002, 159.47500000000002, 159.47500000000002, 159.47500000000002, 159.47500000000002, 159.47500000000002, 159.47500000000002, 159.47500000000002, 159.47500000000002, 159.47500000000002, 159.47500000000002, 159.47500000000002, 159.47500000000002, 159.47500000000002, 159.47500000000002, 159.47500000000002, 159.47500000000002, 159.47500000000002, 159.47500000000002, 159.47500000000002, 159.47500000000002, 159.47500000000002, 159.47500000000002, 159.47500000000002, 159.47500000000002, 159.47500000000002, 159.47500000000002, 159.47500000000002, 159.47500000000002, 159.47500000000002, 159.47500000000002, 159.47500000000002, 159.47500000000002, 159.47500000000002, 159.47500000000002, 159.47500000000002, 159.47500000000002, 159.47500000000002, 159.47500000000002, 159.47500000000002, 159.47500000000002, 159.47500000000002, 159.47500000000002, 159.47500000000002, 159.47500000000002, 159.47500000000002, 159.47500000000002, 159.47500000000002, 159.47500000000002, 159.47500000000002, 159.47500000000002, 159.47500000000002, 159.47500000000002, 159.47500000000002, 159.47500000000002, 159.47500000000002, 159.47500000000002, 159.47500000000002, 159.47500000000002, 159.47500000000002, 159.47500000000002, 159.47500000000002, 159.47500000000002, 159.47500000000002, 159.47500000000002, 159.47500000000002, 159.47500000000002, 159.47500000000002, 159.47500000000002, 159.47500000000002, 159.47500000000002, 159.47500000000002, 159.47500000000002, 159.47500000000002, 159.47500000000002, 159.47500000000002, 159.47500000000002, 159.47500000000002, 159.47500000000002, 159.47500000000002, 159.47500000000002, 159.47500000000002, 159.47500000000002, 159.47500000000002, 159.47500000000002, 159.47500000000002, 159.47500000000002, 159.47500000000002, 159.47500000000002, 159.47500000000002, 159.47500000000002, 159.47500000000002, 159.47500000000002, 159.47500000000002, 159.47500000000002, 159.47500000000002, 159.47500000000002, 159.47500000000002, 159.47500000000002, 159.47500000000002, 159.47500000000002, 159.47500000000002, 159.47500000000002]

