A-BRKGA:

Execution 1:
Parameters: Y=0.997
Start Time (hh:mm:ss.ms) 2023-07-17 21:12:04.340817
generations	MaxGenenerations	Populationk1	Populationk	PopulationElite	PopulationMutant	fitnessElite	alpha	min 	max   	avg    	std     
0          	0               	0           	0          	0              	0               	0           	0    	49.9	52.275	51.1624	0.406585
1          	58.3863         	997         	1000       	100            	200             	50.6125     	0.3  	49.35	52.175	50.8882	0.482126
3          	57.7038         	991         	994        	105            	194             	50.1413     	0.293	49.1 	51.85 	50.5386	0.5496  
4          	57.377          	988         	991        	107            	190             	49.8962     	0.289	48.725	52.125	50.4171	0.634081
6          	56.9901         	982         	985        	112            	184             	49.6924     	0.282	48.55 	52.025	50.1663	0.722451
10         	56.7811         	970         	973        	121            	171             	49.5092     	0.268	48.45 	52.25 	49.8667	0.88159 
14         	56.6472         	958         	961        	129            	159             	49.3584     	0.254	48.35 	52.225	49.6472	0.963848
16         	56.5387         	952         	955        	134            	153             	49.2698     	0.246	48.3  	52.05 	49.5702	0.959398
23         	56.4548         	931         	934        	148            	132             	49.105      	0.222	48.1  	52.175	49.4022	1.02578 
End Time (hh:mm:ss.ms) 2023-07-17 21:12:08.887818
Total Time (hh:mm:ss.ms) 0:00:04.547001
Individual: ([6, 0, 8, 10, 3, 4, 9, 7, 5, 2, 1, 11], [0, 1, 1, 0, 0, 0, 0, 1, 1, 0, 0, 0])
Fitness:  48.1
Gens:  [0, 1, 2, 3, 4, 5, 6, 7, 8, 9, 10, 11, 12, 13, 14, 15, 16, 17, 18, 19, 20, 21, 22, 23, 24, 25, 26, 27, 28, 29, 30, 31, 32, 33, 34, 35, 36, 37, 38, 39, 40, 41, 42, 43, 44, 45, 46, 47, 48, 49, 50, 51, 52, 53, 54, 55, 56, 57]
Inds:  [49.9, 49.35, 49.35, 49.099999999999994, 48.725, 48.725, 48.55, 48.55, 48.55, 48.55, 48.449999999999996, 48.449999999999996, 48.449999999999996, 48.449999999999996, 48.35, 48.35, 48.3, 48.3, 48.3, 48.3, 48.3, 48.3, 48.3, 48.1, 48.1, 48.1, 48.1, 48.1, 48.1, 48.1, 48.1, 48.1, 48.1, 48.1, 48.1, 48.1, 48.1, 48.1, 48.1, 48.1, 48.1, 48.1, 48.1, 48.1, 48.1, 48.1, 48.1, 48.1, 48.1, 48.1, 48.1, 48.1, 48.1, 48.1, 48.1, 48.1, 48.1, 48.1]

Execution 2:
Parameters: Y=0.997
Start Time (hh:mm:ss.ms) 2023-07-17 21:12:09.676813
generations	MaxGenenerations	Populationk1	Populationk	PopulationElite	PopulationMutant	fitnessElite	alpha	min   	max  	avg    	std     
0          	0               	0           	0          	0              	0               	0           	0    	49.575	52.25	51.1461	0.425943
1          	58.0017         	997         	1000       	100            	200             	50.3775     	0.3  	49.5  	52.2 	50.8028	0.481346
2          	57.9052         	994         	997        	102            	197             	50.3007     	0.296	49.25 	52.15	50.6524	0.517382
3          	57.6041         	991         	994        	105            	194             	50.0999     	0.293	49.075	52.125	50.5298	0.582592
4          	57.3951         	988         	991        	107            	190             	49.9581     	0.289	48.975	52.125	50.3845	0.630127
5          	57.2782         	985         	988        	109            	187             	49.876      	0.286	48.95 	52.025	50.2367	0.682476
6          	57.2318         	982         	985        	112            	184             	49.8188     	0.282	48.725	52.05 	50.1613	0.737363
7          	56.973          	979         	982        	114            	181             	49.6525     	0.278	48.675	52.025	50.0195	0.783524
8          	56.9102         	976         	979        	116            	178             	49.5976     	0.275	48.65 	52.025	49.8798	0.802641
9          	56.881          	973         	976        	118            	175             	49.5676     	0.271	48.45 	52.15 	49.8546	0.840348
13         	56.6387         	961         	964        	127            	162             	49.3581     	0.257	48.325	52.05 	49.6318	0.930942
15         	56.5053         	955         	958        	131            	156             	49.2579     	0.250	48.3  	52.175	49.6112	0.974485
16         	56.4972         	952         	955        	134            	153             	49.2567     	0.246	48.1  	51.975	49.5086	0.96859 
End Time (hh:mm:ss.ms) 2023-07-17 21:12:14.161814
Total Time (hh:mm:ss.ms) 0:00:04.485001
Individual: ([11, 1, 2, 5, 3, 4, 9, 10, 7, 8, 0, 6], [1, 1, 1, 0, 0, 0, 0, 0, 0, 0, 0, 1])
Fitness:  48.099999999999994
Gens:  [0, 1, 2, 3, 4, 5, 6, 7, 8, 9, 10, 11, 12, 13, 14, 15, 16, 17, 18, 19, 20, 21, 22, 23, 24, 25, 26, 27, 28, 29, 30, 31, 32, 33, 34, 35, 36, 37, 38, 39, 40, 41, 42, 43, 44, 45, 46, 47, 48, 49, 50, 51, 52, 53, 54, 55, 56, 57]
Inds:  [49.57499999999999, 49.49999999999999, 49.24999999999999, 49.074999999999996, 48.974999999999994, 48.949999999999996, 48.724999999999994, 48.675, 48.64999999999999, 48.449999999999996, 48.449999999999996, 48.449999999999996, 48.449999999999996, 48.324999999999996, 48.324999999999996, 48.3, 48.099999999999994, 48.099999999999994, 48.099999999999994, 48.099999999999994, 48.099999999999994, 48.099999999999994, 48.099999999999994, 48.099999999999994, 48.099999999999994, 48.099999999999994, 48.099999999999994, 48.099999999999994, 48.099999999999994, 48.099999999999994, 48.099999999999994, 48.099999999999994, 48.099999999999994, 48.099999999999994, 48.099999999999994, 48.099999999999994, 48.099999999999994, 48.099999999999994, 48.099999999999994, 48.099999999999994, 48.099999999999994, 48.099999999999994, 48.099999999999994, 48.099999999999994, 48.099999999999994, 48.099999999999994, 48.099999999999994, 48.099999999999994, 48.099999999999994, 48.099999999999994, 48.099999999999994, 48.099999999999994, 48.099999999999994, 48.099999999999994, 48.099999999999994, 48.099999999999994, 48.099999999999994, 48.099999999999994]

Execution 3:
Parameters: Y=0.997
Start Time (hh:mm:ss.ms) 2023-07-17 21:12:14.931816
generations	MaxGenenerations	Populationk1	Populationk	PopulationElite	PopulationMutant	fitnessElite	alpha	min   	max 	avg    	std     
0          	0               	0           	0          	0              	0               	0           	0    	49.775	52.1	51.1585	0.402451
1          	58.2095         	997         	1000       	100            	200             	50.4725     	0.3  	49.25 	52.05	50.8246	0.478879
3          	57.5955         	991         	994        	105            	194             	50.0852     	0.293	49.125	52.05	50.48  	0.590679
4          	57.4407         	988         	991        	107            	190             	49.9719     	0.289	48.925	52.025	50.3958	0.617102
6          	57.2197         	982         	985        	112            	184             	49.8291     	0.282	48.75 	52.05 	50.2626	0.696354
8          	57.0365         	976         	979        	116            	178             	49.7141     	0.275	48.7  	52.025	50.1211	0.744073
9          	56.9395         	973         	976        	118            	175             	49.6041     	0.271	48.45 	52.075	50.1156	0.785395
18         	56.6472         	946         	949        	138            	147             	49.3079     	0.239	48.4  	52.05 	49.7638	0.866853
21         	56.627          	937         	940        	144            	138             	49.283      	0.229	48.35 	52.075	49.6453	0.921137
22         	56.5387         	934         	937        	146            	135             	49.1908     	0.225	48.15 	52.05 	49.5501	0.928926
28         	56.2964         	916         	919        	158            	118             	48.9408     	0.204	48.1  	52.025	49.2575	1.00312 
End Time (hh:mm:ss.ms) 2023-07-17 21:12:19.474815
Total Time (hh:mm:ss.ms) 0:00:04.542999
Individual: ([11, 1, 2, 0, 8, 9, 4, 3, 10, 7, 5, 6], [1, 1, 1, 1, 1, 1, 1, 1, 1, 1, 1, 1])
Fitness:  48.099999999999994
Gens:  [0, 1, 2, 3, 4, 5, 6, 7, 8, 9, 10, 11, 12, 13, 14, 15, 16, 17, 18, 19, 20, 21, 22, 23, 24, 25, 26, 27, 28, 29, 30, 31, 32, 33, 34, 35, 36, 37, 38, 39, 40, 41, 42, 43, 44, 45, 46, 47, 48, 49, 50, 51, 52, 53, 54, 55, 56, 57]
Inds:  [49.775, 49.24999999999999, 49.24999999999999, 49.125, 48.925, 48.925, 48.74999999999999, 48.74999999999999, 48.699999999999996, 48.449999999999996, 48.449999999999996, 48.449999999999996, 48.449999999999996, 48.449999999999996, 48.449999999999996, 48.449999999999996, 48.449999999999996, 48.449999999999996, 48.39999999999999, 48.39999999999999, 48.39999999999999, 48.349999999999994, 48.14999999999999, 48.14999999999999, 48.14999999999999, 48.14999999999999, 48.14999999999999, 48.14999999999999, 48.099999999999994, 48.099999999999994, 48.099999999999994, 48.099999999999994, 48.099999999999994, 48.099999999999994, 48.099999999999994, 48.099999999999994, 48.099999999999994, 48.099999999999994, 48.099999999999994, 48.099999999999994, 48.099999999999994, 48.099999999999994, 48.099999999999994, 48.099999999999994, 48.099999999999994, 48.099999999999994, 48.099999999999994, 48.099999999999994, 48.099999999999994, 48.099999999999994, 48.099999999999994, 48.099999999999994, 48.099999999999994, 48.099999999999994, 48.099999999999994, 48.099999999999994, 48.099999999999994, 48.099999999999994]

Execution 4:
Parameters: Y=0.997
Start Time (hh:mm:ss.ms) 2023-07-17 21:12:20.247814
generations	MaxGenenerations	Populationk1	Populationk	PopulationElite	PopulationMutant	fitnessElite	alpha	min 	max   	avg    	std     
0          	0               	0           	0          	0              	0               	0           	0    	49.8	52.125	51.1581	0.408159
1          	58.2431         	997         	1000       	100            	200             	50.4975     	0.3  	49.4	52.1  	50.8206	0.482207
3          	57.7839         	991         	994        	105            	194             	50.2133     	0.293	49.175	52    	50.5724	0.570845
5          	57.4905         	985         	988        	109            	187             	49.9832     	0.286	49.075	52.025	50.4282	0.631138
7          	57.3822         	979         	982        	114            	181             	49.9053     	0.279	48.95 	52.025	50.2953	0.683857
8          	57.2318         	976         	979        	116            	178             	49.7973     	0.275	48.9  	52.025	50.2267	0.680848
9          	57.1733         	973         	976        	118            	175             	49.75       	0.272	48.775	51.925	50.1723	0.709431
10         	57.01           	970         	973        	120            	172             	49.6205     	0.268	48.75 	52.125	50.1298	0.729984
11         	57.015          	967         	970        	123            	168             	49.6441     	0.264	48.575	52.1  	50.0688	0.760275
15         	56.8274         	955         	958        	131            	156             	49.4902     	0.250	48.45 	51.95 	49.8154	0.846025
17         	56.6387         	949         	952        	136            	150             	49.3083     	0.243	48.35 	51.975	49.6992	0.905106
18         	56.5218         	946         	949        	138            	147             	49.2194     	0.239	48.325	51.9  	49.6143	0.892841
20         	56.501          	940         	943        	142            	141             	49.1862     	0.232	48.1  	51.95 	49.5149	0.957023
End Time (hh:mm:ss.ms) 2023-07-17 21:12:25.086814
Total Time (hh:mm:ss.ms) 0:00:04.839000
Individual: ([11, 1, 2, 0, 8, 7, 10, 9, 4, 3, 5, 6], [1, 1, 1, 1, 1, 1, 1, 1, 1, 1, 1, 1])
Fitness:  48.099999999999994
Gens:  [0, 1, 2, 3, 4, 5, 6, 7, 8, 9, 10, 11, 12, 13, 14, 15, 16, 17, 18, 19, 20, 21, 22, 23, 24, 25, 26, 27, 28, 29, 30, 31, 32, 33, 34, 35, 36, 37, 38, 39, 40, 41, 42, 43, 44, 45, 46, 47, 48, 49, 50, 51, 52, 53, 54, 55, 56, 57]
Inds:  [49.8, 49.4, 49.4, 49.175, 49.175, 49.075, 49.075, 48.949999999999996, 48.9, 48.775, 48.74999999999999, 48.574999999999996, 48.574999999999996, 48.574999999999996, 48.574999999999996, 48.449999999999996, 48.449999999999996, 48.349999999999994, 48.324999999999996, 48.324999999999996, 48.099999999999994, 48.099999999999994, 48.099999999999994, 48.099999999999994, 48.099999999999994, 48.099999999999994, 48.099999999999994, 48.099999999999994, 48.099999999999994, 48.099999999999994, 48.099999999999994, 48.099999999999994, 48.099999999999994, 48.099999999999994, 48.099999999999994, 48.099999999999994, 48.099999999999994, 48.099999999999994, 48.099999999999994, 48.099999999999994, 48.099999999999994, 48.099999999999994, 48.099999999999994, 48.099999999999994, 48.099999999999994, 48.099999999999994, 48.099999999999994, 48.099999999999994, 48.099999999999994, 48.099999999999994, 48.099999999999994, 48.099999999999994, 48.099999999999994, 48.099999999999994, 48.099999999999994, 48.099999999999994, 48.099999999999994, 48.099999999999994]

Execution 5:
Parameters: Y=0.997
Start Time (hh:mm:ss.ms) 2023-07-17 21:12:25.858815
generations	MaxGenenerations	Populationk1	Populationk	PopulationElite	PopulationMutant	fitnessElite	alpha	min  	max   	avg    	std     
0          	0               	0           	0          	0              	0               	0           	0    	49.75	52.225	51.1885	0.403513
1          	58.2021         	997         	1000       	100            	200             	50.4925     	0.3  	49.65	52.05 	50.8319	0.473661
2          	58.0545         	994         	997        	102            	197             	50.3617     	0.296	49.4 	52.1  	50.6606	0.525526
3          	57.7709         	991         	994        	105            	194             	50.1913     	0.293	49.325	52.175	50.535 	0.560831
4          	57.6962         	988         	991        	107            	190             	50.1504     	0.289	49    	52.225	50.4522	0.597846
6          	57.3247         	982         	985        	112            	184             	49.9112     	0.282	48.975	52.1  	50.295 	0.666462
7          	57.2739         	979         	982        	114            	181             	49.847      	0.279	48.825	52.15 	50.2023	0.686218
10         	57.077          	970         	973        	120            	172             	49.6707     	0.268	48.675	51.95 	50.0725	0.73231 
11         	56.8974         	967         	970        	123            	168             	49.5424     	0.264	48.6  	51.925	50.0174	0.771153
14         	56.8482         	958         	961        	129            	159             	49.509      	0.254	48.55 	52    	49.9496	0.809144
15         	56.7598         	955         	958        	131            	156             	49.4148     	0.250	48.45 	52.2  	49.901 	0.828019
18         	56.6387         	946         	949        	138            	147             	49.2959     	0.239	48.325	51.95 	49.7052	0.865394
19         	56.4883         	943         	946        	140            	144             	49.1815     	0.236	48.3  	52.15 	49.6391	0.883427
26         	56.4675         	922         	925        	154            	124             	49.0824     	0.211	48.1  	52.025	49.3172	1.00061 
End Time (hh:mm:ss.ms) 2023-07-17 21:12:30.295814
Total Time (hh:mm:ss.ms) 0:00:04.436999
Individual: ([11, 1, 2, 0, 8, 7, 10, 9, 4, 3, 5, 6], [1, 1, 1, 1, 1, 1, 1, 1, 1, 1, 1, 1])
Fitness:  48.099999999999994
Gens:  [0, 1, 2, 3, 4, 5, 6, 7, 8, 9, 10, 11, 12, 13, 14, 15, 16, 17, 18, 19, 20, 21, 22, 23, 24, 25, 26, 27, 28, 29, 30, 31, 32, 33, 34, 35, 36, 37, 38, 39, 40, 41, 42, 43, 44, 45, 46, 47, 48, 49, 50, 51, 52, 53, 54, 55, 56, 57]
Inds:  [49.74999999999999, 49.65, 49.39999999999999, 49.324999999999996, 48.99999999999999, 48.99999999999999, 48.974999999999994, 48.824999999999996, 48.824999999999996, 48.824999999999996, 48.675, 48.599999999999994, 48.599999999999994, 48.599999999999994, 48.55, 48.449999999999996, 48.449999999999996, 48.449999999999996, 48.324999999999996, 48.3, 48.3, 48.3, 48.3, 48.3, 48.3, 48.3, 48.099999999999994, 48.099999999999994, 48.099999999999994, 48.099999999999994, 48.099999999999994, 48.099999999999994, 48.099999999999994, 48.099999999999994, 48.099999999999994, 48.099999999999994, 48.099999999999994, 48.099999999999994, 48.099999999999994, 48.099999999999994, 48.099999999999994, 48.099999999999994, 48.099999999999994, 48.099999999999994, 48.099999999999994, 48.099999999999994, 48.099999999999994, 48.099999999999994, 48.099999999999994, 48.099999999999994, 48.099999999999994, 48.099999999999994, 48.099999999999994, 48.099999999999994, 48.099999999999994, 48.099999999999994, 48.099999999999994, 48.099999999999994]

Execution 6:
Parameters: Y=0.997
Start Time (hh:mm:ss.ms) 2023-07-17 21:12:31.332815
generations	MaxGenenerations	Populationk1	Populationk	PopulationElite	PopulationMutant	fitnessElite	alpha	min   	max   	avg    	std     
0          	0               	0           	0          	0              	0               	0           	0    	49.775	52.125	51.1476	0.430711
1          	58.2138         	997         	1000       	100            	200             	50.48       	0.3  	49.525	52.075	50.7945	0.471039
2          	57.9127         	994         	997        	102            	197             	50.2812     	0.296	49.3  	52.1  	50.7034	0.551124
3          	57.654          	991         	994        	105            	194             	50.1206     	0.293	49.225	52    	50.5542	0.550776
4          	57.549          	988         	991        	107            	190             	50.0286     	0.289	49    	51.975	50.4809	0.630586
6          	57.316          	982         	985        	112            	184             	49.8971     	0.282	48.975	51.95 	50.2922	0.701084
7          	57.2481         	979         	982        	114            	181             	49.8051     	0.279	48.875	51.975	50.1448	0.719817
9          	57.1398         	973         	976        	118            	175             	49.725      	0.271	48.85 	52    	50.0646	0.790976
10         	57.1105         	970         	973        	120            	172             	49.6957     	0.268	48.775	52.1  	50.0484	0.789966
12         	57.0314         	964         	967        	125            	165             	49.6312     	0.261	48.7  	51.95 	49.9522	0.838521
13         	56.9266         	961         	964        	127            	162             	49.538      	0.257	48.65 	52.1  	49.927 	0.828953
14         	56.8938         	958         	961        	129            	159             	49.5273     	0.254	48.55 	52.025	49.8779	0.85917 
17         	56.7726         	949         	952        	136            	150             	49.4088     	0.243	48.4  	52.05 	49.7905	0.899088
22         	56.61           	934         	937        	146            	135             	49.2468     	0.225	48.35 	52.125	49.6354	0.922803
31         	56.5515         	907         	910        	163            	110             	49.0868     	0.193	48.3  	52.15 	49.3455	0.978727
End Time (hh:mm:ss.ms) 2023-07-17 21:12:36.433819
Total Time (hh:mm:ss.ms) 0:00:05.101004
Individual: ([11, 1, 0, 5, 7, 10, 3, 4, 9, 8, 2, 6], [1, 1, 0, 0, 0, 0, 0, 0, 0, 0, 1, 1])
Fitness:  48.3
Gens:  [0, 1, 2, 3, 4, 5, 6, 7, 8, 9, 10, 11, 12, 13, 14, 15, 16, 17, 18, 19, 20, 21, 22, 23, 24, 25, 26, 27, 28, 29, 30, 31, 32, 33, 34, 35, 36, 37, 38, 39, 40, 41, 42, 43, 44, 45, 46, 47, 48, 49, 50, 51, 52, 53, 54, 55, 56, 57]
Inds:  [49.775, 49.525, 49.3, 49.224999999999994, 48.99999999999999, 48.99999999999999, 48.974999999999994, 48.87499999999999, 48.87499999999999, 48.849999999999994, 48.77499999999999, 48.77499999999999, 48.699999999999996, 48.64999999999999, 48.55, 48.55, 48.55, 48.4, 48.4, 48.4, 48.4, 48.4, 48.349999999999994, 48.349999999999994, 48.349999999999994, 48.349999999999994, 48.349999999999994, 48.349999999999994, 48.349999999999994, 48.349999999999994, 48.349999999999994, 48.3, 48.3, 48.3, 48.3, 48.3, 48.3, 48.3, 48.3, 48.3, 48.3, 48.3, 48.3, 48.3, 48.3, 48.3, 48.3, 48.3, 48.3, 48.3, 48.3, 48.3, 48.3, 48.3, 48.3, 48.3, 48.3, 48.3]

Execution 7:
Parameters: Y=0.997
Start Time (hh:mm:ss.ms) 2023-07-17 21:12:37.272816
generations	MaxGenenerations	Populationk1	Populationk	PopulationElite	PopulationMutant	fitnessElite	alpha	min  	max  	avg    	std     
0          	0               	0           	0          	0              	0               	0           	0    	49.75	52.15	51.1741	0.405375
1          	58.189          	997         	1000       	100            	200             	50.47       	0.3  	49.525	52.125	50.782 	0.47308 
2          	57.9214         	994         	997        	102            	197             	50.296      	0.296	49.375	52.175	50.6757	0.527002
3          	57.7547         	991         	994        	105            	194             	50.1956     	0.293	49.075	52.15 	50.5638	0.570082
5          	57.3693         	985         	988        	109            	187             	49.9046     	0.286	48.95 	52.15 	50.4044	0.669289
6          	57.2533         	982         	985        	112            	184             	49.8541     	0.282	48.9  	52.1  	50.2683	0.677869
7          	57.1862         	979         	982        	114            	181             	49.7929     	0.279	48.85 	51.975	50.1833	0.712473
8          	57.1063         	976         	979        	116            	178             	49.7109     	0.275	48.825	52.225	50.0784	0.749077
9          	57.1199         	973         	976        	118            	175             	49.7498     	0.271	48.6  	52.125	49.9946	0.799524
12         	56.8183         	964         	967        	125            	165             	49.4884     	0.261	48.475	51.975	49.7407	0.885925
13         	56.6679         	961         	964        	127            	162             	49.3768     	0.257	48.4  	52.05 	49.6885	0.908563
16         	56.6057         	952         	955        	134            	153             	49.3201     	0.247	48.35 	52.275	49.64  	0.960467
17         	56.5727         	949         	952        	136            	150             	49.3055     	0.243	48.1  	52.15 	49.6004	0.93732 
End Time (hh:mm:ss.ms) 2023-07-17 21:12:41.785816
Total Time (hh:mm:ss.ms) 0:00:04.513000
Individual: ([6, 0, 8, 9, 4, 3, 10, 7, 5, 2, 1, 11], [0, 1, 1, 1, 1, 1, 1, 1, 1, 0, 0, 0])
Fitness:  48.1
Gens:  [0, 1, 2, 3, 4, 5, 6, 7, 8, 9, 10, 11, 12, 13, 14, 15, 16, 17, 18, 19, 20, 21, 22, 23, 24, 25, 26, 27, 28, 29, 30, 31, 32, 33, 34, 35, 36, 37, 38, 39, 40, 41, 42, 43, 44, 45, 46, 47, 48, 49, 50, 51, 52, 53, 54, 55, 56, 57]
Inds:  [49.75, 49.525, 49.375, 49.074999999999996, 49.074999999999996, 48.95, 48.9, 48.85, 48.825, 48.6, 48.6, 48.6, 48.475, 48.4, 48.4, 48.4, 48.349999999999994, 48.1, 48.1, 48.1, 48.1, 48.1, 48.1, 48.1, 48.1, 48.1, 48.1, 48.1, 48.1, 48.1, 48.1, 48.1, 48.1, 48.1, 48.1, 48.1, 48.1, 48.1, 48.1, 48.1, 48.1, 48.1, 48.1, 48.1, 48.1, 48.1, 48.1, 48.1, 48.1, 48.1, 48.1, 48.1, 48.1, 48.1, 48.1, 48.1, 48.1, 48.1]

Execution 8:
Parameters: Y=0.997
Start Time (hh:mm:ss.ms) 2023-07-17 21:12:42.511815
generations	MaxGenenerations	Populationk1	Populationk	PopulationElite	PopulationMutant	fitnessElite	alpha	min   	max  	avg    	std     
0          	0               	0           	0          	0              	0               	0           	0    	49.625	52.25	51.1538	0.416921
1          	58.0602         	997         	1000       	100            	200             	50.4125     	0.3  	49.475	52.125	50.7931	0.495195
2          	57.863          	994         	997        	102            	197             	50.2608     	0.296	49.375	52.125	50.5812	0.543594
3          	57.746          	991         	994        	105            	194             	50.181      	0.293	49.075	51.875	50.4636	0.591098
4          	57.3521         	988         	991        	107            	190             	49.8857     	0.289	48.875	52.125	50.3211	0.646629
5          	57.1612         	985         	988        	109            	187             	49.8045     	0.286	48.8  	52.175	50.1866	0.704548
6          	57.0821         	982         	985        	112            	184             	49.7534     	0.282	48.6  	52.075	50.0312	0.739768
10         	56.8097         	970         	973        	121            	171             	49.4989     	0.268	48.3  	52.225	49.8139	0.898163
15         	56.4718         	955         	958        	132            	156             	49.2328     	0.250	48.15 	52.05 	49.6584	0.940838
17         	56.3218         	949         	952        	136            	150             	49.1288     	0.243	48.1  	51.975	49.5745	0.955075
End Time (hh:mm:ss.ms) 2023-07-17 21:12:47.043815
Total Time (hh:mm:ss.ms) 0:00:04.532000
Individual: ([6, 5, 3, 4, 9, 10, 7, 8, 0, 2, 1, 11], [0, 0, 0, 0, 0, 0, 0, 0, 0, 0, 0, 0])
Fitness:  48.1
Gens:  [0, 1, 2, 3, 4, 5, 6, 7, 8, 9, 10, 11, 12, 13, 14, 15, 16, 17, 18, 19, 20, 21, 22, 23, 24, 25, 26, 27, 28, 29, 30, 31, 32, 33, 34, 35, 36, 37, 38, 39, 40, 41, 42, 43, 44, 45, 46, 47, 48, 49, 50, 51, 52, 53, 54, 55, 56, 57]
Inds:  [49.625, 49.474999999999994, 49.37499999999999, 49.074999999999996, 48.875, 48.8, 48.599999999999994, 48.599999999999994, 48.599999999999994, 48.599999999999994, 48.3, 48.3, 48.3, 48.3, 48.3, 48.15, 48.15, 48.1, 48.1, 48.1, 48.1, 48.1, 48.1, 48.1, 48.1, 48.1, 48.1, 48.1, 48.1, 48.1, 48.1, 48.1, 48.1, 48.1, 48.1, 48.1, 48.1, 48.1, 48.1, 48.1, 48.1, 48.1, 48.1, 48.1, 48.1, 48.1, 48.1, 48.1, 48.1, 48.1, 48.1, 48.1, 48.1, 48.1, 48.1, 48.1, 48.1, 48.1]

Execution 9:
Parameters: Y=0.997
Start Time (hh:mm:ss.ms) 2023-07-17 21:12:47.900814
generations	MaxGenenerations	Populationk1	Populationk	PopulationElite	PopulationMutant	fitnessElite	alpha	min  	max   	avg    	std     
0          	0               	0           	0          	0              	0               	0           	0    	49.45	52.225	51.1461	0.414455
1          	57.8511         	997         	1000       	100            	200             	50.2825     	0.3  	49.15	52.1  	50.7431	0.494868
4          	57.4829         	988         	991        	107            	190             	50.0114     	0.289	48.65	52.15 	50.3523	0.615361
9          	56.8725         	973         	976        	118            	175             	49.554      	0.271	48.6 	52.1  	50.0582	0.793672
14         	56.8524         	958         	961        	129            	159             	49.5154     	0.254	48.5 	52    	49.8106	0.882044
16         	56.7056         	952         	955        	133            	153             	49.371      	0.247	48.475	52.1  	49.6912	0.922151
19         	56.6721         	943         	946        	140            	144             	49.3086     	0.236	48.4  	52.05 	49.5599	0.975072
21         	56.6057         	937         	940        	144            	138             	49.2543     	0.229	48.35 	52.025	49.5289	0.972125
26         	56.5302         	922         	925        	154            	124             	49.1275     	0.211	48.15 	52.125	49.3348	1.00931 
End Time (hh:mm:ss.ms) 2023-07-17 21:12:52.329814
Total Time (hh:mm:ss.ms) 0:00:04.429000
Individual: ([11, 1, 2, 5, 10, 7, 3, 4, 9, 8, 0, 6], [1, 1, 1, 0, 1, 1, 0, 0, 0, 0, 0, 1])
Fitness:  48.14999999999999
Gens:  [0, 1, 2, 3, 4, 5, 6, 7, 8, 9, 10, 11, 12, 13, 14, 15, 16, 17, 18, 19, 20, 21, 22, 23, 24, 25, 26, 27, 28, 29, 30, 31, 32, 33, 34, 35, 36, 37, 38, 39, 40, 41, 42, 43, 44, 45, 46, 47, 48, 49, 50, 51, 52, 53, 54, 55, 56, 57]
Inds:  [49.449999999999996, 49.14999999999999, 49.14999999999999, 49.14999999999999, 48.64999999999999, 48.64999999999999, 48.64999999999999, 48.64999999999999, 48.64999999999999, 48.599999999999994, 48.599999999999994, 48.599999999999994, 48.599999999999994, 48.599999999999994, 48.49999999999999, 48.49999999999999, 48.474999999999994, 48.474999999999994, 48.474999999999994, 48.39999999999999, 48.39999999999999, 48.349999999999994, 48.349999999999994, 48.349999999999994, 48.349999999999994, 48.349999999999994, 48.14999999999999, 48.14999999999999, 48.14999999999999, 48.14999999999999, 48.14999999999999, 48.14999999999999, 48.14999999999999, 48.14999999999999, 48.14999999999999, 48.14999999999999, 48.14999999999999, 48.14999999999999, 48.14999999999999, 48.14999999999999, 48.14999999999999, 48.14999999999999, 48.14999999999999, 48.14999999999999, 48.14999999999999, 48.14999999999999, 48.14999999999999, 48.14999999999999, 48.14999999999999, 48.14999999999999, 48.14999999999999, 48.14999999999999, 48.14999999999999, 48.14999999999999, 48.14999999999999, 48.14999999999999, 48.14999999999999, 48.14999999999999]

Execution 10:
Parameters: Y=0.997
Start Time (hh:mm:ss.ms) 2023-07-17 21:12:53.090814
generations	MaxGenenerations	Populationk1	Populationk	PopulationElite	PopulationMutant	fitnessElite	alpha	min 	max   	avg    	std     
0          	0               	0           	0          	0              	0               	0           	0    	49.4	52.175	51.1495	0.408978
2          	57.7536         	994         	997        	102            	197             	50.171      	0.296	49.35	52.225	50.6045	0.539311
3          	57.7341         	991         	994        	105            	194             	50.1926     	0.293	49.025	52.175	50.4839	0.575119
4          	57.3453         	988         	991        	107            	190             	49.937      	0.289	48.875	52    	50.3388	0.632036
5          	57.1398         	985         	988        	109            	187             	49.7687     	0.285	48.85 	52.025	50.2136	0.69256 
6          	57.1148         	982         	985        	112            	184             	49.7469     	0.282	48.725	52.225	50.0885	0.71948 
7          	57.0029         	979         	982        	114            	181             	49.7013     	0.278	48.35 	52.15 	49.9955	0.778031
11         	56.5685         	967         	970        	123            	168             	49.3821     	0.264	48.3  	51.925	49.7319	0.868629
14         	56.493          	958         	961        	129            	159             	49.2778     	0.253	48.1  	52.1  	49.64  	0.938162
End Time (hh:mm:ss.ms) 2023-07-17 21:12:58.247396
Total Time (hh:mm:ss.ms) 0:00:05.156582
Individual: ([11, 1, 2, 0, 8, 9, 4, 3, 10, 7, 5, 6], [1, 1, 1, 1, 1, 1, 1, 1, 1, 1, 1, 1])
Fitness:  48.099999999999994
Gens:  [0, 1, 2, 3, 4, 5, 6, 7, 8, 9, 10, 11, 12, 13, 14, 15, 16, 17, 18, 19, 20, 21, 22, 23, 24, 25, 26, 27, 28, 29, 30, 31, 32, 33, 34, 35, 36, 37, 38, 39, 40, 41, 42, 43, 44, 45, 46, 47, 48, 49, 50, 51, 52, 53, 54, 55, 56, 57]
Inds:  [49.39999999999999, 49.39999999999999, 49.349999999999994, 49.02499999999999, 48.87499999999999, 48.849999999999994, 48.724999999999994, 48.349999999999994, 48.349999999999994, 48.349999999999994, 48.349999999999994, 48.3, 48.3, 48.3, 48.099999999999994, 48.099999999999994, 48.099999999999994, 48.099999999999994, 48.099999999999994, 48.099999999999994, 48.099999999999994, 48.099999999999994, 48.099999999999994, 48.099999999999994, 48.099999999999994, 48.099999999999994, 48.099999999999994, 48.099999999999994, 48.099999999999994, 48.099999999999994, 48.099999999999994, 48.099999999999994, 48.099999999999994, 48.099999999999994, 48.099999999999994, 48.099999999999994, 48.099999999999994, 48.099999999999994, 48.099999999999994, 48.099999999999994, 48.099999999999994, 48.099999999999994, 48.099999999999994, 48.099999999999994, 48.099999999999994, 48.099999999999994, 48.099999999999994, 48.099999999999994, 48.099999999999994, 48.099999999999994, 48.099999999999994, 48.099999999999994, 48.099999999999994, 48.099999999999994, 48.099999999999994, 48.099999999999994, 48.099999999999994, 48.099999999999994]

