A-BRKGA:

Execution 1:
Parameters: Y=0.999
Start Time (hh:mm:ss.ms) 2023-07-17 21:08:28.329427
generations	MaxGenenerations	Populationk1	Populationk	PopulationElite	PopulationMutant	fitnessElite	alpha	min 	max   	avg    	std     
0          	0               	0           	0          	0              	0               	0           	0    	36.7	38.675	37.9691	0.307497
1          	38.1479         	999         	1000       	100            	200             	37.2925     	0.3  	36.4	38.775	37.6942	0.402646
2          	37.8399         	998         	999        	104            	196             	37.0999     	0.294	36.3	38.65 	37.564 	0.454933
3          	37.7312         	997         	998        	108            	192             	36.9801     	0.289	36.05	38.775	37.4247	0.513382
End Time (hh:mm:ss.ms) 2023-07-17 21:08:30.539424
Total Time (hh:mm:ss.ms) 0:00:02.209997
Individual: ([4, 3, 5, 6, 0, 2, 1, 7], [0, 0, 0, 0, 0, 0, 0, 0])
Fitness:  36.05
Gens:  [0, 1, 2, 3, 4, 5, 6, 7, 8, 9, 10, 11, 12, 13, 14, 15, 16, 17, 18, 19, 20, 21, 22, 23, 24, 25, 26, 27, 28, 29, 30, 31, 32, 33, 34, 35, 36, 37, 38]
Inds:  [36.699999999999996, 36.4, 36.3, 36.05, 36.05, 36.05, 36.05, 36.05, 36.05, 36.05, 36.05, 36.05, 36.05, 36.05, 36.05, 36.05, 36.05, 36.05, 36.05, 36.05, 36.05, 36.05, 36.05, 36.05, 36.05, 36.05, 36.05, 36.05, 36.05, 36.05, 36.05, 36.05, 36.05, 36.05, 36.05, 36.05, 36.05, 36.05, 36.05]

Execution 2:
Parameters: Y=0.999
Start Time (hh:mm:ss.ms) 2023-07-17 21:08:31.315423
generations	MaxGenenerations	Populationk1	Populationk	PopulationElite	PopulationMutant	fitnessElite	alpha	min 	max   	avg   	std     
0          	0               	0           	0          	0              	0               	0           	0    	36.8	38.775	37.988	0.313715
1          	38.2557         	999         	1000       	100            	200             	37.3925     	0.3  	36.6	38.675	37.7287	0.378452
2          	38.044          	998         	999        	104            	196             	37.2116     	0.294	36.55	38.625	37.6088	0.405043
3          	37.9901         	997         	998        	108            	192             	37.1507     	0.289	36.425	38.625	37.5407	0.446845
4          	37.8602         	996         	997        	112            	188             	37.0501     	0.284	36.4  	38.65 	37.4614	0.483973
5          	37.8351         	995         	996        	116            	184             	37.0274     	0.278	36.275	38.65 	37.3897	0.51317 
6          	37.7052         	994         	995        	120            	180             	36.9245     	0.273	36.25 	38.525	37.2388	0.548677
7          	37.6745         	993         	994        	124            	175             	36.86       	0.268	36.05 	38.675	37.1341	0.578823
End Time (hh:mm:ss.ms) 2023-07-17 21:08:33.280414
Total Time (hh:mm:ss.ms) 0:00:01.964991
Individual: ([7, 1, 2, 3, 5, 6, 0, 4], [1, 1, 1, 0, 0, 0, 0, 1])
Fitness:  36.05
Gens:  [0, 1, 2, 3, 4, 5, 6, 7, 8, 9, 10, 11, 12, 13, 14, 15, 16, 17, 18, 19, 20, 21, 22, 23, 24, 25, 26, 27, 28, 29, 30, 31, 32, 33, 34, 35, 36, 37, 38]
Inds:  [36.8, 36.599999999999994, 36.55, 36.425, 36.4, 36.275, 36.25, 36.05, 36.05, 36.05, 36.05, 36.05, 36.05, 36.05, 36.05, 36.05, 36.05, 36.05, 36.05, 36.05, 36.05, 36.05, 36.05, 36.05, 36.05, 36.05, 36.05, 36.05, 36.05, 36.05, 36.05, 36.05, 36.05, 36.05, 36.05, 36.05, 36.05, 36.05, 36.05]

Execution 3:
Parameters: Y=0.999
Start Time (hh:mm:ss.ms) 2023-07-17 21:08:33.963023
generations	MaxGenenerations	Populationk1	Populationk	PopulationElite	PopulationMutant	fitnessElite	alpha	min   	max  	avg    	std     
0          	0               	0           	0          	0              	0               	0           	0    	36.775	38.65	37.9666	0.316469
1          	38.2249         	999         	1000       	100            	200             	37.3375     	0.3  	36.65 	38.675	37.715 	0.378711
2          	38.0959         	998         	999        	104            	196             	37.2469     	0.294	36.3  	38.675	37.6161	0.418589
6          	37.7302         	994         	995        	120            	180             	36.9359     	0.273	36.05 	38.75 	37.3514	0.566953
End Time (hh:mm:ss.ms) 2023-07-17 21:08:36.272384
Total Time (hh:mm:ss.ms) 0:00:02.309361
Individual: ([4, 3, 5, 6, 0, 2, 1, 7], [0, 0, 0, 0, 0, 0, 0, 0])
Fitness:  36.05
Gens:  [0, 1, 2, 3, 4, 5, 6, 7, 8, 9, 10, 11, 12, 13, 14, 15, 16, 17, 18, 19, 20, 21, 22, 23, 24, 25, 26, 27, 28, 29, 30, 31, 32, 33, 34, 35, 36, 37, 38]
Inds:  [36.775, 36.65, 36.3, 36.3, 36.3, 36.3, 36.05, 36.05, 36.05, 36.05, 36.05, 36.05, 36.05, 36.05, 36.05, 36.05, 36.05, 36.05, 36.05, 36.05, 36.05, 36.05, 36.05, 36.05, 36.05, 36.05, 36.05, 36.05, 36.05, 36.05, 36.05, 36.05, 36.05, 36.05, 36.05, 36.05, 36.05, 36.05, 36.05]

Execution 4:
Parameters: Y=0.999
Start Time (hh:mm:ss.ms) 2023-07-17 21:08:36.924043
generations	MaxGenenerations	Populationk1	Populationk	PopulationElite	PopulationMutant	fitnessElite	alpha	min 	max  	avg    	std     
0          	0               	0           	0          	0              	0               	0           	0    	36.3	38.65	37.9733	0.318808
2          	37.7321         	998         	999        	104            	196             	36.9999     	0.294	36.25	38.6  	37.4441	0.515948
4          	37.6783         	996         	997        	112            	188             	36.9247     	0.284	36.05	38.675	37.1846	0.632724
End Time (hh:mm:ss.ms) 2023-07-17 21:08:39.050968
Total Time (hh:mm:ss.ms) 0:00:02.126925
Individual: ([7, 1, 2, 0, 6, 5, 3, 4], [1, 1, 1, 1, 1, 1, 1, 1])
Fitness:  36.05
Gens:  [0, 1, 2, 3, 4, 5, 6, 7, 8, 9, 10, 11, 12, 13, 14, 15, 16, 17, 18, 19, 20, 21, 22, 23, 24, 25, 26, 27, 28, 29, 30, 31, 32, 33, 34, 35, 36, 37, 38]
Inds:  [36.3, 36.3, 36.25, 36.25, 36.05, 36.05, 36.05, 36.05, 36.05, 36.05, 36.05, 36.05, 36.05, 36.05, 36.05, 36.05, 36.05, 36.05, 36.05, 36.05, 36.05, 36.05, 36.05, 36.05, 36.05, 36.05, 36.05, 36.05, 36.05, 36.05, 36.05, 36.05, 36.05, 36.05, 36.05, 36.05, 36.05, 36.05, 36.05]

Execution 5:
Parameters: Y=0.999
Start Time (hh:mm:ss.ms) 2023-07-17 21:08:39.770969
generations	MaxGenenerations	Populationk1	Populationk	PopulationElite	PopulationMutant	fitnessElite	alpha	min   	max   	avg    	std    
0          	0               	0           	0          	0              	0               	0           	0    	36.525	38.675	37.9753	0.31464
2          	37.9698         	998         	999        	104            	196             	37.1881     	0.294	36.3  	38.65 	37.4972	0.463513
5          	37.7293         	995         	996        	116            	184             	36.9412     	0.278	36.25 	38.5  	37.2633	0.565048
12         	37.6839         	988         	989        	143            	155             	36.8601     	0.241	36.05 	38.65 	36.9985	0.673643
End Time (hh:mm:ss.ms) 2023-07-17 21:08:41.919445
Total Time (hh:mm:ss.ms) 0:00:02.148476
Individual: ([4, 0, 6, 5, 3, 2, 1, 7], [0, 1, 1, 1, 1, 0, 0, 0])
Fitness:  36.05
Gens:  [0, 1, 2, 3, 4, 5, 6, 7, 8, 9, 10, 11, 12, 13, 14, 15, 16, 17, 18, 19, 20, 21, 22, 23, 24, 25, 26, 27, 28, 29, 30, 31, 32, 33, 34, 35, 36, 37, 38]
Inds:  [36.525, 36.525, 36.3, 36.3, 36.3, 36.25, 36.25, 36.25, 36.25, 36.25, 36.25, 36.25, 36.05, 36.05, 36.05, 36.05, 36.05, 36.05, 36.05, 36.05, 36.05, 36.05, 36.05, 36.05, 36.05, 36.05, 36.05, 36.05, 36.05, 36.05, 36.05, 36.05, 36.05, 36.05, 36.05, 36.05, 36.05, 36.05, 36.05]

Execution 6:
Parameters: Y=0.999
Start Time (hh:mm:ss.ms) 2023-07-17 21:08:42.634434
generations	MaxGenenerations	Populationk1	Populationk	PopulationElite	PopulationMutant	fitnessElite	alpha	min   	max  	avg    	std     
0          	0               	0           	0          	0              	0               	0           	0    	36.775	38.75	37.9605	0.313388
1          	38.2287         	999         	1000       	100            	200             	37.3675     	0.3  	36.05 	38.75	37.6948	0.383548
End Time (hh:mm:ss.ms) 2023-07-17 21:08:44.877446
Total Time (hh:mm:ss.ms) 0:00:02.243012
Individual: ([7, 1, 2, 0, 6, 5, 3, 4], [1, 1, 1, 1, 1, 1, 1, 1])
Fitness:  36.05
Gens:  [0, 1, 2, 3, 4, 5, 6, 7, 8, 9, 10, 11, 12, 13, 14, 15, 16, 17, 18, 19, 20, 21, 22, 23, 24, 25, 26, 27, 28, 29, 30, 31, 32, 33, 34, 35, 36, 37, 38]
Inds:  [36.775, 36.05, 36.05, 36.05, 36.05, 36.05, 36.05, 36.05, 36.05, 36.05, 36.05, 36.05, 36.05, 36.05, 36.05, 36.05, 36.05, 36.05, 36.05, 36.05, 36.05, 36.05, 36.05, 36.05, 36.05, 36.05, 36.05, 36.05, 36.05, 36.05, 36.05, 36.05, 36.05, 36.05, 36.05, 36.05, 36.05, 36.05, 36.05]

Execution 7:
Parameters: Y=0.999
Start Time (hh:mm:ss.ms) 2023-07-17 21:08:45.564444
generations	MaxGenenerations	Populationk1	Populationk	PopulationElite	PopulationMutant	fitnessElite	alpha	min  	max   	avg   	std    
0          	0               	0           	0          	0              	0               	0           	0    	36.55	38.675	37.969	0.29984
1          	37.992          	999         	1000       	100            	200             	37.1875     	0.3  	36.425	38.6  	37.6191	0.408824
2          	37.8592         	998         	999        	104            	196             	37.066      	0.294	36.4  	38.65 	37.464 	0.455232
3          	37.8351         	997         	998        	108            	192             	37.0512     	0.289	36.25 	38.775	37.3945	0.523544
4          	37.6839         	996         	997        	112            	188             	36.9673     	0.284	36.05 	38.625	37.255 	0.554197
End Time (hh:mm:ss.ms) 2023-07-17 21:08:47.497445
Total Time (hh:mm:ss.ms) 0:00:01.933001
Individual: ([7, 1, 2, 0, 6, 5, 3, 4], [1, 1, 1, 1, 1, 1, 1, 1])
Fitness:  36.05
Gens:  [0, 1, 2, 3, 4, 5, 6, 7, 8, 9, 10, 11, 12, 13, 14, 15, 16, 17, 18, 19, 20, 21, 22, 23, 24, 25, 26, 27, 28, 29, 30, 31, 32, 33, 34, 35, 36, 37, 38]
Inds:  [36.55, 36.425, 36.4, 36.25, 36.05, 36.05, 36.05, 36.05, 36.05, 36.05, 36.05, 36.05, 36.05, 36.05, 36.05, 36.05, 36.05, 36.05, 36.05, 36.05, 36.05, 36.05, 36.05, 36.05, 36.05, 36.05, 36.05, 36.05, 36.05, 36.05, 36.05, 36.05, 36.05, 36.05, 36.05, 36.05, 36.05, 36.05, 36.05]

Execution 8:
Parameters: Y=0.999
Start Time (hh:mm:ss.ms) 2023-07-17 21:08:48.110444
generations	MaxGenenerations	Populationk1	Populationk	PopulationElite	PopulationMutant	fitnessElite	alpha	min 	max   	avg    	std     
0          	0               	0           	0          	0              	0               	0           	0    	36.9	38.675	38.0001	0.309385
1          	38.3558         	999         	1000       	100            	200             	37.4325     	0.3  	36.55	38.775	37.7362	0.378882
2          	37.9958         	998         	999        	104            	196             	37.2058     	0.294	36.3 	38.625	37.606 	0.429643
4          	37.7312         	996         	997        	112            	188             	36.9676     	0.284	36.25	38.55 	37.3521	0.527229
8          	37.6783         	992         	993        	127            	171             	36.8743     	0.262	36.05	38.55 	37.0755	0.635293
End Time (hh:mm:ss.ms) 2023-07-17 21:08:50.405444
Total Time (hh:mm:ss.ms) 0:00:02.295000
Individual: ([4, 0, 6, 5, 3, 2, 1, 7], [0, 1, 1, 1, 1, 0, 0, 0])
Fitness:  36.05
Gens:  [0, 1, 2, 3, 4, 5, 6, 7, 8, 9, 10, 11, 12, 13, 14, 15, 16, 17, 18, 19, 20, 21, 22, 23, 24, 25, 26, 27, 28, 29, 30, 31, 32, 33, 34, 35, 36, 37, 38]
Inds:  [36.9, 36.55, 36.3, 36.3, 36.25, 36.25, 36.25, 36.25, 36.05, 36.05, 36.05, 36.05, 36.05, 36.05, 36.05, 36.05, 36.05, 36.05, 36.05, 36.05, 36.05, 36.05, 36.05, 36.05, 36.05, 36.05, 36.05, 36.05, 36.05, 36.05, 36.05, 36.05, 36.05, 36.05, 36.05, 36.05, 36.05, 36.05, 36.05]

Execution 9:
Parameters: Y=0.999
Start Time (hh:mm:ss.ms) 2023-07-17 21:08:51.217445
generations	MaxGenenerations	Populationk1	Populationk	PopulationElite	PopulationMutant	fitnessElite	alpha	min   	max   	avg    	std     
0          	0               	0           	0          	0              	0               	0           	0    	37.025	38.775	37.9754	0.310106
1          	38.4896         	999         	1000       	100            	200             	37.55       	0.3  	36.8  	38.65 	37.7432	0.33969 
2          	38.2509         	998         	999        	104            	196             	37.3453     	0.294	36.425	38.625	37.6577	0.376916
4          	37.8611         	996         	997        	112            	188             	37.0572     	0.284	36.3  	38.525	37.5002	0.463025
5          	37.7265         	995         	996        	116            	184             	36.9203     	0.278	36.05 	38.525	37.4341	0.503838
End Time (hh:mm:ss.ms) 2023-07-17 21:08:53.627446
Total Time (hh:mm:ss.ms) 0:00:02.410001
Individual: ([4, 3, 5, 6, 0, 2, 1, 7], [0, 0, 0, 0, 0, 0, 0, 0])
Fitness:  36.05
Gens:  [0, 1, 2, 3, 4, 5, 6, 7, 8, 9, 10, 11, 12, 13, 14, 15, 16, 17, 18, 19, 20, 21, 22, 23, 24, 25, 26, 27, 28, 29, 30, 31, 32, 33, 34, 35, 36, 37, 38]
Inds:  [37.025, 36.8, 36.425, 36.425, 36.3, 36.05, 36.05, 36.05, 36.05, 36.05, 36.05, 36.05, 36.05, 36.05, 36.05, 36.05, 36.05, 36.05, 36.05, 36.05, 36.05, 36.05, 36.05, 36.05, 36.05, 36.05, 36.05, 36.05, 36.05, 36.05, 36.05, 36.05, 36.05, 36.05, 36.05, 36.05, 36.05, 36.05, 36.05]

Execution 10:
Parameters: Y=0.999
Start Time (hh:mm:ss.ms) 2023-07-17 21:08:54.298445
generations	MaxGenenerations	Populationk1	Populationk	PopulationElite	PopulationMutant	fitnessElite	alpha	min  	max   	avg    	std     
0          	0               	0           	0          	0              	0               	0           	0    	36.65	38.675	37.9879	0.317319
1          	38.0959         	999         	1000       	100            	200             	37.2575     	0.3  	36.425	38.65 	37.7164	0.390836
2          	37.8611         	998         	999        	104            	196             	37.0807     	0.294	36.3  	38.65 	37.5709	0.456456
5          	37.735          	995         	996        	116            	184             	36.9831     	0.278	36.05 	38.625	37.1811	0.589863
End Time (hh:mm:ss.ms) 2023-07-17 21:08:56.660016
Total Time (hh:mm:ss.ms) 0:00:02.361571
Individual: ([4, 3, 5, 6, 0, 2, 1, 7], [0, 0, 0, 0, 0, 0, 0, 0])
Fitness:  36.05
Gens:  [0, 1, 2, 3, 4, 5, 6, 7, 8, 9, 10, 11, 12, 13, 14, 15, 16, 17, 18, 19, 20, 21, 22, 23, 24, 25, 26, 27, 28, 29, 30, 31, 32, 33, 34, 35, 36, 37, 38]
Inds:  [36.65, 36.425, 36.3, 36.3, 36.3, 36.05, 36.05, 36.05, 36.05, 36.05, 36.05, 36.05, 36.05, 36.05, 36.05, 36.05, 36.05, 36.05, 36.05, 36.05, 36.05, 36.05, 36.05, 36.05, 36.05, 36.05, 36.05, 36.05, 36.05, 36.05, 36.05, 36.05, 36.05, 36.05, 36.05, 36.05, 36.05, 36.05, 36.05]

