A-BRKGA:

Execution 1:
Parameters: Y=0.999
Start Time (hh:mm:ss.ms) 2023-07-17 21:12:59.115397
generations	MaxGenenerations	Populationk1	Populationk	PopulationElite	PopulationMutant	fitnessElite	alpha	min   	max   	avg    	std     
0          	0               	0           	0          	0              	0               	0           	0    	74.575	77.475	76.3479	0.428804
2          	80.5775         	998         	999        	102            	198             	75.4081     	0.297	74.225	77.525	75.8327	0.554969
4          	80.1993         	996         	997        	106            	194             	75.1464     	0.292	73.775	77.225	75.6897	0.662382
6          	79.7071         	994         	995        	109            	190             	74.7883     	0.287	73.55 	77.3  	75.4017	0.782266
8          	79.462          	992         	993        	113            	186             	74.6019     	0.282	73.275	77.325	75.096 	0.882304
10         	79.1728         	990         	991        	116            	182             	74.4118     	0.277	73.15 	77.2  	74.8448	0.983161
14         	79.0397         	986         	987        	123            	173             	74.2852     	0.267	73.125	77.375	74.6842	1.06694 
15         	79.0108         	985         	986        	125            	171             	74.2494     	0.264	72.85 	77.15 	74.5904	1.1039  
17         	78.7215         	983         	984        	129            	167             	74.0495     	0.259	72.8  	77.5  	74.4768	1.17456 
18         	78.6694         	982         	983        	131            	165             	74.0069     	0.256	72.725	77.3  	74.4332	1.18508 
21         	78.5786         	979         	980        	136            	159             	73.8833     	0.249	72.7  	77.3  	74.2879	1.20246 
25         	78.5437         	975         	976        	143            	151             	73.7929     	0.238	72.675	77.5  	74.2102	1.26603 
28         	78.5029         	972         	973        	148            	145             	73.6981     	0.231	72.45 	77.375	74.1095	1.30345 
62         	78.2853         	938         	939        	204            	78              	73.1672     	0.144	72.4  	77.4  	73.4629	1.28738 
73         	78.2411         	927         	928        	221            	58              	72.9972     	0.115	72.2  	77.05 	73.2938	1.17883 
End Time (hh:mm:ss.ms) 2023-07-17 21:13:06.526519
Total Time (hh:mm:ss.ms) 0:00:07.411122
Individual: ([15, 5, 7, 3, 10, 1, 2, 8, 0, 13, 14, 12, 9, 4, 6, 11], [1, 1, 0, 0, 0, 0, 0, 0, 1, 1, 1, 1, 1, 0, 1, 1])
Fitness:  72.2
Gens:  [0, 1, 2, 3, 4, 5, 6, 7, 8, 9, 10, 11, 12, 13, 14, 15, 16, 17, 18, 19, 20, 21, 22, 23, 24, 25, 26, 27, 28, 29, 30, 31, 32, 33, 34, 35, 36, 37, 38, 39, 40, 41, 42, 43, 44, 45, 46, 47, 48, 49, 50, 51, 52, 53, 54, 55, 56, 57, 58, 59, 60, 61, 62, 63, 64, 65, 66, 67, 68, 69, 70, 71, 72, 73, 74, 75, 76, 77, 78]
Inds:  [74.57500000000002, 74.57500000000002, 74.22500000000001, 74.22500000000001, 73.775, 73.775, 73.55, 73.55, 73.275, 73.275, 73.14999999999999, 73.14999999999999, 73.14999999999999, 73.14999999999999, 73.125, 72.85, 72.85, 72.80000000000001, 72.725, 72.725, 72.725, 72.7, 72.7, 72.7, 72.7, 72.67500000000001, 72.67500000000001, 72.67500000000001, 72.44999999999999, 72.44999999999999, 72.44999999999999, 72.44999999999999, 72.44999999999999, 72.44999999999999, 72.44999999999999, 72.44999999999999, 72.44999999999999, 72.44999999999999, 72.44999999999999, 72.44999999999999, 72.44999999999999, 72.44999999999999, 72.44999999999999, 72.44999999999999, 72.44999999999999, 72.44999999999999, 72.44999999999999, 72.44999999999999, 72.44999999999999, 72.44999999999999, 72.44999999999999, 72.44999999999999, 72.44999999999999, 72.44999999999999, 72.44999999999999, 72.44999999999999, 72.44999999999999, 72.44999999999999, 72.44999999999999, 72.44999999999999, 72.44999999999999, 72.44999999999999, 72.39999999999999, 72.39999999999999, 72.39999999999999, 72.39999999999999, 72.39999999999999, 72.39999999999999, 72.39999999999999, 72.39999999999999, 72.39999999999999, 72.39999999999999, 72.39999999999999, 72.2, 72.2, 72.2, 72.2, 72.2, 72.2]

Execution 2:
Parameters: Y=0.999
Start Time (hh:mm:ss.ms) 2023-07-17 21:13:07.245518
generations	MaxGenenerations	Populationk1	Populationk	PopulationElite	PopulationMutant	fitnessElite	alpha	min  	max   	avg    	std     
0          	0               	0           	0          	0              	0               	0           	0    	74.35	77.425	76.3397	0.418444
1          	80.3384         	999         	1000       	100            	200             	75.2725     	0.3  	74.225	77.2  	75.9057	0.543468
2          	80.1853         	998         	999        	102            	198             	75.1101     	0.297	74.025	77.375	75.7322	0.623482
5          	79.9792         	995         	996        	107            	192             	74.982      	0.289	73.95 	77.475	75.4841	0.744076
6          	79.9102         	994         	995        	109            	190             	74.9634     	0.287	73.8  	77.35 	75.3366	0.744472
8          	79.7261         	992         	993        	113            	186             	74.7603     	0.282	73.575	77.375	75.1826	0.838413
9          	79.497          	991         	992        	115            	184             	74.6385     	0.279	73.375	77.25 	75.0946	0.878364
11         	79.2749         	989         	990        	118            	180             	74.4535     	0.274	73.2  	77.575	74.8955	0.962705
13         	79.0819         	987         	988        	122            	175             	74.2921     	0.269	73.175	77.325	74.7386	1.05718 
15         	79.047          	985         	986        	125            	171             	74.2267     	0.264	73.025	77.325	74.6324	1.10063 
17         	78.8928         	983         	984        	129            	167             	74.1211     	0.259	73.025	77.25 	74.5491	1.14262 
19         	78.8968         	981         	982        	132            	163             	74.1124     	0.254	72.9  	77.475	74.5059	1.16446 
24         	78.7598         	976         	977        	141            	153             	73.957      	0.241	72.85 	77.35 	74.2914	1.19721 
27         	78.7156         	973         	974        	146            	147             	73.9144     	0.233	72.8  	77.425	74.2536	1.24932 
28         	78.6635         	972         	973        	148            	145             	73.87       	0.231	72.775	77.375	74.1867	1.22635 
30         	78.6405         	970         	971        	151            	141             	73.8384     	0.226	72.725	77.4  	74.1383	1.23652 
31         	78.5805         	969         	970        	153            	139             	73.7705     	0.223	72.675	77.3  	74.0608	1.28481 
32         	78.5186         	968         	969        	155            	137             	73.6973     	0.221	72.475	77.1  	74.133 	1.29647 
33         	78.2869         	967         	968        	156            	135             	73.4844     	0.218	72.35 	77.125	73.9878	1.29593 
38         	78.1656         	962         	963        	165            	125             	73.3612     	0.205	72.15 	77.325	73.7934	1.36656 
End Time (hh:mm:ss.ms) 2023-07-17 21:13:13.404522
Total Time (hh:mm:ss.ms) 0:00:06.159004
Individual: ([15, 5, 7, 13, 0, 4, 6, 3, 14, 12, 9, 8, 2, 1, 10, 11], [1, 1, 0, 0, 0, 0, 1, 1, 1, 1, 1, 1, 1, 1, 1, 1])
Fitness:  72.15
Gens:  [0, 1, 2, 3, 4, 5, 6, 7, 8, 9, 10, 11, 12, 13, 14, 15, 16, 17, 18, 19, 20, 21, 22, 23, 24, 25, 26, 27, 28, 29, 30, 31, 32, 33, 34, 35, 36, 37, 38, 39, 40, 41, 42, 43, 44, 45, 46, 47, 48, 49, 50, 51, 52, 53, 54, 55, 56, 57, 58, 59, 60, 61, 62, 63, 64, 65, 66, 67, 68, 69, 70, 71, 72, 73, 74, 75, 76, 77, 78]
Inds:  [74.35000000000002, 74.22500000000001, 74.02499999999999, 74.02499999999999, 74.02499999999999, 73.95000000000002, 73.80000000000001, 73.80000000000001, 73.575, 73.375, 73.375, 73.20000000000002, 73.20000000000002, 73.17500000000001, 73.17500000000001, 73.025, 73.025, 73.02499999999999, 73.02499999999999, 72.9, 72.9, 72.9, 72.9, 72.9, 72.85, 72.85, 72.85, 72.8, 72.77499999999999, 72.77499999999999, 72.725, 72.675, 72.475, 72.35, 72.35, 72.35, 72.35, 72.35, 72.15, 72.15, 72.15, 72.15, 72.15, 72.15, 72.15, 72.15, 72.15, 72.15, 72.15, 72.15, 72.15, 72.15, 72.15, 72.15, 72.15, 72.15, 72.15, 72.15, 72.15, 72.15, 72.15, 72.15, 72.15, 72.15, 72.15, 72.15, 72.15, 72.15, 72.15, 72.15, 72.15, 72.15, 72.15, 72.15, 72.15, 72.15, 72.15, 72.15, 72.15]

Execution 3:
Parameters: Y=0.999
Start Time (hh:mm:ss.ms) 2023-07-17 21:13:14.192520
generations	MaxGenenerations	Populationk1	Populationk	PopulationElite	PopulationMutant	fitnessElite	alpha	min   	max 	avg    	std     
0          	0               	0           	0          	0              	0               	0           	0    	74.975	77.4	76.3329	0.429459
1          	81.0117         	999         	1000       	100            	200             	75.7025     	0.3  	74.5  	77.25	76.0685	0.484746
2          	80.4864         	998         	999        	102            	198             	75.3182     	0.297	74.5  	77.4 	75.8775	0.545403
3          	80.4984         	997         	998        	104            	196             	75.3556     	0.295	74.275	77.275	75.7554	0.57345 
4          	80.2453         	996         	997        	106            	194             	75.1526     	0.292	74.1  	77.3  	75.6586	0.610106
5          	80.0582         	995         	996        	107            	192             	75.028      	0.290	74.025	77.2  	75.601 	0.648625
6          	79.9692         	994         	995        	109            	190             	74.9378     	0.287	73.95 	77.375	75.5086	0.659893
7          	79.9022         	993         	994        	111            	188             	74.9261     	0.284	73.925	77.4  	75.4433	0.708598
8          	79.8771         	992         	993        	113            	186             	74.9066     	0.282	73.775	77.325	75.3663	0.73328 
10         	79.7051         	990         	991        	116            	182             	74.746      	0.277	73.55 	77.425	75.2307	0.811695
11         	79.4739         	989         	990        	118            	180             	74.615      	0.274	73.4  	77.225	75.1083	0.846853
12         	79.296          	988         	989        	120            	178             	74.4414     	0.272	73.3  	77.4  	74.9561	0.914872
13         	79.2018         	987         	988        	122            	175             	74.4058     	0.269	73.25 	77.25 	74.8833	0.94177 
14         	79.1359         	986         	987        	123            	173             	74.3186     	0.267	73.2  	77.4  	74.7982	0.983916
15         	79.0938         	985         	986        	125            	171             	74.3113     	0.264	72.875	77.275	74.7183	1.00977 
17         	78.7446         	983         	984        	129            	167             	74.0551     	0.259	72.625	77.175	74.597 	1.10881 
22         	78.4686         	978         	979        	138            	157             	73.7896     	0.246	72.55 	77.125	74.2567	1.24794 
23         	78.3699         	977         	978        	139            	155             	73.6656     	0.243	72.45 	77.3  	74.0921	1.25281 
24         	78.2756         	976         	977        	141            	153             	73.62       	0.241	72.35 	77.5  	74.0914	1.28133 
26         	78.1714         	974         	975        	145            	149             	73.5302     	0.236	72.15 	77.3  	73.9915	1.31664 
End Time (hh:mm:ss.ms) 2023-07-17 21:13:20.975554
Total Time (hh:mm:ss.ms) 0:00:06.783034
Individual: ([15, 5, 7, 13, 0, 9, 12, 14, 3, 10, 1, 2, 8, 4, 6, 11], [1, 1, 0, 0, 0, 0, 0, 0, 0, 0, 0, 0, 0, 0, 1, 1])
Fitness:  72.14999999999999
Gens:  [0, 1, 2, 3, 4, 5, 6, 7, 8, 9, 10, 11, 12, 13, 14, 15, 16, 17, 18, 19, 20, 21, 22, 23, 24, 25, 26, 27, 28, 29, 30, 31, 32, 33, 34, 35, 36, 37, 38, 39, 40, 41, 42, 43, 44, 45, 46, 47, 48, 49, 50, 51, 52, 53, 54, 55, 56, 57, 58, 59, 60, 61, 62, 63, 64, 65, 66, 67, 68, 69, 70, 71, 72, 73, 74, 75, 76, 77, 78]
Inds:  [74.975, 74.50000000000001, 74.5, 74.275, 74.09999999999998, 74.025, 73.95, 73.92500000000001, 73.77499999999999, 73.77499999999999, 73.54999999999998, 73.4, 73.3, 73.25, 73.2, 72.875, 72.875, 72.625, 72.625, 72.625, 72.625, 72.625, 72.55, 72.44999999999999, 72.35, 72.35, 72.14999999999999, 72.14999999999999, 72.14999999999999, 72.14999999999999, 72.14999999999999, 72.14999999999999, 72.14999999999999, 72.14999999999999, 72.14999999999999, 72.14999999999999, 72.14999999999999, 72.14999999999999, 72.14999999999999, 72.14999999999999, 72.14999999999999, 72.14999999999999, 72.14999999999999, 72.14999999999999, 72.14999999999999, 72.14999999999999, 72.14999999999999, 72.14999999999999, 72.14999999999999, 72.14999999999999, 72.14999999999999, 72.14999999999999, 72.14999999999999, 72.14999999999999, 72.14999999999999, 72.14999999999999, 72.14999999999999, 72.14999999999999, 72.14999999999999, 72.14999999999999, 72.14999999999999, 72.14999999999999, 72.14999999999999, 72.14999999999999, 72.14999999999999, 72.14999999999999, 72.14999999999999, 72.14999999999999, 72.14999999999999, 72.14999999999999, 72.14999999999999, 72.14999999999999, 72.14999999999999, 72.14999999999999, 72.14999999999999, 72.14999999999999, 72.14999999999999, 72.14999999999999, 72.14999999999999]

Execution 4:
Parameters: Y=0.999
Start Time (hh:mm:ss.ms) 2023-07-17 21:13:21.689555
generations	MaxGenenerations	Populationk1	Populationk	PopulationElite	PopulationMutant	fitnessElite	alpha	min 	max   	avg    	std     
0          	0               	0           	0          	0              	0               	0           	0    	74.5	77.425	76.3293	0.442828
1          	80.5005         	999         	1000       	100            	200             	75.3775     	0.3  	74.375	77.2  	75.9495	0.52925 
3          	80.3594         	997         	998        	104            	196             	75.2527     	0.295	73.9  	77.25 	75.7315	0.65433 
4          	79.8382         	996         	997        	106            	194             	74.8798     	0.292	73.75 	77.275	75.5744	0.673843
5          	79.6781         	995         	996        	107            	192             	74.7721     	0.289	73.725	77.375	75.4989	0.734311
7          	79.665          	993         	994        	111            	188             	74.7864     	0.284	73.3  	77.275	75.33  	0.798638
9          	79.1979         	991         	992        	115            	184             	74.4332     	0.279	73.275	77.325	75.1696	0.886844
10         	79.1689         	990         	991        	116            	182             	74.3979     	0.277	73.225	77.3  	75.1599	0.92804 
11         	79.1129         	989         	990        	118            	180             	74.3445     	0.274	73.125	77.2  	75.0659	0.939636
12         	78.9969         	988         	989        	120            	177             	74.234      	0.272	73.075	77.375	74.9135	1.00713 
14         	78.9587         	986         	987        	123            	173             	74.2301     	0.267	73.05 	77.325	74.6965	1.10354 
15         	78.9258         	985         	986        	125            	171             	74.1808     	0.264	72.975	77.45 	74.6296	1.12193 
18         	78.8369         	982         	983        	130            	165             	74.0667     	0.256	72.875	77.2  	74.5287	1.16568 
22         	78.7249         	978         	979        	137            	157             	73.9356     	0.246	72.775	77.225	74.351 	1.23055 
26         	78.6228         	974         	975        	144            	149             	73.8329     	0.236	72.725	77.075	74.2302	1.25419 
30         	78.5805         	970         	971        	151            	141             	73.7824     	0.226	72.675	77.25 	74.0913	1.27048 
36         	78.5186         	964         	965        	161            	129             	73.6502     	0.210	72.625	77.3  	73.9627	1.30533 
49         	78.4607         	951         	952        	183            	103             	73.4466     	0.177	72.575	77.175	73.7174	1.30255 
57         	78.4106         	943         	944        	196            	88              	73.3176     	0.157	72.45 	77.125	73.5542	1.27271 
64         	78.2893         	936         	937        	207            	75              	73.1488     	0.139	72.425	77.125	73.372 	1.23365 
End Time (hh:mm:ss.ms) 2023-07-17 21:13:28.807555
Total Time (hh:mm:ss.ms) 0:00:07.118000
Individual: ([15, 5, 4, 0, 6, 7, 13, 14, 3, 10, 1, 2, 8, 9, 12, 11], [1, 1, 1, 1, 0, 0, 0, 0, 0, 0, 0, 0, 0, 0, 0, 1])
Fitness:  72.425
Gens:  [0, 1, 2, 3, 4, 5, 6, 7, 8, 9, 10, 11, 12, 13, 14, 15, 16, 17, 18, 19, 20, 21, 22, 23, 24, 25, 26, 27, 28, 29, 30, 31, 32, 33, 34, 35, 36, 37, 38, 39, 40, 41, 42, 43, 44, 45, 46, 47, 48, 49, 50, 51, 52, 53, 54, 55, 56, 57, 58, 59, 60, 61, 62, 63, 64, 65, 66, 67, 68, 69, 70, 71, 72, 73, 74, 75, 76, 77, 78, 79]
Inds:  [74.50000000000001, 74.375, 74.375, 73.89999999999999, 73.75, 73.725, 73.725, 73.3, 73.3, 73.275, 73.225, 73.125, 73.07499999999999, 73.07499999999999, 73.05, 72.975, 72.975, 72.975, 72.875, 72.875, 72.875, 72.875, 72.77499999999999, 72.77499999999999, 72.77499999999999, 72.77499999999999, 72.725, 72.725, 72.725, 72.725, 72.67499999999998, 72.67499999999998, 72.67499999999998, 72.67499999999998, 72.67499999999998, 72.67499999999998, 72.625, 72.625, 72.625, 72.625, 72.625, 72.625, 72.625, 72.625, 72.625, 72.625, 72.625, 72.625, 72.625, 72.57499999999999, 72.57499999999999, 72.57499999999999, 72.57499999999999, 72.57499999999999, 72.57499999999999, 72.57499999999999, 72.57499999999999, 72.44999999999999, 72.44999999999999, 72.44999999999999, 72.44999999999999, 72.44999999999999, 72.44999999999999, 72.44999999999999, 72.425, 72.425, 72.425, 72.425, 72.425, 72.425, 72.425, 72.425, 72.425, 72.425, 72.425, 72.425, 72.425, 72.425, 72.425, 72.425]

Execution 5:
Parameters: Y=0.999
Start Time (hh:mm:ss.ms) 2023-07-17 21:13:29.612556
generations	MaxGenenerations	Populationk1	Populationk	PopulationElite	PopulationMutant	fitnessElite	alpha	min 	max 	avg    	std    
0          	0               	0           	0          	0              	0               	0           	0    	74.9	77.4	76.3411	0.41736
1          	80.9307         	999         	1000       	100            	200             	75.65       	0.3  	74.325	77.375	76.0299	0.496593
2          	80.3073         	998         	999        	102            	198             	75.2324     	0.297	73.825	77.375	75.8659	0.549086
3          	79.7671         	997         	998        	104            	196             	74.8722     	0.294	73.55 	77.275	75.7143	0.631355
4          	79.462          	996         	997        	106            	194             	74.6394     	0.292	73.4  	77.3  	75.6036	0.707261
6          	79.298          	994         	995        	109            	190             	74.5064     	0.287	73.375	77.225	75.365 	0.834609
8          	79.265          	992         	993        	113            	186             	74.4479     	0.282	73.275	77.2  	75.1622	0.913464
9          	79.159          	991         	992        	115            	184             	74.3732     	0.279	73.2  	77.275	75.0584	0.978084
10         	79.0839         	990         	991        	116            	182             	74.3298     	0.277	73.175	77.375	74.8941	1.01998 
11         	79.0648         	989         	990        	118            	180             	74.3288     	0.274	73.025	77.35 	74.8215	1.06234 
13         	78.9047         	987         	988        	122            	175             	74.2044     	0.269	72.975	77.3  	74.6447	1.12227 
18         	78.8526         	982         	983        	130            	165             	74.1181     	0.256	72.75 	77.325	74.4813	1.21653 
35         	78.5977         	965         	966        	160            	131             	73.716      	0.213	72.7  	77.15 	74.1969	1.22949 
36         	78.5339         	964         	965        	161            	129             	73.6384     	0.210	72.65 	77.4  	74.1288	1.24108 
39         	78.4975         	961         	962        	166            	123             	73.61       	0.203	72.575	77.25 	73.9698	1.25474 
43         	78.3969         	957         	958        	173            	115             	73.4525     	0.192	72.525	77.3  	73.8503	1.28682 
47         	78.3762         	953         	954        	180            	107             	73.4427     	0.182	72.4  	77.3  	73.7134	1.28001 
61         	78.2235         	939         	940        	202            	80              	73.122      	0.146	72.2  	77.125	73.4773	1.24154 
End Time (hh:mm:ss.ms) 2023-07-17 21:13:36.545554
Total Time (hh:mm:ss.ms) 0:00:06.932998
Individual: ([15, 5, 6, 10, 9, 0, 13, 14, 12, 1, 2, 8, 4, 7, 3, 11], [1, 1, 1, 0, 1, 1, 1, 1, 1, 0, 0, 0, 0, 0, 0, 1])
Fitness:  72.2
Gens:  [0, 1, 2, 3, 4, 5, 6, 7, 8, 9, 10, 11, 12, 13, 14, 15, 16, 17, 18, 19, 20, 21, 22, 23, 24, 25, 26, 27, 28, 29, 30, 31, 32, 33, 34, 35, 36, 37, 38, 39, 40, 41, 42, 43, 44, 45, 46, 47, 48, 49, 50, 51, 52, 53, 54, 55, 56, 57, 58, 59, 60, 61, 62, 63, 64, 65, 66, 67, 68, 69, 70, 71, 72, 73, 74, 75, 76, 77, 78]
Inds:  [74.89999999999999, 74.32499999999999, 73.825, 73.55, 73.4, 73.4, 73.375, 73.375, 73.275, 73.2, 73.17500000000001, 73.025, 73.025, 72.975, 72.975, 72.975, 72.975, 72.975, 72.75, 72.75, 72.75, 72.75, 72.75, 72.75, 72.75, 72.75, 72.75, 72.75, 72.75, 72.75, 72.75, 72.75, 72.75, 72.75, 72.75, 72.7, 72.65, 72.65, 72.65, 72.575, 72.575, 72.575, 72.575, 72.525, 72.525, 72.525, 72.525, 72.4, 72.4, 72.4, 72.4, 72.4, 72.4, 72.4, 72.4, 72.4, 72.4, 72.4, 72.4, 72.4, 72.4, 72.2, 72.2, 72.2, 72.2, 72.2, 72.2, 72.2, 72.2, 72.2, 72.2, 72.2, 72.2, 72.2, 72.2, 72.2, 72.2, 72.2, 72.2]

Execution 6:
Parameters: Y=0.999
Start Time (hh:mm:ss.ms) 2023-07-17 21:13:37.279555
generations	MaxGenenerations	Populationk1	Populationk	PopulationElite	PopulationMutant	fitnessElite	alpha	min 	max 	avg    	std     
0          	0               	0           	0          	0              	0               	0           	0    	74.6	77.5	76.3526	0.423735
1          	80.6146         	999         	1000       	100            	200             	75.47       	0.3  	74.125	77.425	75.974 	0.53772 
2          	80.0953         	998         	999        	102            	198             	75.1068     	0.297	73.975	77.325	75.7855	0.58069 
4          	79.9212         	996         	997        	106            	194             	74.9402     	0.292	73.675	77.225	75.5411	0.684825
8          	79.601          	992         	993        	113            	186             	74.7058     	0.282	73.425	77.35 	75.1862	0.852063
9          	79.3329         	991         	992        	115            	184             	74.5233     	0.279	73.325	77.175	75.1181	0.873758
12         	79.2269         	988         	989        	120            	178             	74.4275     	0.272	73    	77.4  	74.9596	1.00988 
15         	78.8599         	985         	986        	125            	171             	74.1043     	0.264	72.925	77.5  	74.7514	1.06086 
17         	78.7907         	983         	984        	129            	167             	74.0663     	0.259	72.8  	77.325	74.5545	1.1134  
19         	78.6616         	981         	982        	132            	163             	73.9695     	0.254	72.725	77.325	74.3859	1.21758 
20         	78.5746         	980         	981        	134            	161             	73.8825     	0.251	72.7  	77.35 	74.3306	1.25014 
21         	78.5496         	979         	980        	136            	159             	73.8582     	0.249	72.55 	77.225	74.3305	1.27163 
24         	78.3856         	976         	977        	141            	153             	73.7023     	0.241	72.45 	77.275	74.2101	1.32222 
59         	78.2853         	941         	942        	199            	84              	73.2053     	0.151	72.425	77.3  	73.5978	1.33778 
74         	78.2485         	926         	927        	223            	56              	72.9779     	0.113	72.15 	77.05 	73.2379	1.18578 
End Time (hh:mm:ss.ms) 2023-07-17 21:13:43.617556
Total Time (hh:mm:ss.ms) 0:00:06.338001
Individual: ([11, 10, 12, 14, 3, 6, 4, 8, 2, 1, 9, 0, 13, 7, 5, 15], [0, 0, 0, 0, 0, 0, 1, 1, 1, 1, 1, 1, 1, 1, 0, 0])
Fitness:  72.14999999999999
Gens:  [0, 1, 2, 3, 4, 5, 6, 7, 8, 9, 10, 11, 12, 13, 14, 15, 16, 17, 18, 19, 20, 21, 22, 23, 24, 25, 26, 27, 28, 29, 30, 31, 32, 33, 34, 35, 36, 37, 38, 39, 40, 41, 42, 43, 44, 45, 46, 47, 48, 49, 50, 51, 52, 53, 54, 55, 56, 57, 58, 59, 60, 61, 62, 63, 64, 65, 66, 67, 68, 69, 70, 71, 72, 73, 74, 75, 76, 77, 78]
Inds:  [74.60000000000001, 74.125, 73.975, 73.975, 73.675, 73.675, 73.675, 73.675, 73.425, 73.325, 73.325, 73.325, 73.0, 73.0, 73.0, 72.925, 72.925, 72.8, 72.8, 72.725, 72.7, 72.55, 72.55, 72.55, 72.45, 72.45, 72.45, 72.45, 72.45, 72.45, 72.45, 72.45, 72.45, 72.45, 72.45, 72.45, 72.45, 72.45, 72.45, 72.45, 72.45, 72.45, 72.45, 72.45, 72.45, 72.45, 72.45, 72.45, 72.45, 72.45, 72.45, 72.45, 72.45, 72.45, 72.45, 72.45, 72.45, 72.45, 72.45, 72.425, 72.425, 72.425, 72.425, 72.425, 72.425, 72.425, 72.425, 72.425, 72.425, 72.425, 72.425, 72.425, 72.425, 72.425, 72.14999999999999, 72.14999999999999, 72.14999999999999, 72.14999999999999, 72.14999999999999]

Execution 7:
Parameters: Y=0.999
Start Time (hh:mm:ss.ms) 2023-07-17 21:13:44.341554
generations	MaxGenenerations	Populationk1	Populationk	PopulationElite	PopulationMutant	fitnessElite	alpha	min 	max 	avg    	std   
0          	0               	0           	0          	0              	0               	0           	0    	74.7	77.3	76.3375	0.4316
1          	80.7065         	999         	1000       	100            	200             	75.48       	0.3  	74.025	77.35	75.9663	0.522899
2          	79.9812         	998         	999        	102            	198             	75.0142     	0.297	73.775	77.325	75.7814	0.592795
7          	79.7091         	993         	994        	111            	188             	74.7866     	0.284	73.725	77.325	75.3515	0.812503
8          	79.6551         	992         	993        	113            	186             	74.7417     	0.282	73.55 	77.25 	75.2438	0.829983
10         	79.458          	990         	991        	116            	182             	74.5692     	0.277	73.325	77.25 	75.0813	0.923042
11         	79.2169         	989         	990        	118            	180             	74.4034     	0.274	73.1  	77.5  	74.989 	0.949728
14         	78.9837         	986         	987        	123            	173             	74.2418     	0.267	73.075	77.4  	74.6836	1.06818 
15         	78.9587         	985         	986        	125            	171             	74.2191     	0.264	73    	77.225	74.568 	1.09706 
17         	78.8796         	983         	984        	129            	167             	74.148      	0.259	72.8  	77.525	74.4755	1.13756 
23         	78.6498         	977         	978        	139            	155             	73.886      	0.244	72.75 	77.25 	74.2766	1.2047  
25         	78.5938         	975         	976        	143            	151             	73.8192     	0.238	72.7  	77.275	74.1535	1.22134 
27         	78.5358         	973         	974        	146            	147             	73.7462     	0.233	72.625	77.425	74.1647	1.28347 
29         	78.4627         	971         	972        	150            	143             	73.6881     	0.228	72.575	77.275	74.1165	1.2685  
30         	78.4086         	970         	971        	151            	141             	73.6373     	0.226	72.575	77.225	74.078 	1.25789 
35         	78.4047         	965         	966        	160            	131             	73.5667     	0.213	72.55 	77.15 	73.8985	1.32065 
37         	78.3718         	963         	964        	163            	127             	73.5074     	0.208	72.475	77.275	73.8531	1.33011 
46         	78.2791         	954         	955        	178            	109             	73.3122     	0.185	72.425	77.25 	73.6019	1.33199 
69         	78.2231         	931         	932        	215            	65              	72.9989     	0.126	72.4  	77.35 	73.2954	1.22139 
End Time (hh:mm:ss.ms) 2023-07-17 21:13:50.758556
Total Time (hh:mm:ss.ms) 0:00:06.417002
Individual: ([15, 5, 3, 6, 13, 14, 7, 4, 8, 2, 1, 9, 0, 12, 10, 11], [1, 1, 0, 0, 0, 0, 1, 1, 1, 1, 1, 1, 1, 1, 1, 1])
Fitness:  72.4
Gens:  [0, 1, 2, 3, 4, 5, 6, 7, 8, 9, 10, 11, 12, 13, 14, 15, 16, 17, 18, 19, 20, 21, 22, 23, 24, 25, 26, 27, 28, 29, 30, 31, 32, 33, 34, 35, 36, 37, 38, 39, 40, 41, 42, 43, 44, 45, 46, 47, 48, 49, 50, 51, 52, 53, 54, 55, 56, 57, 58, 59, 60, 61, 62, 63, 64, 65, 66, 67, 68, 69, 70, 71, 72, 73, 74, 75, 76, 77, 78, 79]
Inds:  [74.7, 74.025, 73.775, 73.775, 73.775, 73.775, 73.775, 73.725, 73.55, 73.55, 73.325, 73.1, 73.1, 73.1, 73.075, 73.0, 73.0, 72.8, 72.8, 72.8, 72.8, 72.8, 72.8, 72.75, 72.75, 72.69999999999999, 72.69999999999999, 72.625, 72.625, 72.575, 72.57499999999999, 72.57499999999999, 72.57499999999999, 72.57499999999999, 72.57499999999999, 72.55, 72.55, 72.475, 72.475, 72.475, 72.475, 72.475, 72.475, 72.475, 72.475, 72.475, 72.425, 72.425, 72.425, 72.425, 72.425, 72.425, 72.425, 72.425, 72.425, 72.425, 72.425, 72.425, 72.425, 72.425, 72.425, 72.425, 72.425, 72.425, 72.425, 72.425, 72.425, 72.425, 72.425, 72.4, 72.4, 72.4, 72.4, 72.4, 72.4, 72.4, 72.4, 72.4, 72.4, 72.4]

Execution 8:
Parameters: Y=0.999
Start Time (hh:mm:ss.ms) 2023-07-17 21:13:51.511554
generations	MaxGenenerations	Populationk1	Populationk	PopulationElite	PopulationMutant	fitnessElite	alpha	min   	max   	avg    	std     
0          	0               	0           	0          	0              	0               	0           	0    	74.475	77.375	76.3498	0.435843
1          	80.4694         	999         	1000       	100            	200             	75.345      	0.3  	74.35 	77.325	75.9665	0.518535
2          	80.3303         	998         	999        	102            	198             	75.2351     	0.297	74.15 	77.4  	75.8254	0.599968
3          	80.1203         	997         	998        	104            	196             	75.1088     	0.295	74.125	77.4  	75.6861	0.642657
4          	80.0933         	996         	997        	106            	194             	75.083      	0.292	74.05 	77.225	75.5739	0.671129
5          	79.9982         	995         	996        	107            	192             	74.9707     	0.289	73.925	77.225	75.4928	0.71112 
6          	79.8632         	994         	995        	109            	190             	74.8737     	0.287	73.7  	77.35 	75.379 	0.762919
7          	79.63           	993         	994        	111            	188             	74.74       	0.284	73.6  	77.65 	75.2753	0.791506
8          	79.5459         	992         	993        	113            	186             	74.7437     	0.282	73.325	77.4  	75.1558	0.859641
10         	79.2189         	990         	991        	116            	182             	74.4202     	0.277	73.05 	77.25 	74.8502	0.96503 
11         	78.9199         	989         	990        	118            	180             	74.2036     	0.274	72.65 	77.2  	74.7621	1.01228 
12         	78.4838         	988         	989        	120            	177             	73.8875     	0.271	72.625	77.3  	74.5732	1.07704 
14         	78.4627         	986         	987        	124            	173             	73.8659     	0.266	72.575	77.15 	74.4013	1.18929 
16         	78.4145         	984         	985        	127            	169             	73.8248     	0.261	72.525	77.325	74.2707	1.22951 
17         	78.3585         	983         	984        	129            	167             	73.769      	0.259	72.425	77.475	74.2056	1.2771  
25         	78.2525         	975         	976        	143            	151             	73.6004     	0.238	72.4  	77.35 	73.9692	1.36983 
26         	78.2254         	974         	975        	145            	149             	73.5686     	0.236	72.375	77.175	73.8223	1.39463 
58         	78.1906         	942         	943        	198            	86              	73.1267     	0.154	72.35 	76.975	73.4726	1.27925 
69         	78.1597         	931         	932        	215            	65              	72.9611     	0.125	72.15 	77.15 	73.2563	1.19814 
End Time (hh:mm:ss.ms) 2023-07-17 21:13:57.893553
Total Time (hh:mm:ss.ms) 0:00:06.381999
Individual: ([11, 10, 12, 14, 7, 4, 8, 2, 1, 9, 0, 13, 3, 6, 5, 15], [0, 0, 0, 0, 1, 1, 1, 1, 1, 1, 1, 1, 0, 0, 0, 0])
Fitness:  72.15
Gens:  [0, 1, 2, 3, 4, 5, 6, 7, 8, 9, 10, 11, 12, 13, 14, 15, 16, 17, 18, 19, 20, 21, 22, 23, 24, 25, 26, 27, 28, 29, 30, 31, 32, 33, 34, 35, 36, 37, 38, 39, 40, 41, 42, 43, 44, 45, 46, 47, 48, 49, 50, 51, 52, 53, 54, 55, 56, 57, 58, 59, 60, 61, 62, 63, 64, 65, 66, 67, 68, 69, 70, 71, 72, 73, 74, 75, 76, 77, 78]
Inds:  [74.475, 74.35, 74.14999999999999, 74.125, 74.05, 73.925, 73.7, 73.6, 73.32499999999999, 73.32499999999999, 73.05, 72.65, 72.625, 72.625, 72.57499999999999, 72.57499999999999, 72.525, 72.425, 72.425, 72.425, 72.425, 72.425, 72.425, 72.425, 72.425, 72.4, 72.375, 72.375, 72.375, 72.375, 72.375, 72.375, 72.375, 72.375, 72.375, 72.375, 72.375, 72.375, 72.375, 72.375, 72.375, 72.375, 72.375, 72.375, 72.375, 72.375, 72.375, 72.375, 72.375, 72.375, 72.375, 72.375, 72.375, 72.375, 72.375, 72.375, 72.375, 72.375, 72.35, 72.35, 72.35, 72.35, 72.35, 72.35, 72.35, 72.35, 72.35, 72.35, 72.35, 72.15, 72.15, 72.15, 72.15, 72.15, 72.15, 72.15, 72.15, 72.15, 72.15]

Execution 9:
Parameters: Y=0.999
Start Time (hh:mm:ss.ms) 2023-07-17 21:13:58.664554
generations	MaxGenenerations	Populationk1	Populationk	PopulationElite	PopulationMutant	fitnessElite	alpha	min 	max   	avg    	std     
0          	0               	0           	0          	0              	0               	0           	0    	74.7	77.525	76.3432	0.449628
1          	80.7246         	999         	1000       	100            	200             	75.5475     	0.3  	74.5	77.35 	76.0008	0.531039
2          	80.4944         	998         	999        	102            	198             	75.3479     	0.297	74.25	77.375	75.7909	0.579277
3          	80.2263         	997         	998        	104            	196             	75.1719     	0.295	73.85	77.225	75.6935	0.628216
4          	79.7821         	996         	997        	106            	194             	74.8371     	0.292	73.575	77.35 	75.5635	0.66357 
6          	79.493          	994         	995        	109            	190             	74.6528     	0.287	73.525	77.2  	75.3302	0.775664
7          	79.429          	993         	994        	111            	188             	74.572      	0.284	73.35 	77.25 	75.1488	0.843041
8          	79.244          	992         	993        	113            	186             	74.4511     	0.282	73.15 	77.4  	75.0113	0.934542
9          	79.0397         	991         	992        	115            	184             	74.339      	0.279	73    	77.3  	74.8315	1.04049 
10         	78.8698         	990         	991        	116            	182             	74.1919     	0.277	72.975	77.15 	74.6239	1.08277 
12         	78.8428         	988         	989        	120            	177             	74.1518     	0.272	72.9  	77.325	74.5841	1.1666  
14         	78.7755         	986         	987        	124            	173             	74.1215     	0.266	72.675	77.35 	74.4514	1.17602 
19         	78.5147         	981         	982        	132            	163             	73.8377     	0.254	72.65 	77.275	74.2533	1.25295 
23         	78.4799         	977         	978        	139            	155             	73.7477     	0.243	72.625	77.275	74.134 	1.27309 
28         	78.443          	972         	973        	148            	145             	73.6421     	0.231	72.6  	77.3  	73.9892	1.35058 
33         	78.4357         	967         	968        	156            	135             	73.621      	0.218	72.475	77.4  	73.9901	1.34641 
47         	78.3084         	953         	954        	180            	107             	73.3693     	0.182	72.4  	77.1  	73.6522	1.33954 
54         	78.2254         	946         	947        	191            	94              	73.2142     	0.164	72.15 	77.275	73.4646	1.29041 
End Time (hh:mm:ss.ms) 2023-07-17 21:14:05.496555
Total Time (hh:mm:ss.ms) 0:00:06.832001
Individual: ([15, 5, 7, 13, 0, 9, 12, 14, 3, 10, 1, 2, 8, 4, 6, 11], [1, 1, 0, 0, 0, 0, 0, 0, 0, 0, 0, 0, 0, 0, 1, 1])
Fitness:  72.14999999999999
Gens:  [0, 1, 2, 3, 4, 5, 6, 7, 8, 9, 10, 11, 12, 13, 14, 15, 16, 17, 18, 19, 20, 21, 22, 23, 24, 25, 26, 27, 28, 29, 30, 31, 32, 33, 34, 35, 36, 37, 38, 39, 40, 41, 42, 43, 44, 45, 46, 47, 48, 49, 50, 51, 52, 53, 54, 55, 56, 57, 58, 59, 60, 61, 62, 63, 64, 65, 66, 67, 68, 69, 70, 71, 72, 73, 74, 75, 76, 77, 78]
Inds:  [74.7, 74.50000000000001, 74.25, 73.85, 73.57500000000002, 73.57500000000002, 73.525, 73.35000000000001, 73.14999999999999, 73.0, 72.975, 72.975, 72.9, 72.9, 72.675, 72.675, 72.675, 72.675, 72.675, 72.65, 72.65, 72.65, 72.65, 72.625, 72.625, 72.625, 72.625, 72.625, 72.6, 72.6, 72.6, 72.6, 72.6, 72.475, 72.475, 72.475, 72.475, 72.475, 72.475, 72.475, 72.475, 72.475, 72.475, 72.475, 72.475, 72.475, 72.475, 72.39999999999999, 72.39999999999999, 72.39999999999999, 72.39999999999999, 72.39999999999999, 72.39999999999999, 72.39999999999999, 72.14999999999999, 72.14999999999999, 72.14999999999999, 72.14999999999999, 72.14999999999999, 72.14999999999999, 72.14999999999999, 72.14999999999999, 72.14999999999999, 72.14999999999999, 72.14999999999999, 72.14999999999999, 72.14999999999999, 72.14999999999999, 72.14999999999999, 72.14999999999999, 72.14999999999999, 72.14999999999999, 72.14999999999999, 72.14999999999999, 72.14999999999999, 72.14999999999999, 72.14999999999999, 72.14999999999999, 72.14999999999999]

Execution 10:
Parameters: Y=0.999
Start Time (hh:mm:ss.ms) 2023-07-17 21:14:06.253555
generations	MaxGenenerations	Populationk1	Populationk	PopulationElite	PopulationMutant	fitnessElite	alpha	min   	max   	avg    	std     
0          	0               	0           	0          	0              	0               	0           	0    	74.725	77.525	76.3449	0.452373
1          	80.7517         	999         	1000       	100            	200             	75.565      	0.3  	74.45 	77.25 	75.9912	0.516477
2          	80.4323         	998         	999        	102            	198             	75.283      	0.297	74.175	77.25 	75.795 	0.566832
3          	80.1352         	997         	998        	104            	196             	75.0822     	0.295	74    	77.5  	75.6896	0.617824
4          	79.9662         	996         	997        	106            	194             	75.0237     	0.292	73.725	77.25 	75.632 	0.654899
6          	79.6591         	994         	995        	109            	190             	74.7742     	0.287	73.425	77.325	75.4628	0.743728
10         	79.3369         	990         	991        	116            	182             	74.5273     	0.277	73.1  	77.25 	75.1335	0.873829
15         	79.0015         	985         	986        	125            	171             	74.2905     	0.264	72.875	77.3  	74.7443	1.08034 
17         	78.7249         	983         	984        	129            	167             	73.9902     	0.259	72.825	77.15 	74.5177	1.132   
19         	78.6787         	981         	982        	132            	163             	73.9564     	0.254	72.775	77.3  	74.4567	1.18471 
20         	78.6267         	980         	981        	134            	161             	73.9138     	0.251	72.6  	77.375	74.4851	1.19177 
25         	78.4337         	975         	976        	143            	151             	73.7104     	0.238	72.55 	77.2  	74.2751	1.21761 
28         	78.3895         	972         	973        	148            	145             	73.6651     	0.231	72.35 	77.25 	74.1842	1.29872 
End Time (hh:mm:ss.ms) 2023-07-17 21:14:12.826554
Total Time (hh:mm:ss.ms) 0:00:06.572999
Individual: ([11, 14, 12, 1, 2, 8, 9, 10, 3, 13, 0, 4, 7, 6, 5, 15], [0, 1, 1, 0, 0, 0, 0, 1, 1, 0, 0, 0, 0, 0, 0, 0])
Fitness:  72.35
Gens:  [0, 1, 2, 3, 4, 5, 6, 7, 8, 9, 10, 11, 12, 13, 14, 15, 16, 17, 18, 19, 20, 21, 22, 23, 24, 25, 26, 27, 28, 29, 30, 31, 32, 33, 34, 35, 36, 37, 38, 39, 40, 41, 42, 43, 44, 45, 46, 47, 48, 49, 50, 51, 52, 53, 54, 55, 56, 57, 58, 59, 60, 61, 62, 63, 64, 65, 66, 67, 68, 69, 70, 71, 72, 73, 74, 75, 76, 77, 78, 79]
Inds:  [74.725, 74.44999999999999, 74.175, 73.99999999999999, 73.725, 73.725, 73.425, 73.425, 73.425, 73.425, 73.1, 73.1, 73.1, 73.1, 73.1, 72.875, 72.875, 72.825, 72.825, 72.77499999999999, 72.6, 72.6, 72.6, 72.6, 72.6, 72.55, 72.55, 72.55, 72.35, 72.35, 72.35, 72.35, 72.35, 72.35, 72.35, 72.35, 72.35, 72.35, 72.35, 72.35, 72.35, 72.35, 72.35, 72.35, 72.35, 72.35, 72.35, 72.35, 72.35, 72.35, 72.35, 72.35, 72.35, 72.35, 72.35, 72.35, 72.35, 72.35, 72.35, 72.35, 72.35, 72.35, 72.35, 72.35, 72.35, 72.35, 72.35, 72.35, 72.35, 72.35, 72.35, 72.35, 72.35, 72.35, 72.35, 72.35, 72.35, 72.35, 72.35, 72.35]

