A-BRKGA:

Execution 1:
Parameters: Y=0.997
Start Time (hh:mm:ss.ms) 2023-07-17 21:27:29.735101
generations	MaxGenenerations	Populationk1	Populationk	PopulationElite	PopulationMutant	fitnessElite	alpha	min    	max    	avg    	std    
0          	0               	0           	0          	0              	0               	0           	0    	118.875	122.975	121.289	0.57877
1          	172.01          	997         	1000       	100            	200             	120.105     	0.3  	118.775	122.7  	120.863	0.672229
2          	171.723         	994         	997        	101            	198             	119.948     	0.298	118.15 	122.85 	120.647	0.751461
8          	170.922         	976         	979        	104            	190             	119.536     	0.291	118.125	123.075	120.178	0.931959
10         	170.707         	970         	973        	105            	187             	119.406     	0.289	117.95 	122.575	120.05 	0.995011
11         	170.466         	967         	970        	106            	185             	119.283     	0.288	117.775	123.25 	119.99 	1.01506 
13         	170.444         	961         	964        	107            	183             	119.276     	0.285	117.475	122.425	119.91 	1.07487 
14         	169.703         	958         	961        	107            	181             	118.884     	0.284	117.35 	122.675	119.817	1.0728  
17         	169.65          	949         	952        	109            	177             	118.847     	0.281	117.3  	122.6  	119.654	1.16053 
19         	169.629         	943         	946        	110            	174             	118.826     	0.278	117.1  	123.025	119.466	1.24593 
20         	169.467         	940         	943        	110            	173             	118.745     	0.277	117.025	122.475	119.423	1.2746  
22         	169.269         	934         	937        	111            	170             	118.628     	0.275	116.975	122.8  	119.322	1.336   
25         	169.134         	925         	928        	113            	166             	118.537     	0.271	116.9  	122.7  	119.061	1.41953 
26         	169.012         	922         	925        	113            	164             	118.468     	0.270	116.8  	122.45 	119.054	1.41969 
27         	168.741         	919         	922        	114            	163             	118.321     	0.269	116.725	122.8  	119.003	1.46013 
29         	168.759         	913         	916        	115            	160             	118.319     	0.266	116.575	122.8  	118.84 	1.53929 
30         	168.593         	910         	913        	115            	159             	118.228     	0.265	116.525	122.6  	118.837	1.5545  
31         	168.42          	907         	910        	115            	158             	118.131     	0.264	116.425	122.65 	118.747	1.59047 
32         	168.3           	904         	907        	116            	156             	118.063     	0.263	116.35 	122.55 	118.665	1.60555 
36         	168.154         	892         	895        	118            	151             	117.958     	0.258	116.275	122.475	118.585	1.65477 
38         	168.235         	886         	889        	118            	148             	117.984     	0.256	116.2  	122.75 	118.588	1.66655 
39         	168.026         	883         	886        	119            	147             	117.869     	0.254	116.05 	122.825	118.442	1.67651 
41         	167.872         	877         	880        	120            	145             	117.772     	0.252	115.95 	122.675	118.374	1.74594 
44         	167.551         	868         	871        	121            	141             	117.585     	0.248	115.925	122.55 	118.307	1.80248 
45         	167.527         	865         	868        	121            	139             	117.564     	0.247	115.85 	122.775	118.302	1.79321 
46         	167.532         	862         	865        	121            	138             	117.555     	0.246	115.75 	122.875	118.243	1.83382 
48         	167.312         	856         	859        	122            	136             	117.426     	0.243	115.725	122.725	118.196	1.84918 
49         	167.326         	853         	856        	123            	134             	117.423     	0.242	115.375	122.85 	118.112	1.87216 
53         	166.971         	841         	844        	124            	129             	117.194     	0.237	115.35 	122.8  	117.878	2.03323 
56         	166.696         	832         	835        	125            	126             	117.035     	0.234	115.325	122.575	117.699	2.07276 
59         	166.723         	823         	826        	126            	122             	117.019     	0.230	115.25 	123.075	117.658	2.12185 
60         	166.815         	820         	823        	126            	121             	117.044     	0.229	115.2  	122.525	117.532	2.1168  
62         	166.555         	814         	817        	127            	119             	116.901     	0.226	115.175	122.95 	117.631	2.18495 
66         	166.806         	802         	805        	128            	114             	116.974     	0.222	115.15 	123.15 	117.491	2.21402 
69         	166.307         	793         	796        	128            	110             	116.721     	0.218	115.125	122.65 	117.275	2.13252 
70         	166.421         	790         	793        	129            	109             	116.759     	0.217	115.075	122.725	117.478	2.19294 
153        	166.336         	582         	584        	138            	37              	115.96      	0.117	114.825	122.4  	116.371	1.93648 
End Time (hh:mm:ss.ms) 2023-07-17 21:27:44.692101
Total Time (hh:mm:ss.ms) 0:00:14.957000
Individual: ([11, 21, 1, 10, 15, 16, 23, 17, 0, 2, 5, 14, 18, 20, 6, 9, 4, 22, 8, 19, 3, 7, 13, 12], [0, 1, 1, 1, 0, 0, 0, 0, 0, 1, 1, 1, 1, 1, 1, 1, 1, 1, 1, 1, 1, 0, 0, 0])
Fitness:  114.825
Gens:  [0, 1, 2, 3, 4, 5, 6, 7, 8, 9, 10, 11, 12, 13, 14, 15, 16, 17, 18, 19, 20, 21, 22, 23, 24, 25, 26, 27, 28, 29, 30, 31, 32, 33, 34, 35, 36, 37, 38, 39, 40, 41, 42, 43, 44, 45, 46, 47, 48, 49, 50, 51, 52, 53, 54, 55, 56, 57, 58, 59, 60, 61, 62, 63, 64, 65, 66, 67, 68, 69, 70, 71, 72, 73, 74, 75, 76, 77, 78, 79, 80, 81, 82, 83, 84, 85, 86, 87, 88, 89, 90, 91, 92, 93, 94, 95, 96, 97, 98, 99, 100, 101, 102, 103, 104, 105, 106, 107, 108, 109, 110, 111, 112, 113, 114, 115, 116, 117, 118, 119, 120, 121, 122, 123, 124, 125, 126, 127, 128, 129, 130, 131, 132, 133, 134, 135, 136, 137, 138, 139, 140, 141, 142, 143, 144, 145, 146, 147, 148, 149, 150, 151, 152, 153, 154, 155, 156, 157, 158, 159, 160, 161, 162, 163, 164, 165, 166]
Inds:  [118.87499999999999, 118.775, 118.15, 118.15, 118.15, 118.15, 118.15, 118.15, 118.12500000000001, 118.12500000000001, 117.94999999999999, 117.77500000000003, 117.77500000000003, 117.475, 117.35000000000002, 117.35000000000002, 117.35000000000002, 117.3, 117.3, 117.1, 117.025, 117.025, 116.97500000000001, 116.97500000000001, 116.97500000000001, 116.9, 116.8, 116.72500000000001, 116.72500000000001, 116.57499999999999, 116.52499999999998, 116.42500000000001, 116.35000000000001, 116.35000000000001, 116.35000000000001, 116.35000000000001, 116.27499999999999, 116.27499999999999, 116.20000000000002, 116.05000000000001, 116.05000000000001, 115.95, 115.95, 115.95, 115.925, 115.85, 115.75000000000001, 115.75000000000001, 115.72500000000001, 115.375, 115.375, 115.375, 115.375, 115.35000000000001, 115.35000000000001, 115.35000000000001, 115.325, 115.325, 115.325, 115.25, 115.2, 115.2, 115.175, 115.175, 115.175, 115.175, 115.15, 115.15, 115.15, 115.125, 115.075, 115.075, 115.075, 115.075, 115.075, 115.075, 115.075, 115.075, 115.075, 115.075, 115.075, 115.075, 115.075, 115.075, 115.075, 115.075, 115.075, 115.075, 115.075, 115.075, 115.075, 115.075, 115.075, 115.075, 115.075, 115.075, 115.075, 115.075, 115.075, 115.075, 115.075, 115.075, 115.075, 115.075, 115.075, 115.075, 115.075, 115.075, 115.075, 115.075, 115.075, 115.075, 115.075, 115.075, 115.075, 115.075, 115.075, 115.075, 115.075, 115.075, 115.075, 115.075, 115.075, 115.075, 115.075, 115.075, 115.075, 115.075, 115.075, 115.075, 115.075, 115.075, 115.075, 115.075, 115.075, 115.075, 115.075, 115.075, 115.075, 115.075, 115.075, 115.075, 115.075, 115.075, 115.075, 115.075, 115.075, 115.075, 115.075, 115.075, 115.075, 115.075, 115.075, 114.825, 114.825, 114.825, 114.825, 114.825, 114.825, 114.825, 114.825, 114.825, 114.825, 114.825, 114.825, 114.825, 114.825]

Execution 2:
Parameters: Y=0.997
Start Time (hh:mm:ss.ms) 2023-07-17 21:27:45.459100
generations	MaxGenenerations	Populationk1	Populationk	PopulationElite	PopulationMutant	fitnessElite	alpha	min   	max    	avg    	std     
0          	0               	0           	0          	0              	0               	0           	0    	119.15	122.975	121.282	0.580109
1          	172.408         	997         	1000       	100            	200             	120.298     	0.3  	118.9 	122.625	120.927	0.634906
2          	171.865         	994         	997        	101            	198             	120.013     	0.298	118.8 	122.975	120.771	0.706231
3          	171.901         	991         	994        	101            	197             	120.043     	0.297	118.65	122.575	120.626	0.766639
4          	171.478         	988         	991        	102            	196             	119.814     	0.296	118.25	122.525	120.535	0.789966
7          	170.99          	979         	982        	104            	191             	119.568     	0.292	117.975	122.775	120.326	0.940665
8          	170.605         	976         	979        	104            	190             	119.376     	0.291	117.925	123.075	120.212	0.959824
9          	170.687         	973         	976        	105            	188             	119.422     	0.290	117.9  	122.7  	120.106	0.967486
10         	170.458         	970         	973        	105            	187             	119.289     	0.289	117.8  	123.05 	120.061	1.01589 
11         	170.493         	967         	970        	106            	185             	119.313     	0.288	117.6  	122.8  	120.039	1.04456 
12         	170.076         	964         	967        	106            	184             	119.093     	0.287	117.55 	122.75 	119.928	1.06504 
13         	169.978         	961         	964        	107            	183             	119.037     	0.285	117.325	123    	119.786	1.16291 
16         	169.856         	952         	955        	108            	178             	118.97      	0.282	117.3  	122.575	119.505	1.27107 
17         	169.527         	949         	952        	109            	177             	118.783     	0.281	117.075	122.475	119.393	1.28859 
18         	169.151         	946         	949        	109            	175             	118.586     	0.279	116.825	122.675	119.241	1.32455 
19         	168.891         	943         	946        	110            	174             	118.455     	0.278	116.725	122.675	119.155	1.40754 
20         	168.747         	940         	943        	110            	173             	118.376     	0.277	116.7  	122.6  	119.052	1.43469 
21         	168.673         	937         	940        	111            	171             	118.33      	0.276	116.45 	122.625	118.969	1.46737 
23         	168.286         	931         	934        	112            	168             	118.121     	0.273	116.275	122.525	118.874	1.54334 
24         	168.02          	928         	931        	112            	167             	117.979     	0.272	116.1  	122.9  	118.785	1.55974 
29         	167.894         	913         	916        	115            	160             	117.88      	0.266	116.075	122.675	118.532	1.69791 
30         	167.807         	910         	913        	115            	159             	117.827     	0.265	115.875	122.7  	118.491	1.7229  
31         	167.53          	907         	910        	116            	158             	117.678     	0.264	115.85 	122.6  	118.391	1.73844 
32         	167.444         	904         	907        	116            	156             	117.625     	0.262	115.625	122.55 	118.282	1.78176 
33         	167.094         	901         	904        	116            	155             	117.437     	0.261	115.5  	122.7  	118.238	1.79382 
36         	166.963         	892         	895        	118            	151             	117.345     	0.258	115.175	122.725	118.148	1.88099 
40         	166.531         	880         	883        	119            	146             	117.086     	0.253	115.15 	122.75 	117.921	1.96765 
41         	166.507         	877         	880        	120            	144             	117.065     	0.251	115.075	122.6  	117.849	1.99342 
43         	166.349         	871         	874        	121            	142             	116.965     	0.249	115.05 	122.75 	117.724	2.08399 
44         	166.363         	868         	871        	121            	140             	116.962     	0.248	114.975	122.525	117.724	2.09732 
47         	166.154         	859         	862        	122            	137             	116.828     	0.244	114.925	122.5  	117.645	2.15398 
48         	166.057         	856         	859        	122            	135             	116.769     	0.243	114.9  	122.7  	117.477	2.17441 
51         	166.046         	847         	850        	123            	132             	116.734     	0.239	114.775	122.925	117.427	2.2134  
56         	165.878         	832         	835        	125            	126             	116.598     	0.233	114.75 	122.95 	117.341	2.21085 
66         	165.792         	802         	805        	128            	114             	116.462     	0.221	114.55 	122.625	117.08 	2.28115 
End Time (hh:mm:ss.ms) 2023-07-17 21:27:59.867101
Total Time (hh:mm:ss.ms) 0:00:14.408001
Individual: ([12, 13, 8, 19, 3, 4, 9, 6, 1, 21, 10, 18, 20, 0, 7, 5, 2, 16, 23, 17, 22, 14, 15, 11], [1, 1, 1, 1, 1, 0, 0, 0, 0, 0, 0, 0, 0, 0, 0, 0, 0, 0, 0, 0, 1, 1, 1, 1])
Fitness:  114.55000000000003
Gens:  [0, 1, 2, 3, 4, 5, 6, 7, 8, 9, 10, 11, 12, 13, 14, 15, 16, 17, 18, 19, 20, 21, 22, 23, 24, 25, 26, 27, 28, 29, 30, 31, 32, 33, 34, 35, 36, 37, 38, 39, 40, 41, 42, 43, 44, 45, 46, 47, 48, 49, 50, 51, 52, 53, 54, 55, 56, 57, 58, 59, 60, 61, 62, 63, 64, 65, 66, 67, 68, 69, 70, 71, 72, 73, 74, 75, 76, 77, 78, 79, 80, 81, 82, 83, 84, 85, 86, 87, 88, 89, 90, 91, 92, 93, 94, 95, 96, 97, 98, 99, 100, 101, 102, 103, 104, 105, 106, 107, 108, 109, 110, 111, 112, 113, 114, 115, 116, 117, 118, 119, 120, 121, 122, 123, 124, 125, 126, 127, 128, 129, 130, 131, 132, 133, 134, 135, 136, 137, 138, 139, 140, 141, 142, 143, 144, 145, 146, 147, 148, 149, 150, 151, 152, 153, 154, 155, 156, 157, 158, 159, 160, 161, 162, 163, 164, 165, 166]
Inds:  [119.15, 118.9, 118.80000000000001, 118.65000000000002, 118.25000000000001, 118.25000000000001, 118.25000000000001, 117.97500000000001, 117.92500000000001, 117.90000000000002, 117.80000000000003, 117.60000000000004, 117.55000000000001, 117.325, 117.325, 117.325, 117.30000000000001, 117.075, 116.825, 116.72500000000001, 116.69999999999999, 116.45, 116.45, 116.27500000000002, 116.10000000000002, 116.10000000000002, 116.10000000000002, 116.10000000000002, 116.10000000000002, 116.07500000000002, 115.87499999999999, 115.85000000000002, 115.62500000000001, 115.50000000000003, 115.50000000000003, 115.50000000000003, 115.17500000000003, 115.17500000000003, 115.17500000000003, 115.17500000000003, 115.15000000000003, 115.075, 115.075, 115.05000000000004, 114.97500000000002, 114.97500000000002, 114.97500000000002, 114.92500000000003, 114.9, 114.9, 114.9, 114.77500000000002, 114.77500000000002, 114.77500000000002, 114.77500000000002, 114.77500000000002, 114.75000000000001, 114.75000000000001, 114.75000000000001, 114.75000000000001, 114.75000000000001, 114.75000000000001, 114.75000000000001, 114.75000000000001, 114.75000000000001, 114.75000000000001, 114.55000000000003, 114.55000000000003, 114.55000000000003, 114.55000000000003, 114.55000000000003, 114.55000000000003, 114.55000000000003, 114.55000000000003, 114.55000000000003, 114.55000000000003, 114.55000000000003, 114.55000000000003, 114.55000000000003, 114.55000000000003, 114.55000000000003, 114.55000000000003, 114.55000000000003, 114.55000000000003, 114.55000000000003, 114.55000000000003, 114.55000000000003, 114.55000000000003, 114.55000000000003, 114.55000000000003, 114.55000000000003, 114.55000000000003, 114.55000000000003, 114.55000000000003, 114.55000000000003, 114.55000000000003, 114.55000000000003, 114.55000000000003, 114.55000000000003, 114.55000000000003, 114.55000000000003, 114.55000000000003, 114.55000000000003, 114.55000000000003, 114.55000000000003, 114.55000000000003, 114.55000000000003, 114.55000000000003, 114.55000000000003, 114.55000000000003, 114.55000000000003, 114.55000000000003, 114.55000000000003, 114.55000000000003, 114.55000000000003, 114.55000000000003, 114.55000000000003, 114.55000000000003, 114.55000000000003, 114.55000000000003, 114.55000000000003, 114.55000000000003, 114.55000000000003, 114.55000000000003, 114.55000000000003, 114.55000000000003, 114.55000000000003, 114.55000000000003, 114.55000000000003, 114.55000000000003, 114.55000000000003, 114.55000000000003, 114.55000000000003, 114.55000000000003, 114.55000000000003, 114.55000000000003, 114.55000000000003, 114.55000000000003, 114.55000000000003, 114.55000000000003, 114.55000000000003, 114.55000000000003, 114.55000000000003, 114.55000000000003, 114.55000000000003, 114.55000000000003, 114.55000000000003, 114.55000000000003, 114.55000000000003, 114.55000000000003, 114.55000000000003, 114.55000000000003, 114.55000000000003, 114.55000000000003, 114.55000000000003, 114.55000000000003, 114.55000000000003, 114.55000000000003, 114.55000000000003, 114.55000000000003, 114.55000000000003, 114.55000000000003, 114.55000000000003, 114.55000000000003, 114.55000000000003, 114.55000000000003, 114.55000000000003]

Execution 3:
Parameters: Y=0.997
Start Time (hh:mm:ss.ms) 2023-07-17 21:28:00.665100
generations	MaxGenenerations	Populationk1	Populationk	PopulationElite	PopulationMutant	fitnessElite	alpha	min    	max  	avg    	std     
0          	0               	0           	0          	0              	0               	0           	0    	119.525	122.9	121.302	0.589385
1          	172.911         	997         	1000       	100            	200             	120.537     	0.3  	119.3  	123.05	120.936	0.639586
2          	172.664         	994         	997        	101            	198             	120.421     	0.298	118.575	122.9 	120.783	0.684051
3          	171.537         	991         	994        	101            	197             	119.862     	0.297	118.175	122.675	120.634	0.747171
8          	171.01          	976         	979        	104            	190             	119.583     	0.291	117.85 	122.55 	120.183	0.940192
10         	170.271         	970         	973        	105            	187             	119.189     	0.289	117.55 	122.6  	120.05 	0.998304
12         	169.85          	964         	967        	106            	184             	118.971     	0.287	117.525	122.75 	119.822	1.07905 
13         	169.942         	961         	964        	107            	183             	119.019     	0.285	117.45 	122.775	119.744	1.11956 
14         	169.846         	958         	961        	107            	181             	118.966     	0.284	117.275	122.65 	119.606	1.15356 
15         	169.529         	955         	958        	108            	180             	118.799     	0.283	116.925	122.9  	119.502	1.2167  
17         	169.074         	949         	952        	109            	177             	118.562     	0.281	116.7  	122.65 	119.288	1.30311 
20         	168.698         	940         	943        	110            	173             	118.351     	0.277	116.375	122.825	119.064	1.39418 
22         	168.342         	934         	937        	111            	170             	118.163     	0.275	116.35 	122.525	118.906	1.47149 
23         	168.129         	931         	934        	112            	168             	118.041     	0.273	116.15 	122.95 	118.843	1.51504 
28         	167.764         	916         	919        	114            	162             	117.817     	0.267	115.9  	122.9  	118.562	1.68376 
31         	167.705         	907         	910        	116            	158             	117.769     	0.264	115.45 	122.725	118.387	1.77301 
33         	166.966         	901         	904        	117            	155             	117.373     	0.261	115.25 	122.675	118.173	1.82772 
36         	166.577         	892         	895        	118            	151             	117.146     	0.257	115    	122.7  	118.014	1.91788 
40         	166.39          	880         	883        	119            	146             	117.012     	0.253	114.9  	122.825	117.8  	2.03587 
45         	166.021         	865         	868        	121            	139             	116.777     	0.246	114.8  	122.375	117.562	2.14794 
48         	165.926         	856         	859        	122            	135             	116.698     	0.243	114.775	122.525	117.502	2.22556 
95         	166.077         	715         	718        	133            	83              	116.307     	0.186	114.7  	122.8  	116.801	2.1969  
End Time (hh:mm:ss.ms) 2023-07-17 21:28:14.982101
Total Time (hh:mm:ss.ms) 0:00:14.317001
Individual: ([11, 15, 2, 0, 3, 19, 8, 22, 16, 14, 13, 7, 20, 18, 10, 21, 1, 6, 9, 4, 17, 23, 5, 12], [0, 0, 0, 1, 0, 0, 0, 0, 0, 0, 1, 1, 1, 1, 1, 1, 1, 1, 1, 1, 1, 1, 1, 0])
Fitness:  114.70000000000002
Gens:  [0, 1, 2, 3, 4, 5, 6, 7, 8, 9, 10, 11, 12, 13, 14, 15, 16, 17, 18, 19, 20, 21, 22, 23, 24, 25, 26, 27, 28, 29, 30, 31, 32, 33, 34, 35, 36, 37, 38, 39, 40, 41, 42, 43, 44, 45, 46, 47, 48, 49, 50, 51, 52, 53, 54, 55, 56, 57, 58, 59, 60, 61, 62, 63, 64, 65, 66, 67, 68, 69, 70, 71, 72, 73, 74, 75, 76, 77, 78, 79, 80, 81, 82, 83, 84, 85, 86, 87, 88, 89, 90, 91, 92, 93, 94, 95, 96, 97, 98, 99, 100, 101, 102, 103, 104, 105, 106, 107, 108, 109, 110, 111, 112, 113, 114, 115, 116, 117, 118, 119, 120, 121, 122, 123, 124, 125, 126, 127, 128, 129, 130, 131, 132, 133, 134, 135, 136, 137, 138, 139, 140, 141, 142, 143, 144, 145, 146, 147, 148, 149, 150, 151, 152, 153, 154, 155, 156, 157, 158, 159, 160, 161, 162, 163, 164, 165, 166]
Inds:  [119.52499999999998, 119.30000000000004, 118.57500000000003, 118.17500000000001, 118.17500000000001, 118.17500000000001, 118.17500000000001, 118.17500000000001, 117.85, 117.85, 117.55000000000001, 117.55000000000001, 117.52500000000002, 117.45, 117.27500000000002, 116.92500000000001, 116.92500000000001, 116.7, 116.7, 116.7, 116.375, 116.375, 116.35000000000002, 116.15000000000002, 116.15000000000002, 116.15000000000002, 116.15000000000002, 116.15000000000002, 115.9, 115.9, 115.9, 115.45000000000002, 115.45000000000002, 115.25, 115.25, 115.25, 115.0, 115.0, 115.0, 115.0, 114.9, 114.9, 114.9, 114.9, 114.9, 114.80000000000001, 114.80000000000001, 114.80000000000001, 114.775, 114.775, 114.775, 114.775, 114.775, 114.775, 114.775, 114.775, 114.775, 114.775, 114.775, 114.775, 114.775, 114.775, 114.775, 114.775, 114.775, 114.775, 114.775, 114.775, 114.775, 114.775, 114.775, 114.775, 114.775, 114.775, 114.775, 114.775, 114.775, 114.775, 114.775, 114.775, 114.775, 114.775, 114.775, 114.775, 114.775, 114.775, 114.775, 114.775, 114.775, 114.775, 114.775, 114.775, 114.775, 114.775, 114.775, 114.70000000000002, 114.70000000000002, 114.70000000000002, 114.70000000000002, 114.70000000000002, 114.70000000000002, 114.70000000000002, 114.70000000000002, 114.70000000000002, 114.70000000000002, 114.70000000000002, 114.70000000000002, 114.70000000000002, 114.70000000000002, 114.70000000000002, 114.70000000000002, 114.70000000000002, 114.70000000000002, 114.70000000000002, 114.70000000000002, 114.70000000000002, 114.70000000000002, 114.70000000000002, 114.70000000000002, 114.70000000000002, 114.70000000000002, 114.70000000000002, 114.70000000000002, 114.70000000000002, 114.70000000000002, 114.70000000000002, 114.70000000000002, 114.70000000000002, 114.70000000000002, 114.70000000000002, 114.70000000000002, 114.70000000000002, 114.70000000000002, 114.70000000000002, 114.70000000000002, 114.70000000000002, 114.70000000000002, 114.70000000000002, 114.70000000000002, 114.70000000000002, 114.70000000000002, 114.70000000000002, 114.70000000000002, 114.70000000000002, 114.70000000000002, 114.70000000000002, 114.70000000000002, 114.70000000000002, 114.70000000000002, 114.70000000000002, 114.70000000000002, 114.70000000000002, 114.70000000000002, 114.70000000000002, 114.70000000000002, 114.70000000000002, 114.70000000000002, 114.70000000000002, 114.70000000000002, 114.70000000000002, 114.70000000000002, 114.70000000000002, 114.70000000000002, 114.70000000000002, 114.70000000000002, 114.70000000000002, 114.70000000000002]

Execution 4:
Parameters: Y=0.997
Start Time (hh:mm:ss.ms) 2023-07-17 21:28:15.817100
generations	MaxGenenerations	Populationk1	Populationk	PopulationElite	PopulationMutant	fitnessElite	alpha	min   	max   	avg    	std     
0          	0               	0           	0          	0              	0               	0           	0    	119.45	122.85	121.302	0.552323
1          	172.777         	997         	1000       	100            	200             	120.47      	0.3  	119.025	122.875	120.945	0.618685
2          	172.175         	994         	997        	101            	198             	120.176     	0.298	118.475	122.8  	120.828	0.71278 
4          	171.315         	988         	991        	102            	196             	119.743     	0.296	118.45 	122.45 	120.51 	0.761253
5          	171.125         	985         	988        	102            	194             	119.631     	0.295	117.975	122.975	120.493	0.840032
6          	170.708         	982         	985        	103            	193             	119.446     	0.294	117.8  	122.825	120.441	0.867407
8          	170.365         	976         	979        	104            	190             	119.259     	0.291	117.625	122.25 	120.178	0.932635
12         	170.227         	964         	967        	106            	184             	119.175     	0.287	117.225	122.7  	119.908	1.07793 
17         	169.355         	949         	952        	109            	177             	118.694     	0.281	116.8  	123.1  	119.39 	1.29046 
20         	168.868         	940         	943        	110            	173             	118.437     	0.277	116.65 	122.9  	119.159	1.36126 
22         	168.651         	934         	937        	111            	170             	118.314     	0.275	116.175	122.625	119.082	1.44148 
27         	168.002         	919         	922        	114            	163             	117.951     	0.269	116    	122.75 	118.6  	1.63455 
28         	167.736         	916         	919        	114            	162             	117.808     	0.267	115.95 	122.85 	118.553	1.70615 
30         	167.626         	910         	913        	115            	159             	117.735     	0.265	115.45 	122.6  	118.438	1.74138 
35         	166.828         	895         	898        	117            	152             	117.284     	0.259	115.325	122.75 	118.037	1.89678 
38         	166.71          	886         	889        	119            	148             	117.197     	0.255	115.225	122.5  	117.999	1.9826  
43         	166.503         	871         	874        	121            	142             	117.047     	0.249	114.95 	122.8  	117.853	2.00963 
51         	166.056         	847         	850        	123            	132             	116.742     	0.239	114.925	122.625	117.497	2.10651 
60         	166.132         	820         	823        	126            	121             	116.694     	0.228	114.825	122.725	117.353	2.20682 
62         	165.913         	814         	817        	127            	118             	116.563     	0.226	114.825	122.75 	117.263	2.17388 
63         	166.037         	811         	814        	127            	117             	116.611     	0.225	114.775	122.375	117.235	2.19079 
69         	165.915         	793         	796        	129            	110             	116.492     	0.218	114.75 	122.275	117.216	2.20528 
72         	165.892         	784         	787        	129            	107             	116.449     	0.214	114.575	122.5  	117.093	2.21601 
79         	165.738         	763         	766        	131            	99              	116.284     	0.205	114.55 	122.425	116.935	2.28607 
102        	165.665         	694         	697        	133            	76              	116.019     	0.178	114.45 	122.6  	116.584	2.24255 
End Time (hh:mm:ss.ms) 2023-07-17 21:28:30.113102
Total Time (hh:mm:ss.ms) 0:00:14.296002
Individual: ([11, 15, 10, 21, 1, 18, 20, 6, 9, 3, 22, 7, 2, 5, 13, 8, 19, 4, 23, 16, 0, 17, 14, 12], [0, 0, 1, 1, 1, 1, 1, 1, 1, 1, 1, 1, 1, 1, 1, 1, 1, 1, 1, 1, 1, 1, 0, 0])
Fitness:  114.45
Gens:  [0, 1, 2, 3, 4, 5, 6, 7, 8, 9, 10, 11, 12, 13, 14, 15, 16, 17, 18, 19, 20, 21, 22, 23, 24, 25, 26, 27, 28, 29, 30, 31, 32, 33, 34, 35, 36, 37, 38, 39, 40, 41, 42, 43, 44, 45, 46, 47, 48, 49, 50, 51, 52, 53, 54, 55, 56, 57, 58, 59, 60, 61, 62, 63, 64, 65, 66, 67, 68, 69, 70, 71, 72, 73, 74, 75, 76, 77, 78, 79, 80, 81, 82, 83, 84, 85, 86, 87, 88, 89, 90, 91, 92, 93, 94, 95, 96, 97, 98, 99, 100, 101, 102, 103, 104, 105, 106, 107, 108, 109, 110, 111, 112, 113, 114, 115, 116, 117, 118, 119, 120, 121, 122, 123, 124, 125, 126, 127, 128, 129, 130, 131, 132, 133, 134, 135, 136, 137, 138, 139, 140, 141, 142, 143, 144, 145, 146, 147, 148, 149, 150, 151, 152, 153, 154, 155, 156, 157, 158, 159, 160, 161, 162, 163, 164, 165, 166]
Inds:  [119.45000000000002, 119.02500000000003, 118.47500000000002, 118.47500000000002, 118.45, 117.97500000000002, 117.8, 117.8, 117.62500000000003, 117.62500000000003, 117.62500000000003, 117.62500000000003, 117.22500000000004, 117.22500000000004, 117.22500000000004, 117.22500000000004, 117.22500000000004, 116.80000000000003, 116.80000000000003, 116.80000000000003, 116.65000000000002, 116.65000000000002, 116.17500000000001, 116.17500000000001, 116.17500000000001, 116.17500000000001, 116.17500000000001, 116.00000000000004, 115.95000000000002, 115.95000000000002, 115.45000000000003, 115.45000000000003, 115.45000000000003, 115.45000000000003, 115.45000000000003, 115.325, 115.325, 115.325, 115.22500000000004, 115.22500000000004, 115.22500000000004, 115.22500000000004, 115.22500000000004, 114.95, 114.95, 114.95, 114.95, 114.95, 114.95, 114.95, 114.95, 114.92500000000003, 114.92500000000003, 114.92500000000003, 114.92500000000003, 114.92500000000003, 114.92500000000003, 114.92500000000003, 114.92500000000003, 114.92500000000003, 114.82500000000002, 114.82500000000002, 114.825, 114.775, 114.775, 114.775, 114.775, 114.775, 114.775, 114.75000000000001, 114.75000000000001, 114.75000000000001, 114.575, 114.575, 114.575, 114.575, 114.575, 114.575, 114.575, 114.55, 114.55, 114.55, 114.55, 114.55, 114.55, 114.55, 114.55, 114.55, 114.55, 114.55, 114.55, 114.55, 114.55, 114.55, 114.55, 114.55, 114.55, 114.55, 114.55, 114.55, 114.55, 114.55, 114.45, 114.45, 114.45, 114.45, 114.45, 114.45, 114.45, 114.45, 114.45, 114.45, 114.45, 114.45, 114.45, 114.45, 114.45, 114.45, 114.45, 114.45, 114.45, 114.45, 114.45, 114.45, 114.45, 114.45, 114.45, 114.45, 114.45, 114.45, 114.45, 114.45, 114.45, 114.45, 114.45, 114.45, 114.45, 114.45, 114.45, 114.45, 114.45, 114.45, 114.45, 114.45, 114.45, 114.45, 114.45, 114.45, 114.45, 114.45, 114.45, 114.45, 114.45, 114.45, 114.45, 114.45, 114.45, 114.45, 114.45, 114.45, 114.45, 114.45, 114.45, 114.45, 114.45, 114.45, 114.45]

Execution 5:
Parameters: Y=0.997
Start Time (hh:mm:ss.ms) 2023-07-17 21:28:31.071100
generations	MaxGenenerations	Populationk1	Populationk	PopulationElite	PopulationMutant	fitnessElite	alpha	min  	max    	avg   	std     
0          	0               	0           	0          	0              	0               	0           	0    	118.6	122.875	121.28	0.578983
2          	171.406         	994         	997        	101            	198             	119.788     	0.298	118.55	122.675	120.679	0.772978
4          	171.617         	988         	991        	102            	196             	119.907     	0.296	118.3 	122.825	120.546	0.837043
7          	171.075         	979         	982        	104            	191             	119.611     	0.292	118.25	122.7  	120.348	0.91372 
9          	170.939         	973         	976        	105            	188             	119.529     	0.290	117.825	122.675	120.272	0.987056
10         	170.337         	970         	973        	105            	187             	119.229     	0.289	117.775	122.7  	120.225	0.98985 
11         	170.277         	967         	970        	106            	185             	119.195     	0.288	117.175	123.025	120.128	1.02724 
19         	169.385         	943         	946        	110            	174             	118.701     	0.278	117.1  	122.65 	119.396	1.32197 
22         	169.378         	934         	937        	111            	170             	118.682     	0.275	116.925	122.525	119.24 	1.35073 
25         	169.125         	925         	928        	113            	166             	118.534     	0.271	116.775	122.875	119.107	1.48244 
26         	168.92          	922         	925        	113            	164             	118.424     	0.270	116.475	122.8  	119.027	1.54719 
28         	168.411         	916         	919        	114            	162             	118.15      	0.267	116.4  	122.45 	118.924	1.57328 
29         	168.163         	913         	916        	115            	160             	118.014     	0.266	116.325	122.325	118.815	1.63429 
30         	167.992         	910         	913        	115            	159             	117.918     	0.265	116.175	122.5  	118.794	1.63911 
33         	167.964         	901         	904        	116            	155             	117.884     	0.261	116.025	122.375	118.561	1.71125 
34         	167.584         	898         	901        	117            	154             	117.68      	0.260	116    	122.675	118.413	1.76817 
35         	167.699         	895         	898        	117            	152             	117.732     	0.259	115.925	123.1  	118.345	1.82502 
36         	167.804         	892         	895        	118            	151             	117.778     	0.258	115.875	122.475	118.311	1.87472 
38         	167.48          	886         	889        	118            	148             	117.595     	0.255	115.775	122.425	118.181	1.89726 
39         	167.248         	883         	886        	119            	147             	117.468     	0.254	115.7  	122.75 	118.156	1.9599  
40         	167.303         	880         	883        	119            	146             	117.486     	0.253	115.65 	122.725	118.069	1.93091 
42         	167.23          	874         	877        	120            	143             	117.432     	0.250	115.475	122.5  	118.093	1.97468 
43         	166.852         	871         	874        	120            	142             	117.229     	0.249	115.475	122.525	117.919	1.99417 
45         	166.965         	865         	868        	121            	139             	117.268     	0.247	115.45 	122.7  	117.943	1.99393 
48         	166.803         	856         	859        	122            	136             	117.162     	0.243	115.425	122.65 	117.887	2.04803 
49         	166.855         	853         	856        	123            	134             	117.177     	0.242	115.275	122.625	117.909	2.04905 
50         	166.625         	850         	853        	123            	133             	117.048     	0.241	115.25 	122.675	117.812	2.06649 
51         	166.614         	847         	850        	123            	132             	117.032     	0.239	115.2  	122.775	117.767	2.05719 
54         	166.68          	838         	841        	124            	128             	117.032     	0.236	115.175	122.825	117.707	2.09705 
56         	166.518         	832         	835        	125            	126             	116.935     	0.233	115.025	122.5  	117.55 	2.11503 
59         	166.289         	823         	826        	126            	122             	116.786     	0.230	114.975	122.5  	117.487	2.12512 
62         	166.242         	814         	817        	127            	118             	116.731     	0.226	114.775	122.8  	117.462	2.18575 
64         	165.84          	808         	811        	127            	116             	116.506     	0.224	114.725	122.6  	117.306	2.23196 
70         	165.843         	790         	793        	129            	109             	116.443     	0.216	114.7  	122.775	117.128	2.24289 
73         	165.745         	781         	784        	129            	106             	116.368     	0.213	114.675	122.5  	117.179	2.31946 
87         	165.721         	739         	742        	132            	91              	116.22      	0.196	114.475	122.5  	116.887	2.296   
End Time (hh:mm:ss.ms) 2023-07-17 21:28:46.581100
Total Time (hh:mm:ss.ms) 0:00:15.510000
Individual: ([12, 14, 20, 18, 10, 21, 1, 6, 9, 4, 17, 23, 5, 13, 7, 2, 16, 0, 22, 8, 19, 3, 15, 11], [1, 1, 1, 1, 1, 1, 1, 1, 1, 1, 1, 1, 1, 1, 1, 1, 1, 1, 1, 1, 1, 1, 1, 1])
Fitness:  114.47500000000001
Gens:  [0, 1, 2, 3, 4, 5, 6, 7, 8, 9, 10, 11, 12, 13, 14, 15, 16, 17, 18, 19, 20, 21, 22, 23, 24, 25, 26, 27, 28, 29, 30, 31, 32, 33, 34, 35, 36, 37, 38, 39, 40, 41, 42, 43, 44, 45, 46, 47, 48, 49, 50, 51, 52, 53, 54, 55, 56, 57, 58, 59, 60, 61, 62, 63, 64, 65, 66, 67, 68, 69, 70, 71, 72, 73, 74, 75, 76, 77, 78, 79, 80, 81, 82, 83, 84, 85, 86, 87, 88, 89, 90, 91, 92, 93, 94, 95, 96, 97, 98, 99, 100, 101, 102, 103, 104, 105, 106, 107, 108, 109, 110, 111, 112, 113, 114, 115, 116, 117, 118, 119, 120, 121, 122, 123, 124, 125, 126, 127, 128, 129, 130, 131, 132, 133, 134, 135, 136, 137, 138, 139, 140, 141, 142, 143, 144, 145, 146, 147, 148, 149, 150, 151, 152, 153, 154, 155, 156, 157, 158, 159, 160, 161, 162, 163, 164, 165, 166]
Inds:  [118.60000000000001, 118.60000000000001, 118.55, 118.55, 118.30000000000001, 118.30000000000001, 118.30000000000001, 118.25000000000001, 118.25000000000001, 117.82500000000002, 117.77500000000002, 117.175, 117.175, 117.175, 117.175, 117.175, 117.175, 117.175, 117.175, 117.10000000000001, 117.10000000000001, 117.10000000000001, 116.92500000000001, 116.92500000000001, 116.92500000000001, 116.775, 116.47500000000002, 116.47500000000002, 116.40000000000002, 116.32500000000002, 116.17500000000003, 116.17500000000003, 116.17500000000003, 116.025, 116.00000000000001, 115.92500000000003, 115.87500000000001, 115.87500000000001, 115.77500000000002, 115.7, 115.65, 115.65, 115.47500000000002, 115.47500000000001, 115.47500000000001, 115.45000000000002, 115.45000000000002, 115.45000000000002, 115.42500000000003, 115.27500000000002, 115.25000000000001, 115.2, 115.2, 115.2, 115.175, 115.175, 115.02499999999999, 115.02499999999999, 115.02499999999999, 114.97500000000001, 114.97500000000001, 114.97500000000001, 114.77499999999999, 114.77499999999999, 114.72500000000001, 114.72500000000001, 114.72500000000001, 114.72500000000001, 114.72500000000001, 114.72500000000001, 114.7, 114.7, 114.7, 114.675, 114.675, 114.675, 114.675, 114.675, 114.675, 114.675, 114.675, 114.675, 114.675, 114.675, 114.675, 114.675, 114.675, 114.47500000000001, 114.47500000000001, 114.47500000000001, 114.47500000000001, 114.47500000000001, 114.47500000000001, 114.47500000000001, 114.47500000000001, 114.47500000000001, 114.47500000000001, 114.47500000000001, 114.47500000000001, 114.47500000000001, 114.47500000000001, 114.47500000000001, 114.47500000000001, 114.47500000000001, 114.47500000000001, 114.47500000000001, 114.47500000000001, 114.47500000000001, 114.47500000000001, 114.47500000000001, 114.47500000000001, 114.47500000000001, 114.47500000000001, 114.47500000000001, 114.47500000000001, 114.47500000000001, 114.47500000000001, 114.47500000000001, 114.47500000000001, 114.47500000000001, 114.47500000000001, 114.47500000000001, 114.47500000000001, 114.47500000000001, 114.47500000000001, 114.47500000000001, 114.47500000000001, 114.47500000000001, 114.47500000000001, 114.47500000000001, 114.47500000000001, 114.47500000000001, 114.47500000000001, 114.47500000000001, 114.47500000000001, 114.47500000000001, 114.47500000000001, 114.47500000000001, 114.47500000000001, 114.47500000000001, 114.47500000000001, 114.47500000000001, 114.47500000000001, 114.47500000000001, 114.47500000000001, 114.47500000000001, 114.47500000000001, 114.47500000000001, 114.47500000000001, 114.47500000000001, 114.47500000000001, 114.47500000000001, 114.47500000000001, 114.47500000000001, 114.47500000000001, 114.47500000000001, 114.47500000000001, 114.47500000000001, 114.47500000000001, 114.47500000000001, 114.47500000000001, 114.47500000000001, 114.47500000000001, 114.47500000000001, 114.47500000000001, 114.47500000000001, 114.47500000000001]

Execution 6:
Parameters: Y=0.997
Start Time (hh:mm:ss.ms) 2023-07-17 21:28:47.476100
generations	MaxGenenerations	Populationk1	Populationk	PopulationElite	PopulationMutant	fitnessElite	alpha	min  	max    	avg    	std     
0          	0               	0           	0          	0              	0               	0           	0    	119.5	123.075	121.303	0.576938
1          	172.966         	997         	1000       	100            	200             	120.573     	0.3  	119.1	122.95 	120.924	0.624113
2          	172.323         	994         	997        	101            	198             	120.251     	0.298	119  	122.85 	120.811	0.677281
3          	172.126         	991         	994        	101            	197             	120.146     	0.297	118.6	122.8  	120.704	0.730351
4          	171.522         	988         	991        	102            	196             	119.845     	0.296	118.425	122.575	120.617	0.770626
6          	171.307         	982         	985        	103            	193             	119.734     	0.294	118.15 	122.95 	120.484	0.838436
8          	170.743         	976         	979        	104            	190             	119.434     	0.291	117.975	122.9  	120.345	0.869315
12         	170.592         	964         	967        	106            	184             	119.346     	0.287	117.825	122.75 	120.143	0.954494
13         	170.375         	961         	964        	107            	183             	119.233     	0.285	117.825	122.75 	120.081	0.982608
14         	170.375         	958         	961        	107            	181             	119.227     	0.284	117.775	123    	120.052	1.00423 
15         	170.431         	955         	958        	108            	180             	119.257     	0.283	117.4  	122.5  	120.022	1.04851 
17         	169.672         	949         	952        	109            	177             	118.855     	0.281	117.375	122.95 	119.857	1.1037  
19         	169.648         	943         	946        	110            	174             	118.832     	0.278	116.875	122.975	119.643	1.17663 
23         	168.989         	931         	934        	112            	169             	118.478     	0.273	116.8  	122.8  	119.101	1.4016  
24         	168.919         	928         	931        	112            	167             	118.437     	0.272	116.425	123.05 	119.003	1.44154 
26         	168.326         	922         	925        	113            	164             	118.121     	0.270	116.35 	122.875	118.771	1.48542 
28         	168.167         	916         	919        	114            	162             	118.024     	0.267	116.275	122.675	118.684	1.58703 
29         	168.096         	913         	916        	115            	160             	117.982     	0.266	116.225	122.8  	118.63 	1.59297 
33         	168.15          	901         	904        	116            	155             	117.98      	0.261	116.15 	122.875	118.529	1.66139 
35         	167.764         	895         	898        	117            	152             	117.765     	0.259	116.075	123.175	118.466	1.70254 
37         	167.668         	889         	892        	118            	150             	117.701     	0.257	115.9  	122.525	118.323	1.73911 
39         	167.592         	883         	886        	119            	147             	117.644     	0.254	115.875	122.45 	118.286	1.75601 
40         	167.405         	880         	883        	119            	146             	117.541     	0.253	115.85 	122.65 	118.226	1.76498 
41         	167.469         	877         	880        	120            	144             	117.565     	0.252	115.65 	122.45 	118.207	1.77818 
45         	167.155         	865         	868        	121            	139             	117.369     	0.247	115.425	122.525	117.933	1.87801 
48         	166.93          	856         	859        	122            	136             	117.222     	0.243	115.4  	122.6  	117.831	1.94427 
55         	166.944         	835         	838        	125            	127             	117.165     	0.235	115.275	122.8  	117.706	2.035   
108        	166.45          	676         	679        	133            	71              	116.475     	0.171	115.275	122.8  	116.99 	2.02901 
118        	166.788         	652         	654        	134            	62              	116.501     	0.159	115.25 	122.7  	116.863	1.92144 
122        	166.502         	644         	646        	135            	59              	116.364     	0.154	115    	122.475	116.953	2.00073 
130        	166.203         	628         	630        	136            	53              	116.097     	0.144	114.8  	122.45 	116.635	1.91369 
End Time (hh:mm:ss.ms) 2023-07-17 21:29:02.662102
Total Time (hh:mm:ss.ms) 0:00:15.186002
Individual: ([12, 5, 23, 17, 20, 0, 16, 2, 7, 8, 19, 4, 6, 9, 3, 22, 13, 14, 18, 1, 21, 10, 15, 11], [1, 0, 0, 0, 0, 0, 0, 0, 0, 1, 1, 1, 1, 1, 1, 1, 0, 1, 0, 0, 0, 0, 1, 1])
Fitness:  114.80000000000001
Gens:  [0, 1, 2, 3, 4, 5, 6, 7, 8, 9, 10, 11, 12, 13, 14, 15, 16, 17, 18, 19, 20, 21, 22, 23, 24, 25, 26, 27, 28, 29, 30, 31, 32, 33, 34, 35, 36, 37, 38, 39, 40, 41, 42, 43, 44, 45, 46, 47, 48, 49, 50, 51, 52, 53, 54, 55, 56, 57, 58, 59, 60, 61, 62, 63, 64, 65, 66, 67, 68, 69, 70, 71, 72, 73, 74, 75, 76, 77, 78, 79, 80, 81, 82, 83, 84, 85, 86, 87, 88, 89, 90, 91, 92, 93, 94, 95, 96, 97, 98, 99, 100, 101, 102, 103, 104, 105, 106, 107, 108, 109, 110, 111, 112, 113, 114, 115, 116, 117, 118, 119, 120, 121, 122, 123, 124, 125, 126, 127, 128, 129, 130, 131, 132, 133, 134, 135, 136, 137, 138, 139, 140, 141, 142, 143, 144, 145, 146, 147, 148, 149, 150, 151, 152, 153, 154, 155, 156, 157, 158, 159, 160, 161, 162, 163, 164, 165, 166]
Inds:  [119.5, 119.1, 119.00000000000001, 118.60000000000001, 118.42500000000001, 118.42500000000001, 118.15000000000003, 118.15000000000003, 117.97500000000004, 117.97500000000004, 117.97500000000004, 117.97500000000004, 117.825, 117.82499999999997, 117.77499999999999, 117.4, 117.4, 117.37499999999999, 117.37499999999999, 116.875, 116.875, 116.875, 116.875, 116.8, 116.42500000000001, 116.42500000000001, 116.35000000000001, 116.35000000000001, 116.275, 116.22500000000001, 116.22500000000001, 116.22500000000001, 116.22500000000001, 116.14999999999999, 116.14999999999999, 116.075, 116.075, 115.90000000000002, 115.90000000000002, 115.87499999999999, 115.85, 115.65, 115.65, 115.65, 115.65, 115.425, 115.425, 115.425, 115.39999999999999, 115.39999999999999, 115.39999999999999, 115.39999999999999, 115.39999999999999, 115.39999999999999, 115.39999999999999, 115.275, 115.275, 115.275, 115.275, 115.275, 115.275, 115.275, 115.275, 115.275, 115.275, 115.275, 115.275, 115.275, 115.275, 115.275, 115.275, 115.275, 115.275, 115.275, 115.275, 115.275, 115.275, 115.275, 115.275, 115.275, 115.275, 115.275, 115.275, 115.275, 115.275, 115.275, 115.275, 115.275, 115.275, 115.275, 115.275, 115.275, 115.275, 115.275, 115.275, 115.275, 115.275, 115.275, 115.275, 115.275, 115.275, 115.275, 115.275, 115.275, 115.275, 115.275, 115.275, 115.275, 115.27499999999999, 115.27499999999999, 115.27499999999999, 115.27499999999999, 115.27499999999999, 115.27499999999999, 115.27499999999999, 115.27499999999999, 115.27499999999999, 115.27499999999999, 115.24999999999999, 115.24999999999999, 115.24999999999999, 115.24999999999999, 115.0, 115.0, 115.0, 115.0, 115.0, 115.0, 115.0, 115.0, 114.80000000000001, 114.80000000000001, 114.80000000000001, 114.80000000000001, 114.80000000000001, 114.80000000000001, 114.80000000000001, 114.80000000000001, 114.80000000000001, 114.80000000000001, 114.80000000000001, 114.80000000000001, 114.80000000000001, 114.80000000000001, 114.80000000000001, 114.80000000000001, 114.80000000000001, 114.80000000000001, 114.80000000000001, 114.80000000000001, 114.80000000000001, 114.80000000000001, 114.80000000000001, 114.80000000000001, 114.80000000000001, 114.80000000000001, 114.80000000000001, 114.80000000000001, 114.80000000000001, 114.80000000000001, 114.80000000000001, 114.80000000000001, 114.80000000000001, 114.80000000000001, 114.80000000000001, 114.80000000000001, 114.80000000000001]

Execution 7:
Parameters: Y=0.997
Start Time (hh:mm:ss.ms) 2023-07-17 21:29:03.515100
generations	MaxGenenerations	Populationk1	Populationk	PopulationElite	PopulationMutant	fitnessElite	alpha	min   	max    	avg    	std     
0          	0               	0           	0          	0              	0               	0           	0    	119.05	122.675	121.298	0.567822
1          	172.108         	997         	1000       	100            	200             	120.137     	0.3  	118.925	122.75 	120.885	0.643671
4          	172.121         	988         	991        	102            	196             	120.148     	0.296	118.75 	122.875	120.591	0.776836
5          	171.777         	985         	988        	102            	194             	119.968     	0.295	118.425	122.75 	120.553	0.803975
6          	171.243         	982         	985        	103            	193             	119.697     	0.294	117.95 	122.9  	120.47 	0.840722
11         	170.595         	967         	970        	106            	185             	119.355     	0.288	117.9  	123.15 	120.126	0.987394
12         	170.689         	964         	967        	106            	184             	119.407     	0.287	117.75 	122.875	120.027	1.03791 
15         	170.229         	955         	958        	108            	180             	119.146     	0.283	117.575	122.825	119.721	1.11501 
16         	170.052         	952         	955        	108            	178             	119.057     	0.282	117.4  	122.85 	119.623	1.15429 
17         	169.812         	949         	952        	109            	177             	118.932     	0.281	117.225	123.075	119.504	1.23688 
19         	169.444         	943         	946        	110            	174             	118.73      	0.278	116.975	122.7  	119.372	1.27235 
23         	169.095         	931         	934        	112            	169             	118.53      	0.273	116.925	122.8  	119.083	1.41847 
24         	169.099         	928         	931        	112            	167             	118.528     	0.272	116.75 	122.6  	119.08 	1.4447  
26         	168.91          	922         	925        	113            	164             	118.42      	0.270	116.65 	122.625	118.895	1.46397 
28         	168.537         	916         	919        	114            	162             	118.211     	0.267	116.6  	122.675	118.764	1.54735 
29         	168.566         	913         	916        	115            	160             	118.221     	0.266	116.25 	122.65 	118.82 	1.52303 
30         	168.047         	910         	913        	115            	159             	117.949     	0.265	116.225	122.675	118.707	1.55546 
32         	167.961         	904         	907        	116            	156             	117.889     	0.263	115.975	122.775	118.597	1.60266 
36         	167.625         	892         	895        	118            	151             	117.686     	0.258	115.925	122.725	118.429	1.6881  
38         	167.653         	886         	889        	118            	148             	117.684     	0.255	115.75 	122.525	118.444	1.71753 
42         	167.362         	874         	877        	120            	143             	117.501     	0.251	115.7  	122.625	118.277	1.79867 
44         	167.102         	868         	871        	121            	141             	117.353     	0.248	115.65 	122.925	118.068	1.78556 
46         	167.18          	862         	865        	122            	138             	117.373     	0.246	115.6  	122.725	118.099	1.85317 
49         	167.246         	853         	856        	123            	134             	117.377     	0.242	115.575	122.575	118.041	1.87559 
50         	167.034         	850         	853        	123            	133             	117.264     	0.241	115.475	122.925	117.956	1.85319 
54         	167.04          	838         	841        	124            	128             	117.225     	0.236	115.425	122.575	117.887	1.95493 
55         	166.817         	835         	838        	125            	127             	117.107     	0.235	115.25 	122.525	117.852	1.89751 
56         	166.539         	832         	835        	125            	126             	116.952     	0.233	115.1  	122.85 	117.829	1.94562 
145        	166.173         	598         	600        	138            	42              	116.003     	0.126	115.1  	122.85 	116.55 	1.87514 
151        	166.173         	586         	588        	138            	38              	115.951     	0.119	115.075	122.425	116.432	1.80304 
155        	166.286         	578         	580        	139            	36              	115.93      	0.114	115.05 	122.4  	116.287	1.75913 
End Time (hh:mm:ss.ms) 2023-07-17 21:29:18.320001
Total Time (hh:mm:ss.ms) 0:00:14.804901
Individual: ([11, 21, 10, 0, 5, 13, 8, 19, 3, 18, 17, 23, 16, 2, 7, 22, 4, 9, 6, 20, 1, 15, 14, 12], [0, 1, 0, 0, 1, 1, 1, 1, 1, 0, 1, 1, 1, 0, 0, 0, 0, 0, 0, 0, 0, 0, 0, 0])
Fitness:  115.05
Gens:  [0, 1, 2, 3, 4, 5, 6, 7, 8, 9, 10, 11, 12, 13, 14, 15, 16, 17, 18, 19, 20, 21, 22, 23, 24, 25, 26, 27, 28, 29, 30, 31, 32, 33, 34, 35, 36, 37, 38, 39, 40, 41, 42, 43, 44, 45, 46, 47, 48, 49, 50, 51, 52, 53, 54, 55, 56, 57, 58, 59, 60, 61, 62, 63, 64, 65, 66, 67, 68, 69, 70, 71, 72, 73, 74, 75, 76, 77, 78, 79, 80, 81, 82, 83, 84, 85, 86, 87, 88, 89, 90, 91, 92, 93, 94, 95, 96, 97, 98, 99, 100, 101, 102, 103, 104, 105, 106, 107, 108, 109, 110, 111, 112, 113, 114, 115, 116, 117, 118, 119, 120, 121, 122, 123, 124, 125, 126, 127, 128, 129, 130, 131, 132, 133, 134, 135, 136, 137, 138, 139, 140, 141, 142, 143, 144, 145, 146, 147, 148, 149, 150, 151, 152, 153, 154, 155, 156, 157, 158, 159, 160, 161, 162, 163, 164, 165, 166, 167]
Inds:  [119.04999999999998, 118.925, 118.925, 118.925, 118.75000000000003, 118.42500000000003, 117.95000000000002, 117.95000000000002, 117.95000000000002, 117.95000000000002, 117.95000000000002, 117.90000000000002, 117.75000000000001, 117.75000000000001, 117.75000000000001, 117.575, 117.39999999999999, 117.225, 117.225, 116.97500000000001, 116.97500000000001, 116.97500000000001, 116.97500000000001, 116.92500000000003, 116.75000000000001, 116.75000000000001, 116.65, 116.65, 116.60000000000001, 116.25000000000001, 116.22500000000002, 116.22500000000002, 115.97500000000001, 115.97500000000001, 115.97500000000001, 115.97500000000001, 115.92500000000001, 115.92500000000001, 115.75000000000001, 115.75000000000001, 115.75000000000001, 115.75000000000001, 115.70000000000002, 115.70000000000002, 115.65000000000002, 115.65000000000002, 115.6, 115.6, 115.6, 115.575, 115.47500000000001, 115.47500000000001, 115.47500000000001, 115.47500000000001, 115.425, 115.25, 115.10000000000001, 115.10000000000001, 115.10000000000001, 115.10000000000001, 115.10000000000001, 115.10000000000001, 115.10000000000001, 115.10000000000001, 115.10000000000001, 115.10000000000001, 115.10000000000001, 115.10000000000001, 115.10000000000001, 115.10000000000001, 115.10000000000001, 115.10000000000001, 115.10000000000001, 115.10000000000001, 115.10000000000001, 115.10000000000001, 115.10000000000001, 115.10000000000001, 115.10000000000001, 115.10000000000001, 115.10000000000001, 115.10000000000001, 115.10000000000001, 115.10000000000001, 115.10000000000001, 115.10000000000001, 115.10000000000001, 115.10000000000001, 115.10000000000001, 115.10000000000001, 115.10000000000001, 115.10000000000001, 115.10000000000001, 115.10000000000001, 115.10000000000001, 115.10000000000001, 115.10000000000001, 115.10000000000001, 115.10000000000001, 115.10000000000001, 115.10000000000001, 115.10000000000001, 115.10000000000001, 115.10000000000001, 115.10000000000001, 115.10000000000001, 115.10000000000001, 115.10000000000001, 115.10000000000001, 115.10000000000001, 115.10000000000001, 115.10000000000001, 115.10000000000001, 115.10000000000001, 115.10000000000001, 115.10000000000001, 115.10000000000001, 115.10000000000001, 115.10000000000001, 115.10000000000001, 115.10000000000001, 115.10000000000001, 115.10000000000001, 115.10000000000001, 115.10000000000001, 115.10000000000001, 115.10000000000001, 115.10000000000001, 115.10000000000001, 115.10000000000001, 115.10000000000001, 115.10000000000001, 115.10000000000001, 115.10000000000001, 115.10000000000001, 115.10000000000001, 115.10000000000001, 115.10000000000001, 115.10000000000001, 115.10000000000001, 115.10000000000001, 115.10000000000001, 115.10000000000001, 115.10000000000001, 115.10000000000001, 115.1, 115.1, 115.1, 115.1, 115.1, 115.1, 115.07499999999999, 115.07499999999999, 115.07499999999999, 115.07499999999999, 115.05, 115.05, 115.05, 115.05, 115.05, 115.05, 115.05, 115.05, 115.05, 115.05, 115.05, 115.05, 115.05]

Execution 8:
Parameters: Y=0.997
Start Time (hh:mm:ss.ms) 2023-07-17 21:29:19.127000
generations	MaxGenenerations	Populationk1	Populationk	PopulationElite	PopulationMutant	fitnessElite	alpha	min  	max   	avg    	std     
0          	0               	0           	0          	0              	0               	0           	0    	119.4	123.05	121.303	0.588506
1          	172.808         	997         	1000       	100            	200             	120.495     	0.3  	118.9	122.725	120.949	0.643967
2          	171.917         	994         	997        	101            	198             	120.043     	0.298	118.9	123.15 	120.802	0.693182
3          	172.137         	991         	994        	101            	197             	120.165     	0.297	118.7	122.7  	120.723	0.731485
5          	171.77          	985         	988        	102            	194             	119.97      	0.295	118.525	122.475	120.572	0.795268
6          	171.246         	982         	985        	103            	193             	119.687     	0.294	118.325	122.55 	120.475	0.817678
8          	171.214         	976         	979        	104            	190             	119.682     	0.291	118.2  	122.85 	120.392	0.889234
10         	170.866         	970         	973        	105            	187             	119.488     	0.289	118.15 	122.95 	120.259	0.940898
11         	170.948         	967         	970        	106            	185             	119.534     	0.288	117.725	122.575	120.247	0.943376
14         	170.359         	958         	961        	107            	181             	119.227     	0.284	117.575	122.425	120.026	1.01566 
15         	169.848         	955         	958        	108            	180             	118.95      	0.283	117.4  	122.8  	119.903	1.06879 
17         	169.774         	949         	952        	109            	177             	118.911     	0.281	117.225	122.35 	119.763	1.11088 
19         	169.508         	943         	946        	110            	174             	118.765     	0.278	117    	122.7  	119.544	1.18204 
21         	169.221         	937         	940        	111            	171             	118.61      	0.276	116.6  	122.35 	119.351	1.29415 
23         	168.718         	931         	934        	112            	168             	118.346     	0.273	116.375	122.575	119.186	1.35703 
28         	168.291         	916         	919        	114            	162             	118.09      	0.267	116.3  	122.75 	118.853	1.55584 
29         	168.17          	913         	916        	115            	160             	118.02      	0.266	116.175	122.6  	118.816	1.58245 
32         	167.989         	904         	907        	116            	156             	117.905     	0.263	116    	122.65 	118.622	1.62891 
34         	167.535         	898         	901        	117            	154             	117.655     	0.260	115.925	122.525	118.523	1.67163 
35         	167.515         	895         	898        	117            	152             	117.637     	0.259	115.7  	122.45 	118.527	1.70759 
37         	167.29          	889         	892        	118            	150             	117.505     	0.256	115.625	122.4  	118.375	1.80116 
39         	167.044         	883         	886        	119            	147             	117.362     	0.254	115.6  	122.225	118.209	1.80029 
41         	167.045         	877         	880        	120            	144             	117.346     	0.252	115.425	122.75 	118.18 	1.92255 
43         	166.98          	871         	874        	120            	142             	117.291     	0.249	115.225	122.6  	118.084	1.94032 
49         	166.741         	853         	856        	123            	134             	117.11      	0.242	115.125	122.525	117.736	2.06238 
50         	166.359         	850         	853        	123            	133             	116.909     	0.241	115    	122.5  	117.692	2.06041 
End Time (hh:mm:ss.ms) 2023-07-17 21:29:33.834000
Total Time (hh:mm:ss.ms) 0:00:14.707000
Individual: ([11, 10, 18, 17, 22, 8, 19, 3, 4, 9, 6, 20, 0, 16, 15, 21, 1, 23, 14, 5, 7, 2, 13, 12], [0, 0, 0, 0, 1, 1, 1, 1, 0, 0, 0, 0, 0, 0, 1, 1, 1, 1, 0, 0, 1, 1, 0, 0])
Fitness:  115.0
Gens:  [0, 1, 2, 3, 4, 5, 6, 7, 8, 9, 10, 11, 12, 13, 14, 15, 16, 17, 18, 19, 20, 21, 22, 23, 24, 25, 26, 27, 28, 29, 30, 31, 32, 33, 34, 35, 36, 37, 38, 39, 40, 41, 42, 43, 44, 45, 46, 47, 48, 49, 50, 51, 52, 53, 54, 55, 56, 57, 58, 59, 60, 61, 62, 63, 64, 65, 66, 67, 68, 69, 70, 71, 72, 73, 74, 75, 76, 77, 78, 79, 80, 81, 82, 83, 84, 85, 86, 87, 88, 89, 90, 91, 92, 93, 94, 95, 96, 97, 98, 99, 100, 101, 102, 103, 104, 105, 106, 107, 108, 109, 110, 111, 112, 113, 114, 115, 116, 117, 118, 119, 120, 121, 122, 123, 124, 125, 126, 127, 128, 129, 130, 131, 132, 133, 134, 135, 136, 137, 138, 139, 140, 141, 142, 143, 144, 145, 146, 147, 148, 149, 150, 151, 152, 153, 154, 155, 156, 157, 158, 159, 160, 161, 162, 163, 164, 165, 166, 167]
Inds:  [119.4, 118.9, 118.89999999999999, 118.70000000000003, 118.70000000000003, 118.52500000000002, 118.32500000000003, 118.32500000000003, 118.2, 118.2, 118.15000000000003, 117.725, 117.725, 117.725, 117.57500000000003, 117.40000000000002, 117.40000000000002, 117.22500000000001, 117.22500000000001, 117.00000000000001, 117.00000000000001, 116.60000000000002, 116.60000000000002, 116.37500000000004, 116.37500000000004, 116.37500000000004, 116.37500000000004, 116.37500000000004, 116.30000000000003, 116.17500000000003, 116.17500000000003, 116.17500000000003, 116.00000000000003, 116.00000000000003, 115.92500000000004, 115.70000000000002, 115.70000000000002, 115.62500000000003, 115.62500000000003, 115.60000000000002, 115.60000000000002, 115.425, 115.425, 115.22500000000002, 115.22500000000002, 115.22500000000002, 115.22500000000002, 115.22500000000002, 115.22500000000002, 115.12500000000003, 115.0, 115.0, 115.0, 115.0, 115.0, 115.0, 115.0, 115.0, 115.0, 115.0, 115.0, 115.0, 115.0, 115.0, 115.0, 115.0, 115.0, 115.0, 115.0, 115.0, 115.0, 115.0, 115.0, 115.0, 115.0, 115.0, 115.0, 115.0, 115.0, 115.0, 115.0, 115.0, 115.0, 115.0, 115.0, 115.0, 115.0, 115.0, 115.0, 115.0, 115.0, 115.0, 115.0, 115.0, 115.0, 115.0, 115.0, 115.0, 115.0, 115.0, 115.0, 115.0, 115.0, 115.0, 115.0, 115.0, 115.0, 115.0, 115.0, 115.0, 115.0, 115.0, 115.0, 115.0, 115.0, 115.0, 115.0, 115.0, 115.0, 115.0, 115.0, 115.0, 115.0, 115.0, 115.0, 115.0, 115.0, 115.0, 115.0, 115.0, 115.0, 115.0, 115.0, 115.0, 115.0, 115.0, 115.0, 115.0, 115.0, 115.0, 115.0, 115.0, 115.0, 115.0, 115.0, 115.0, 115.0, 115.0, 115.0, 115.0, 115.0, 115.0, 115.0, 115.0, 115.0, 115.0, 115.0, 115.0, 115.0, 115.0, 115.0, 115.0, 115.0, 115.0, 115.0, 115.0, 115.0, 115.0]

Execution 9:
Parameters: Y=0.997
Start Time (hh:mm:ss.ms) 2023-07-17 21:29:34.639001
generations	MaxGenenerations	Populationk1	Populationk	PopulationElite	PopulationMutant	fitnessElite	alpha	min    	max    	avg    	std     
0          	0               	0           	0          	0              	0               	0           	0    	119.425	123.175	121.265	0.587895
1          	172.91          	997         	1000       	100            	200             	120.55      	0.3  	118.675	122.875	120.957	0.629326
3          	171.553         	991         	994        	101            	197             	119.858     	0.297	118.55 	122.5  	120.667	0.746373
6          	171.656         	982         	985        	103            	193             	119.918     	0.294	118.225	122.65 	120.352	0.847173
7          	170.902         	979         	982        	104            	191             	119.521     	0.292	117.95 	122.8  	120.277	0.918324
9          	170.479         	973         	976        	105            	188             	119.301     	0.290	117.875	122.95 	120.008	0.970541
12         	170.281         	964         	967        	106            	184             	119.181     	0.287	117.7  	122.45 	119.769	1.08492 
13         	170.041         	961         	964        	107            	183             	119.058     	0.285	117.4  	122.65 	119.696	1.08673 
14         	169.71          	958         	961        	107            	181             	118.895     	0.284	117.35 	122.55 	119.615	1.14221 
15         	169.587         	955         	958        	108            	180             	118.824     	0.283	117.35 	122.775	119.479	1.18222 
16         	169.701         	952         	955        	108            	178             	118.882     	0.282	117.275	123    	119.409	1.22895 
17         	169.707         	949         	952        	109            	177             	118.885     	0.281	117.1  	122.55 	119.35 	1.26718 
18         	169.225         	946         	949        	109            	175             	118.626     	0.279	117.05 	122.775	119.218	1.31408 
21         	169.229         	937         	940        	111            	171             	118.611     	0.276	116.825	122.675	119.032	1.38191 
23         	168.917         	931         	934        	112            	169             	118.441     	0.273	116.8  	122.575	118.958	1.42127 
24         	168.804         	928         	931        	112            	167             	118.375     	0.272	116.65 	122.45 	118.866	1.45343 
26         	168.562         	922         	925        	113            	164             	118.238     	0.270	116.4  	123.1  	118.811	1.55175 
31         	168.201         	907         	910        	115            	158             	118.019     	0.264	116.225	122.625	118.564	1.63708 
34         	168.049         	898         	901        	117            	154             	117.92      	0.260	116.175	122.675	118.489	1.61422 
37         	167.914         	889         	892        	118            	150             	117.827     	0.257	116.05 	122.825	118.382	1.68145 
49         	167.695         	853         	856        	122            	134             	117.622     	0.242	115.975	122.85 	118.098	1.77218 
52         	167.562         	844         	847        	123            	131             	117.529     	0.239	115.95 	122.475	118.062	1.79734 
57         	167.652         	829         	832        	125            	125             	117.53      	0.233	115.9  	122.5  	118.004	1.81816 
109        	167.554         	673         	676        	133            	70              	117.059     	0.171	115.85 	122.6  	117.414	1.8012  
117        	167.545         	654         	656        	134            	63              	116.973     	0.161	115.725	122.9  	117.294	1.75179 
122        	167.213         	644         	646        	135            	59              	116.777     	0.155	115.7  	122.375	117.225	1.78086 
124        	167.378         	640         	642        	135            	58              	116.802     	0.153	115.45 	122.8  	117.261	1.83019 
148        	166.753         	592         	594        	138            	41              	116.307     	0.123	115.15 	122.4  	116.787	1.82018 
159        	166.307         	570         	572        	139            	33              	115.942     	0.109	115.125	122.075	116.372	1.75015 
167        	166.246         	554         	556        	139            	28              	115.845     	0.100	115.025	122.725	116.281	1.72951 
End Time (hh:mm:ss.ms) 2023-07-17 21:29:49.775999
Total Time (hh:mm:ss.ms) 0:00:15.136998
Individual: ([11, 15, 5, 2, 16, 23, 17, 18, 1, 21, 10, 20, 0, 7, 22, 3, 19, 8, 13, 14, 6, 9, 4, 12], [0, 0, 1, 0, 0, 0, 0, 0, 0, 0, 0, 0, 0, 0, 0, 0, 0, 0, 0, 1, 1, 1, 1, 0])
Fitness:  115.025
Gens:  [0, 1, 2, 3, 4, 5, 6, 7, 8, 9, 10, 11, 12, 13, 14, 15, 16, 17, 18, 19, 20, 21, 22, 23, 24, 25, 26, 27, 28, 29, 30, 31, 32, 33, 34, 35, 36, 37, 38, 39, 40, 41, 42, 43, 44, 45, 46, 47, 48, 49, 50, 51, 52, 53, 54, 55, 56, 57, 58, 59, 60, 61, 62, 63, 64, 65, 66, 67, 68, 69, 70, 71, 72, 73, 74, 75, 76, 77, 78, 79, 80, 81, 82, 83, 84, 85, 86, 87, 88, 89, 90, 91, 92, 93, 94, 95, 96, 97, 98, 99, 100, 101, 102, 103, 104, 105, 106, 107, 108, 109, 110, 111, 112, 113, 114, 115, 116, 117, 118, 119, 120, 121, 122, 123, 124, 125, 126, 127, 128, 129, 130, 131, 132, 133, 134, 135, 136, 137, 138, 139, 140, 141, 142, 143, 144, 145, 146, 147, 148, 149, 150, 151, 152, 153, 154, 155, 156, 157, 158, 159, 160, 161, 162, 163, 164, 165, 166, 167]
Inds:  [119.42500000000001, 118.67500000000001, 118.67500000000001, 118.54999999999998, 118.54999999999998, 118.54999999999998, 118.22500000000002, 117.95000000000002, 117.95000000000002, 117.87499999999997, 117.87499999999997, 117.87499999999997, 117.7, 117.40000000000002, 117.35000000000001, 117.35, 117.27500000000002, 117.1, 117.05, 117.05, 117.05, 116.82500000000002, 116.82500000000002, 116.80000000000001, 116.65000000000002, 116.65000000000002, 116.4, 116.4, 116.4, 116.4, 116.4, 116.22500000000001, 116.22500000000001, 116.22500000000001, 116.175, 116.175, 116.175, 116.05, 116.05, 116.05, 116.05, 116.05, 116.05, 116.05, 116.05, 116.05, 116.05, 116.05, 116.05, 115.975, 115.975, 115.975, 115.95000000000003, 115.95000000000003, 115.95000000000003, 115.95000000000003, 115.95000000000003, 115.89999999999999, 115.89999999999999, 115.89999999999999, 115.89999999999999, 115.89999999999999, 115.89999999999999, 115.89999999999999, 115.89999999999999, 115.89999999999999, 115.89999999999999, 115.89999999999999, 115.89999999999999, 115.89999999999999, 115.89999999999999, 115.89999999999999, 115.89999999999999, 115.89999999999999, 115.89999999999999, 115.89999999999999, 115.89999999999999, 115.89999999999999, 115.89999999999999, 115.89999999999999, 115.89999999999999, 115.89999999999999, 115.89999999999999, 115.89999999999999, 115.89999999999999, 115.89999999999999, 115.89999999999999, 115.89999999999999, 115.89999999999999, 115.89999999999999, 115.89999999999999, 115.89999999999999, 115.89999999999999, 115.89999999999999, 115.89999999999999, 115.89999999999999, 115.89999999999999, 115.89999999999999, 115.89999999999999, 115.89999999999999, 115.89999999999999, 115.89999999999999, 115.89999999999999, 115.89999999999999, 115.89999999999999, 115.89999999999999, 115.89999999999999, 115.89999999999999, 115.89999999999999, 115.84999999999998, 115.84999999999998, 115.84999999999998, 115.84999999999998, 115.84999999999998, 115.84999999999998, 115.84999999999998, 115.84999999999998, 115.72499999999998, 115.72499999999998, 115.72499999999998, 115.72499999999998, 115.72499999999998, 115.69999999999999, 115.69999999999999, 115.44999999999999, 115.44999999999999, 115.44999999999999, 115.44999999999999, 115.44999999999999, 115.44999999999999, 115.44999999999999, 115.44999999999999, 115.44999999999999, 115.44999999999999, 115.44999999999999, 115.44999999999999, 115.44999999999999, 115.44999999999999, 115.44999999999999, 115.44999999999999, 115.44999999999999, 115.44999999999999, 115.44999999999999, 115.44999999999999, 115.44999999999999, 115.44999999999999, 115.44999999999999, 115.44999999999999, 115.14999999999999, 115.14999999999999, 115.14999999999999, 115.14999999999999, 115.14999999999999, 115.14999999999999, 115.14999999999999, 115.14999999999999, 115.14999999999999, 115.14999999999999, 115.14999999999999, 115.125, 115.125, 115.125, 115.125, 115.125, 115.125, 115.125, 115.125, 115.025]

Execution 10:
Parameters: Y=0.997
Start Time (hh:mm:ss.ms) 2023-07-17 21:29:50.604999
generations	MaxGenenerations	Populationk1	Populationk	PopulationElite	PopulationMutant	fitnessElite	alpha	min    	max  	avg    	std     
0          	0               	0           	0          	0              	0               	0           	0    	119.075	122.8	121.292	0.594484
1          	172.209         	997         	1000       	100            	200             	120.192     	0.3  	119.025	123.05	120.869	0.642085
3          	172.123         	991         	994        	101            	197             	120.141     	0.297	118.5  	122.875	120.641	0.771109
8          	171.339         	976         	979        	104            	190             	119.733     	0.291	118.425	122.8  	120.249	0.873918
9          	171.269         	973         	976        	105            	188             	119.697     	0.290	117.875	122.55 	120.241	0.923713
15         	170.589         	955         	958        	108            	180             	119.335     	0.283	117.85 	122.825	119.976	1.04684 
17         	170.36          	949         	952        	109            	177             	119.2       	0.281	117.775	122.75 	119.927	1.09872 
20         	170.29          	940         	943        	110            	173             	119.15      	0.277	117.55 	122.925	119.857	1.14674 
22         	169.99          	934         	937        	111            	170             	118.988     	0.275	117.55 	122.9  	119.78 	1.17426 
24         	169.978         	928         	931        	112            	167             	118.969     	0.272	117.4  	122.875	119.692	1.19808 
25         	169.825         	925         	928        	113            	166             	118.888     	0.271	117.3  	122.55 	119.642	1.21535 
26         	169.514         	922         	925        	113            	165             	118.72      	0.270	117.1  	122.4  	119.627	1.23928 
29         	169.34          	913         	916        	114            	160             	118.615     	0.266	117.025	122.8  	119.509	1.27635 
32         	169.295         	904         	907        	116            	156             	118.572     	0.263	116.975	122.525	119.217	1.39828 
33         	169.032         	901         	904        	116            	155             	118.43      	0.262	116.6  	122.425	119.18 	1.43415 
38         	168.693         	886         	889        	118            	149             	118.22      	0.256	116.525	122.55 	118.766	1.62171 
39         	168.394         	883         	886        	119            	147             	118.061     	0.254	116.5  	122.875	118.708	1.65311 
40         	168.523         	880         	883        	119            	146             	118.117     	0.253	116.325	122.6  	118.574	1.64654 
43         	168.232         	871         	874        	120            	142             	117.944     	0.250	116.225	122.675	118.52 	1.69043 
45         	168.138         	865         	868        	121            	140             	117.878     	0.247	116.125	122.5  	118.505	1.71129 
46         	167.791         	862         	865        	121            	138             	117.696     	0.246	116.1  	122.55 	118.389	1.7386  
47         	167.78          	859         	862        	122            	137             	117.681     	0.245	116.025	122.6  	118.376	1.77627 
49         	167.76          	853         	856        	122            	134             	117.652     	0.242	116    	122.7  	118.238	1.82606 
50         	167.711         	850         	853        	123            	133             	117.618     	0.241	115.975	122.35 	118.197	1.84456 
57         	167.574         	829         	832        	125            	125             	117.496     	0.233	115.95 	122.725	117.958	1.93902 
61         	167.74          	817         	820        	126            	120             	117.538     	0.228	115.925	122.9  	118.019	1.98114 
67         	167.515         	799         	802        	128            	113             	117.385     	0.221	115.8  	122.7  	117.977	1.8859  
70         	167.359         	790         	793        	128            	110             	117.274     	0.217	115.675	122.575	117.789	1.92075 
71         	167.179         	787         	790        	129            	108             	117.167     	0.216	115.5  	122.8  	117.796	1.9382  
84         	166.838         	748         	751        	131            	94              	116.883     	0.200	115.475	122.475	117.373	1.98991 
End Time (hh:mm:ss.ms) 2023-07-17 21:30:05.078000
Total Time (hh:mm:ss.ms) 0:00:14.473001
Individual: ([11, 10, 4, 6, 20, 22, 8, 19, 3, 17, 0, 13, 7, 2, 15, 21, 1, 18, 9, 16, 5, 14, 23, 12], [0, 0, 0, 0, 0, 1, 1, 1, 1, 0, 0, 1, 1, 1, 1, 1, 1, 1, 1, 0, 1, 1, 1, 0])
Fitness:  115.47500000000002
Gens:  [0, 1, 2, 3, 4, 5, 6, 7, 8, 9, 10, 11, 12, 13, 14, 15, 16, 17, 18, 19, 20, 21, 22, 23, 24, 25, 26, 27, 28, 29, 30, 31, 32, 33, 34, 35, 36, 37, 38, 39, 40, 41, 42, 43, 44, 45, 46, 47, 48, 49, 50, 51, 52, 53, 54, 55, 56, 57, 58, 59, 60, 61, 62, 63, 64, 65, 66, 67, 68, 69, 70, 71, 72, 73, 74, 75, 76, 77, 78, 79, 80, 81, 82, 83, 84, 85, 86, 87, 88, 89, 90, 91, 92, 93, 94, 95, 96, 97, 98, 99, 100, 101, 102, 103, 104, 105, 106, 107, 108, 109, 110, 111, 112, 113, 114, 115, 116, 117, 118, 119, 120, 121, 122, 123, 124, 125, 126, 127, 128, 129, 130, 131, 132, 133, 134, 135, 136, 137, 138, 139, 140, 141, 142, 143, 144, 145, 146, 147, 148, 149, 150, 151, 152, 153, 154, 155, 156, 157, 158, 159, 160, 161, 162, 163, 164, 165, 166, 167, 168]
Inds:  [119.075, 119.02500000000002, 119.02500000000002, 118.50000000000003, 118.50000000000003, 118.50000000000003, 118.50000000000003, 118.50000000000003, 118.425, 117.87500000000003, 117.87500000000003, 117.87500000000003, 117.87500000000003, 117.87500000000003, 117.87500000000003, 117.85000000000002, 117.85000000000002, 117.77499999999999, 117.77499999999999, 117.77499999999999, 117.55000000000001, 117.55000000000001, 117.55, 117.55, 117.40000000000002, 117.30000000000003, 117.10000000000002, 117.10000000000002, 117.10000000000002, 117.02500000000002, 117.02500000000002, 117.02500000000002, 116.97500000000001, 116.60000000000004, 116.60000000000004, 116.60000000000004, 116.60000000000004, 116.60000000000004, 116.52500000000003, 116.50000000000004, 116.32500000000003, 116.32500000000003, 116.32500000000003, 116.22500000000002, 116.22500000000002, 116.12500000000003, 116.10000000000002, 116.02500000000003, 116.02500000000003, 116.00000000000003, 115.97500000000004, 115.97500000000004, 115.97500000000004, 115.97500000000004, 115.97500000000004, 115.97500000000004, 115.97500000000004, 115.95000000000003, 115.95000000000003, 115.95000000000003, 115.95000000000003, 115.92500000000003, 115.92500000000003, 115.92500000000003, 115.92500000000003, 115.92500000000003, 115.92500000000003, 115.80000000000003, 115.80000000000003, 115.80000000000003, 115.67500000000003, 115.50000000000003, 115.50000000000003, 115.50000000000003, 115.50000000000003, 115.50000000000003, 115.50000000000003, 115.50000000000003, 115.50000000000003, 115.50000000000003, 115.50000000000003, 115.50000000000003, 115.50000000000003, 115.50000000000003, 115.47500000000002, 115.47500000000002, 115.47500000000002, 115.47500000000002, 115.47500000000002, 115.47500000000002, 115.47500000000002, 115.47500000000002, 115.47500000000002, 115.47500000000002, 115.47500000000002, 115.47500000000002, 115.47500000000002, 115.47500000000002, 115.47500000000002, 115.47500000000002, 115.47500000000002, 115.47500000000002, 115.47500000000002, 115.47500000000002, 115.47500000000002, 115.47500000000002, 115.47500000000002, 115.47500000000002, 115.47500000000002, 115.47500000000002, 115.47500000000002, 115.47500000000002, 115.47500000000002, 115.47500000000002, 115.47500000000002, 115.47500000000002, 115.47500000000002, 115.47500000000002, 115.47500000000002, 115.47500000000002, 115.47500000000002, 115.47500000000002, 115.47500000000002, 115.47500000000002, 115.47500000000002, 115.47500000000002, 115.47500000000002, 115.47500000000002, 115.47500000000002, 115.47500000000002, 115.47500000000002, 115.47500000000002, 115.47500000000002, 115.47500000000002, 115.47500000000002, 115.47500000000002, 115.47500000000002, 115.47500000000002, 115.47500000000002, 115.47500000000002, 115.47500000000002, 115.47500000000002, 115.47500000000002, 115.47500000000002, 115.47500000000002, 115.47500000000002, 115.47500000000002, 115.47500000000002, 115.47500000000002, 115.47500000000002, 115.47500000000002, 115.47500000000002, 115.47500000000002, 115.47500000000002, 115.47500000000002, 115.47500000000002, 115.47500000000002, 115.47500000000002, 115.47500000000002, 115.47500000000002, 115.47500000000002, 115.47500000000002, 115.47500000000002, 115.47500000000002, 115.47500000000002, 115.47500000000002, 115.47500000000002, 115.47500000000002, 115.47500000000002]

