A-BRKGA:

Execution 1:
Parameters: Y=0.998
Start Time (hh:mm:ss.ms) 2023-07-17 21:18:31.118107
generations	MaxGenenerations	Populationk1	Populationk	PopulationElite	PopulationMutant	fitnessElite	alpha	min   	max   	avg    	std     
0          	0               	0           	0          	0              	0               	0           	0    	93.975	96.875	95.5723	0.476421
1          	114.088         	998         	1000       	100            	200             	94.845      	0.3  	93.775	96.675	95.2642	0.526028
2          	113.8           	996         	998        	101            	198             	94.6399     	0.298	93.675	96.95 	95.1262	0.57268 
3          	113.741         	994         	996        	103            	197             	94.646      	0.296	93.2  	96.65 	95.0602	0.623123
5          	113.17          	990         	992        	105            	193             	94.3058     	0.292	92.95 	96.825	94.9306	0.700459
7          	112.793         	986         	988        	107            	190             	94.0206     	0.289	92.85 	96.575	94.7084	0.755539
8          	112.655         	984         	986        	108            	188             	93.9212     	0.287	92.5  	96.8  	94.5989	0.806242
11         	112.247         	978         	980        	111            	183             	93.6711     	0.282	92.35 	96.65 	94.2323	0.925266
12         	112.065         	976         	978        	112            	181             	93.5556     	0.280	92.325	96.575	94.1362	0.953887
13         	112.018         	974         	976        	114            	180             	93.5089     	0.278	92.075	96.8  	94.11  	1.02457 
14         	111.765         	972         	974        	115            	178             	93.3826     	0.276	91.875	96.675	93.9956	1.04239 
15         	111.494         	970         	972        	116            	176             	93.1945     	0.274	91.775	97.05 	93.8635	1.13387 
16         	111.456         	968         	970        	117            	175             	93.2155     	0.273	91.675	96.7  	93.7422	1.15639 
17         	111.257         	966         	968        	118            	173             	93.038      	0.271	91.475	96.8  	93.6417	1.18678 
18         	111.037         	964         	966        	119            	171             	92.9094     	0.269	91.45 	96.625	93.5907	1.22335 
20         	110.973         	960         	962        	121            	168             	92.8319     	0.265	91.3  	96.9  	93.372 	1.31166 
23         	110.791         	954         	956        	124            	163             	92.6925     	0.260	91.175	96.475	93.1427	1.42554 
24         	110.6           	952         	954        	125            	161             	92.5446     	0.258	90.8  	96.75 	93.0886	1.45845 
26         	110.234         	948         	950        	128            	158             	92.3469     	0.254	90.375	96.55 	92.9338	1.52484 
33         	109.657         	934         	936        	135            	146             	91.8792     	0.241	90.175	96.55 	92.4575	1.75532 
End Time (hh:mm:ss.ms) 2023-07-17 21:18:40.948107
Total Time (hh:mm:ss.ms) 0:00:09.830000
Individual: ([7, 11, 1, 19, 9, 15, 18, 3, 4, 17, 0, 14, 8, 10, 12, 16, 2, 5, 13, 6], [1, 1, 1, 1, 1, 1, 0, 0, 0, 0, 0, 0, 0, 0, 1, 1, 1, 1, 1, 1])
Fitness:  90.17500000000001
Gens:  [0, 1, 2, 3, 4, 5, 6, 7, 8, 9, 10, 11, 12, 13, 14, 15, 16, 17, 18, 19, 20, 21, 22, 23, 24, 25, 26, 27, 28, 29, 30, 31, 32, 33, 34, 35, 36, 37, 38, 39, 40, 41, 42, 43, 44, 45, 46, 47, 48, 49, 50, 51, 52, 53, 54, 55, 56, 57, 58, 59, 60, 61, 62, 63, 64, 65, 66, 67, 68, 69, 70, 71, 72, 73, 74, 75, 76, 77, 78, 79, 80, 81, 82, 83, 84, 85, 86, 87, 88, 89, 90, 91, 92, 93, 94, 95, 96, 97, 98, 99, 100, 101, 102, 103, 104, 105, 106, 107, 108, 109, 110]
Inds:  [93.97500000000002, 93.775, 93.67500000000001, 93.20000000000002, 93.20000000000002, 92.95000000000002, 92.95000000000002, 92.85000000000001, 92.50000000000003, 92.50000000000003, 92.50000000000003, 92.35000000000002, 92.32500000000002, 92.07500000000002, 91.87500000000001, 91.775, 91.67500000000001, 91.47500000000001, 91.45, 91.45, 91.30000000000001, 91.30000000000001, 91.30000000000001, 91.17500000000003, 90.80000000000001, 90.80000000000001, 90.375, 90.375, 90.375, 90.375, 90.375, 90.375, 90.375, 90.17500000000001, 90.17500000000001, 90.17500000000001, 90.17500000000001, 90.17500000000001, 90.17500000000001, 90.17500000000001, 90.17500000000001, 90.17500000000001, 90.17500000000001, 90.17500000000001, 90.17500000000001, 90.17500000000001, 90.17500000000001, 90.17500000000001, 90.17500000000001, 90.17500000000001, 90.17500000000001, 90.17500000000001, 90.17500000000001, 90.17500000000001, 90.17500000000001, 90.17500000000001, 90.17500000000001, 90.17500000000001, 90.17500000000001, 90.17500000000001, 90.17500000000001, 90.17500000000001, 90.17500000000001, 90.17500000000001, 90.17500000000001, 90.17500000000001, 90.17500000000001, 90.17500000000001, 90.17500000000001, 90.17500000000001, 90.17500000000001, 90.17500000000001, 90.17500000000001, 90.17500000000001, 90.17500000000001, 90.17500000000001, 90.17500000000001, 90.17500000000001, 90.17500000000001, 90.17500000000001, 90.17500000000001, 90.17500000000001, 90.17500000000001, 90.17500000000001, 90.17500000000001, 90.17500000000001, 90.17500000000001, 90.17500000000001, 90.17500000000001, 90.17500000000001, 90.17500000000001, 90.17500000000001, 90.17500000000001, 90.17500000000001, 90.17500000000001, 90.17500000000001, 90.17500000000001, 90.17500000000001, 90.17500000000001, 90.17500000000001, 90.17500000000001, 90.17500000000001, 90.17500000000001, 90.17500000000001, 90.17500000000001, 90.17500000000001, 90.17500000000001, 90.17500000000001, 90.17500000000001, 90.17500000000001, 90.17500000000001]

Execution 2:
Parameters: Y=0.998
Start Time (hh:mm:ss.ms) 2023-07-17 21:18:41.676108
generations	MaxGenenerations	Populationk1	Populationk	PopulationElite	PopulationMutant	fitnessElite	alpha	min   	max 	avg   	std     
0          	0               	0           	0          	0              	0               	0           	0    	93.875	97.2	95.592	0.464001
1          	114.041         	998         	1000       	100            	200             	94.8725     	0.3  	93.525	96.95	95.3159	0.528169
3          	113.514         	994         	996        	103            	197             	94.4811     	0.296	93.3  	96.8 	95.0196	0.630631
4          	113.252         	992         	994        	104            	195             	94.3315     	0.294	92.65 	97.075	94.9766	0.680932
6          	112.452         	988         	990        	106            	192             	93.8435     	0.291	92.625	96.825	94.7203	0.78253 
7          	112.438         	986         	988        	107            	190             	93.8402     	0.289	92.525	96.75 	94.58  	0.813378
9          	112.266         	982         	984        	109            	186             	93.6894     	0.285	92.45 	96.775	94.3145	0.894021
10         	112.214         	980         	982        	110            	185             	93.6781     	0.283	92.4  	96.65 	94.209 	0.974588
11         	112.126         	978         	980        	111            	183             	93.5992     	0.282	91.9  	96.975	94.0964	1.00175 
15         	111.575         	970         	972        	116            	176             	93.2745     	0.274	91.7  	96.625	93.7332	1.17233 
18         	111.31          	964         	966        	119            	171             	93.0742     	0.269	91.55 	96.9  	93.5295	1.23371 
21         	111.072         	958         	960        	122            	166             	92.8699     	0.263	91.525	97    	93.4321	1.31492 
24         	111.031         	952         	954        	125            	161             	92.8114     	0.258	91.375	96.65 	93.3489	1.37581 
29         	110.849         	942         	944        	130            	153             	92.6536     	0.249	91.35 	96.875	93.1315	1.44952 
30         	110.901         	940         	942        	131            	152             	92.7185     	0.247	91.275	96.95 	93.1609	1.44433 
32         	110.766         	936         	938        	133            	148             	92.5927     	0.244	91.25 	96.75 	92.9819	1.45881 
33         	110.752         	934         	936        	134            	147             	92.5822     	0.242	91.1  	96.725	93.0551	1.49156 
35         	110.548         	930         	932        	136            	144             	92.4236     	0.238	90.95 	96.6  	92.9112	1.51648 
36         	110.355         	928         	930        	137            	142             	92.2866     	0.236	90.7  	96.75 	92.8102	1.52941 
41         	110.096         	918         	920        	142            	134             	92.0867     	0.227	90.625	96.775	92.6305	1.65306 
End Time (hh:mm:ss.ms) 2023-07-17 21:18:51.488107
Total Time (hh:mm:ss.ms) 0:00:09.811999
Individual: ([7, 11, 8, 10, 0, 16, 12, 18, 9, 19, 1, 15, 3, 4, 17, 14, 2, 5, 13, 6], [1, 1, 0, 0, 0, 0, 0, 0, 0, 0, 0, 0, 0, 0, 0, 1, 1, 1, 1, 1])
Fitness:  90.62500000000001
Gens:  [0, 1, 2, 3, 4, 5, 6, 7, 8, 9, 10, 11, 12, 13, 14, 15, 16, 17, 18, 19, 20, 21, 22, 23, 24, 25, 26, 27, 28, 29, 30, 31, 32, 33, 34, 35, 36, 37, 38, 39, 40, 41, 42, 43, 44, 45, 46, 47, 48, 49, 50, 51, 52, 53, 54, 55, 56, 57, 58, 59, 60, 61, 62, 63, 64, 65, 66, 67, 68, 69, 70, 71, 72, 73, 74, 75, 76, 77, 78, 79, 80, 81, 82, 83, 84, 85, 86, 87, 88, 89, 90, 91, 92, 93, 94, 95, 96, 97, 98, 99, 100, 101, 102, 103, 104, 105, 106, 107, 108, 109, 110]
Inds:  [93.87500000000001, 93.525, 93.525, 93.30000000000001, 92.65000000000002, 92.65000000000002, 92.625, 92.525, 92.525, 92.45000000000002, 92.4, 91.90000000000003, 91.90000000000003, 91.90000000000003, 91.90000000000003, 91.70000000000002, 91.70000000000002, 91.70000000000002, 91.55000000000001, 91.55000000000001, 91.55000000000001, 91.525, 91.525, 91.525, 91.37500000000003, 91.37500000000003, 91.37500000000003, 91.37500000000003, 91.37500000000003, 91.35000000000002, 91.27500000000003, 91.27500000000003, 91.25000000000003, 91.10000000000001, 91.10000000000001, 90.95, 90.7, 90.7, 90.7, 90.7, 90.7, 90.62500000000001, 90.62500000000001, 90.62500000000001, 90.62500000000001, 90.62500000000001, 90.62500000000001, 90.62500000000001, 90.62500000000001, 90.62500000000001, 90.62500000000001, 90.62500000000001, 90.62500000000001, 90.62500000000001, 90.62500000000001, 90.62500000000001, 90.62500000000001, 90.62500000000001, 90.62500000000001, 90.62500000000001, 90.62500000000001, 90.62500000000001, 90.62500000000001, 90.62500000000001, 90.62500000000001, 90.62500000000001, 90.62500000000001, 90.62500000000001, 90.62500000000001, 90.62500000000001, 90.62500000000001, 90.62500000000001, 90.62500000000001, 90.62500000000001, 90.62500000000001, 90.62500000000001, 90.62500000000001, 90.62500000000001, 90.62500000000001, 90.62500000000001, 90.62500000000001, 90.62500000000001, 90.62500000000001, 90.62500000000001, 90.62500000000001, 90.62500000000001, 90.62500000000001, 90.62500000000001, 90.62500000000001, 90.62500000000001, 90.62500000000001, 90.62500000000001, 90.62500000000001, 90.62500000000001, 90.62500000000001, 90.62500000000001, 90.62500000000001, 90.62500000000001, 90.62500000000001, 90.62500000000001, 90.62500000000001, 90.62500000000001, 90.62500000000001, 90.62500000000001, 90.62500000000001, 90.62500000000001, 90.62500000000001, 90.62500000000001, 90.62500000000001, 90.62500000000001, 90.62500000000001]

Execution 3:
Parameters: Y=0.998
Start Time (hh:mm:ss.ms) 2023-07-17 21:18:52.238106
generations	MaxGenenerations	Populationk1	Populationk	PopulationElite	PopulationMutant	fitnessElite	alpha	min 	max 	avg    	std     
0          	0               	0           	0          	0              	0               	0           	0    	93.7	96.9	95.5804	0.468237
1          	113.76          	998         	1000       	100            	200             	94.66       	0.3  	93.175	96.725	95.2036	0.531721
2          	113.083         	996         	998        	101            	198             	94.2337     	0.298	93.1  	96.95 	95.0162	0.627434
5          	112.992         	990         	992        	105            	193             	94.1618     	0.292	92.975	97.125	94.7844	0.755231
6          	112.931         	988         	990        	106            	192             	94.1833     	0.291	92.825	96.9  	94.6686	0.765872
7          	112.698         	986         	988        	107            	190             	94.0041     	0.289	92.775	96.775	94.5798	0.829574
8          	112.609         	984         	986        	108            	188             	93.9253     	0.287	92.7  	96.7  	94.4361	0.874618
9          	112.501         	982         	984        	109            	186             	93.8431     	0.285	91.8  	96.75 	94.333 	0.923173
14         	111.42          	972         	974        	115            	178             	93.1695     	0.276	91.6  	96.85 	93.6899	1.21114 
17         	111.155         	966         	968        	118            	173             	92.9696     	0.271	91.375	96.575	93.4569	1.30055 
20         	110.887         	960         	962        	121            	168             	92.7834     	0.265	91.325	96.5  	93.2567	1.40078 
21         	110.788         	958         	960        	122            	166             	92.6907     	0.263	91.225	96.75 	93.234 	1.4598  
39         	110.744         	922         	924        	140            	137             	92.5265     	0.231	91.175	96.625	92.8671	1.5901  
50         	110.645         	900         	902        	150            	121             	92.3379     	0.211	91.025	96.675	92.6639	1.5563  
End Time (hh:mm:ss.ms) 2023-07-17 21:19:02.148107
Total Time (hh:mm:ss.ms) 0:00:09.910001
Individual: ([12, 13, 5, 16, 14, 10, 0, 2, 8, 15, 9, 19, 1, 18, 3, 4, 17, 11, 7, 6], [1, 0, 0, 1, 0, 0, 0, 1, 0, 0, 0, 0, 0, 0, 0, 0, 0, 0, 0, 1])
Fitness:  91.025
Gens:  [0, 1, 2, 3, 4, 5, 6, 7, 8, 9, 10, 11, 12, 13, 14, 15, 16, 17, 18, 19, 20, 21, 22, 23, 24, 25, 26, 27, 28, 29, 30, 31, 32, 33, 34, 35, 36, 37, 38, 39, 40, 41, 42, 43, 44, 45, 46, 47, 48, 49, 50, 51, 52, 53, 54, 55, 56, 57, 58, 59, 60, 61, 62, 63, 64, 65, 66, 67, 68, 69, 70, 71, 72, 73, 74, 75, 76, 77, 78, 79, 80, 81, 82, 83, 84, 85, 86, 87, 88, 89, 90, 91, 92, 93, 94, 95, 96, 97, 98, 99, 100, 101, 102, 103, 104, 105, 106, 107, 108, 109, 110, 111]
Inds:  [93.7, 93.17500000000001, 93.10000000000001, 93.10000000000001, 93.10000000000001, 92.975, 92.82499999999999, 92.77499999999999, 92.70000000000002, 91.8, 91.8, 91.8, 91.8, 91.8, 91.60000000000001, 91.60000000000001, 91.60000000000001, 91.375, 91.375, 91.375, 91.325, 91.22500000000001, 91.22500000000001, 91.22500000000001, 91.22500000000001, 91.22500000000001, 91.22500000000001, 91.22500000000001, 91.22500000000001, 91.22500000000001, 91.22500000000001, 91.22500000000001, 91.22500000000001, 91.22500000000001, 91.22500000000001, 91.22500000000001, 91.22500000000001, 91.22500000000001, 91.22500000000001, 91.17500000000001, 91.17500000000001, 91.17500000000001, 91.17500000000001, 91.17500000000001, 91.17500000000001, 91.17500000000001, 91.17500000000001, 91.17500000000001, 91.17500000000001, 91.17500000000001, 91.025, 91.025, 91.025, 91.025, 91.025, 91.025, 91.025, 91.025, 91.025, 91.025, 91.025, 91.025, 91.025, 91.025, 91.025, 91.025, 91.025, 91.025, 91.025, 91.025, 91.025, 91.025, 91.025, 91.025, 91.025, 91.025, 91.025, 91.025, 91.025, 91.025, 91.025, 91.025, 91.025, 91.025, 91.025, 91.025, 91.025, 91.025, 91.025, 91.025, 91.025, 91.025, 91.025, 91.025, 91.025, 91.025, 91.025, 91.025, 91.025, 91.025, 91.025, 91.025, 91.025, 91.025, 91.025, 91.025, 91.025, 91.025, 91.025, 91.025, 91.025, 91.025]

Execution 4:
Parameters: Y=0.998
Start Time (hh:mm:ss.ms) 2023-07-17 21:19:03.032110
generations	MaxGenenerations	Populationk1	Populationk	PopulationElite	PopulationMutant	fitnessElite	alpha	min   	max  	avg    	std     
0          	0               	0           	0          	0              	0               	0           	0    	93.875	96.75	95.5707	0.472047
1          	113.938         	998         	1000       	100            	200             	94.7375     	0.3  	93.675	96.975	95.2584	0.543515
3          	113.679         	994         	996        	103            	197             	94.5644     	0.296	93.05 	96.775	95.042 	0.6218  
4          	112.943         	992         	994        	104            	195             	94.1477     	0.294	92.925	96.75 	94.9421	0.67076 
6          	112.757         	988         	990        	106            	192             	94.0022     	0.291	92.75 	96.625	94.6885	0.7532  
8          	112.545         	984         	986        	108            	188             	93.8643     	0.287	92.5  	96.575	94.5307	0.813776
9          	112.23          	982         	984        	109            	186             	93.6644     	0.285	92.425	97    	94.4858	0.861859
12         	112.167         	976         	978        	112            	181             	93.6237     	0.280	92.375	96.65 	94.1397	0.953894
13         	112.095         	974         	976        	114            	180             	93.566      	0.278	92.15 	96.75 	94.0948	1.00864 
15         	111.817         	970         	972        	116            	176             	93.3804     	0.274	91.825	96.925	93.9294	1.08255 
18         	111.461         	964         	966        	119            	171             	93.1657     	0.269	91.7  	96.675	93.7997	1.15261 
19         	111.282         	962         	964        	120            	170             	93.0316     	0.267	91.525	96.925	93.7821	1.16708 
25         	111.053         	950         	952        	126            	160             	92.8281     	0.256	91.525	96.475	93.5625	1.22328 
26         	111.025         	948         	950        	127            	158             	92.7871     	0.254	91.475	96.625	93.4721	1.2666  
27         	110.998         	946         	948        	128            	156             	92.7787     	0.253	91.075	96.675	93.468 	1.3032  
29         	110.485         	942         	944        	131            	153             	92.4275     	0.249	91    	97.2  	93.3583	1.32652 
52         	110.471         	896         	898        	152            	118             	92.2149     	0.207	91    	96.575	92.7915	1.57886 
67         	110.466         	866         	868        	165            	96              	92.0514     	0.180	90.95 	96.5  	92.4343	1.54627 
80         	110.327         	840         	842        	175            	78              	91.8163     	0.156	90.925	96.6  	92.2026	1.49431 
88         	110.325         	824         	826        	180            	68              	91.7325     	0.142	90.8  	96.55 	92.0282	1.42686 
End Time (hh:mm:ss.ms) 2023-07-17 21:19:13.622107
Total Time (hh:mm:ss.ms) 0:00:10.589997
Individual: ([7, 17, 12, 8, 15, 18, 3, 4, 11, 10, 9, 19, 1, 0, 16, 13, 5, 2, 14, 6], [1, 0, 1, 0, 1, 0, 0, 0, 1, 1, 0, 0, 0, 0, 0, 0, 0, 0, 0, 1])
Fitness:  90.80000000000001
Gens:  [0, 1, 2, 3, 4, 5, 6, 7, 8, 9, 10, 11, 12, 13, 14, 15, 16, 17, 18, 19, 20, 21, 22, 23, 24, 25, 26, 27, 28, 29, 30, 31, 32, 33, 34, 35, 36, 37, 38, 39, 40, 41, 42, 43, 44, 45, 46, 47, 48, 49, 50, 51, 52, 53, 54, 55, 56, 57, 58, 59, 60, 61, 62, 63, 64, 65, 66, 67, 68, 69, 70, 71, 72, 73, 74, 75, 76, 77, 78, 79, 80, 81, 82, 83, 84, 85, 86, 87, 88, 89, 90, 91, 92, 93, 94, 95, 96, 97, 98, 99, 100, 101, 102, 103, 104, 105, 106, 107, 108, 109, 110, 111]
Inds:  [93.875, 93.67500000000001, 93.67500000000001, 93.05000000000001, 92.925, 92.925, 92.75000000000001, 92.75000000000001, 92.5, 92.425, 92.425, 92.425, 92.37500000000003, 92.15000000000002, 92.15000000000002, 91.82500000000002, 91.82500000000002, 91.82500000000002, 91.70000000000002, 91.52500000000002, 91.52500000000002, 91.52500000000002, 91.52500000000002, 91.52500000000002, 91.52500000000002, 91.525, 91.475, 91.07500000000002, 91.07500000000002, 91.0, 91.0, 91.0, 91.0, 91.0, 91.0, 91.0, 91.0, 91.0, 91.0, 91.0, 91.0, 91.0, 91.0, 91.0, 91.0, 91.0, 91.0, 91.0, 91.0, 91.0, 91.0, 91.0, 90.99999999999999, 90.99999999999999, 90.99999999999999, 90.99999999999999, 90.99999999999999, 90.99999999999999, 90.99999999999999, 90.99999999999999, 90.99999999999999, 90.99999999999999, 90.99999999999999, 90.99999999999999, 90.99999999999999, 90.99999999999999, 90.99999999999999, 90.95000000000002, 90.95000000000002, 90.95000000000002, 90.95000000000002, 90.95000000000002, 90.95000000000002, 90.95000000000002, 90.95000000000002, 90.95000000000002, 90.95000000000002, 90.95000000000002, 90.95000000000002, 90.95000000000002, 90.92500000000001, 90.92500000000001, 90.92500000000001, 90.92500000000001, 90.92500000000001, 90.92500000000001, 90.92500000000001, 90.92500000000001, 90.80000000000001, 90.80000000000001, 90.80000000000001, 90.80000000000001, 90.80000000000001, 90.80000000000001, 90.80000000000001, 90.80000000000001, 90.80000000000001, 90.80000000000001, 90.80000000000001, 90.80000000000001, 90.80000000000001, 90.80000000000001, 90.80000000000001, 90.80000000000001, 90.80000000000001, 90.80000000000001, 90.80000000000001, 90.80000000000001, 90.80000000000001, 90.80000000000001, 90.80000000000001, 90.80000000000001]

Execution 5:
Parameters: Y=0.998
Start Time (hh:mm:ss.ms) 2023-07-17 21:19:14.396105
generations	MaxGenenerations	Populationk1	Populationk	PopulationElite	PopulationMutant	fitnessElite	alpha	min 	max   	avg    	std     
0          	0               	0           	0          	0              	0               	0           	0    	93.9	96.925	95.5892	0.476484
1          	114.009         	998         	1000       	100            	200             	94.8075     	0.3  	93.75	96.675	95.27  	0.516918
2          	113.77          	996         	998        	101            	198             	94.6224     	0.298	93.5 	96.725	95.1292	0.577155
3          	113.478         	994         	996        	103            	197             	94.4561     	0.296	93.35	96.875	95.0334	0.616175
4          	113.33          	992         	994        	104            	195             	94.3888     	0.294	93.3 	96.625	94.976 	0.636186
5          	113.212         	990         	992        	105            	193             	94.274      	0.292	93.225	96.7  	94.9448	0.662294
6          	113.138         	988         	990        	106            	192             	94.2368     	0.291	93    	96.575	94.8956	0.691164
9          	112.854         	982         	984        	109            	186             	94.0433     	0.285	92.575	96.65 	94.743 	0.783466
11         	112.394         	978         	980        	111            	183             	93.7955     	0.282	92.525	96.75 	94.5693	0.828596
13         	112.249         	974         	976        	114            	180             	93.6395     	0.278	92.325	96.75 	94.4766	0.90725 
15         	112.057         	970         	972        	116            	176             	93.5419     	0.275	92.25 	96.725	94.3339	0.92923 
17         	111.96          	966         	968        	118            	173             	93.4646     	0.271	91.975	96.95 	94.1697	1.05279 
19         	111.599         	962         	964        	120            	170             	93.2133     	0.267	91.775	96.825	93.8587	1.15371 
20         	111.406         	960         	962        	121            	168             	93.1177     	0.265	91.55 	96.55 	93.7323	1.22535 
22         	111.128         	956         	958        	123            	165             	92.9266     	0.262	91.45 	96.625	93.5418	1.31533 
24         	111.006         	952         	954        	125            	161             	92.8333     	0.258	91.25 	97    	93.3403	1.36665 
27         	110.73          	946         	948        	128            	156             	92.6164     	0.253	91.225	96.575	93.1936	1.42389 
28         	110.683         	944         	946        	129            	155             	92.569      	0.251	91.15 	96.7  	93.1738	1.456   
29         	110.62          	942         	944        	130            	153             	92.534      	0.249	91.125	96.65 	93.1327	1.48643 
30         	110.579         	940         	942        	131            	152             	92.4927     	0.247	91.025	96.575	93.0694	1.49083 
32         	110.441         	936         	938        	134            	148             	92.3784     	0.243	90.775	96.775	92.9656	1.56594 
35         	110.132         	930         	932        	137            	143             	92.1509     	0.238	90.7  	96.7  	92.7426	1.6077  
37         	110.035         	926         	928        	139            	140             	92.0663     	0.234	90.675	96.725	92.6685	1.67455 
38         	110.049         	924         	926        	139            	139             	92.0832     	0.232	90.675	96.675	92.6418	1.69957 
54         	110.049         	892         	894        	154            	114             	91.9073     	0.203	90.625	96.825	92.2808	1.6899  
57         	110.016         	886         	888        	157            	110             	91.8588     	0.198	90.4  	96.525	92.3603	1.72591 
End Time (hh:mm:ss.ms) 2023-07-17 21:19:24.296108
Total Time (hh:mm:ss.ms) 0:00:09.900003
Individual: ([6, 13, 5, 2, 16, 12, 0, 14, 8, 10, 15, 18, 17, 11, 1, 19, 9, 3, 4, 7], [0, 0, 0, 0, 0, 0, 0, 0, 0, 0, 0, 1, 1, 1, 1, 1, 1, 0, 0, 0])
Fitness:  90.39999999999999
Gens:  [0, 1, 2, 3, 4, 5, 6, 7, 8, 9, 10, 11, 12, 13, 14, 15, 16, 17, 18, 19, 20, 21, 22, 23, 24, 25, 26, 27, 28, 29, 30, 31, 32, 33, 34, 35, 36, 37, 38, 39, 40, 41, 42, 43, 44, 45, 46, 47, 48, 49, 50, 51, 52, 53, 54, 55, 56, 57, 58, 59, 60, 61, 62, 63, 64, 65, 66, 67, 68, 69, 70, 71, 72, 73, 74, 75, 76, 77, 78, 79, 80, 81, 82, 83, 84, 85, 86, 87, 88, 89, 90, 91, 92, 93, 94, 95, 96, 97, 98, 99, 100, 101, 102, 103, 104, 105, 106, 107, 108, 109, 110]
Inds:  [93.9, 93.75000000000001, 93.50000000000001, 93.35000000000001, 93.29999999999998, 93.22500000000001, 92.99999999999999, 92.99999999999999, 92.99999999999999, 92.57499999999999, 92.57499999999999, 92.52499999999999, 92.52499999999999, 92.32499999999999, 92.32499999999999, 92.25000000000001, 92.25000000000001, 91.975, 91.975, 91.77499999999999, 91.54999999999998, 91.54999999999998, 91.45, 91.45, 91.25, 91.25, 91.25, 91.225, 91.14999999999999, 91.125, 91.02499999999999, 91.02499999999999, 90.77499999999999, 90.77499999999999, 90.77499999999999, 90.69999999999999, 90.69999999999999, 90.675, 90.67499999999998, 90.67499999999998, 90.67499999999998, 90.67499999999998, 90.67499999999998, 90.67499999999998, 90.67499999999998, 90.67499999999998, 90.67499999999998, 90.67499999999998, 90.67499999999998, 90.67499999999998, 90.67499999999998, 90.67499999999998, 90.67499999999998, 90.67499999999998, 90.625, 90.625, 90.625, 90.39999999999999, 90.39999999999999, 90.39999999999999, 90.39999999999999, 90.39999999999999, 90.39999999999999, 90.39999999999999, 90.39999999999999, 90.39999999999999, 90.39999999999999, 90.39999999999999, 90.39999999999999, 90.39999999999999, 90.39999999999999, 90.39999999999999, 90.39999999999999, 90.39999999999999, 90.39999999999999, 90.39999999999999, 90.39999999999999, 90.39999999999999, 90.39999999999999, 90.39999999999999, 90.39999999999999, 90.39999999999999, 90.39999999999999, 90.39999999999999, 90.39999999999999, 90.39999999999999, 90.39999999999999, 90.39999999999999, 90.39999999999999, 90.39999999999999, 90.39999999999999, 90.39999999999999, 90.39999999999999, 90.39999999999999, 90.39999999999999, 90.39999999999999, 90.39999999999999, 90.39999999999999, 90.39999999999999, 90.39999999999999, 90.39999999999999, 90.39999999999999, 90.39999999999999, 90.39999999999999, 90.39999999999999, 90.39999999999999, 90.39999999999999, 90.39999999999999, 90.39999999999999, 90.39999999999999, 90.39999999999999]

Execution 6:
Parameters: Y=0.998
Start Time (hh:mm:ss.ms) 2023-07-17 21:19:25.064106
generations	MaxGenenerations	Populationk1	Populationk	PopulationElite	PopulationMutant	fitnessElite	alpha	min   	max   	avg    	std     
0          	0               	0           	0          	0              	0               	0           	0    	93.925	96.925	95.5864	0.453289
1          	114.039         	998         	1000       	100            	200             	94.825      	0.3  	93.375	96.675	95.2683	0.524855
3          	113.343         	994         	996        	103            	197             	94.3904     	0.296	93.175	96.8  	94.9779	0.660151
6          	113.134         	988         	990        	106            	192             	94.2741     	0.291	93.05 	96.825	94.7972	0.729329
8          	112.909         	984         	986        	108            	188             	94.0782     	0.287	92.875	96.825	94.7242	0.788087
9          	112.742         	982         	984        	109            	186             	94.0039     	0.285	92.775	97.15 	94.6632	0.781981
10         	112.694         	980         	982        	110            	185             	94.0176     	0.284	92.6  	96.675	94.6095	0.820105
13         	112.447         	974         	976        	113            	180             	93.8261     	0.278	92.3  	96.55 	94.4082	0.895252
14         	111.982         	972         	974        	115            	178             	93.4763     	0.276	92.075	96.725	94.3309	0.939465
18         	111.765         	964         	966        	119            	171             	93.3488     	0.269	91.825	96.85 	93.8745	1.06966 
22         	111.456         	956         	958        	123            	165             	93.1235     	0.262	91.7  	96.9  	93.6359	1.19752 
23         	111.332         	954         	956        	124            	163             	93.0545     	0.260	91.1  	96.725	93.6203	1.22256 
29         	110.559         	942         	944        	130            	153             	92.4964     	0.249	91    	96.825	93.1449	1.39863 
31         	110.388         	938         	940        	133            	150             	92.3449     	0.245	91    	96.675	93.012 	1.45821 
32         	110.432         	936         	938        	134            	148             	92.3839     	0.243	90.9  	96.725	92.9487	1.48229 
34         	110.294         	932         	934        	136            	145             	92.2689     	0.240	90.775	96.425	92.9159	1.5347  
35         	110.104         	930         	932        	137            	143             	92.1211     	0.238	90.55 	96.65 	92.8617	1.54561 
36         	109.881         	928         	930        	138            	142             	91.9914     	0.236	90.2  	96.625	92.7342	1.57136 
End Time (hh:mm:ss.ms) 2023-07-17 21:19:35.197108
Total Time (hh:mm:ss.ms) 0:00:10.133002
Individual: ([7, 4, 3, 18, 17, 11, 12, 16, 2, 8, 10, 15, 9, 19, 1, 0, 14, 5, 13, 6], [1, 1, 1, 1, 1, 1, 1, 1, 1, 0, 0, 0, 0, 0, 0, 0, 0, 1, 1, 1])
Fitness:  90.20000000000002
Gens:  [0, 1, 2, 3, 4, 5, 6, 7, 8, 9, 10, 11, 12, 13, 14, 15, 16, 17, 18, 19, 20, 21, 22, 23, 24, 25, 26, 27, 28, 29, 30, 31, 32, 33, 34, 35, 36, 37, 38, 39, 40, 41, 42, 43, 44, 45, 46, 47, 48, 49, 50, 51, 52, 53, 54, 55, 56, 57, 58, 59, 60, 61, 62, 63, 64, 65, 66, 67, 68, 69, 70, 71, 72, 73, 74, 75, 76, 77, 78, 79, 80, 81, 82, 83, 84, 85, 86, 87, 88, 89, 90, 91, 92, 93, 94, 95, 96, 97, 98, 99, 100, 101, 102, 103, 104, 105, 106, 107, 108, 109, 110]
Inds:  [93.92499999999998, 93.37500000000001, 93.37500000000001, 93.17500000000003, 93.17500000000003, 93.17500000000003, 93.05, 93.05, 92.87500000000001, 92.775, 92.60000000000001, 92.60000000000001, 92.60000000000001, 92.3, 92.07500000000002, 92.07500000000002, 92.07500000000002, 92.07500000000002, 91.82500000000002, 91.82500000000002, 91.82500000000002, 91.82500000000002, 91.7, 91.10000000000001, 91.10000000000001, 91.10000000000001, 91.10000000000001, 91.10000000000001, 91.10000000000001, 91.00000000000001, 91.00000000000001, 91.0, 90.90000000000002, 90.90000000000002, 90.775, 90.55000000000001, 90.20000000000002, 90.20000000000002, 90.20000000000002, 90.20000000000002, 90.20000000000002, 90.20000000000002, 90.20000000000002, 90.20000000000002, 90.20000000000002, 90.20000000000002, 90.20000000000002, 90.20000000000002, 90.20000000000002, 90.20000000000002, 90.20000000000002, 90.20000000000002, 90.20000000000002, 90.20000000000002, 90.20000000000002, 90.20000000000002, 90.20000000000002, 90.20000000000002, 90.20000000000002, 90.20000000000002, 90.20000000000002, 90.20000000000002, 90.20000000000002, 90.20000000000002, 90.20000000000002, 90.20000000000002, 90.20000000000002, 90.20000000000002, 90.20000000000002, 90.20000000000002, 90.20000000000002, 90.20000000000002, 90.20000000000002, 90.20000000000002, 90.20000000000002, 90.20000000000002, 90.20000000000002, 90.20000000000002, 90.20000000000002, 90.20000000000002, 90.20000000000002, 90.20000000000002, 90.20000000000002, 90.20000000000002, 90.20000000000002, 90.20000000000002, 90.20000000000002, 90.20000000000002, 90.20000000000002, 90.20000000000002, 90.20000000000002, 90.20000000000002, 90.20000000000002, 90.20000000000002, 90.20000000000002, 90.20000000000002, 90.20000000000002, 90.20000000000002, 90.20000000000002, 90.20000000000002, 90.20000000000002, 90.20000000000002, 90.20000000000002, 90.20000000000002, 90.20000000000002, 90.20000000000002, 90.20000000000002, 90.20000000000002, 90.20000000000002, 90.20000000000002, 90.20000000000002]

Execution 7:
Parameters: Y=0.998
Start Time (hh:mm:ss.ms) 2023-07-17 21:19:35.992106
generations	MaxGenenerations	Populationk1	Populationk	PopulationElite	PopulationMutant	fitnessElite	alpha	min   	max  	avg    	std    
0          	0               	0           	0          	0              	0               	0           	0    	93.625	97.05	95.5799	0.47423
2          	113.618         	996         	998        	101            	198             	94.5346     	0.298	93.575	96.875	95.0726	0.579369
3          	113.603         	994         	996        	103            	197             	94.5534     	0.296	92.825	96.8  	94.9929	0.639533
10         	112.698         	980         	982        	110            	185             	93.9824     	0.284	92.75 	96.65 	94.4665	0.851621
11         	112.55          	978         	980        	111            	183             	93.8507     	0.282	92.675	96.5  	94.3401	0.88298 
12         	112.426         	976         	978        	112            	181             	93.7477     	0.280	92.2  	96.7  	94.2527	0.916971
15         	111.911         	970         	972        	116            	176             	93.458      	0.274	91.9  	96.95 	94.0265	1.0382  
18         	111.547         	964         	966        	119            	171             	93.2139     	0.269	91.825	96.775	93.736 	1.1405  
19         	111.456         	962         	964        	120            	170             	93.1501     	0.267	91.65 	96.575	93.6794	1.18668 
20         	111.199         	960         	962        	121            	168             	92.9592     	0.265	91.425	96.75 	93.5772	1.22894 
22         	110.987         	956         	958        	123            	165             	92.8472     	0.262	91.4  	96.75 	93.4647	1.30403 
25         	110.912         	950         	952        	126            	160             	92.7478     	0.256	91.375	96.675	93.3229	1.36037 
27         	110.887         	946         	948        	128            	156             	92.7165     	0.253	91.125	96.6  	93.2515	1.41385 
30         	110.584         	940         	942        	131            	152             	92.4989     	0.247	91.025	96.625	93.044 	1.47838 
33         	110.468         	934         	936        	134            	147             	92.3987     	0.242	91.025	96.475	92.9967	1.52448 
34         	110.418         	932         	934        	135            	145             	92.3342     	0.240	90.925	96.625	92.9164	1.49774 
35         	110.33          	930         	932        	136            	144             	92.2837     	0.238	90.875	96.775	92.9137	1.56125 
41         	110.297         	918         	920        	142            	134             	92.2114     	0.227	90.8  	96.5  	92.7308	1.64813 
43         	110.162         	914         	916        	144            	131             	92.0866     	0.223	90.65 	96.825	92.6554	1.66023 
48         	110.019         	904         	906        	149            	123             	91.9535     	0.214	90.625	96.775	92.5606	1.69747 
End Time (hh:mm:ss.ms) 2023-07-17 21:19:45.884630
Total Time (hh:mm:ss.ms) 0:00:09.892524
Individual: ([7, 11, 0, 12, 16, 13, 5, 2, 14, 8, 10, 18, 3, 4, 17, 1, 19, 9, 15, 6], [1, 1, 1, 1, 0, 0, 0, 0, 0, 0, 0, 0, 0, 0, 0, 1, 1, 1, 1, 1])
Fitness:  90.625
Gens:  [0, 1, 2, 3, 4, 5, 6, 7, 8, 9, 10, 11, 12, 13, 14, 15, 16, 17, 18, 19, 20, 21, 22, 23, 24, 25, 26, 27, 28, 29, 30, 31, 32, 33, 34, 35, 36, 37, 38, 39, 40, 41, 42, 43, 44, 45, 46, 47, 48, 49, 50, 51, 52, 53, 54, 55, 56, 57, 58, 59, 60, 61, 62, 63, 64, 65, 66, 67, 68, 69, 70, 71, 72, 73, 74, 75, 76, 77, 78, 79, 80, 81, 82, 83, 84, 85, 86, 87, 88, 89, 90, 91, 92, 93, 94, 95, 96, 97, 98, 99, 100, 101, 102, 103, 104, 105, 106, 107, 108, 109, 110]
Inds:  [93.625, 93.625, 93.57500000000003, 92.82500000000002, 92.82500000000002, 92.82500000000002, 92.82500000000002, 92.82500000000002, 92.82500000000002, 92.82500000000002, 92.75, 92.67500000000001, 92.20000000000002, 92.20000000000002, 92.20000000000002, 91.90000000000002, 91.90000000000002, 91.90000000000002, 91.82500000000002, 91.65, 91.42500000000001, 91.42500000000001, 91.40000000000002, 91.40000000000002, 91.40000000000002, 91.37500000000001, 91.37500000000001, 91.12500000000001, 91.12500000000001, 91.12500000000001, 91.02500000000002, 91.02500000000002, 91.02500000000002, 91.025, 90.92500000000001, 90.87500000000001, 90.87500000000001, 90.87500000000001, 90.87500000000001, 90.87500000000001, 90.87500000000001, 90.80000000000001, 90.80000000000001, 90.64999999999999, 90.64999999999999, 90.64999999999999, 90.64999999999999, 90.64999999999999, 90.625, 90.625, 90.625, 90.625, 90.625, 90.625, 90.625, 90.625, 90.625, 90.625, 90.625, 90.625, 90.625, 90.625, 90.625, 90.625, 90.625, 90.625, 90.625, 90.625, 90.625, 90.625, 90.625, 90.625, 90.625, 90.625, 90.625, 90.625, 90.625, 90.625, 90.625, 90.625, 90.625, 90.625, 90.625, 90.625, 90.625, 90.625, 90.625, 90.625, 90.625, 90.625, 90.625, 90.625, 90.625, 90.625, 90.625, 90.625, 90.625, 90.625, 90.625, 90.625, 90.625, 90.625, 90.625, 90.625, 90.625, 90.625, 90.625, 90.625, 90.625, 90.625, 90.625]

Execution 8:
Parameters: Y=0.998
Start Time (hh:mm:ss.ms) 2023-07-17 21:19:46.669631
generations	MaxGenenerations	Populationk1	Populationk	PopulationElite	PopulationMutant	fitnessElite	alpha	min 	max   	avg    	std     
0          	0               	0           	0          	0              	0               	0           	0    	93.6	96.875	95.5776	0.491616
1          	113.633         	998         	1000       	100            	200             	94.5825     	0.3  	93.55	97.175	95.2551	0.549252
2          	113.641         	996         	998        	101            	198             	94.6311     	0.298	93.075	96.775	95.1181	0.609779
4          	112.984         	992         	994        	104            	195             	94.1801     	0.294	92.925	96.8  	94.8587	0.701082
6          	112.78          	988         	990        	106            	192             	94.0313     	0.291	92.775	96.7  	94.7207	0.745925
7          	112.592         	986         	988        	107            	190             	93.9107     	0.289	92.725	96.7  	94.6718	0.803399
8          	112.531         	984         	986        	108            	188             	93.868      	0.287	92.325	96.425	94.519 	0.814019
9          	111.984         	982         	984        	109            	186             	93.4964     	0.285	92.1  	96.525	94.4131	0.875086
11         	111.756         	978         	980        	111            	183             	93.3765     	0.282	92.025	96.75 	94.0963	1.02289 
12         	111.693         	976         	978        	113            	181             	93.3494     	0.280	91.8  	96.775	93.9232	1.09562 
13         	111.425         	974         	976        	114            	180             	93.1853     	0.278	91.675	96.575	93.7826	1.15172 
15         	111.224         	970         	972        	116            	176             	93.0148     	0.274	91.55 	96.625	93.5667	1.25635 
16         	111.089         	968         	970        	117            	174             	92.9354     	0.272	91.425	96.6  	93.4355	1.32382 
17         	110.931         	966         	968        	118            	173             	92.8282     	0.271	91.325	96.675	93.4088	1.35928 
19         	110.81          	962         	964        	120            	169             	92.7361     	0.267	91.275	96.725	93.2762	1.36587 
20         	110.777         	960         	962        	121            	168             	92.723      	0.265	91.25 	97.1  	93.2543	1.42667 
21         	110.83          	958         	960        	122            	166             	92.7939     	0.263	91.2  	96.825	93.308 	1.38744 
22         	110.708         	956         	958        	123            	164             	92.6741     	0.262	91.1  	96.525	93.1801	1.42229 
23         	110.521         	954         	956        	124            	163             	92.5115     	0.260	91    	96.775	93.1163	1.46836 
24         	110.454         	952         	954        	125            	161             	92.492      	0.258	90.9  	96.475	93.1293	1.48952 
26         	110.333         	948         	950        	128            	158             	92.3963     	0.254	90.85 	96.675	92.9169	1.54675 
27         	110.25          	946         	948        	129            	156             	92.3228     	0.252	90.8  	96.825	92.9046	1.58586 
28         	110.223         	944         	946        	130            	155             	92.3123     	0.251	90.55 	96.65 	92.8403	1.5998  
35         	109.903         	930         	932        	137            	143             	92.0264     	0.238	90.45 	96.65 	92.5804	1.69459 
36         	109.759         	928         	930        	138            	142             	91.9146     	0.236	90.325	96.7  	92.5934	1.72844 
End Time (hh:mm:ss.ms) 2023-07-17 21:19:56.350630
Total Time (hh:mm:ss.ms) 0:00:09.680999
Individual: ([6, 16, 2, 5, 13, 12, 14, 8, 10, 1, 19, 9, 15, 18, 3, 4, 17, 0, 11, 7], [0, 1, 1, 1, 1, 0, 0, 0, 0, 1, 1, 1, 1, 0, 0, 0, 0, 0, 0, 0])
Fitness:  90.32499999999999
Gens:  [0, 1, 2, 3, 4, 5, 6, 7, 8, 9, 10, 11, 12, 13, 14, 15, 16, 17, 18, 19, 20, 21, 22, 23, 24, 25, 26, 27, 28, 29, 30, 31, 32, 33, 34, 35, 36, 37, 38, 39, 40, 41, 42, 43, 44, 45, 46, 47, 48, 49, 50, 51, 52, 53, 54, 55, 56, 57, 58, 59, 60, 61, 62, 63, 64, 65, 66, 67, 68, 69, 70, 71, 72, 73, 74, 75, 76, 77, 78, 79, 80, 81, 82, 83, 84, 85, 86, 87, 88, 89, 90, 91, 92, 93, 94, 95, 96, 97, 98, 99, 100, 101, 102, 103, 104, 105, 106, 107, 108, 109, 110]
Inds:  [93.6, 93.55, 93.07500000000002, 93.07500000000002, 92.925, 92.925, 92.775, 92.725, 92.325, 92.10000000000001, 92.10000000000001, 92.025, 91.8, 91.675, 91.675, 91.55, 91.425, 91.32500000000002, 91.32500000000002, 91.275, 91.25, 91.2, 91.1, 91.0, 90.9, 90.9, 90.85, 90.8, 90.55, 90.55, 90.55, 90.55, 90.55, 90.55, 90.55, 90.44999999999999, 90.32499999999999, 90.32499999999999, 90.32499999999999, 90.32499999999999, 90.32499999999999, 90.32499999999999, 90.32499999999999, 90.32499999999999, 90.32499999999999, 90.32499999999999, 90.32499999999999, 90.32499999999999, 90.32499999999999, 90.32499999999999, 90.32499999999999, 90.32499999999999, 90.32499999999999, 90.32499999999999, 90.32499999999999, 90.32499999999999, 90.32499999999999, 90.32499999999999, 90.32499999999999, 90.32499999999999, 90.32499999999999, 90.32499999999999, 90.32499999999999, 90.32499999999999, 90.32499999999999, 90.32499999999999, 90.32499999999999, 90.32499999999999, 90.32499999999999, 90.32499999999999, 90.32499999999999, 90.32499999999999, 90.32499999999999, 90.32499999999999, 90.32499999999999, 90.32499999999999, 90.32499999999999, 90.32499999999999, 90.32499999999999, 90.32499999999999, 90.32499999999999, 90.32499999999999, 90.32499999999999, 90.32499999999999, 90.32499999999999, 90.32499999999999, 90.32499999999999, 90.32499999999999, 90.32499999999999, 90.32499999999999, 90.32499999999999, 90.32499999999999, 90.32499999999999, 90.32499999999999, 90.32499999999999, 90.32499999999999, 90.32499999999999, 90.32499999999999, 90.32499999999999, 90.32499999999999, 90.32499999999999, 90.32499999999999, 90.32499999999999, 90.32499999999999, 90.32499999999999, 90.32499999999999, 90.32499999999999, 90.32499999999999, 90.32499999999999, 90.32499999999999, 90.32499999999999]

Execution 9:
Parameters: Y=0.998
Start Time (hh:mm:ss.ms) 2023-07-17 21:19:57.127630
generations	MaxGenenerations	Populationk1	Populationk	PopulationElite	PopulationMutant	fitnessElite	alpha	min   	max   	avg    	std     
0          	0               	0           	0          	0              	0               	0           	0    	94.175	96.975	95.5889	0.468734
1          	114.354         	998         	1000       	100            	200             	95.015      	0.3  	93.8  	96.725	95.3023	0.494263
2          	113.842         	996         	998        	101            	198             	94.6724     	0.298	93.3  	96.875	95.2063	0.55987 
3          	113.269         	994         	996        	103            	197             	94.3599     	0.296	93.175	96.8  	95.1031	0.611409
4          	113.1           	992         	994        	104            	195             	94.2433     	0.294	92.925	96.6  	94.9311	0.647218
7          	112.768         	986         	988        	107            	190             	94.0101     	0.289	92.675	96.7  	94.5646	0.809364
8          	112.471         	984         	986        	108            	188             	93.8324     	0.287	92.425	96.7  	94.4429	0.877194
9          	112.167         	982         	984        	109            	186             	93.6465     	0.285	92.025	96.875	94.2513	0.951335
10         	111.721         	980         	982        	110            	185             	93.4019     	0.283	91.925	96.55 	94.0156	1.01314 
11         	111.527         	978         	980        	111            	183             	93.2296     	0.282	91.85 	96.9  	93.8221	1.13498 
12         	111.514         	976         	978        	113            	181             	93.2654     	0.280	91.75 	96.775	93.721 	1.20622 
13         	111.365         	974         	976        	114            	180             	93.1492     	0.278	91.725	96.575	93.5768	1.22447 
14         	111.29          	972         	974        	115            	178             	93.0667     	0.276	91.675	96.65 	93.5613	1.30862 
15         	111.246         	970         	972        	116            	176             	93.0423     	0.274	91.35 	96.7  	93.5023	1.29508 
18         	110.874         	964         	966        	119            	171             	92.8044     	0.269	91.2  	96.8  	93.3286	1.38699 
20         	110.647         	960         	962        	121            	168             	92.6213     	0.265	91.075	96.55 	93.1624	1.4039  
23         	110.518         	954         	956        	124            	163             	92.5255     	0.260	90.85 	96.675	93.0876	1.49762 
27         	110.306         	946         	948        	129            	156             	92.3861     	0.252	90.8  	96.725	93.0002	1.5828  
31         	110.201         	938         	940        	133            	150             	92.2549     	0.245	90.725	96.575	92.7405	1.63615 
33         	110.082         	934         	936        	135            	147             	92.1459     	0.241	90.7  	96.65 	92.7441	1.65582 
35         	110.096         	930         	932        	137            	143             	92.1532     	0.238	90.575	96.75 	92.6971	1.64743 
48         	109.939         	904         	906        	149            	123             	91.9049     	0.214	90.45 	96.825	92.3396	1.69879 
49         	109.798         	902         	904        	150            	122             	91.8051     	0.212	90.35 	97.05 	92.3499	1.72867 
62         	109.666         	876         	878        	161            	103             	91.5627     	0.188	90.15 	96.85 	92.0267	1.79716 
End Time (hh:mm:ss.ms) 2023-07-17 21:20:06.924631
Total Time (hh:mm:ss.ms) 0:00:09.797001
Individual: ([7, 11, 18, 3, 4, 17, 15, 9, 19, 1, 10, 8, 14, 2, 5, 13, 16, 0, 12, 6], [1, 1, 0, 0, 0, 0, 0, 0, 0, 0, 1, 1, 1, 1, 1, 1, 1, 1, 1, 1])
Fitness:  90.15
Gens:  [0, 1, 2, 3, 4, 5, 6, 7, 8, 9, 10, 11, 12, 13, 14, 15, 16, 17, 18, 19, 20, 21, 22, 23, 24, 25, 26, 27, 28, 29, 30, 31, 32, 33, 34, 35, 36, 37, 38, 39, 40, 41, 42, 43, 44, 45, 46, 47, 48, 49, 50, 51, 52, 53, 54, 55, 56, 57, 58, 59, 60, 61, 62, 63, 64, 65, 66, 67, 68, 69, 70, 71, 72, 73, 74, 75, 76, 77, 78, 79, 80, 81, 82, 83, 84, 85, 86, 87, 88, 89, 90, 91, 92, 93, 94, 95, 96, 97, 98, 99, 100, 101, 102, 103, 104, 105, 106, 107, 108, 109, 110]
Inds:  [94.175, 93.80000000000003, 93.30000000000001, 93.175, 92.92500000000001, 92.92500000000001, 92.92500000000001, 92.67500000000001, 92.425, 92.025, 91.92500000000001, 91.85, 91.75, 91.725, 91.675, 91.35000000000001, 91.35000000000001, 91.35000000000001, 91.19999999999999, 91.19999999999999, 91.075, 91.075, 91.075, 90.85, 90.85, 90.85, 90.85, 90.80000000000001, 90.80000000000001, 90.80000000000001, 90.80000000000001, 90.725, 90.725, 90.7, 90.7, 90.57499999999999, 90.57499999999999, 90.57499999999999, 90.57499999999999, 90.57499999999999, 90.57499999999999, 90.57499999999999, 90.57499999999999, 90.57499999999999, 90.57499999999999, 90.57499999999999, 90.57499999999999, 90.57499999999999, 90.44999999999999, 90.35, 90.35, 90.35, 90.35, 90.35, 90.35, 90.35, 90.35, 90.35, 90.35, 90.35, 90.35, 90.35, 90.15, 90.15, 90.15, 90.15, 90.15, 90.15, 90.15, 90.15, 90.15, 90.15, 90.15, 90.15, 90.15, 90.15, 90.15, 90.15, 90.15, 90.15, 90.15, 90.15, 90.15, 90.15, 90.15, 90.15, 90.15, 90.15, 90.15, 90.15, 90.15, 90.15, 90.15, 90.15, 90.15, 90.15, 90.15, 90.15, 90.15, 90.15, 90.15, 90.15, 90.15, 90.15, 90.15, 90.15, 90.15, 90.15, 90.15, 90.15, 90.15]

Execution 10:
Parameters: Y=0.998
Start Time (hh:mm:ss.ms) 2023-07-17 21:20:07.661629
generations	MaxGenenerations	Populationk1	Populationk	PopulationElite	PopulationMutant	fitnessElite	alpha	min 	max   	avg    	std     
0          	0               	0           	0          	0              	0               	0           	0    	93.6	97.025	95.5551	0.485101
1          	113.667         	998         	1000       	100            	200             	94.6275     	0.3  	93.6	96.775	95.2164	0.556897
2          	113.61          	996         	998        	101            	198             	94.5469     	0.298	93.35	96.85 	95.0512	0.626361
3          	113.324         	994         	996        	103            	197             	94.3876     	0.296	93.175	96.85 	94.9389	0.665567
4          	113.111         	992         	994        	104            	195             	94.258      	0.294	93.05 	96.75 	94.8427	0.728613
5          	112.937         	990         	992        	105            	193             	94.1338     	0.292	92.8  	96.95 	94.7298	0.745048
6          	112.679         	988         	990        	106            	192             	94.0082     	0.291	92.35 	96.825	94.5818	0.815086
7          	112.104         	986         	988        	107            	190             	93.6446     	0.289	92.2  	96.575	94.4104	0.872006
9          	111.872         	982         	984        	109            	186             	93.4571     	0.285	92.075	96.75 	94.0191	1.00896 
11         	111.715         	978         	980        	111            	183             	93.3444     	0.282	91.825	97.05 	93.8158	1.11552 
14         	111.411         	972         	974        	115            	178             	93.1391     	0.276	91.475	96.55 	93.5662	1.22647 
19         	111.02          	962         	964        	120            	170             	92.8798     	0.267	91.45 	97.1  	93.3136	1.37244 
20         	111.073         	960         	962        	121            	168             	92.9517     	0.265	91.375	97    	93.3308	1.36229 
21         	110.96          	958         	960        	122            	166             	92.8597     	0.263	91.35 	96.675	93.2718	1.41303 
22         	110.857         	956         	958        	123            	165             	92.7458     	0.262	91.225	96.8  	93.1682	1.42513 
23         	110.733         	954         	956        	124            	163             	92.676      	0.260	91.175	96.775	93.1547	1.43838 
24         	110.667         	952         	954        	125            	161             	92.6222     	0.258	91    	96.725	93.0485	1.41914 
26         	110.432         	948         	950        	127            	158             	92.4456     	0.254	90.925	96.75 	93.0511	1.46658 
29         	110.397         	942         	944        	131            	153             	92.4206     	0.249	90.8  	96.65 	92.9212	1.53366 
34         	110.195         	932         	934        	136            	145             	92.2166     	0.240	90.725	96.6  	92.7468	1.64253 
36         	110.099         	928         	930        	138            	142             	92.1317     	0.236	90.675	96.525	92.6558	1.64474 
37         	110.005         	926         	928        	139            	140             	92.0471     	0.234	90.575	96.425	92.5482	1.66235 
38         	109.862         	924         	926        	140            	139             	91.936      	0.232	90.45 	96.875	92.5241	1.68635 
49         	109.721         	902         	904        	150            	122             	91.7303     	0.212	90.2  	96.575	92.1716	1.77487 
End Time (hh:mm:ss.ms) 2023-07-17 21:20:17.693631
Total Time (hh:mm:ss.ms) 0:00:10.032002
Individual: ([6, 16, 0, 1, 19, 9, 15, 10, 8, 14, 2, 5, 13, 12, 11, 17, 18, 3, 4, 7], [0, 1, 1, 1, 1, 1, 1, 1, 1, 1, 1, 1, 1, 0, 0, 0, 0, 0, 0, 0])
Fitness:  90.2
Gens:  [0, 1, 2, 3, 4, 5, 6, 7, 8, 9, 10, 11, 12, 13, 14, 15, 16, 17, 18, 19, 20, 21, 22, 23, 24, 25, 26, 27, 28, 29, 30, 31, 32, 33, 34, 35, 36, 37, 38, 39, 40, 41, 42, 43, 44, 45, 46, 47, 48, 49, 50, 51, 52, 53, 54, 55, 56, 57, 58, 59, 60, 61, 62, 63, 64, 65, 66, 67, 68, 69, 70, 71, 72, 73, 74, 75, 76, 77, 78, 79, 80, 81, 82, 83, 84, 85, 86, 87, 88, 89, 90, 91, 92, 93, 94, 95, 96, 97, 98, 99, 100, 101, 102, 103, 104, 105, 106, 107, 108, 109, 110]
Inds:  [93.60000000000002, 93.6, 93.35000000000002, 93.17500000000001, 93.05000000000001, 92.80000000000001, 92.35, 92.2, 92.2, 92.07500000000002, 92.07500000000002, 91.825, 91.825, 91.825, 91.47500000000002, 91.47500000000002, 91.47500000000002, 91.47500000000002, 91.47500000000002, 91.45, 91.37500000000001, 91.35000000000001, 91.22500000000001, 91.17500000000001, 91.0, 91.0, 90.92500000000001, 90.92500000000001, 90.92500000000001, 90.80000000000001, 90.80000000000001, 90.80000000000001, 90.80000000000001, 90.80000000000001, 90.72500000000001, 90.72500000000001, 90.67500000000001, 90.575, 90.45, 90.45, 90.45, 90.45, 90.45, 90.45, 90.45, 90.45, 90.45, 90.45, 90.45, 90.2, 90.2, 90.2, 90.2, 90.2, 90.2, 90.2, 90.2, 90.2, 90.2, 90.2, 90.2, 90.2, 90.2, 90.2, 90.2, 90.2, 90.2, 90.2, 90.2, 90.2, 90.2, 90.2, 90.2, 90.2, 90.2, 90.2, 90.2, 90.2, 90.2, 90.2, 90.2, 90.2, 90.2, 90.2, 90.2, 90.2, 90.2, 90.2, 90.2, 90.2, 90.2, 90.2, 90.2, 90.2, 90.2, 90.2, 90.2, 90.2, 90.2, 90.2, 90.2, 90.2, 90.2, 90.2, 90.2, 90.2, 90.2, 90.2, 90.2, 90.2, 90.2]

