A-BRKGA:

Execution 1:
Parameters: Y=0.998
Start Time (hh:mm:ss.ms) 2023-07-17 21:14:13.587553
generations	MaxGenenerations	Populationk1	Populationk	PopulationElite	PopulationMutant	fitnessElite	alpha	min   	max   	avg    	std     
0          	0               	0           	0          	0              	0               	0           	0    	74.575	77.275	76.3539	0.429776
1          	87.0524         	998         	1000       	100            	200             	75.385      	0.3  	74.275	77.3  	75.9149	0.526744
2          	86.7065         	996         	998        	102            	198             	75.1755     	0.297	73.925	77.425	75.7427	0.585737
5          	86.2893         	990         	992        	106            	192             	74.8917     	0.290	73.675	77.3  	75.4752	0.698289
8          	86.0276         	984         	986        	111            	185             	74.739      	0.283	73.575	77.25 	75.2392	0.79538 
10         	85.8937         	980         	982        	114            	181             	74.6214     	0.279	73.3  	77.3  	75.1862	0.83705 
11         	85.5683         	978         	980        	115            	179             	74.4065     	0.276	73.2  	77.475	75.11  	0.872176
12         	85.4816         	976         	978        	117            	177             	74.3725     	0.274	73.125	77.1  	75.0662	0.89192 
13         	85.3299         	974         	976        	118            	175             	74.2057     	0.271	73    	77.275	74.9861	0.896899
18         	85.2053         	964         	966        	126            	164             	74.0989     	0.260	72.925	77.325	74.6614	1.05226 
20         	85.088          	960         	962        	129            	160             	73.9783     	0.255	72.875	77.225	74.5627	1.12396 
22         	85.068          	956         	958        	131            	156             	73.9778     	0.250	72.85 	77.4  	74.5405	1.16965 
23         	85.0601         	954         	956        	133            	154             	73.9796     	0.248	72.775	77.425	74.4384	1.17706 
25         	84.9257         	950         	952        	136            	150             	73.8341     	0.243	72.725	77.275	74.3989	1.21708 
29         	84.8929         	942         	944        	141            	142             	73.7899     	0.234	72.7  	77.05 	74.283 	1.2357  
31         	84.8637         	938         	940        	144            	138             	73.749      	0.229	72.6  	77.45 	74.2078	1.26573 
36         	84.7512         	928         	930        	151            	129             	73.6218     	0.217	72.55 	77.475	74.0239	1.28251 
38         	84.6759         	924         	926        	153            	125             	73.5386     	0.212	72.45 	77.35 	73.9818	1.33202 
42         	84.6015         	916         	918        	159            	117             	73.4654     	0.203	72.4  	77.4  	73.8209	1.33442 
End Time (hh:mm:ss.ms) 2023-07-17 21:14:20.283555
Total Time (hh:mm:ss.ms) 0:00:06.696002
Individual: ([11, 7, 4, 0, 14, 3, 10, 1, 2, 8, 9, 12, 13, 6, 5, 15], [0, 1, 1, 1, 0, 0, 0, 0, 0, 0, 0, 0, 1, 0, 0, 0])
Fitness:  72.4
Gens:  [0, 1, 2, 3, 4, 5, 6, 7, 8, 9, 10, 11, 12, 13, 14, 15, 16, 17, 18, 19, 20, 21, 22, 23, 24, 25, 26, 27, 28, 29, 30, 31, 32, 33, 34, 35, 36, 37, 38, 39, 40, 41, 42, 43, 44, 45, 46, 47, 48, 49, 50, 51, 52, 53, 54, 55, 56, 57, 58, 59, 60, 61, 62, 63, 64, 65, 66, 67, 68, 69, 70, 71, 72, 73, 74, 75, 76, 77, 78, 79, 80, 81, 82, 83, 84, 85]
Inds:  [74.575, 74.275, 73.925, 73.925, 73.925, 73.675, 73.675, 73.675, 73.57499999999999, 73.57499999999999, 73.3, 73.19999999999999, 73.125, 73.0, 73.0, 73.0, 73.0, 73.0, 72.925, 72.925, 72.875, 72.875, 72.85, 72.77499999999999, 72.77499999999999, 72.725, 72.725, 72.725, 72.725, 72.69999999999999, 72.69999999999999, 72.6, 72.6, 72.6, 72.6, 72.6, 72.55, 72.55, 72.44999999999999, 72.44999999999999, 72.44999999999999, 72.44999999999999, 72.4, 72.4, 72.4, 72.4, 72.4, 72.4, 72.4, 72.4, 72.4, 72.4, 72.4, 72.4, 72.4, 72.4, 72.4, 72.4, 72.4, 72.4, 72.4, 72.4, 72.4, 72.4, 72.4, 72.4, 72.4, 72.4, 72.4, 72.4, 72.4, 72.4, 72.4, 72.4, 72.4, 72.4, 72.4, 72.4, 72.4, 72.4, 72.4, 72.4, 72.4, 72.4, 72.4, 72.4]

Execution 2:
Parameters: Y=0.998
Start Time (hh:mm:ss.ms) 2023-07-17 21:14:21.038553
generations	MaxGenenerations	Populationk1	Populationk	PopulationElite	PopulationMutant	fitnessElite	alpha	min   	max 	avg   	std     
0          	0               	0           	0          	0              	0               	0           	0    	74.925	77.4	76.365	0.438594
1          	87.4828         	998         	1000       	100            	200             	75.6675     	0.3  	74.675	77.325	76.0426	0.486872
2          	87.1778         	996         	998        	102            	198             	75.4639     	0.297	74.175	77.375	75.8817	0.549206
4          	86.6071         	992         	994        	105            	194             	75.1202     	0.293	74.125	77.35 	75.671 	0.654296
5          	86.5401         	990         	992        	106            	192             	75.0627     	0.290	74.05 	77.35 	75.5847	0.678577
6          	86.4525         	988         	990        	108            	190             	75.0018     	0.288	73.725	77.35 	75.4991	0.701644
7          	86.0731         	986         	988        	109            	187             	74.762      	0.286	73.65 	77.175	75.4267	0.719854
9          	86.0157         	982         	984        	112            	183             	74.7404     	0.281	73.525	77.225	75.3078	0.791515
12         	85.8482         	976         	978        	117            	177             	74.5882     	0.274	73.45 	77.275	75.0652	0.867567
14         	85.7477         	972         	974        	120            	173             	74.495      	0.269	73.125	77.225	75.0098	0.948714
16         	85.3598         	968         	970        	123            	169             	74.2241     	0.264	72.925	77.35 	74.8508	0.997505
22         	85.1561         	956         	958        	131            	156             	74.0593     	0.250	72.775	77.2  	74.512 	1.11131 
23         	84.9385         	954         	956        	133            	154             	73.8733     	0.248	72.55 	77.25 	74.3878	1.14486 
26         	84.6547         	948         	950        	137            	148             	73.6402     	0.240	72.5  	77.325	74.3039	1.2023  
30         	84.626          	940         	942        	143            	140             	73.5994     	0.231	72.475	77.3  	74.1161	1.29716 
32         	84.618          	936         	938        	146            	136             	73.586      	0.226	72.45 	77.275	74.0803	1.28685 
33         	84.5718         	934         	936        	147            	134             	73.5324     	0.224	72.4  	77.2  	74.0338	1.29662 
34         	84.5008         	932         	934        	148            	132             	73.4651     	0.221	72.35 	77.35 	73.9505	1.30913 
39         	84.4551         	922         	924        	155            	123             	73.3843     	0.210	72.2  	77.175	73.8711	1.3746  
40         	84.2631         	920         	922        	156            	121             	73.232      	0.207	72.15 	77.1  	73.786 	1.37894 
End Time (hh:mm:ss.ms) 2023-07-17 21:14:27.600554
Total Time (hh:mm:ss.ms) 0:00:06.562001
Individual: ([15, 5, 7, 13, 14, 3, 10, 1, 2, 8, 9, 12, 0, 4, 6, 11], [1, 1, 0, 0, 0, 0, 0, 0, 0, 0, 0, 0, 0, 0, 1, 1])
Fitness:  72.14999999999999
Gens:  [0, 1, 2, 3, 4, 5, 6, 7, 8, 9, 10, 11, 12, 13, 14, 15, 16, 17, 18, 19, 20, 21, 22, 23, 24, 25, 26, 27, 28, 29, 30, 31, 32, 33, 34, 35, 36, 37, 38, 39, 40, 41, 42, 43, 44, 45, 46, 47, 48, 49, 50, 51, 52, 53, 54, 55, 56, 57, 58, 59, 60, 61, 62, 63, 64, 65, 66, 67, 68, 69, 70, 71, 72, 73, 74, 75, 76, 77, 78, 79, 80, 81, 82, 83, 84, 85]
Inds:  [74.92500000000001, 74.67500000000001, 74.17500000000001, 74.17500000000001, 74.12500000000001, 74.05, 73.725, 73.64999999999999, 73.64999999999999, 73.52499999999999, 73.52499999999999, 73.52499999999999, 73.45, 73.45, 73.125, 73.125, 72.925, 72.925, 72.925, 72.925, 72.925, 72.925, 72.77499999999999, 72.55, 72.55, 72.55, 72.5, 72.5, 72.5, 72.5, 72.475, 72.475, 72.44999999999999, 72.39999999999999, 72.35, 72.35, 72.35, 72.35, 72.35, 72.2, 72.14999999999999, 72.14999999999999, 72.14999999999999, 72.14999999999999, 72.14999999999999, 72.14999999999999, 72.14999999999999, 72.14999999999999, 72.14999999999999, 72.14999999999999, 72.14999999999999, 72.14999999999999, 72.14999999999999, 72.14999999999999, 72.14999999999999, 72.14999999999999, 72.14999999999999, 72.14999999999999, 72.14999999999999, 72.14999999999999, 72.14999999999999, 72.14999999999999, 72.14999999999999, 72.14999999999999, 72.14999999999999, 72.14999999999999, 72.14999999999999, 72.14999999999999, 72.14999999999999, 72.14999999999999, 72.14999999999999, 72.14999999999999, 72.14999999999999, 72.14999999999999, 72.14999999999999, 72.14999999999999, 72.14999999999999, 72.14999999999999, 72.14999999999999, 72.14999999999999, 72.14999999999999, 72.14999999999999, 72.14999999999999, 72.14999999999999, 72.14999999999999, 72.14999999999999]

Execution 3:
Parameters: Y=0.998
Start Time (hh:mm:ss.ms) 2023-07-17 21:14:28.306554
generations	MaxGenenerations	Populationk1	Populationk	PopulationElite	PopulationMutant	fitnessElite	alpha	min  	max   	avg    	std     
0          	0               	0           	0          	0              	0               	0           	0    	74.05	77.525	76.3166	0.449163
2          	86.4395         	996         	998        	102            	198             	75.01       	0.297	74.025	77.275	75.6994	0.663441
3          	86.4104         	994         	996        	103            	196             	74.985      	0.295	73.95 	77.25 	75.5865	0.707885
5          	86.3271         	990         	992        	106            	192             	74.924      	0.290	73.7  	77.45 	75.4121	0.803386
7          	86.031          	986         	988        	109            	187             	74.7226     	0.286	73.475	77.475	75.2831	0.847743
12         	85.7512         	976         	978        	117            	177             	74.4901     	0.274	73.45 	77.475	75.0681	0.914555
13         	85.7735         	974         	976        	118            	175             	74.5449     	0.272	73.175	77.2  	74.9992	0.935664
14         	85.4053         	972         	974        	120            	173             	74.26       	0.269	72.975	77.3  	74.8925	0.984192
16         	85.2273         	968         	970        	123            	169             	74.1798     	0.264	72.95 	77.35 	74.7174	1.01605 
17         	85.1683         	966         	968        	124            	166             	74.1047     	0.262	72.925	77.275	74.6007	1.10057 
19         	85.1391         	962         	964        	127            	162             	74.0654     	0.257	72.825	77.225	74.4299	1.17729 
21         	85.0266         	958         	960        	130            	158             	73.9759     	0.252	72.75 	77.2  	74.3803	1.21458 
23         	84.922          	954         	956        	133            	154             	73.873      	0.248	72.525	77.375	74.2972	1.23942 
24         	84.6763         	952         	954        	134            	152             	73.7165     	0.245	72.4  	77.275	74.1871	1.25494 
46         	84.5262         	908         	910        	164            	110             	73.3579     	0.193	72.375	77.5  	73.6166	1.33689 
50         	84.4378         	900         	902        	169            	102             	73.2257     	0.183	72.15 	77.05 	73.5337	1.31472 
End Time (hh:mm:ss.ms) 2023-07-17 21:14:35.388067
Total Time (hh:mm:ss.ms) 0:00:07.081513
Individual: ([15, 5, 6, 3, 14, 12, 9, 0, 13, 7, 4, 8, 2, 1, 10, 11], [1, 1, 1, 1, 1, 1, 1, 1, 1, 1, 1, 1, 1, 1, 1, 1])
Fitness:  72.15
Gens:  [0, 1, 2, 3, 4, 5, 6, 7, 8, 9, 10, 11, 12, 13, 14, 15, 16, 17, 18, 19, 20, 21, 22, 23, 24, 25, 26, 27, 28, 29, 30, 31, 32, 33, 34, 35, 36, 37, 38, 39, 40, 41, 42, 43, 44, 45, 46, 47, 48, 49, 50, 51, 52, 53, 54, 55, 56, 57, 58, 59, 60, 61, 62, 63, 64, 65, 66, 67, 68, 69, 70, 71, 72, 73, 74, 75, 76, 77, 78, 79, 80, 81, 82, 83, 84, 85]
Inds:  [74.05, 74.05, 74.02499999999999, 73.95, 73.95, 73.7, 73.7, 73.47499999999998, 73.47499999999998, 73.47499999999998, 73.47499999999998, 73.47499999999998, 73.44999999999999, 73.175, 72.97499999999998, 72.97499999999998, 72.94999999999999, 72.925, 72.925, 72.82499999999999, 72.82499999999999, 72.74999999999999, 72.74999999999999, 72.52499999999999, 72.39999999999999, 72.39999999999999, 72.39999999999999, 72.39999999999999, 72.39999999999999, 72.39999999999999, 72.39999999999999, 72.39999999999999, 72.39999999999999, 72.39999999999999, 72.39999999999999, 72.39999999999999, 72.39999999999999, 72.39999999999999, 72.39999999999999, 72.39999999999999, 72.39999999999999, 72.39999999999999, 72.39999999999999, 72.39999999999999, 72.39999999999999, 72.39999999999999, 72.375, 72.375, 72.375, 72.375, 72.15, 72.15, 72.15, 72.15, 72.15, 72.15, 72.15, 72.15, 72.15, 72.15, 72.15, 72.15, 72.15, 72.15, 72.15, 72.15, 72.15, 72.15, 72.15, 72.15, 72.15, 72.15, 72.15, 72.15, 72.15, 72.15, 72.15, 72.15, 72.15, 72.15, 72.15, 72.15, 72.15, 72.15, 72.15, 72.15]

Execution 4:
Parameters: Y=0.998
Start Time (hh:mm:ss.ms) 2023-07-17 21:14:36.164066
generations	MaxGenenerations	Populationk1	Populationk	PopulationElite	PopulationMutant	fitnessElite	alpha	min  	max   	avg    	std     
0          	0               	0           	0          	0              	0               	0           	0    	74.65	77.625	76.3533	0.416099
1          	87.201          	998         	1000       	100            	200             	75.5425     	0.3  	74.4 	77.45 	75.9859	0.486046
4          	86.8394         	992         	994        	105            	194             	75.228      	0.293	74.125	77.275	75.6705	0.644706
5          	86.5271         	990         	992        	106            	192             	75.0409     	0.290	74.025	77.3  	75.5828	0.656067
6          	86.4147         	988         	990        	108            	190             	74.9696     	0.288	73.7  	77.15 	75.5335	0.697592
9          	86.0482         	982         	984        	112            	183             	74.7342     	0.281	73.625	77.3  	75.373 	0.805814
10         	85.9477         	980         	982        	114            	181             	74.6505     	0.279	73.5  	77.175	75.2583	0.817334
11         	85.7804         	978         	980        	115            	179             	74.5168     	0.276	73.175	77.3  	75.1408	0.858293
13         	85.4267         	974         	976        	118            	175             	74.3034     	0.271	73.075	77.4  	74.9111	0.922322
15         	85.2886         	970         	972        	121            	171             	74.1771     	0.267	72.95 	77.525	74.7835	0.991474
17         	85.1726         	966         	968        	124            	166             	74.1112     	0.262	72.85 	77.15 	74.6774	1.05101 
18         	85.0175         	964         	966        	126            	164             	73.968      	0.260	72.8  	77.225	74.6101	1.09525 
20         	85.0315         	960         	962        	129            	160             	74.0191     	0.255	72.775	77.375	74.4702	1.1468  
22         	84.9725         	956         	958        	132            	156             	73.9339     	0.250	72.675	77.2  	74.4228	1.16816 
25         	84.8302         	950         	952        	136            	150             	73.7886     	0.243	72.6  	77.3  	74.2971	1.20265 
27         	84.7385         	946         	948        	139            	146             	73.7037     	0.238	72.575	77.35 	74.2478	1.20643 
28         	84.7305         	944         	946        	140            	144             	73.7032     	0.236	72.55 	77.4  	74.1992	1.25602 
33         	84.6843         	934         	936        	147            	134             	73.6048     	0.224	72.525	77.15 	74.1043	1.3063  
34         	84.6382         	932         	934        	148            	132             	73.5518     	0.222	72.375	77.25 	73.9378	1.28607 
77         	84.4632         	846         	848        	199            	56              	72.9482     	0.120	72.15 	77.65 	73.1965	1.1053  
End Time (hh:mm:ss.ms) 2023-07-17 21:14:42.835584
Total Time (hh:mm:ss.ms) 0:00:06.671518
Individual: ([15, 5, 7, 13, 14, 3, 10, 1, 2, 8, 9, 12, 0, 4, 6, 11], [1, 1, 0, 0, 0, 0, 0, 0, 0, 0, 0, 0, 0, 0, 1, 1])
Fitness:  72.14999999999999
Gens:  [0, 1, 2, 3, 4, 5, 6, 7, 8, 9, 10, 11, 12, 13, 14, 15, 16, 17, 18, 19, 20, 21, 22, 23, 24, 25, 26, 27, 28, 29, 30, 31, 32, 33, 34, 35, 36, 37, 38, 39, 40, 41, 42, 43, 44, 45, 46, 47, 48, 49, 50, 51, 52, 53, 54, 55, 56, 57, 58, 59, 60, 61, 62, 63, 64, 65, 66, 67, 68, 69, 70, 71, 72, 73, 74, 75, 76, 77, 78, 79, 80, 81, 82, 83, 84, 85]
Inds:  [74.65, 74.4, 74.4, 74.4, 74.125, 74.025, 73.7, 73.7, 73.7, 73.625, 73.5, 73.175, 73.175, 73.075, 73.075, 72.94999999999999, 72.94999999999999, 72.85, 72.80000000000001, 72.80000000000001, 72.775, 72.775, 72.675, 72.675, 72.675, 72.6, 72.6, 72.575, 72.55, 72.55, 72.55, 72.55, 72.55, 72.525, 72.375, 72.375, 72.375, 72.375, 72.375, 72.375, 72.375, 72.375, 72.375, 72.375, 72.375, 72.375, 72.375, 72.375, 72.375, 72.375, 72.375, 72.375, 72.375, 72.375, 72.375, 72.375, 72.375, 72.375, 72.375, 72.375, 72.375, 72.375, 72.375, 72.375, 72.375, 72.375, 72.375, 72.375, 72.375, 72.375, 72.375, 72.375, 72.375, 72.375, 72.375, 72.375, 72.375, 72.14999999999999, 72.14999999999999, 72.14999999999999, 72.14999999999999, 72.14999999999999, 72.14999999999999, 72.14999999999999, 72.14999999999999, 72.14999999999999]

Execution 5:
Parameters: Y=0.998
Start Time (hh:mm:ss.ms) 2023-07-17 21:14:43.550585
generations	MaxGenenerations	Populationk1	Populationk	PopulationElite	PopulationMutant	fitnessElite	alpha	min  	max   	avg    	std     
0          	0               	0           	0          	0              	0               	0           	0    	74.85	77.575	76.3424	0.426219
1          	87.4259         	998         	1000       	100            	200             	75.6675     	0.3  	74.8 	77.325	76.0714	0.482106
2          	87.3238         	996         	998        	102            	198             	75.5517     	0.297	74.35	77.4  	75.8861	0.542657
3          	86.8115         	994         	996        	103            	196             	75.2509     	0.295	74.25	77.3  	75.7611	0.592701
4          	86.6773         	992         	994        	105            	194             	75.1439     	0.293	74.175	77.275	75.6519	0.634137
5          	86.5855         	990         	992        	106            	192             	75.0764     	0.290	73.85 	77.2  	75.5399	0.677393
6          	86.1931         	988         	990        	108            	190             	74.8161     	0.288	73.75 	77.05 	75.4545	0.733197
7          	86.0506         	986         	988        	109            	187             	74.694      	0.286	73.525	77.475	75.3656	0.77327 
8          	85.8611         	984         	986        	111            	185             	74.6456     	0.283	73.425	77.175	75.2735	0.787397
10         	85.7143         	980         	982        	114            	181             	74.5061     	0.278	73.05 	77.5  	75.0963	0.850293
15         	85.2594         	970         	972        	121            	171             	74.1587     	0.267	73    	77.425	74.6783	1.03898 
17         	85.2053         	966         	968        	124            	166             	74.1088     	0.262	72.95 	77.225	74.5489	1.08819 
19         	85.1768         	962         	964        	127            	162             	74.0969     	0.257	72.825	77.4  	74.4593	1.13025 
21         	84.9926         	958         	960        	130            	158             	73.9253     	0.252	72.7  	77.05 	74.3179	1.12928 
23         	84.9189         	954         	956        	133            	154             	73.9161     	0.248	72.7  	77.4  	74.3264	1.19013 
24         	84.8849         	952         	954        	134            	152             	73.8553     	0.245	72.65 	77.3  	74.2045	1.18358 
25         	84.8096         	950         	952        	136            	150             	73.7818     	0.243	72.525	77.35 	74.1759	1.20938 
28         	84.6679         	944         	946        	140            	144             	73.6589     	0.236	72.45 	77.35 	73.9993	1.28171 
35         	84.6057         	930         	932        	150            	130             	73.5536     	0.219	72.425	77.525	73.836 	1.34457 
40         	84.53           	920         	922        	156            	121             	73.4169     	0.207	72.2  	77.275	73.7802	1.39772 
End Time (hh:mm:ss.ms) 2023-07-17 21:14:50.069584
Total Time (hh:mm:ss.ms) 0:00:06.518999
Individual: ([15, 5, 7, 13, 14, 3, 10, 1, 2, 8, 0, 12, 9, 4, 6, 11], [1, 1, 0, 0, 0, 0, 0, 0, 0, 0, 1, 1, 1, 0, 1, 1])
Fitness:  72.19999999999999
Gens:  [0, 1, 2, 3, 4, 5, 6, 7, 8, 9, 10, 11, 12, 13, 14, 15, 16, 17, 18, 19, 20, 21, 22, 23, 24, 25, 26, 27, 28, 29, 30, 31, 32, 33, 34, 35, 36, 37, 38, 39, 40, 41, 42, 43, 44, 45, 46, 47, 48, 49, 50, 51, 52, 53, 54, 55, 56, 57, 58, 59, 60, 61, 62, 63, 64, 65, 66, 67, 68, 69, 70, 71, 72, 73, 74, 75, 76, 77, 78, 79, 80, 81, 82, 83, 84, 85]
Inds:  [74.85, 74.8, 74.35, 74.24999999999999, 74.17500000000001, 73.85, 73.75, 73.525, 73.42500000000001, 73.42500000000001, 73.05, 73.05, 73.05, 73.05, 73.05, 73.0, 73.0, 72.94999999999999, 72.94999999999999, 72.82499999999999, 72.82499999999999, 72.7, 72.7, 72.69999999999999, 72.64999999999999, 72.52499999999999, 72.52499999999999, 72.52499999999999, 72.44999999999999, 72.44999999999999, 72.44999999999999, 72.44999999999999, 72.44999999999999, 72.44999999999999, 72.44999999999999, 72.425, 72.425, 72.425, 72.425, 72.425, 72.19999999999999, 72.19999999999999, 72.19999999999999, 72.19999999999999, 72.19999999999999, 72.19999999999999, 72.19999999999999, 72.19999999999999, 72.19999999999999, 72.19999999999999, 72.19999999999999, 72.19999999999999, 72.19999999999999, 72.19999999999999, 72.19999999999999, 72.19999999999999, 72.19999999999999, 72.19999999999999, 72.19999999999999, 72.19999999999999, 72.19999999999999, 72.19999999999999, 72.19999999999999, 72.19999999999999, 72.19999999999999, 72.19999999999999, 72.19999999999999, 72.19999999999999, 72.19999999999999, 72.19999999999999, 72.19999999999999, 72.19999999999999, 72.19999999999999, 72.19999999999999, 72.19999999999999, 72.19999999999999, 72.19999999999999, 72.19999999999999, 72.19999999999999, 72.19999999999999, 72.19999999999999, 72.19999999999999, 72.19999999999999, 72.19999999999999, 72.19999999999999, 72.19999999999999]

Execution 6:
Parameters: Y=0.998
Start Time (hh:mm:ss.ms) 2023-07-17 21:14:50.793584
generations	MaxGenenerations	Populationk1	Populationk	PopulationElite	PopulationMutant	fitnessElite	alpha	min   	max  	avg    	std     
0          	0               	0           	0          	0              	0               	0           	0    	74.525	77.45	76.3316	0.448036
1          	87.0245         	998         	1000       	100            	200             	75.4025     	0.3  	74.3  	77.4 	75.9257	0.552996
2          	86.7531         	996         	998        	102            	198             	75.2229     	0.297	73.95 	77.25	75.7642	0.602736
4          	86.3185         	992         	994        	105            	194             	74.9171     	0.293	73.925	77.425	75.535 	0.697288
5          	86.3196         	990         	992        	106            	192             	74.9426     	0.290	73.675	77.35 	75.4404	0.744285
6          	86.0147         	988         	990        	108            	189             	74.7348     	0.288	73.525	77.225	75.3458	0.778438
8          	85.8353         	984         	986        	111            	185             	74.603      	0.283	73.475	77.225	75.1806	0.84352 
9          	85.7598         	982         	984        	112            	183             	74.53       	0.281	73.3  	77.35 	75.1105	0.874484
11         	85.5726         	978         	980        	115            	179             	74.4134     	0.276	73.15 	77.375	74.9899	0.914872
12         	85.4061         	976         	978        	117            	177             	74.3087     	0.274	73.125	77.15 	74.9588	0.960696
14         	85.3811         	972         	974        	120            	173             	74.2773     	0.269	72.975	77.375	74.8663	1.00501 
15         	85.2017         	970         	972        	121            	171             	74.1504     	0.267	72.9  	77.125	74.7646	1.02377 
16         	85.0716         	968         	970        	123            	168             	74.0185     	0.264	72.725	77.35 	74.7614	1.04427 
28         	84.9184         	944         	946        	140            	144             	73.8361     	0.236	72.625	77.375	74.4599	1.16808 
33         	84.7592         	934         	936        	147            	134             	73.6464     	0.224	72.5  	77.275	74.3561	1.20958 
49         	84.6514         	902         	904        	167            	104             	73.4143     	0.186	72.3  	77.225	73.7502	1.34521 
End Time (hh:mm:ss.ms) 2023-07-17 21:14:57.598585
Total Time (hh:mm:ss.ms) 0:00:06.805001
Individual: ([15, 5, 7, 13, 8, 2, 1, 9, 0, 4, 6, 3, 14, 12, 10, 11], [1, 1, 0, 0, 1, 1, 1, 1, 0, 0, 1, 1, 1, 1, 1, 1])
Fitness:  72.30000000000001
Gens:  [0, 1, 2, 3, 4, 5, 6, 7, 8, 9, 10, 11, 12, 13, 14, 15, 16, 17, 18, 19, 20, 21, 22, 23, 24, 25, 26, 27, 28, 29, 30, 31, 32, 33, 34, 35, 36, 37, 38, 39, 40, 41, 42, 43, 44, 45, 46, 47, 48, 49, 50, 51, 52, 53, 54, 55, 56, 57, 58, 59, 60, 61, 62, 63, 64, 65, 66, 67, 68, 69, 70, 71, 72, 73, 74, 75, 76, 77, 78, 79, 80, 81, 82, 83, 84, 85]
Inds:  [74.525, 74.3, 73.94999999999999, 73.94999999999999, 73.92500000000001, 73.675, 73.52499999999999, 73.52499999999999, 73.475, 73.3, 73.3, 73.14999999999999, 73.125, 73.125, 72.975, 72.89999999999999, 72.725, 72.725, 72.725, 72.725, 72.725, 72.725, 72.725, 72.725, 72.725, 72.725, 72.725, 72.725, 72.625, 72.625, 72.625, 72.625, 72.625, 72.5, 72.5, 72.5, 72.5, 72.5, 72.5, 72.5, 72.5, 72.5, 72.5, 72.5, 72.5, 72.5, 72.5, 72.5, 72.5, 72.30000000000001, 72.30000000000001, 72.30000000000001, 72.30000000000001, 72.30000000000001, 72.30000000000001, 72.30000000000001, 72.30000000000001, 72.30000000000001, 72.30000000000001, 72.30000000000001, 72.30000000000001, 72.30000000000001, 72.30000000000001, 72.30000000000001, 72.30000000000001, 72.30000000000001, 72.30000000000001, 72.30000000000001, 72.30000000000001, 72.30000000000001, 72.30000000000001, 72.30000000000001, 72.30000000000001, 72.30000000000001, 72.30000000000001, 72.30000000000001, 72.30000000000001, 72.30000000000001, 72.30000000000001, 72.30000000000001, 72.30000000000001, 72.30000000000001, 72.30000000000001, 72.30000000000001, 72.30000000000001, 72.30000000000001]

Execution 7:
Parameters: Y=0.998
Start Time (hh:mm:ss.ms) 2023-07-17 21:14:58.429585
generations	MaxGenenerations	Populationk1	Populationk	PopulationElite	PopulationMutant	fitnessElite	alpha	min   	max   	avg    	std     
0          	0               	0           	0          	0              	0               	0           	0    	74.775	77.425	76.3351	0.430849
1          	87.3121         	998         	1000       	100            	200             	75.57       	0.3  	74.575	77.375	76.0085	0.492936
2          	87.0698         	996         	998        	102            	198             	75.4086     	0.297	74.425	77.325	75.8811	0.528873
3          	86.886          	994         	996        	103            	196             	75.2816     	0.295	74    	77.475	75.7818	0.601457
7          	86.3855         	986         	988        	109            	187             	74.9442     	0.286	73.7  	77.175	75.4932	0.714512
8          	86.0138         	984         	986        	111            	185             	74.6859     	0.283	73.425	77.2  	75.4291	0.786313
12         	85.71           	976         	978        	117            	177             	74.4812     	0.274	73.275	77.225	75.0088	0.940509
13         	85.5263         	974         	976        	118            	175             	74.3492     	0.271	72.95 	77.4  	74.9274	0.955496
15         	85.1512         	970         	972        	121            	171             	74.0986     	0.267	72.825	77.225	74.6805	1.05493 
16         	85.0011         	968         	970        	123            	168             	73.9897     	0.264	72.725	77.35 	74.5444	1.12823 
18         	84.9056         	964         	966        	126            	164             	73.9273     	0.259	72.65 	77.35 	74.3782	1.20735 
20         	84.8011         	960         	962        	129            	160             	73.8239     	0.255	72.5  	77.375	74.2941	1.25239 
28         	84.6895         	944         	946        	140            	144             	73.7107     	0.236	72.475	77.225	73.9893	1.34247 
29         	84.5926         	942         	944        	141            	142             	73.5856     	0.233	72.3  	77.175	74.0049	1.33932 
37         	84.4305         	926         	928        	152            	126             	73.4112     	0.214	72.15 	77.25 	73.6603	1.44883 
End Time (hh:mm:ss.ms) 2023-07-17 21:15:05.400097
Total Time (hh:mm:ss.ms) 0:00:06.970512
Individual: ([15, 5, 7, 13, 0, 9, 12, 14, 3, 10, 1, 2, 8, 4, 6, 11], [1, 1, 0, 0, 0, 0, 0, 0, 0, 0, 0, 0, 0, 0, 1, 1])
Fitness:  72.14999999999999
Gens:  [0, 1, 2, 3, 4, 5, 6, 7, 8, 9, 10, 11, 12, 13, 14, 15, 16, 17, 18, 19, 20, 21, 22, 23, 24, 25, 26, 27, 28, 29, 30, 31, 32, 33, 34, 35, 36, 37, 38, 39, 40, 41, 42, 43, 44, 45, 46, 47, 48, 49, 50, 51, 52, 53, 54, 55, 56, 57, 58, 59, 60, 61, 62, 63, 64, 65, 66, 67, 68, 69, 70, 71, 72, 73, 74, 75, 76, 77, 78, 79, 80, 81, 82, 83, 84, 85]
Inds:  [74.77499999999999, 74.57499999999999, 74.42500000000001, 74.0, 74.0, 74.0, 74.0, 73.7, 73.425, 73.425, 73.425, 73.425, 73.275, 72.95, 72.95, 72.82499999999999, 72.725, 72.725, 72.65, 72.65, 72.5, 72.5, 72.5, 72.5, 72.5, 72.5, 72.5, 72.5, 72.475, 72.3, 72.3, 72.3, 72.3, 72.3, 72.3, 72.3, 72.3, 72.14999999999999, 72.14999999999999, 72.14999999999999, 72.14999999999999, 72.14999999999999, 72.14999999999999, 72.14999999999999, 72.14999999999999, 72.14999999999999, 72.14999999999999, 72.14999999999999, 72.14999999999999, 72.14999999999999, 72.14999999999999, 72.14999999999999, 72.14999999999999, 72.14999999999999, 72.14999999999999, 72.14999999999999, 72.14999999999999, 72.14999999999999, 72.14999999999999, 72.14999999999999, 72.14999999999999, 72.14999999999999, 72.14999999999999, 72.14999999999999, 72.14999999999999, 72.14999999999999, 72.14999999999999, 72.14999999999999, 72.14999999999999, 72.14999999999999, 72.14999999999999, 72.14999999999999, 72.14999999999999, 72.14999999999999, 72.14999999999999, 72.14999999999999, 72.14999999999999, 72.14999999999999, 72.14999999999999, 72.14999999999999, 72.14999999999999, 72.14999999999999, 72.14999999999999, 72.14999999999999, 72.14999999999999, 72.14999999999999]

Execution 8:
Parameters: Y=0.998
Start Time (hh:mm:ss.ms) 2023-07-17 21:15:06.144097
generations	MaxGenenerations	Populationk1	Populationk	PopulationElite	PopulationMutant	fitnessElite	alpha	min   	max  	avg    	std     
0          	0               	0           	0          	0              	0               	0           	0    	74.875	77.45	76.3353	0.433036
1          	87.4332         	998         	1000       	100            	200             	75.6475     	0.3  	74.475	77.525	76.0155	0.513286
2          	86.9792         	996         	998        	102            	198             	75.383      	0.297	74.2  	77.5  	75.8761	0.550523
4          	86.632          	992         	994        	105            	194             	75.1305     	0.293	74.125	77.25 	75.6775	0.640015
5          	86.5228         	990         	992        	106            	192             	75.0336     	0.290	73.925	77.25 	75.58  	0.674414
7          	86.3066         	986         	988        	109            	187             	74.9049     	0.286	73.7  	77.3  	75.4394	0.740282
8          	86.0353         	984         	986        	111            	185             	74.7214     	0.283	73.425	77.4  	75.3915	0.782224
10         	85.7314         	980         	982        	114            	181             	74.534      	0.279	73.375	77.325	75.2162	0.8544  
11         	85.6602         	978         	980        	115            	179             	74.4678     	0.276	73.125	77.275	75.0831	0.887446
12         	85.3598         	976         	978        	117            	177             	74.263      	0.274	73    	77.3  	74.9598	0.933901
14         	85.2181         	972         	974        	120            	173             	74.1588     	0.269	72.9  	77.25 	74.7694	1.02602 
17         	85.0844         	966         	968        	124            	166             	74.0283     	0.262	72.85 	77.325	74.581 	1.11071 
21         	85.0515         	958         	960        	130            	158             	73.9884     	0.252	72.75 	77.275	74.4601	1.17067 
24         	84.9263         	952         	954        	134            	152             	73.8686     	0.245	72.675	77.425	74.3924	1.18749 
28         	84.8472         	944         	946        	140            	144             	73.78       	0.236	72.475	77.3  	74.2314	1.23054 
38         	84.6053         	924         	926        	154            	125             	73.5005     	0.212	72.4  	77.175	73.9128	1.28731 
53         	84.5135         	894         	896        	172            	97              	73.2626     	0.176	72.35 	77.275	73.6646	1.27992 
57         	84.4678         	886         	888        	177            	90              	73.187      	0.167	72.3  	77.25 	73.687 	1.28957 
End Time (hh:mm:ss.ms) 2023-07-17 21:15:13.924098
Total Time (hh:mm:ss.ms) 0:00:07.780001
Individual: ([15, 5, 6, 3, 14, 9, 1, 2, 8, 13, 7, 4, 0, 12, 10, 11], [1, 1, 1, 1, 1, 0, 0, 0, 0, 1, 1, 1, 1, 1, 1, 1])
Fitness:  72.30000000000001
Gens:  [0, 1, 2, 3, 4, 5, 6, 7, 8, 9, 10, 11, 12, 13, 14, 15, 16, 17, 18, 19, 20, 21, 22, 23, 24, 25, 26, 27, 28, 29, 30, 31, 32, 33, 34, 35, 36, 37, 38, 39, 40, 41, 42, 43, 44, 45, 46, 47, 48, 49, 50, 51, 52, 53, 54, 55, 56, 57, 58, 59, 60, 61, 62, 63, 64, 65, 66, 67, 68, 69, 70, 71, 72, 73, 74, 75, 76, 77, 78, 79, 80, 81, 82, 83, 84, 85]
Inds:  [74.875, 74.475, 74.19999999999999, 74.19999999999999, 74.125, 73.92500000000001, 73.92500000000001, 73.69999999999999, 73.42500000000001, 73.42500000000001, 73.37500000000001, 73.125, 73.0, 73.0, 72.9, 72.9, 72.9, 72.85, 72.85, 72.85, 72.85, 72.75, 72.75, 72.75, 72.67499999999998, 72.67499999999998, 72.67499999999998, 72.67499999999998, 72.475, 72.475, 72.475, 72.475, 72.475, 72.475, 72.475, 72.475, 72.475, 72.475, 72.4, 72.4, 72.4, 72.4, 72.4, 72.4, 72.4, 72.4, 72.4, 72.4, 72.4, 72.4, 72.4, 72.4, 72.4, 72.35, 72.35, 72.35, 72.35, 72.30000000000001, 72.30000000000001, 72.30000000000001, 72.30000000000001, 72.30000000000001, 72.30000000000001, 72.30000000000001, 72.30000000000001, 72.30000000000001, 72.30000000000001, 72.30000000000001, 72.30000000000001, 72.30000000000001, 72.30000000000001, 72.30000000000001, 72.30000000000001, 72.30000000000001, 72.30000000000001, 72.30000000000001, 72.30000000000001, 72.30000000000001, 72.30000000000001, 72.30000000000001, 72.30000000000001, 72.30000000000001, 72.30000000000001, 72.30000000000001, 72.30000000000001, 72.30000000000001]

Execution 9:
Parameters: Y=0.998
Start Time (hh:mm:ss.ms) 2023-07-17 21:15:14.648099
generations	MaxGenenerations	Populationk1	Populationk	PopulationElite	PopulationMutant	fitnessElite	alpha	min   	max  	avg    	std     
0          	0               	0           	0          	0              	0               	0           	0    	74.625	77.45	76.3615	0.435653
1          	87.1413         	998         	1000       	100            	200             	75.4725     	0.3  	74.025	77.375	76.0035	0.535823
2          	86.4277         	996         	998        	102            	198             	75.0222     	0.297	73.575	77.4  	75.7602	0.621728
7          	85.8808         	986         	988        	109            	187             	74.6261     	0.286	73.4  	77.275	75.2033	0.871691
8          	85.6808         	984         	986        	111            	185             	74.4992     	0.283	73.1  	77.55 	75.0772	0.909142
11         	85.3349         	978         	980        	115            	179             	74.2616     	0.276	73.05 	77.275	74.9046	1.00754 
12         	85.2722         	976         	978        	117            	177             	74.2085     	0.274	72.925	77.4  	74.8435	1.03749 
13         	85.1476         	974         	976        	118            	175             	74.1414     	0.271	72.825	77.55 	74.797 	1.0891  
14         	85.0564         	972         	974        	120            	173             	74.0981     	0.269	72.8  	77.125	74.6044	1.10187 
15         	84.9549         	970         	972        	121            	171             	73.955      	0.267	72.675	77.125	74.5128	1.15994 
18         	84.8048         	964         	966        	126            	164             	73.8251     	0.259	72.5  	77.3  	74.3641	1.25054 
20         	84.6133         	960         	962        	129            	160             	73.6925     	0.255	72.45 	77.275	74.2022	1.29229 
23         	84.5676         	954         	956        	133            	154             	73.6403     	0.247	72.4  	77.525	74.1305	1.35855 
24         	84.5558         	952         	954        	135            	152             	73.6587     	0.245	72.4  	77.25 	74.1474	1.37151 
26         	84.5516         	948         	950        	137            	148             	73.6284     	0.240	72.15 	77.2  	74.0854	1.40127 
End Time (hh:mm:ss.ms) 2023-07-17 21:15:21.549097
Total Time (hh:mm:ss.ms) 0:00:06.900998
Individual: ([11, 10, 12, 14, 3, 6, 7, 13, 0, 9, 1, 2, 8, 4, 5, 15], [0, 0, 0, 0, 0, 0, 0, 0, 0, 0, 0, 0, 0, 0, 0, 0])
Fitness:  72.14999999999999
Gens:  [0, 1, 2, 3, 4, 5, 6, 7, 8, 9, 10, 11, 12, 13, 14, 15, 16, 17, 18, 19, 20, 21, 22, 23, 24, 25, 26, 27, 28, 29, 30, 31, 32, 33, 34, 35, 36, 37, 38, 39, 40, 41, 42, 43, 44, 45, 46, 47, 48, 49, 50, 51, 52, 53, 54, 55, 56, 57, 58, 59, 60, 61, 62, 63, 64, 65, 66, 67, 68, 69, 70, 71, 72, 73, 74, 75, 76, 77, 78, 79, 80, 81, 82, 83, 84, 85]
Inds:  [74.625, 74.02499999999999, 73.57500000000002, 73.57500000000002, 73.57500000000002, 73.57500000000002, 73.57500000000002, 73.4, 73.10000000000001, 73.10000000000001, 73.10000000000001, 73.05, 72.925, 72.82499999999999, 72.8, 72.675, 72.675, 72.675, 72.5, 72.5, 72.45, 72.45, 72.45, 72.4, 72.39999999999999, 72.39999999999999, 72.14999999999999, 72.14999999999999, 72.14999999999999, 72.14999999999999, 72.14999999999999, 72.14999999999999, 72.14999999999999, 72.14999999999999, 72.14999999999999, 72.14999999999999, 72.14999999999999, 72.14999999999999, 72.14999999999999, 72.14999999999999, 72.14999999999999, 72.14999999999999, 72.14999999999999, 72.14999999999999, 72.14999999999999, 72.14999999999999, 72.14999999999999, 72.14999999999999, 72.14999999999999, 72.14999999999999, 72.14999999999999, 72.14999999999999, 72.14999999999999, 72.14999999999999, 72.14999999999999, 72.14999999999999, 72.14999999999999, 72.14999999999999, 72.14999999999999, 72.14999999999999, 72.14999999999999, 72.14999999999999, 72.14999999999999, 72.14999999999999, 72.14999999999999, 72.14999999999999, 72.14999999999999, 72.14999999999999, 72.14999999999999, 72.14999999999999, 72.14999999999999, 72.14999999999999, 72.14999999999999, 72.14999999999999, 72.14999999999999, 72.14999999999999, 72.14999999999999, 72.14999999999999, 72.14999999999999, 72.14999999999999, 72.14999999999999, 72.14999999999999, 72.14999999999999, 72.14999999999999, 72.14999999999999, 72.14999999999999]

Execution 10:
Parameters: Y=0.998
Start Time (hh:mm:ss.ms) 2023-07-17 21:15:22.382095
generations	MaxGenenerations	Populationk1	Populationk	PopulationElite	PopulationMutant	fitnessElite	alpha	min   	max  	avg    	std     
0          	0               	0           	0          	0              	0               	0           	0    	74.625	77.35	76.3515	0.431037
1          	87.1238         	998         	1000       	100            	200             	75.4425     	0.3  	74.125	77.275	75.9618	0.537138
3          	86.5054         	994         	996        	103            	196             	75.0185     	0.295	73.725	77.375	75.6085	0.673551
6          	86.0472         	988         	990        	108            	189             	74.7271     	0.288	73.7  	77.45 	75.3099	0.83066 
7          	86.0611         	986         	988        	109            	187             	74.7727     	0.286	73.5  	77.4  	75.2496	0.844808
9          	85.8233         	982         	984        	112            	183             	74.6043     	0.281	73.375	77.35 	75.1062	0.871899
10         	85.6645         	980         	982        	114            	181             	74.484      	0.278	73.15 	77.225	75.0761	0.90848 
15         	85.3761         	970         	972        	121            	171             	74.2322     	0.267	73.025	77.575	74.851 	1.02221 
18         	85.2217         	964         	966        	126            	164             	74.0979     	0.260	72.925	77.125	74.6301	1.06669 
20         	85.1306         	960         	962        	129            	160             	74.0422     	0.255	72.725	77.4  	74.5014	1.11426 
27         	84.9056         	946         	948        	139            	146             	73.8292     	0.238	72.675	77.3  	74.2392	1.22268 
31         	84.8302         	938         	940        	144            	138             	73.7239     	0.229	72.65 	77.275	74.1577	1.25814 
38         	84.8053         	924         	926        	153            	125             	73.6339     	0.212	72.575	77.4  	73.9251	1.3219  
43         	84.7305         	914         	916        	160            	115             	73.5341     	0.200	72.4  	77.225	73.8685	1.29236 
End Time (hh:mm:ss.ms) 2023-07-17 21:15:29.624096
Total Time (hh:mm:ss.ms) 0:00:07.242001
Individual: ([15, 5, 6, 9, 8, 2, 1, 12, 0, 4, 7, 13, 14, 3, 10, 11], [1, 1, 1, 1, 1, 1, 1, 0, 0, 0, 0, 0, 0, 0, 1, 1])
Fitness:  72.4
Gens:  [0, 1, 2, 3, 4, 5, 6, 7, 8, 9, 10, 11, 12, 13, 14, 15, 16, 17, 18, 19, 20, 21, 22, 23, 24, 25, 26, 27, 28, 29, 30, 31, 32, 33, 34, 35, 36, 37, 38, 39, 40, 41, 42, 43, 44, 45, 46, 47, 48, 49, 50, 51, 52, 53, 54, 55, 56, 57, 58, 59, 60, 61, 62, 63, 64, 65, 66, 67, 68, 69, 70, 71, 72, 73, 74, 75, 76, 77, 78, 79, 80, 81, 82, 83, 84, 85]
Inds:  [74.62500000000001, 74.125, 74.125, 73.725, 73.725, 73.725, 73.7, 73.5, 73.5, 73.375, 73.15, 73.15, 73.15, 73.15, 73.15, 73.025, 73.025, 73.025, 72.925, 72.925, 72.725, 72.725, 72.725, 72.725, 72.725, 72.725, 72.725, 72.67500000000001, 72.67500000000001, 72.67500000000001, 72.67500000000001, 72.65, 72.65, 72.65, 72.65, 72.65, 72.65, 72.65, 72.575, 72.575, 72.575, 72.575, 72.575, 72.4, 72.4, 72.4, 72.4, 72.4, 72.4, 72.4, 72.4, 72.4, 72.4, 72.4, 72.4, 72.4, 72.4, 72.4, 72.4, 72.4, 72.4, 72.4, 72.4, 72.4, 72.4, 72.4, 72.4, 72.4, 72.4, 72.4, 72.4, 72.4, 72.4, 72.4, 72.4, 72.4, 72.4, 72.4, 72.4, 72.4, 72.4, 72.4, 72.4, 72.4, 72.4, 72.4]

