A-BRKGA:

Execution 1:
Parameters: Y=0.999
Start Time (hh:mm:ss.ms) 2023-07-17 21:30:05.847000
generations	MaxGenenerations	Populationk1	Populationk	PopulationElite	PopulationMutant	fitnessElite	alpha	min   	max   	avg    	std     
0          	0               	0           	0          	0              	0               	0           	0    	145.74	150.04	147.869	0.758366
1          	169.345         	999         	1000       	100            	200             	147.03      	0.3  	145.27	149.62	147.425	0.79499 
2          	168.728         	998         	999        	101            	199             	146.57      	0.298	144.68	149.405	147.169	0.86447 
4          	168.024         	996         	997        	103            	197             	146.112     	0.296	144.605	149.6  	146.957	0.968134
5          	167.952         	995         	996        	104            	196             	146.08      	0.295	144.535	149.68 	146.861	1.02188 
6          	167.885         	994         	995        	104            	195             	146.048     	0.294	143.95 	149.985	146.78 	1.05942 
7          	167.256         	993         	994        	105            	194             	145.717     	0.292	143.71 	149.81 	146.686	1.09786 
8          	166.948         	992         	993        	106            	193             	145.489     	0.291	143.505	149.37 	146.563	1.13415 
11         	166.708         	989         	990        	108            	189             	145.318     	0.288	142.84 	149.805	146.273	1.26056 
17         	165.896         	983         	984        	113            	183             	144.726     	0.280	142.65 	150.16 	145.565	1.522   
18         	165.775         	982         	983        	114            	182             	144.749     	0.279	142.515	149.62 	145.446	1.5371  
20         	165.526         	980         	981        	115            	180             	144.479     	0.277	142.21 	149.47 	145.287	1.66801 
21         	165.149         	979         	980        	116            	179             	144.212     	0.275	142.205	149.72 	145.135	1.70046 
22         	165.185         	978         	979        	117            	177             	144.268     	0.274	142.19 	149.73 	144.973	1.74128 
23         	165.169         	977         	978        	118            	176             	144.251     	0.273	141.705	149.915	144.996	1.72392 
24         	164.636         	976         	977        	119            	175             	143.939     	0.272	141.7  	149.82 	144.876	1.82768 
28         	164.617         	972         	973        	122            	171             	143.874     	0.267	141.3  	149.54 	144.626	1.91739 
29         	164.104         	971         	972        	122            	170             	143.491     	0.265	141.15 	150.095	144.513	2.01038 
34         	163.934         	966         	967        	126            	165             	143.336     	0.259	140.665	150.175	144.182	2.17343 
41         	163.389         	959         	960        	132            	157             	142.927     	0.251	140.365	149.88 	143.755	2.37846 
47         	163.012         	953         	954        	136            	151             	142.59      	0.243	140.365	149.71 	143.51 	2.4328  
54         	163.069         	946         	947        	141            	144             	142.595     	0.234	139.98 	149.62 	143.307	2.46438 
59         	162.584         	941         	942        	145            	138             	142.184     	0.228	139.955	149.615	143.089	2.55097 
61         	162.604         	939         	940        	146            	136             	142.209     	0.226	139.91 	149.59 	143.076	2.55214 
66         	162.464         	934         	935        	150            	131             	141.993     	0.219	139.63 	149.55 	142.793	2.62749 
70         	162.197         	930         	931        	153            	127             	141.803     	0.214	139.545	149.42 	142.582	2.64037 
78         	162.129         	922         	923        	158            	119             	141.674     	0.205	139.27 	149.87 	142.443	2.79143 
88         	161.756         	912         	913        	165            	109             	141.258     	0.192	139.215	149.46 	142.01 	2.9182  
89         	161.67          	911         	912        	166            	108             	141.173     	0.191	139.175	149.33 	141.918	2.85279 
91         	161.605         	909         	910        	167            	106             	141.094     	0.188	138.925	149.51 	141.636	2.88704 
93         	161.3           	907         	908        	169            	104             	140.847     	0.185	138.76 	150.305	141.774	2.84074 
98         	161.206         	902         	903        	172            	99              	140.755     	0.179	138.635	149.61 	141.673	2.85931 
End Time (hh:mm:ss.ms) 2023-07-17 21:30:24.853001
Total Time (hh:mm:ss.ms) 0:00:19.006001
Individual: ([12, 15, 8, 0, 27, 19, 21, 9, 6, 24, 5, 26, 25, 4, 10, 18, 16, 11, 22, 1, 17, 2, 7, 23, 3, 20, 14, 13], [0, 0, 0, 1, 1, 1, 1, 1, 1, 1, 0, 0, 0, 0, 0, 0, 0, 0, 0, 0, 0, 0, 0, 0, 0, 0, 0, 0])
Fitness:  138.63500000000002
Gens:  [0, 1, 2, 3, 4, 5, 6, 7, 8, 9, 10, 11, 12, 13, 14, 15, 16, 17, 18, 19, 20, 21, 22, 23, 24, 25, 26, 27, 28, 29, 30, 31, 32, 33, 34, 35, 36, 37, 38, 39, 40, 41, 42, 43, 44, 45, 46, 47, 48, 49, 50, 51, 52, 53, 54, 55, 56, 57, 58, 59, 60, 61, 62, 63, 64, 65, 66, 67, 68, 69, 70, 71, 72, 73, 74, 75, 76, 77, 78, 79, 80, 81, 82, 83, 84, 85, 86, 87, 88, 89, 90, 91, 92, 93, 94, 95, 96, 97, 98, 99, 100, 101, 102, 103, 104, 105, 106, 107, 108, 109, 110, 111, 112, 113, 114, 115, 116, 117, 118, 119, 120, 121, 122, 123, 124, 125, 126, 127, 128, 129, 130, 131, 132, 133, 134, 135, 136, 137, 138, 139, 140, 141, 142, 143, 144, 145, 146, 147, 148, 149, 150, 151, 152, 153, 154, 155, 156, 157, 158, 159, 160, 161]
Inds:  [145.74, 145.27, 144.68000000000004, 144.68000000000004, 144.60500000000002, 144.53500000000005, 143.95000000000002, 143.71000000000004, 143.505, 143.505, 143.505, 142.84, 142.84, 142.84, 142.84, 142.84, 142.84, 142.65, 142.515, 142.515, 142.20999999999998, 142.205, 142.19, 141.705, 141.70000000000002, 141.70000000000002, 141.70000000000002, 141.70000000000002, 141.3, 141.14999999999998, 141.14999999999998, 141.14999999999998, 141.14999999999998, 141.14999999999998, 140.665, 140.665, 140.665, 140.665, 140.665, 140.665, 140.665, 140.36500000000004, 140.36500000000004, 140.36500000000004, 140.36500000000004, 140.36500000000004, 140.36500000000004, 140.365, 140.365, 140.365, 140.365, 140.365, 140.365, 140.365, 139.98000000000002, 139.98000000000002, 139.98000000000002, 139.98000000000002, 139.98000000000002, 139.95499999999998, 139.95499999999998, 139.91000000000003, 139.91000000000003, 139.91000000000003, 139.91000000000003, 139.91000000000003, 139.63, 139.63, 139.63, 139.63, 139.545, 139.545, 139.545, 139.545, 139.545, 139.545, 139.545, 139.545, 139.27, 139.27, 139.27, 139.27, 139.27, 139.27, 139.27, 139.27, 139.27, 139.27, 139.215, 139.175, 139.175, 138.925, 138.925, 138.76000000000002, 138.76000000000002, 138.76000000000002, 138.76000000000002, 138.76000000000002, 138.63500000000002, 138.63500000000002, 138.63500000000002, 138.63500000000002, 138.63500000000002, 138.63500000000002, 138.63500000000002, 138.63500000000002, 138.63500000000002, 138.63500000000002, 138.63500000000002, 138.63500000000002, 138.63500000000002, 138.63500000000002, 138.63500000000002, 138.63500000000002, 138.63500000000002, 138.63500000000002, 138.63500000000002, 138.63500000000002, 138.63500000000002, 138.63500000000002, 138.63500000000002, 138.63500000000002, 138.63500000000002, 138.63500000000002, 138.63500000000002, 138.63500000000002, 138.63500000000002, 138.63500000000002, 138.63500000000002, 138.63500000000002, 138.63500000000002, 138.63500000000002, 138.63500000000002, 138.63500000000002, 138.63500000000002, 138.63500000000002, 138.63500000000002, 138.63500000000002, 138.63500000000002, 138.63500000000002, 138.63500000000002, 138.63500000000002, 138.63500000000002, 138.63500000000002, 138.63500000000002, 138.63500000000002, 138.63500000000002, 138.63500000000002, 138.63500000000002, 138.63500000000002, 138.63500000000002, 138.63500000000002, 138.63500000000002, 138.63500000000002, 138.63500000000002, 138.63500000000002, 138.63500000000002, 138.63500000000002, 138.63500000000002, 138.63500000000002, 138.63500000000002, 138.63500000000002]

Execution 2:
Parameters: Y=0.999
Start Time (hh:mm:ss.ms) 2023-07-17 21:30:25.756999
generations	MaxGenenerations	Populationk1	Populationk	PopulationElite	PopulationMutant	fitnessElite	alpha	min   	max    	avg    	std     
0          	0               	0           	0          	0              	0               	0           	0    	145.52	150.115	147.893	0.765378
1          	169.102         	999         	1000       	100            	200             	146.898     	0.3  	145.07	149.975	147.381	0.809948
2          	168.556         	998         	999        	101            	199             	146.536     	0.298	144.805	149.795	147.185	0.877773
3          	168.218         	997         	998        	102            	198             	146.29      	0.297	144.53 	149.53 	147.078	0.928468
5          	167.932         	995         	996        	104            	196             	146.143     	0.295	144.22 	149.68 	146.865	1.0393  
6          	167.519         	994         	995        	104            	195             	145.825     	0.294	144.125	150.08 	146.79 	1.0918  
7          	167.475         	993         	994        	105            	194             	145.869     	0.292	143.95 	149.915	146.672	1.12674 
9          	167.179         	991         	992        	107            	192             	145.569     	0.290	143.835	149.32 	146.568	1.16026 
10         	167.011         	990         	991        	108            	190             	145.421     	0.289	143.805	149.895	146.456	1.22416 
11         	167.073         	989         	990        	108            	189             	145.559     	0.288	143.785	149.665	146.391	1.2259  
12         	167.011         	988         	989        	109            	188             	145.472     	0.286	143.63 	149.77 	146.337	1.25286 
13         	166.848         	987         	988        	110            	187             	145.384     	0.285	143.61 	149.72 	146.287	1.25622 
14         	166.817         	986         	987        	111            	186             	145.348     	0.284	143.295	149.73 	146.183	1.29097 
16         	166.443         	984         	985        	112            	184             	145.094     	0.281	142.44 	149.68 	146.044	1.36569 
22         	165.436         	978         	979        	117            	177             	144.403     	0.274	142.315	149.585	145.566	1.57623 
24         	165.364         	976         	977        	118            	175             	144.415     	0.272	142.31 	150.055	145.33 	1.63491 
26         	165.33          	974         	975        	120            	173             	144.347     	0.269	142.255	149.64 	145.244	1.70671 
31         	165.178         	969         	970        	124            	168             	144.119     	0.263	142.035	150.125	145.052	1.80441 
33         	164.999         	967         	968        	125            	166             	144.061     	0.261	141.84 	149.89 	144.968	1.84742 
38         	164.786         	962         	963        	129            	160             	143.89      	0.255	141.6  	149.795	144.721	1.90978 
41         	164.487         	959         	960        	131            	157             	143.649     	0.251	141.58 	149.845	144.579	1.99022 
42         	164.479         	958         	959        	132            	156             	143.647     	0.250	141.56 	149.46 	144.495	1.99921 
43         	164.393         	957         	958        	133            	155             	143.526     	0.248	141.195	149.955	144.446	2.021   
46         	163.976         	954         	955        	135            	152             	143.232     	0.245	141.11 	149.67 	144.245	2.1192  
47         	163.905         	953         	954        	136            	151             	143.198     	0.243	140.685	149.725	144.192	2.15334 
59         	163.393         	941         	942        	145            	139             	142.717     	0.229	140.66 	149.68 	143.558	2.43458 
60         	163.384         	940         	941        	145            	138             	142.715     	0.227	140.44 	149.81 	143.552	2.50433 
62         	163.14          	938         	939        	147            	135             	142.538     	0.225	140.23 	149.515	143.359	2.5254  
63         	162.857         	937         	938        	148            	134             	142.309     	0.223	140.18 	149.6  	143.366	2.54266 
End Time (hh:mm:ss.ms) 2023-07-17 21:30:45.031000
Total Time (hh:mm:ss.ms) 0:00:19.274001
Individual: ([13, 7, 2, 6, 20, 14, 26, 22, 1, 17, 3, 24, 18, 16, 11, 25, 8, 5, 10, 9, 23, 15, 0, 4, 21, 19, 27, 12], [1, 1, 1, 0, 0, 0, 0, 0, 0, 0, 1, 1, 0, 0, 0, 0, 0, 0, 1, 1, 1, 1, 0, 0, 0, 0, 0, 1])
Fitness:  140.18
Gens:  [0, 1, 2, 3, 4, 5, 6, 7, 8, 9, 10, 11, 12, 13, 14, 15, 16, 17, 18, 19, 20, 21, 22, 23, 24, 25, 26, 27, 28, 29, 30, 31, 32, 33, 34, 35, 36, 37, 38, 39, 40, 41, 42, 43, 44, 45, 46, 47, 48, 49, 50, 51, 52, 53, 54, 55, 56, 57, 58, 59, 60, 61, 62, 63, 64, 65, 66, 67, 68, 69, 70, 71, 72, 73, 74, 75, 76, 77, 78, 79, 80, 81, 82, 83, 84, 85, 86, 87, 88, 89, 90, 91, 92, 93, 94, 95, 96, 97, 98, 99, 100, 101, 102, 103, 104, 105, 106, 107, 108, 109, 110, 111, 112, 113, 114, 115, 116, 117, 118, 119, 120, 121, 122, 123, 124, 125, 126, 127, 128, 129, 130, 131, 132, 133, 134, 135, 136, 137, 138, 139, 140, 141, 142, 143, 144, 145, 146, 147, 148, 149, 150, 151, 152, 153, 154, 155, 156, 157, 158, 159, 160, 161, 162, 163]
Inds:  [145.52, 145.07, 144.805, 144.53000000000003, 144.53000000000003, 144.22, 144.125, 143.95000000000002, 143.95000000000002, 143.835, 143.805, 143.78500000000003, 143.63000000000002, 143.61, 143.29500000000002, 143.29500000000002, 142.44000000000003, 142.44000000000003, 142.44000000000003, 142.44000000000003, 142.44000000000003, 142.44000000000003, 142.315, 142.315, 142.31, 142.31, 142.255, 142.255, 142.255, 142.255, 142.255, 142.03500000000003, 142.03500000000003, 141.84, 141.84, 141.84, 141.84, 141.84, 141.6, 141.6, 141.6, 141.57999999999998, 141.56, 141.195, 141.195, 141.195, 141.11, 140.685, 140.685, 140.685, 140.685, 140.685, 140.685, 140.685, 140.685, 140.685, 140.685, 140.685, 140.685, 140.66, 140.44, 140.44, 140.23000000000002, 140.18, 140.18, 140.18, 140.18, 140.18, 140.18, 140.18, 140.18, 140.18, 140.18, 140.18, 140.18, 140.18, 140.18, 140.18, 140.18, 140.18, 140.18, 140.18, 140.18, 140.18, 140.18, 140.18, 140.18, 140.18, 140.18, 140.18, 140.18, 140.18, 140.18, 140.18, 140.18, 140.18, 140.18, 140.18, 140.18, 140.18, 140.18, 140.18, 140.18, 140.18, 140.18, 140.18, 140.18, 140.18, 140.18, 140.18, 140.18, 140.18, 140.18, 140.18, 140.18, 140.18, 140.18, 140.18, 140.18, 140.18, 140.18, 140.18, 140.18, 140.18, 140.18, 140.18, 140.18, 140.18, 140.18, 140.18, 140.18, 140.18, 140.18, 140.18, 140.18, 140.18, 140.18, 140.18, 140.18, 140.18, 140.18, 140.18, 140.18, 140.18, 140.18, 140.18, 140.18, 140.18, 140.18, 140.18, 140.18, 140.18, 140.18, 140.18, 140.18, 140.18, 140.18, 140.18, 140.18, 140.18, 140.18, 140.18, 140.18, 140.18]

Execution 3:
Parameters: Y=0.999
Start Time (hh:mm:ss.ms) 2023-07-17 21:30:45.986000
generations	MaxGenenerations	Populationk1	Populationk	PopulationElite	PopulationMutant	fitnessElite	alpha	min   	max   	avg    	std    
0          	0               	0           	0          	0              	0               	0           	0    	145.37	150.04	147.911	0.78703
1          	168.915         	999         	1000       	100            	200             	146.771     	0.3  	144.625	150.19	147.397	0.821836
5          	168.082         	995         	996        	104            	196             	146.281     	0.295	144.4  	149.785	146.827	1.02641 
7          	167.77          	993         	994        	105            	194             	146.019     	0.292	144.38 	149.725	146.667	1.07233 
8          	167.712         	992         	993        	106            	193             	145.939     	0.291	144.075	149.64 	146.552	1.1024  
9          	167.344         	991         	992        	107            	192             	145.691     	0.290	143.565	149.965	146.486	1.16125 
10         	166.805         	990         	991        	108            	190             	145.416     	0.289	143.275	149.805	146.392	1.21183 
16         	166.418         	984         	985        	112            	184             	145.075     	0.281	142.91 	149.815	145.772	1.42635 
17         	166.019         	983         	984        	113            	183             	144.848     	0.280	142.87 	149.9  	145.638	1.48096 
20         	166.001         	980         	981        	115            	180             	144.842     	0.277	142.74 	150.025	145.366	1.58817 
21         	165.857         	979         	980        	116            	179             	144.75      	0.275	142.725	149.5  	145.375	1.62406 
22         	165.752         	978         	979        	117            	178             	144.586     	0.274	142.11 	149.885	145.31 	1.64139 
24         	165.104         	976         	977        	118            	175             	144.23      	0.272	141.975	149.57 	145.034	1.67306 
25         	164.893         	975         	976        	119            	174             	144.032     	0.270	141.835	149.41 	144.988	1.71922 
27         	164.724         	973         	974        	121            	172             	143.901     	0.268	141.825	149.74 	144.807	1.82181 
31         	164.754         	969         	970        	124            	168             	143.923     	0.263	141.435	149.79 	144.503	1.86724 
34         	164.282         	966         	967        	126            	165             	143.575     	0.259	141.39 	149.59 	144.424	2.0139  
35         	164.217         	965         	966        	127            	164             	143.51      	0.258	141.11 	149.69 	144.327	1.99465 
36         	163.908         	964         	965        	128            	162             	143.318     	0.257	140.945	149.855	144.253	2.11102 
41         	163.692         	959         	960        	132            	157             	143.105     	0.251	140.6  	149.445	143.922	2.19863 
44         	163.268         	956         	957        	134            	154             	142.776     	0.247	140.51 	149.5  	143.764	2.34715 
46         	163.312         	954         	955        	135            	152             	142.91      	0.244	140.395	149.43 	143.602	2.33881 
47         	163.035         	953         	954        	136            	151             	142.596     	0.243	140.36 	149.75 	143.53 	2.42891 
48         	163.047         	952         	953        	137            	150             	142.636     	0.242	140.145	149.895	143.476	2.47458 
51         	162.82          	949         	950        	139            	147             	142.47      	0.238	140.06 	149.665	143.302	2.52021 
52         	162.684         	948         	949        	140            	146             	142.339     	0.237	140.02 	149.64 	143.146	2.52084 
56         	162.734         	944         	945        	143            	141             	142.399     	0.232	139.82 	149.465	143.043	2.59744 
57         	162.373         	943         	944        	144            	140             	142.048     	0.231	139.785	149.47 	143.008	2.62269 
58         	162.333         	942         	943        	144            	139             	142.01      	0.229	139.77 	149.765	142.949	2.62344 
59         	162.364         	941         	942        	145            	138             	142.054     	0.228	139.495	149.735	142.895	2.64535 
60         	162.039         	940         	941        	146            	137             	141.821     	0.227	139.36 	150.225	142.857	2.69397 
71         	161.898         	929         	930        	154            	126             	141.596     	0.213	139.02 	149.67 	142.439	2.82438 
109        	161.399         	891         	892        	179            	89              	140.71      	0.166	138.97 	149.475	141.601	2.94496 
End Time (hh:mm:ss.ms) 2023-07-17 21:31:04.929000
Total Time (hh:mm:ss.ms) 0:00:18.943000
Individual: ([12, 15, 7, 14, 21, 19, 27, 0, 5, 10, 9, 3, 23, 6, 24, 4, 25, 26, 18, 1, 22, 11, 16, 17, 2, 20, 8, 13], [0, 0, 1, 1, 0, 0, 0, 0, 0, 1, 1, 1, 1, 1, 1, 1, 1, 1, 0, 1, 1, 1, 1, 0, 0, 0, 0, 0])
Fitness:  138.97000000000003
Gens:  [0, 1, 2, 3, 4, 5, 6, 7, 8, 9, 10, 11, 12, 13, 14, 15, 16, 17, 18, 19, 20, 21, 22, 23, 24, 25, 26, 27, 28, 29, 30, 31, 32, 33, 34, 35, 36, 37, 38, 39, 40, 41, 42, 43, 44, 45, 46, 47, 48, 49, 50, 51, 52, 53, 54, 55, 56, 57, 58, 59, 60, 61, 62, 63, 64, 65, 66, 67, 68, 69, 70, 71, 72, 73, 74, 75, 76, 77, 78, 79, 80, 81, 82, 83, 84, 85, 86, 87, 88, 89, 90, 91, 92, 93, 94, 95, 96, 97, 98, 99, 100, 101, 102, 103, 104, 105, 106, 107, 108, 109, 110, 111, 112, 113, 114, 115, 116, 117, 118, 119, 120, 121, 122, 123, 124, 125, 126, 127, 128, 129, 130, 131, 132, 133, 134, 135, 136, 137, 138, 139, 140, 141, 142, 143, 144, 145, 146, 147, 148, 149, 150, 151, 152, 153, 154, 155, 156, 157, 158, 159, 160, 161, 162]
Inds:  [145.37, 144.62499999999997, 144.62499999999997, 144.62499999999997, 144.62499999999997, 144.4, 144.4, 144.38, 144.07500000000002, 143.565, 143.275, 143.275, 143.275, 143.275, 143.275, 143.275, 142.90999999999997, 142.87000000000003, 142.87000000000003, 142.87000000000003, 142.74, 142.725, 142.11000000000004, 142.11000000000004, 141.97500000000002, 141.83500000000004, 141.83500000000004, 141.82500000000002, 141.82500000000002, 141.82500000000002, 141.82500000000002, 141.43500000000003, 141.43500000000003, 141.43500000000003, 141.39000000000001, 141.11, 140.945, 140.945, 140.945, 140.945, 140.945, 140.60000000000002, 140.60000000000002, 140.60000000000002, 140.51, 140.51, 140.395, 140.36, 140.145, 140.145, 140.145, 140.06000000000003, 140.02, 140.02, 140.02, 140.02, 139.82000000000002, 139.785, 139.77000000000004, 139.49500000000003, 139.36, 139.36, 139.36, 139.36, 139.36, 139.36, 139.36, 139.36, 139.36, 139.36, 139.36, 139.02000000000004, 139.02000000000004, 139.02000000000004, 139.02000000000004, 139.02000000000004, 139.02000000000004, 139.02000000000004, 139.02000000000004, 139.02000000000004, 139.02000000000004, 139.02000000000004, 139.02000000000004, 139.02000000000004, 139.02000000000004, 139.02000000000004, 139.02000000000004, 139.02000000000004, 139.02000000000004, 139.02000000000004, 139.02000000000004, 139.02000000000004, 139.02000000000004, 139.02000000000004, 139.02000000000004, 139.02000000000004, 139.02000000000004, 139.02000000000004, 139.02000000000004, 139.02000000000004, 139.02000000000004, 139.02000000000004, 139.02000000000004, 139.02000000000004, 139.02000000000004, 139.02000000000004, 139.02000000000004, 139.02000000000004, 139.02000000000004, 138.97000000000003, 138.97000000000003, 138.97000000000003, 138.97000000000003, 138.97000000000003, 138.97000000000003, 138.97000000000003, 138.97000000000003, 138.97000000000003, 138.97000000000003, 138.97000000000003, 138.97000000000003, 138.97000000000003, 138.97000000000003, 138.97000000000003, 138.97000000000003, 138.97000000000003, 138.97000000000003, 138.97000000000003, 138.97000000000003, 138.97000000000003, 138.97000000000003, 138.97000000000003, 138.97000000000003, 138.97000000000003, 138.97000000000003, 138.97000000000003, 138.97000000000003, 138.97000000000003, 138.97000000000003, 138.97000000000003, 138.97000000000003, 138.97000000000003, 138.97000000000003, 138.97000000000003, 138.97000000000003, 138.97000000000003, 138.97000000000003, 138.97000000000003, 138.97000000000003, 138.97000000000003, 138.97000000000003, 138.97000000000003, 138.97000000000003, 138.97000000000003, 138.97000000000003, 138.97000000000003, 138.97000000000003, 138.97000000000003, 138.97000000000003, 138.97000000000003, 138.97000000000003, 138.97000000000003, 138.97000000000003]

Execution 4:
Parameters: Y=0.999
Start Time (hh:mm:ss.ms) 2023-07-17 21:31:05.786999
generations	MaxGenenerations	Populationk1	Populationk	PopulationElite	PopulationMutant	fitnessElite	alpha	min   	max   	avg    	std     
0          	0               	0           	0          	0              	0               	0           	0    	145.12	149.89	147.907	0.748312
2          	168.632         	998         	999        	101            	199             	146.604     	0.298	144.655	149.86 	147.201	0.91451 
3          	168.054         	997         	998        	102            	198             	146.204     	0.297	144.325	149.83 	147.038	0.942771
4          	167.666         	996         	997        	103            	197             	145.957     	0.296	144.285	149.41 	146.887	1.01595 
5          	167.549         	995         	996        	104            	196             	145.798     	0.295	143.935	150.015	146.783	1.03115 
7          	167.204         	993         	994        	105            	194             	145.645     	0.292	143.915	149.705	146.606	1.15211 
8          	167.169         	992         	993        	106            	193             	145.604     	0.291	143.635	149.7  	146.542	1.17996 
10         	166.841         	990         	991        	108            	190             	145.386     	0.289	143.52 	149.985	146.375	1.23186 
11         	166.756         	989         	990        	108            	189             	145.382     	0.288	143.39 	149.805	146.252	1.2493  
14         	166.525         	986         	987        	111            	186             	145.129     	0.284	143.28 	149.915	146.115	1.3568  
16         	166.467         	984         	985        	112            	184             	145.152     	0.281	143.14 	149.805	145.967	1.38031 
17         	166.285         	983         	984        	113            	183             	145.011     	0.280	142.86 	149.845	145.952	1.43881 
18         	165.966         	982         	983        	114            	182             	144.812     	0.279	142.825	149.99 	145.8  	1.47917 
20         	165.839         	980         	981        	115            	180             	144.626     	0.277	142.635	149.535	145.531	1.57461 
21         	165.654         	979         	980        	116            	179             	144.538     	0.275	142.335	149.575	145.436	1.63729 
22         	165.312         	978         	979        	117            	177             	144.323     	0.274	141.875	150.51 	145.205	1.70665 
23         	164.932         	977         	978        	118            	176             	144.235     	0.273	141.725	150.225	145.082	1.77172 
24         	164.71          	976         	977        	119            	175             	144.038     	0.272	141.635	149.98 	144.884	1.83706 
26         	164.596         	974         	975        	120            	173             	143.935     	0.269	141.485	149.875	144.733	1.9824  
30         	164.311         	970         	971        	123            	169             	143.604     	0.264	141.435	150.025	144.369	2.1028  
31         	164.34          	969         	970        	124            	168             	143.698     	0.263	141.215	149.855	144.315	2.15797 
32         	164.057         	968         	969        	125            	167             	143.48      	0.262	141.145	149.76 	144.311	2.13883 
33         	163.96          	967         	968        	126            	166             	143.393     	0.260	141.035	149.41 	144.171	2.16687 
37         	163.85          	963         	964        	129            	161             	143.297     	0.256	140.475	150.57 	144.017	2.30865 
45         	163.197         	955         	956        	135            	153             	142.783     	0.246	140.41 	149.93 	143.757	2.4386  
52         	163.074         	948         	949        	140            	146             	142.584     	0.237	140.35 	149.575	143.393	2.5737  
53         	163.006         	947         	948        	141            	145             	142.529     	0.236	140.3  	149.885	143.343	2.55335 
57         	162.977         	943         	944        	143            	140             	142.486     	0.231	140.25 	149.615	143.294	2.60889 
58         	162.897         	942         	943        	144            	139             	142.404     	0.230	140.225	149.355	143.211	2.56742 
78         	162.937         	922         	923        	158            	120             	142.242     	0.205	140.21 	149.67 	142.912	2.66233 
81         	162.81          	919         	920        	160            	117             	142.057     	0.201	140.135	149.375	142.845	2.62428 
93         	162.788         	907         	908        	168            	105             	141.936     	0.186	140.1  	149.57 	142.713	2.66129 
94         	162.715         	906         	907        	169            	104             	141.858     	0.185	140.085	149.58 	142.453	2.60986 
124        	162.633         	876         	877        	187            	76              	141.437     	0.148	140.06 	149.815	142.088	2.57548 
End Time (hh:mm:ss.ms) 2023-07-17 21:31:24.866002
Total Time (hh:mm:ss.ms) 0:00:19.079003
Individual: ([12, 2, 24, 10, 1, 16, 11, 22, 18, 17, 23, 6, 8, 20, 7, 27, 19, 15, 0, 4, 5, 26, 25, 21, 9, 3, 14, 13], [0, 1, 1, 0, 0, 0, 0, 0, 0, 0, 0, 0, 1, 1, 1, 1, 1, 1, 0, 0, 0, 0, 0, 1, 1, 1, 0, 0])
Fitness:  140.06
Gens:  [0, 1, 2, 3, 4, 5, 6, 7, 8, 9, 10, 11, 12, 13, 14, 15, 16, 17, 18, 19, 20, 21, 22, 23, 24, 25, 26, 27, 28, 29, 30, 31, 32, 33, 34, 35, 36, 37, 38, 39, 40, 41, 42, 43, 44, 45, 46, 47, 48, 49, 50, 51, 52, 53, 54, 55, 56, 57, 58, 59, 60, 61, 62, 63, 64, 65, 66, 67, 68, 69, 70, 71, 72, 73, 74, 75, 76, 77, 78, 79, 80, 81, 82, 83, 84, 85, 86, 87, 88, 89, 90, 91, 92, 93, 94, 95, 96, 97, 98, 99, 100, 101, 102, 103, 104, 105, 106, 107, 108, 109, 110, 111, 112, 113, 114, 115, 116, 117, 118, 119, 120, 121, 122, 123, 124, 125, 126, 127, 128, 129, 130, 131, 132, 133, 134, 135, 136, 137, 138, 139, 140, 141, 142, 143, 144, 145, 146, 147, 148, 149, 150, 151, 152, 153, 154, 155, 156, 157, 158, 159, 160, 161, 162, 163]
Inds:  [145.12, 145.12, 144.655, 144.32500000000002, 144.285, 143.93499999999997, 143.93499999999997, 143.915, 143.635, 143.635, 143.52, 143.39000000000001, 143.39000000000001, 143.39000000000001, 143.28, 143.28, 143.14000000000001, 142.85999999999999, 142.82500000000002, 142.82500000000002, 142.635, 142.335, 141.87500000000003, 141.72500000000002, 141.635, 141.635, 141.48499999999999, 141.48499999999999, 141.48499999999999, 141.48499999999999, 141.435, 141.21499999999997, 141.145, 141.035, 141.035, 141.035, 141.035, 140.475, 140.475, 140.475, 140.475, 140.475, 140.475, 140.475, 140.475, 140.41, 140.41, 140.41, 140.41, 140.41, 140.41, 140.41, 140.35, 140.29999999999998, 140.29999999999998, 140.29999999999998, 140.29999999999998, 140.25, 140.225, 140.225, 140.225, 140.225, 140.225, 140.225, 140.225, 140.225, 140.225, 140.225, 140.225, 140.225, 140.225, 140.225, 140.225, 140.225, 140.225, 140.225, 140.225, 140.225, 140.21, 140.21, 140.21, 140.13500000000002, 140.13500000000002, 140.13500000000002, 140.13500000000002, 140.13500000000002, 140.13500000000002, 140.13500000000002, 140.13500000000002, 140.13500000000002, 140.13500000000002, 140.13500000000002, 140.13500000000002, 140.1, 140.085, 140.085, 140.085, 140.085, 140.085, 140.085, 140.085, 140.085, 140.085, 140.085, 140.085, 140.085, 140.085, 140.085, 140.085, 140.085, 140.085, 140.085, 140.085, 140.085, 140.085, 140.085, 140.085, 140.085, 140.085, 140.085, 140.085, 140.085, 140.085, 140.085, 140.06, 140.06, 140.06, 140.06, 140.06, 140.06, 140.06, 140.06, 140.06, 140.06, 140.06, 140.06, 140.06, 140.06, 140.06, 140.06, 140.06, 140.06, 140.06, 140.06, 140.06, 140.06, 140.06, 140.06, 140.06, 140.06, 140.06, 140.06, 140.06, 140.06, 140.06, 140.06, 140.06, 140.06, 140.06, 140.06, 140.06, 140.06, 140.06, 140.06]

Execution 5:
Parameters: Y=0.999
Start Time (hh:mm:ss.ms) 2023-07-17 21:31:25.750999
generations	MaxGenenerations	Populationk1	Populationk	PopulationElite	PopulationMutant	fitnessElite	alpha	min   	max    	avg    	std     
0          	0               	0           	0          	0              	0               	0           	0    	145.17	150.205	147.861	0.739567
1          	168.711         	999         	1000       	100            	200             	146.681     	0.3  	144.56	149.705	147.371	0.825001
3          	167.974         	997         	998        	102            	198             	146.191     	0.297	144.44	150.03 	147.015	0.971029
5          	167.826         	995         	996        	104            	196             	146.079     	0.295	143.86	150.34 	146.798	1.06976 
8          	167.108         	992         	993        	106            	193             	145.57      	0.291	143.705	149.785	146.508	1.15633 
11         	166.96          	989         	990        	108            	189             	145.494     	0.288	143.61 	149.58 	146.319	1.23542 
12         	166.793         	988         	989        	109            	188             	145.322     	0.286	143.585	149.865	146.253	1.26215 
13         	166.812         	987         	988        	110            	187             	145.379     	0.285	143.23 	149.675	146.118	1.30891 
15         	166.464         	985         	986        	111            	185             	145.219     	0.283	143.04 	149.685	145.974	1.38424 
17         	166.168         	983         	984        	113            	183             	144.938     	0.280	142.385	149.89 	145.802	1.44003 
25         	165.35          	975         	976        	119            	174             	144.301     	0.270	141.915	149.8  	145.181	1.70619 
31         	164.845         	969         	970        	124            	168             	143.967     	0.263	141.62 	149.32 	144.719	1.88354 
32         	164.439         	968         	969        	125            	167             	143.64      	0.262	141.52 	149.885	144.557	1.96735 
33         	164.416         	967         	968        	125            	166             	143.704     	0.261	141.145	149.645	144.495	2.02819 
34         	163.941         	966         	967        	126            	165             	143.353     	0.259	140.94 	150.015	144.471	2.08215 
37         	163.726         	963         	964        	129            	161             	143.205     	0.256	140.435	149.56 	144.148	2.17463 
41         	163.088         	959         	960        	132            	157             	142.702     	0.250	140.325	149.78 	143.609	2.42307 
46         	163.041         	954         	955        	135            	152             	142.685     	0.244	140.225	149.68 	143.388	2.51425 
48         	162.851         	952         	953        	137            	150             	142.475     	0.242	140.225	149.855	143.254	2.61889 
49         	162.907         	951         	952        	138            	149             	142.547     	0.241	140.11 	149.425	143.263	2.59437 
50         	162.703         	950         	951        	138            	148             	142.343     	0.239	140.075	149.705	143.126	2.61209 
55         	162.726         	945         	946        	142            	142             	142.351     	0.233	139.97 	149.955	142.926	2.6264  
56         	162.627         	944         	945        	143            	141             	142.29      	0.232	139.96 	149.66 	142.973	2.66529 
57         	162.567         	943         	944        	144            	140             	142.202     	0.231	139.94 	149.615	142.983	2.64789 
58         	162.537         	942         	943        	144            	139             	142.164     	0.229	139.825	149.575	142.872	2.68057 
68         	162.407         	932         	933        	151            	129             	141.96      	0.217	139.815	149.95 	142.666	2.78411 
69         	162.446         	931         	932        	152            	128             	142.007     	0.216	139.79 	149.605	142.632	2.73801 
71         	162.373         	929         	930        	153            	126             	141.904     	0.213	139.725	149.68 	142.573	2.69086 
78         	162.384         	922         	923        	158            	119             	141.876     	0.205	139.65 	149.49 	142.454	2.71817 
83         	162.164         	917         	918        	162            	114             	141.588     	0.198	139.625	149.625	142.369	2.79768 
84         	162.172         	916         	917        	162            	113             	141.601     	0.197	139.59 	149.645	142.427	2.70046 
87         	162.178         	913         	914        	164            	110             	141.591     	0.193	139.435	149.2  	142.173	2.74276 
92         	161.947         	908         	909        	168            	106             	141.341     	0.187	139.325	150.025	142.062	2.75901 
96         	161.752         	904         	905        	171            	102             	141.124     	0.182	139.035	149.68 	141.793	2.72974 
99         	161.623         	901         	902        	173            	99              	141.078     	0.178	138.935	149.52 	142.047	2.79364 
101        	161.364         	899         	900        	174            	97              	140.809     	0.176	138.8  	149.655	141.76 	2.79554 
117        	161.184         	883         	884        	184            	82              	140.46      	0.156	138.75 	149.715	141.073	2.8223  
124        	161.17          	876         	877        	188            	75              	140.365     	0.147	138.73 	149.935	141.056	2.87173 
128        	161.076         	872         	873        	191            	72              	140.231     	0.142	138.68 	149.7  	140.889	2.7782  
132        	161.018         	868         	869        	193            	68              	140.135     	0.137	138.65 	149.64 	140.845	2.78575 
138        	161.04          	862         	863        	197            	63              	140.075     	0.129	138.58 	149.68 	140.699	2.72665 
End Time (hh:mm:ss.ms) 2023-07-17 21:31:44.964001
Total Time (hh:mm:ss.ms) 0:00:19.213002
Individual: ([12, 15, 14, 7, 23, 24, 0, 27, 19, 21, 8, 20, 6, 9, 17, 18, 5, 4, 25, 22, 11, 16, 1, 26, 10, 3, 2, 13], [0, 0, 0, 0, 0, 1, 1, 1, 1, 1, 1, 1, 1, 1, 1, 1, 1, 1, 1, 1, 1, 1, 1, 1, 1, 0, 0, 0])
Fitness:  138.57999999999998
Gens:  [0, 1, 2, 3, 4, 5, 6, 7, 8, 9, 10, 11, 12, 13, 14, 15, 16, 17, 18, 19, 20, 21, 22, 23, 24, 25, 26, 27, 28, 29, 30, 31, 32, 33, 34, 35, 36, 37, 38, 39, 40, 41, 42, 43, 44, 45, 46, 47, 48, 49, 50, 51, 52, 53, 54, 55, 56, 57, 58, 59, 60, 61, 62, 63, 64, 65, 66, 67, 68, 69, 70, 71, 72, 73, 74, 75, 76, 77, 78, 79, 80, 81, 82, 83, 84, 85, 86, 87, 88, 89, 90, 91, 92, 93, 94, 95, 96, 97, 98, 99, 100, 101, 102, 103, 104, 105, 106, 107, 108, 109, 110, 111, 112, 113, 114, 115, 116, 117, 118, 119, 120, 121, 122, 123, 124, 125, 126, 127, 128, 129, 130, 131, 132, 133, 134, 135, 136, 137, 138, 139, 140, 141, 142, 143, 144, 145, 146, 147, 148, 149, 150, 151, 152, 153, 154, 155, 156, 157, 158, 159, 160, 161]
Inds:  [145.17000000000004, 144.55999999999997, 144.55999999999997, 144.44, 144.44, 143.86, 143.86, 143.86, 143.70500000000004, 143.70500000000004, 143.70500000000004, 143.60999999999999, 143.58499999999998, 143.23000000000002, 143.23000000000002, 143.04000000000002, 143.04000000000002, 142.38500000000002, 142.38500000000002, 142.38500000000002, 142.38500000000002, 142.38500000000002, 142.38500000000002, 142.38500000000002, 142.38500000000002, 141.91500000000002, 141.91500000000002, 141.91500000000002, 141.91500000000002, 141.91500000000002, 141.91500000000002, 141.62, 141.51999999999998, 141.14499999999998, 140.94, 140.94, 140.94, 140.435, 140.435, 140.435, 140.435, 140.325, 140.325, 140.325, 140.325, 140.325, 140.22500000000002, 140.22500000000002, 140.225, 140.11, 140.07500000000002, 140.07500000000002, 140.07500000000002, 140.07500000000002, 140.07500000000002, 139.97000000000003, 139.96, 139.94, 139.82500000000002, 139.82500000000002, 139.82500000000002, 139.82500000000002, 139.82500000000002, 139.82500000000002, 139.82500000000002, 139.82500000000002, 139.82500000000002, 139.82500000000002, 139.815, 139.79, 139.79, 139.725, 139.725, 139.725, 139.725, 139.725, 139.725, 139.725, 139.65, 139.65, 139.65, 139.65, 139.65, 139.625, 139.59, 139.59, 139.59, 139.435, 139.435, 139.435, 139.435, 139.435, 139.325, 139.325, 139.325, 139.325, 139.035, 139.035, 139.035, 138.93499999999997, 138.93499999999997, 138.79999999999998, 138.79999999999998, 138.79999999999998, 138.79999999999998, 138.79999999999998, 138.79999999999998, 138.79999999999998, 138.79999999999998, 138.79999999999998, 138.79999999999998, 138.79999999999998, 138.79999999999998, 138.79999999999998, 138.79999999999998, 138.79999999999998, 138.79999999999998, 138.74999999999997, 138.74999999999997, 138.74999999999997, 138.74999999999997, 138.74999999999997, 138.74999999999997, 138.74999999999997, 138.73, 138.73, 138.73, 138.73, 138.67999999999998, 138.67999999999998, 138.67999999999998, 138.67999999999998, 138.65, 138.65, 138.65, 138.65, 138.65, 138.65, 138.57999999999998, 138.57999999999998, 138.57999999999998, 138.57999999999998, 138.57999999999998, 138.57999999999998, 138.57999999999998, 138.57999999999998, 138.57999999999998, 138.57999999999998, 138.57999999999998, 138.57999999999998, 138.57999999999998, 138.57999999999998, 138.57999999999998, 138.57999999999998, 138.57999999999998, 138.57999999999998, 138.57999999999998, 138.57999999999998, 138.57999999999998, 138.57999999999998, 138.57999999999998, 138.57999999999998]

Execution 6:
Parameters: Y=0.999
Start Time (hh:mm:ss.ms) 2023-07-17 21:31:45.933002
generations	MaxGenenerations	Populationk1	Populationk	PopulationElite	PopulationMutant	fitnessElite	alpha	min   	max    	avg    	std     
0          	0               	0           	0          	0              	0               	0           	0    	145.51	150.175	147.885	0.762786
1          	169.101         	999         	1000       	100            	200             	146.909     	0.3  	145.095	149.715	147.432	0.832944
2          	168.541         	998         	999        	101            	199             	146.476     	0.298	145.005	150.395	147.212	0.871814
3          	168.551         	997         	998        	102            	198             	146.609     	0.297	144.565	149.55 	147.092	0.93048 
5          	168.004         	995         	996        	104            	196             	146.224     	0.295	144.355	150.12 	146.922	1.0328  
6          	167.749         	994         	995        	104            	195             	146.05      	0.294	144.25 	150.27 	146.778	1.07726 
7          	167.652         	993         	994        	105            	194             	146.013     	0.292	143.615	150.37 	146.661	1.12416 
9          	166.818         	991         	992        	107            	192             	145.379     	0.290	143.275	149.66 	146.433	1.17539 
11         	166.458         	989         	990        	108            	189             	145.184     	0.287	142.97 	149.47 	146.251	1.25683 
15         	166.137         	985         	986        	111            	185             	144.989     	0.283	142.615	149.66 	145.68 	1.46794 
16         	165.651         	984         	985        	112            	184             	144.601     	0.281	142.52 	149.59 	145.443	1.53225 
18         	165.614         	982         	983        	114            	182             	144.64      	0.279	142.175	149.455	145.236	1.72355 
20         	165.133         	980         	981        	115            	180             	144.236     	0.276	142.095	149.865	145.011	1.85696 
21         	165.081         	979         	980        	116            	179             	144.238     	0.275	141.69 	149.565	144.896	1.86323 
23         	164.615         	977         	978        	118            	176             	143.931     	0.273	141.54 	149.995	144.69 	1.98782 
25         	164.447         	975         	976        	119            	174             	143.812     	0.270	141.285	149.625	144.532	2.03212 
26         	164.1           	974         	975        	120            	173             	143.533     	0.269	140.92 	149.94 	144.356	2.12135 
27         	163.728         	973         	974        	121            	172             	143.34      	0.268	140.855	149.725	144.327	2.20542 
28         	163.617         	972         	973        	122            	171             	143.223     	0.266	140.82 	149.925	144.266	2.24194 
32         	163.578         	968         	969        	125            	167             	143.157     	0.262	140.65 	150.08 	143.989	2.29009 
34         	163.415         	966         	967        	126            	164             	143.063     	0.259	140.635	149.755	143.918	2.39767 
35         	163.367         	965         	966        	127            	163             	142.991     	0.258	140.515	149.8  	143.895	2.42417 
37         	163.248         	963         	964        	129            	161             	142.911     	0.255	140.395	150.15 	143.76 	2.50855 
39         	163.096         	961         	962        	130            	159             	142.78      	0.253	140.27 	149.64 	143.675	2.51611 
41         	162.95          	959         	960        	132            	157             	142.661     	0.250	140.205	149.65 	143.563	2.64509 
42         	162.85          	958         	959        	132            	156             	142.563     	0.249	140.125	149.84 	143.466	2.63653 
47         	162.803         	953         	954        	136            	151             	142.512     	0.243	140.06 	149.935	143.295	2.75977 
End Time (hh:mm:ss.ms) 2023-07-17 21:32:05.561999
Total Time (hh:mm:ss.ms) 0:00:19.628997
Individual: ([13, 6, 0, 27, 19, 20, 14, 2, 22, 11, 16, 18, 5, 23, 7, 3, 9, 26, 10, 24, 17, 1, 25, 21, 4, 8, 15, 12], [1, 1, 1, 1, 1, 1, 0, 1, 1, 1, 1, 1, 1, 1, 1, 0, 0, 1, 1, 0, 1, 1, 0, 0, 0, 1, 1, 1])
Fitness:  140.06
Gens:  [0, 1, 2, 3, 4, 5, 6, 7, 8, 9, 10, 11, 12, 13, 14, 15, 16, 17, 18, 19, 20, 21, 22, 23, 24, 25, 26, 27, 28, 29, 30, 31, 32, 33, 34, 35, 36, 37, 38, 39, 40, 41, 42, 43, 44, 45, 46, 47, 48, 49, 50, 51, 52, 53, 54, 55, 56, 57, 58, 59, 60, 61, 62, 63, 64, 65, 66, 67, 68, 69, 70, 71, 72, 73, 74, 75, 76, 77, 78, 79, 80, 81, 82, 83, 84, 85, 86, 87, 88, 89, 90, 91, 92, 93, 94, 95, 96, 97, 98, 99, 100, 101, 102, 103, 104, 105, 106, 107, 108, 109, 110, 111, 112, 113, 114, 115, 116, 117, 118, 119, 120, 121, 122, 123, 124, 125, 126, 127, 128, 129, 130, 131, 132, 133, 134, 135, 136, 137, 138, 139, 140, 141, 142, 143, 144, 145, 146, 147, 148, 149, 150, 151, 152, 153, 154, 155, 156, 157, 158, 159, 160, 161, 162, 163]
Inds:  [145.51, 145.09500000000006, 145.00500000000002, 144.565, 144.565, 144.355, 144.25, 143.61499999999998, 143.61499999999998, 143.27500000000006, 143.27500000000006, 142.97, 142.97, 142.97, 142.97, 142.615, 142.52000000000004, 142.52000000000004, 142.17499999999998, 142.17499999999998, 142.09500000000003, 141.69000000000003, 141.69000000000003, 141.54000000000002, 141.54000000000002, 141.28500000000003, 140.92000000000004, 140.85500000000005, 140.82000000000002, 140.82000000000002, 140.82000000000002, 140.82000000000002, 140.65000000000003, 140.65000000000003, 140.63500000000002, 140.51500000000001, 140.51500000000001, 140.39500000000004, 140.39500000000004, 140.27, 140.27, 140.205, 140.125, 140.125, 140.125, 140.125, 140.125, 140.06, 140.06, 140.06, 140.06, 140.06, 140.06, 140.06, 140.06, 140.06, 140.06, 140.06, 140.06, 140.06, 140.06, 140.06, 140.06, 140.06, 140.06, 140.06, 140.06, 140.06, 140.06, 140.06, 140.06, 140.06, 140.06, 140.06, 140.06, 140.06, 140.06, 140.06, 140.06, 140.06, 140.06, 140.06, 140.06, 140.06, 140.06, 140.06, 140.06, 140.06, 140.06, 140.06, 140.06, 140.06, 140.06, 140.06, 140.06, 140.06, 140.06, 140.06, 140.06, 140.06, 140.06, 140.06, 140.06, 140.06, 140.06, 140.06, 140.06, 140.06, 140.06, 140.06, 140.06, 140.06, 140.06, 140.06, 140.06, 140.06, 140.06, 140.06, 140.06, 140.06, 140.06, 140.06, 140.06, 140.06, 140.06, 140.06, 140.06, 140.06, 140.06, 140.06, 140.06, 140.06, 140.06, 140.06, 140.06, 140.06, 140.06, 140.06, 140.06, 140.06, 140.06, 140.06, 140.06, 140.06, 140.06, 140.06, 140.06, 140.06, 140.06, 140.06, 140.06, 140.06, 140.06, 140.06, 140.06, 140.06, 140.06, 140.06, 140.06, 140.06, 140.06, 140.06, 140.06, 140.06]

Execution 7:
Parameters: Y=0.999
Start Time (hh:mm:ss.ms) 2023-07-17 21:32:06.445001
generations	MaxGenenerations	Populationk1	Populationk	PopulationElite	PopulationMutant	fitnessElite	alpha	min  	max   	avg    	std     
0          	0               	0           	0          	0              	0               	0           	0    	145.2	149.94	147.872	0.753701
1          	168.701         	999         	1000       	100            	200             	146.622     	0.3  	145  	149.76	147.341	0.838047
2          	168.438         	998         	999        	101            	199             	146.422     	0.298	144.315	150.32	147.139	0.909268
3          	167.736         	997         	998        	102            	198             	146.102     	0.297	144.21 	150.385	147.024	0.95816 
6          	167.536         	994         	995        	104            	195             	145.868     	0.294	144.2  	149.77 	146.671	1.09717 
7          	167.511         	993         	994        	105            	194             	145.831     	0.292	143.92 	149.605	146.542	1.16568 
8          	167.158         	992         	993        	106            	193             	145.578     	0.291	143.74 	149.405	146.435	1.19693 
9          	166.915         	991         	992        	107            	192             	145.385     	0.290	143.385	149.925	146.383	1.20786 
11         	166.564         	989         	990        	108            	189             	145.224     	0.287	143.295	149.835	146.239	1.26695 
14         	166.431         	986         	987        	111            	186             	145.088     	0.284	143.09 	149.985	146.036	1.34889 
16         	166.232         	984         	985        	112            	184             	144.992     	0.281	143.055	150.02 	145.878	1.41712 
17         	166.222         	983         	984        	113            	183             	145.01      	0.280	142.89 	149.595	145.836	1.42933 
18         	165.96          	982         	983        	114            	182             	144.764     	0.279	142.215	149.475	145.738	1.51978 
23         	165.186         	977         	978        	118            	176             	144.25      	0.273	142.14 	149.59 	145.081	1.74051 
24         	165.088         	976         	977        	118            	175             	144.167     	0.272	141.71 	149.47 	144.978	1.80011 
25         	164.569         	975         	976        	119            	174             	143.812     	0.270	141.34 	150.195	144.792	1.80952 
32         	164.142         	968         	969        	125            	167             	143.477     	0.262	141.19 	149.58 	144.302	2.08402 
33         	163.983         	967         	968        	126            	166             	143.38      	0.260	141.11 	149.435	144.234	2.12611 
34         	163.866         	966         	967        	126            	165             	143.272     	0.259	141.08 	149.815	144.109	2.15664 
37         	163.865         	963         	964        	129            	161             	143.272     	0.256	140.66 	149.27 	144.033	2.1879  
41         	163.42          	959         	960        	132            	157             	142.98      	0.251	140.615	149.455	143.845	2.35662 
42         	163.295         	958         	959        	132            	156             	142.823     	0.249	140.325	149.625	143.781	2.45131 
45         	162.994         	955         	956        	135            	153             	142.626     	0.246	140.32 	149.91 	143.573	2.51174 
46         	163.026         	954         	955        	135            	152             	142.668     	0.244	140.04 	149.905	143.542	2.55789 
53         	162.677         	947         	948        	141            	144             	142.336     	0.236	139.95 	150.085	143.23 	2.66255 
54         	162.625         	946         	947        	141            	143             	142.33      	0.234	139.87 	149.705	143.177	2.73106 
57         	162.472         	943         	944        	144            	140             	142.145     	0.231	139.85 	150.015	142.97 	2.78713 
59         	162.457         	941         	942        	145            	138             	142.117     	0.228	139.735	149.335	142.85 	2.73444 
60         	162.253         	940         	941        	146            	137             	141.917     	0.227	139.645	149.915	142.912	2.7941  
61         	162.243         	939         	940        	146            	136             	141.966     	0.226	139.61 	149.55 	142.874	2.79455 
63         	162.159         	937         	938        	148            	134             	141.854     	0.223	139.395	149.845	142.662	2.89081 
67         	161.878         	933         	934        	151            	130             	141.593     	0.218	139.36 	149.735	142.458	2.96515 
70         	161.819         	930         	931        	153            	127             	141.504     	0.214	139.35 	149.645	142.398	2.93002 
End Time (hh:mm:ss.ms) 2023-07-17 21:32:24.891001
Total Time (hh:mm:ss.ms) 0:00:18.446000
Individual: ([12, 19, 27, 15, 3, 2, 7, 23, 24, 9, 17, 18, 10, 5, 26, 22, 11, 16, 1, 25, 4, 6, 20, 8, 21, 0, 14, 13], [0, 0, 0, 0, 0, 0, 0, 0, 1, 1, 1, 1, 1, 0, 0, 1, 1, 1, 1, 0, 0, 0, 0, 0, 1, 1, 0, 0])
Fitness:  139.35
Gens:  [0, 1, 2, 3, 4, 5, 6, 7, 8, 9, 10, 11, 12, 13, 14, 15, 16, 17, 18, 19, 20, 21, 22, 23, 24, 25, 26, 27, 28, 29, 30, 31, 32, 33, 34, 35, 36, 37, 38, 39, 40, 41, 42, 43, 44, 45, 46, 47, 48, 49, 50, 51, 52, 53, 54, 55, 56, 57, 58, 59, 60, 61, 62, 63, 64, 65, 66, 67, 68, 69, 70, 71, 72, 73, 74, 75, 76, 77, 78, 79, 80, 81, 82, 83, 84, 85, 86, 87, 88, 89, 90, 91, 92, 93, 94, 95, 96, 97, 98, 99, 100, 101, 102, 103, 104, 105, 106, 107, 108, 109, 110, 111, 112, 113, 114, 115, 116, 117, 118, 119, 120, 121, 122, 123, 124, 125, 126, 127, 128, 129, 130, 131, 132, 133, 134, 135, 136, 137, 138, 139, 140, 141, 142, 143, 144, 145, 146, 147, 148, 149, 150, 151, 152, 153, 154, 155, 156, 157, 158, 159, 160, 161, 162]
Inds:  [145.20000000000002, 145.00000000000006, 144.315, 144.21, 144.21, 144.21, 144.20000000000002, 143.92000000000002, 143.74, 143.385, 143.385, 143.29500000000002, 143.29500000000002, 143.29500000000002, 143.09, 143.09, 143.05500000000004, 142.89000000000001, 142.215, 142.215, 142.215, 142.215, 142.215, 142.14000000000001, 141.71, 141.34, 141.34, 141.34, 141.34, 141.34, 141.34, 141.34, 141.19, 141.11, 141.07999999999998, 141.07999999999998, 141.07999999999998, 140.66000000000003, 140.66000000000003, 140.66000000000003, 140.66000000000003, 140.615, 140.325, 140.325, 140.325, 140.32, 140.04, 140.04, 140.04, 140.04, 140.04, 140.04, 140.04, 139.95, 139.87, 139.87, 139.87, 139.85, 139.85, 139.735, 139.64499999999998, 139.61, 139.61, 139.39499999999998, 139.39499999999998, 139.39499999999998, 139.39499999999998, 139.36, 139.36, 139.36, 139.35, 139.35, 139.35, 139.35, 139.35, 139.35, 139.35, 139.35, 139.35, 139.35, 139.35, 139.35, 139.35, 139.35, 139.35, 139.35, 139.35, 139.35, 139.35, 139.35, 139.35, 139.35, 139.35, 139.35, 139.35, 139.35, 139.35, 139.35, 139.35, 139.35, 139.35, 139.35, 139.35, 139.35, 139.35, 139.35, 139.35, 139.35, 139.35, 139.35, 139.35, 139.35, 139.35, 139.35, 139.35, 139.35, 139.35, 139.35, 139.35, 139.35, 139.35, 139.35, 139.35, 139.35, 139.35, 139.35, 139.35, 139.35, 139.35, 139.35, 139.35, 139.35, 139.35, 139.35, 139.35, 139.35, 139.35, 139.35, 139.35, 139.35, 139.35, 139.35, 139.35, 139.35, 139.35, 139.35, 139.35, 139.35, 139.35, 139.35, 139.35, 139.35, 139.35, 139.35, 139.35, 139.35, 139.35, 139.35, 139.35, 139.35, 139.35, 139.35, 139.35]

Execution 8:
Parameters: Y=0.999
Start Time (hh:mm:ss.ms) 2023-07-17 21:32:25.733002
generations	MaxGenenerations	Populationk1	Populationk	PopulationElite	PopulationMutant	fitnessElite	alpha	min  	max   	avg    	std     
0          	0               	0           	0          	0              	0               	0           	0    	144.7	150.22	147.878	0.742932
1          	168.167         	999         	1000       	100            	200             	146.356     	0.3  	144.095	149.63	147.273	0.896268
6          	167.317         	994         	995        	104            	195             	145.637     	0.294	143.61 	149.815	146.44 	1.18189 
11         	166.831         	989         	990        	108            	189             	145.394     	0.288	143.25 	149.905	146.033	1.3296  
13         	166.396         	987         	988        	110            	187             	145.093     	0.285	143.06 	149.86 	145.893	1.41582 
14         	166.201         	986         	987        	111            	186             	144.994     	0.284	142.75 	149.965	145.804	1.45694 
15         	165.858         	985         	986        	111            	185             	144.793     	0.283	142.735	150.015	145.659	1.50729 
16         	165.849         	984         	985        	112            	184             	144.787     	0.281	142.575	149.69 	145.605	1.55109 
19         	165.679         	981         	982        	115            	181             	144.672     	0.278	142.545	149.94 	145.412	1.71919 
20         	165.616         	980         	981        	115            	180             	144.594     	0.277	142.245	149.6  	145.3  	1.67541 
21         	165.211         	979         	980        	116            	179             	144.273     	0.275	142.105	149.58 	145.218	1.73029 
26         	165.049         	974         	975        	120            	173             	144.126     	0.269	141.285	149.665	145.008	1.86932 
31         	164.161         	969         	970        	124            	168             	143.58      	0.263	140.9  	149.375	144.634	1.99766 
34         	163.716         	966         	967        	126            	164             	143.264     	0.259	140.245	149.51 	144.463	2.09015 
39         	162.958         	961         	962        	130            	159             	142.723     	0.253	140.13 	149.675	143.886	2.38571 
40         	162.767         	960         	961        	131            	158             	142.536     	0.252	140.06 	149.865	143.659	2.46751 
41         	162.717         	959         	960        	132            	157             	142.519     	0.250	140.03 	149.575	143.55 	2.55529 
42         	162.635         	958         	959        	133            	156             	142.412     	0.249	139.985	149.28 	143.369	2.56802 
43         	162.534         	957         	958        	133            	155             	142.293     	0.248	139.86 	149.445	143.228	2.66981 
44         	162.416         	956         	957        	134            	154             	142.228     	0.247	139.735	149.585	143.361	2.76996 
47         	162.351         	953         	954        	136            	151             	142.217     	0.243	139.67 	149.505	143.071	2.74072 
48         	162.205         	952         	953        	137            	150             	142.051     	0.242	139.575	149.885	142.874	2.82808 
49         	162.157         	951         	952        	138            	148             	142.058     	0.240	139.565	150.195	143.018	2.82358 
51         	162.085         	949         	950        	139            	146             	141.936     	0.238	139.42 	150.205	142.74 	2.81908 
54         	161.953         	946         	947        	142            	143             	141.841     	0.234	139.345	149.345	142.721	2.92928 
56         	161.881         	944         	945        	143            	141             	141.779     	0.232	139.245	149.7  	142.759	2.96124 
60         	161.779         	940         	941        	146            	137             	141.669     	0.227	139.195	149.68 	142.527	2.97544 
66         	161.678         	934         	935        	150            	131             	141.492     	0.219	139.175	149.755	142.376	3.0971  
67         	161.671         	933         	934        	151            	130             	141.485     	0.218	139.095	149.585	142.368	2.9965  
132        	161.457         	868         	869        	193            	68              	140.461     	0.137	138.945	149.755	141.34 	2.78075 
150        	161.378         	850         	851        	203            	53              	140.173     	0.115	138.92 	150    	140.792	2.62016 
157        	161.303         	843         	844        	207            	47              	140.027     	0.106	138.895	149.385	140.6  	2.59698 
End Time (hh:mm:ss.ms) 2023-07-17 21:32:44.981000
Total Time (hh:mm:ss.ms) 0:00:19.247998
Individual: ([12, 15, 6, 7, 2, 3, 23, 20, 0, 27, 19, 21, 4, 25, 18, 17, 9, 24, 5, 26, 22, 11, 16, 1, 10, 8, 14, 13], [0, 0, 1, 1, 1, 1, 1, 0, 1, 1, 1, 1, 1, 1, 0, 0, 0, 1, 0, 0, 1, 1, 1, 1, 1, 1, 0, 0])
Fitness:  138.89499999999998
Gens:  [0, 1, 2, 3, 4, 5, 6, 7, 8, 9, 10, 11, 12, 13, 14, 15, 16, 17, 18, 19, 20, 21, 22, 23, 24, 25, 26, 27, 28, 29, 30, 31, 32, 33, 34, 35, 36, 37, 38, 39, 40, 41, 42, 43, 44, 45, 46, 47, 48, 49, 50, 51, 52, 53, 54, 55, 56, 57, 58, 59, 60, 61, 62, 63, 64, 65, 66, 67, 68, 69, 70, 71, 72, 73, 74, 75, 76, 77, 78, 79, 80, 81, 82, 83, 84, 85, 86, 87, 88, 89, 90, 91, 92, 93, 94, 95, 96, 97, 98, 99, 100, 101, 102, 103, 104, 105, 106, 107, 108, 109, 110, 111, 112, 113, 114, 115, 116, 117, 118, 119, 120, 121, 122, 123, 124, 125, 126, 127, 128, 129, 130, 131, 132, 133, 134, 135, 136, 137, 138, 139, 140, 141, 142, 143, 144, 145, 146, 147, 148, 149, 150, 151, 152, 153, 154, 155, 156, 157, 158, 159, 160, 161, 162]
Inds:  [144.70000000000002, 144.09500000000003, 144.09500000000003, 144.09500000000003, 144.09500000000003, 144.09500000000003, 143.61, 143.61, 143.61, 143.61, 143.61, 143.25, 143.25, 143.06000000000003, 142.75, 142.735, 142.57500000000002, 142.57500000000002, 142.57500000000002, 142.545, 142.245, 142.105, 142.105, 142.105, 142.105, 142.105, 141.28500000000003, 141.28500000000003, 141.28500000000003, 141.28500000000003, 141.28500000000003, 140.89999999999998, 140.89999999999998, 140.89999999999998, 140.24499999999998, 140.24499999999998, 140.24499999999998, 140.24499999999998, 140.24499999999998, 140.13, 140.05999999999997, 140.03, 139.985, 139.85999999999999, 139.73499999999999, 139.73499999999999, 139.73499999999999, 139.67, 139.575, 139.565, 139.565, 139.42, 139.42, 139.42, 139.345, 139.345, 139.24499999999998, 139.24499999999998, 139.24499999999998, 139.24499999999998, 139.195, 139.195, 139.195, 139.195, 139.195, 139.195, 139.17499999999998, 139.095, 139.095, 139.095, 139.095, 139.095, 139.095, 139.095, 139.095, 139.095, 139.095, 139.095, 139.095, 139.095, 139.095, 139.095, 139.095, 139.095, 139.095, 139.095, 139.095, 139.095, 139.095, 139.095, 139.095, 139.095, 139.095, 139.095, 139.095, 139.095, 139.095, 139.095, 139.095, 139.095, 139.095, 139.095, 139.095, 139.095, 139.095, 139.095, 139.095, 139.095, 139.095, 139.095, 139.095, 139.095, 139.095, 139.095, 139.095, 139.095, 139.095, 139.095, 139.095, 139.095, 139.095, 139.095, 139.095, 139.095, 139.095, 139.095, 139.095, 139.095, 139.095, 139.095, 139.095, 139.095, 138.945, 138.945, 138.945, 138.945, 138.945, 138.945, 138.945, 138.945, 138.945, 138.945, 138.945, 138.945, 138.945, 138.945, 138.945, 138.945, 138.945, 138.945, 138.92, 138.92, 138.92, 138.92, 138.92, 138.92, 138.92, 138.89499999999998, 138.89499999999998, 138.89499999999998, 138.89499999999998, 138.89499999999998, 138.89499999999998]

Execution 9:
Parameters: Y=0.999
Start Time (hh:mm:ss.ms) 2023-07-17 21:32:45.839001
generations	MaxGenenerations	Populationk1	Populationk	PopulationElite	PopulationMutant	fitnessElite	alpha	min   	max   	avg    	std     
0          	0               	0           	0          	0              	0               	0           	0    	145.36	150.34	147.876	0.753432
1          	168.954         	999         	1000       	100            	200             	146.854     	0.3  	144.825	150.035	147.43 	0.821225
2          	168.281         	998         	999        	101            	199             	146.382     	0.298	144.82 	149.85 	147.17 	0.899715
3          	168.244         	997         	998        	102            	198             	146.317     	0.297	144.69 	149.66 	147.048	0.976286
4          	168.061         	996         	997        	103            	197             	146.163     	0.296	144.045	149.835	146.863	1.02676 
5          	167.341         	995         	996        	104            	196             	145.754     	0.295	143.715	149.765	146.752	1.08455 
11         	166.961         	989         	990        	108            	189             	145.483     	0.288	143.575	149.45 	146.242	1.28463 
12         	166.731         	988         	989        	109            	188             	145.26      	0.286	143.375	149.77 	146.135	1.31739 
14         	166.495         	986         	987        	111            	186             	145.096     	0.284	143.095	149.96 	145.99 	1.38017 
17         	166.217         	983         	984        	113            	183             	144.952     	0.280	142.55 	149.605	145.869	1.40191 
26         	165.558         	974         	975        	120            	173             	144.44      	0.269	142.23 	149.685	145.355	1.60059 
27         	165.208         	973         	974        	121            	172             	144.232     	0.268	141.67 	149.69 	145.314	1.65233 
33         	164.618         	967         	968        	125            	166             	143.858     	0.261	141.63 	150.46 	144.985	1.85547 
37         	164.522         	963         	964        	128            	161             	143.711     	0.256	141.45 	149.72 	144.707	1.91356 
38         	164.308         	962         	963        	129            	160             	143.559     	0.254	141.375	149.515	144.672	1.93092 
43         	164.258         	957         	958        	133            	155             	143.508     	0.248	141.165	149.62 	144.45 	2.05628 
44         	163.96          	956         	957        	134            	154             	143.258     	0.247	141.055	149.765	144.32 	2.11666 
47         	163.828         	953         	954        	136            	151             	143.136     	0.243	140.84 	149.85 	144.164	2.1393  
53         	163.631         	947         	948        	140            	145             	142.986     	0.236	140.65 	149.77 	143.717	2.35521 
56         	163.364         	944         	945        	143            	142             	142.739     	0.232	140.525	149.665	143.63 	2.40734 
58         	163.265         	942         	943        	144            	140             	142.686     	0.230	140.47 	150.13 	143.591	2.46147 
60         	163.159         	940         	941        	145            	138             	142.561     	0.227	140.4  	149.54 	143.46 	2.45433 
62         	163.077         	938         	939        	147            	135             	142.483     	0.225	140.365	149.405	143.38 	2.50714 
63         	162.996         	937         	938        	148            	134             	142.389     	0.223	140.355	149.63 	143.342	2.57956 
64         	163.021         	936         	937        	148            	133             	142.421     	0.222	140.105	149.74 	143.413	2.52401 
68         	162.711         	932         	933        	151            	129             	142.152     	0.217	140.03 	149.64 	143.091	2.58229 
69         	162.645         	931         	932        	152            	128             	142.109     	0.216	140.005	149.295	143.075	2.59944 
83         	162.656         	917         	918        	162            	115             	141.973     	0.199	139.93 	149.695	142.846	2.64383 
89         	162.493         	911         	912        	166            	109             	141.748     	0.191	139.815	149.43 	142.559	2.62324 
End Time (hh:mm:ss.ms) 2023-07-17 21:33:04.988000
Total Time (hh:mm:ss.ms) 0:00:19.148999
Individual: ([12, 15, 14, 7, 23, 20, 6, 3, 9, 8, 5, 18, 16, 1, 10, 26, 25, 19, 27, 0, 21, 4, 24, 2, 17, 11, 22, 13], [0, 0, 0, 0, 0, 1, 1, 0, 0, 1, 0, 0, 1, 1, 0, 0, 0, 0, 0, 0, 0, 0, 0, 1, 1, 0, 0, 0])
Fitness:  139.815
Gens:  [0, 1, 2, 3, 4, 5, 6, 7, 8, 9, 10, 11, 12, 13, 14, 15, 16, 17, 18, 19, 20, 21, 22, 23, 24, 25, 26, 27, 28, 29, 30, 31, 32, 33, 34, 35, 36, 37, 38, 39, 40, 41, 42, 43, 44, 45, 46, 47, 48, 49, 50, 51, 52, 53, 54, 55, 56, 57, 58, 59, 60, 61, 62, 63, 64, 65, 66, 67, 68, 69, 70, 71, 72, 73, 74, 75, 76, 77, 78, 79, 80, 81, 82, 83, 84, 85, 86, 87, 88, 89, 90, 91, 92, 93, 94, 95, 96, 97, 98, 99, 100, 101, 102, 103, 104, 105, 106, 107, 108, 109, 110, 111, 112, 113, 114, 115, 116, 117, 118, 119, 120, 121, 122, 123, 124, 125, 126, 127, 128, 129, 130, 131, 132, 133, 134, 135, 136, 137, 138, 139, 140, 141, 142, 143, 144, 145, 146, 147, 148, 149, 150, 151, 152, 153, 154, 155, 156, 157, 158, 159, 160, 161, 162, 163]
Inds:  [145.36, 144.82500000000002, 144.82, 144.69000000000003, 144.04500000000002, 143.715, 143.715, 143.715, 143.715, 143.715, 143.715, 143.57500000000002, 143.37500000000003, 143.37500000000003, 143.09499999999997, 143.09499999999997, 143.09499999999997, 142.55, 142.55, 142.55, 142.55, 142.55, 142.55, 142.55, 142.55, 142.55, 142.22999999999996, 141.67000000000002, 141.67000000000002, 141.67000000000002, 141.67000000000002, 141.67000000000002, 141.67000000000002, 141.63000000000002, 141.63000000000002, 141.63000000000002, 141.63000000000002, 141.45, 141.375, 141.375, 141.375, 141.375, 141.375, 141.165, 141.055, 141.055, 141.055, 140.84, 140.84, 140.84, 140.84, 140.84, 140.84, 140.64999999999998, 140.64999999999998, 140.64999999999998, 140.52499999999998, 140.52499999999998, 140.47, 140.47, 140.39999999999998, 140.39999999999998, 140.36499999999998, 140.355, 140.105, 140.105, 140.105, 140.105, 140.03, 140.005, 140.005, 140.005, 140.005, 140.005, 140.005, 140.005, 140.005, 140.005, 140.005, 140.005, 140.005, 140.005, 140.005, 139.93, 139.93, 139.93, 139.93, 139.93, 139.93, 139.815, 139.815, 139.815, 139.815, 139.815, 139.815, 139.815, 139.815, 139.815, 139.815, 139.815, 139.815, 139.815, 139.815, 139.815, 139.815, 139.815, 139.815, 139.815, 139.815, 139.815, 139.815, 139.815, 139.815, 139.815, 139.815, 139.815, 139.815, 139.815, 139.815, 139.815, 139.815, 139.815, 139.815, 139.815, 139.815, 139.815, 139.815, 139.815, 139.815, 139.815, 139.815, 139.815, 139.815, 139.815, 139.815, 139.815, 139.815, 139.815, 139.815, 139.815, 139.815, 139.815, 139.815, 139.815, 139.815, 139.815, 139.815, 139.815, 139.815, 139.815, 139.815, 139.815, 139.815, 139.815, 139.815, 139.815, 139.815, 139.815, 139.815, 139.815, 139.815, 139.815, 139.815, 139.815]

Execution 10:
Parameters: Y=0.999
Start Time (hh:mm:ss.ms) 2023-07-17 21:33:05.878999
generations	MaxGenenerations	Populationk1	Populationk	PopulationElite	PopulationMutant	fitnessElite	alpha	min    	max    	avg    	std    
0          	0               	0           	0          	0              	0               	0           	0    	145.305	150.045	147.903	0.78345
1          	168.841         	999         	1000       	100            	200             	146.727     	0.3  	145.095	150.325	147.464	0.862581
2          	168.644         	998         	999        	101            	199             	146.658     	0.298	144.75 	149.985	147.174	0.878959
3          	168.186         	997         	998        	102            	198             	146.308     	0.297	144.525	149.64 	147.074	0.923725
4          	167.866         	996         	997        	103            	197             	146.041     	0.296	144.33 	149.755	146.932	0.983179
5          	167.659         	995         	996        	104            	196             	145.932     	0.295	144.31 	149.515	146.88 	1.03225 
7          	167.747         	993         	994        	105            	194             	146.098     	0.292	144.1  	149.88 	146.683	1.12857 
9          	167.363         	991         	992        	107            	192             	145.693     	0.290	143.555	150.05 	146.4  	1.16617 
11         	166.79          	989         	990        	108            	189             	145.394     	0.288	143.27 	149.465	146.307	1.25037 
13         	166.39          	987         	988        	110            	187             	145.058     	0.285	143.22 	149.715	146.1  	1.32518 
14         	166.363         	986         	987        	111            	186             	145.067     	0.284	143.035	149.795	146.008	1.37629 
15         	166.161         	985         	986        	111            	185             	144.949     	0.283	142.85 	149.87 	145.929	1.35882 
16         	165.959         	984         	985        	112            	184             	144.829     	0.281	142.765	149.9  	145.805	1.42806 
20         	165.803         	980         	981        	115            	180             	144.638     	0.277	142.705	150.14 	145.437	1.58233 
21         	165.835         	979         	980        	116            	179             	144.756     	0.275	142.695	149.82 	145.398	1.56302 
23         	165.727         	977         	978        	118            	176             	144.572     	0.273	142.41 	150.03 	145.314	1.64093 
24         	165.474         	976         	977        	118            	175             	144.484     	0.272	142.095	149.71 	145.318	1.68693 
28         	165.04          	972         	973        	122            	171             	144.106     	0.267	141.51 	149.615	144.985	1.71735 
30         	164.342         	970         	971        	123            	169             	143.626     	0.264	141.295	149.74 	144.875	1.78484 
40         	164.145         	960         	961        	131            	158             	143.449     	0.252	141.155	149.655	144.512	2.00743 
41         	163.954         	959         	960        	131            	157             	143.29      	0.251	141.085	149.505	144.45 	1.99547 
43         	163.866         	957         	958        	133            	155             	143.205     	0.248	141.07 	149.605	144.211	2.05723 
45         	163.948         	955         	956        	134            	153             	143.324     	0.246	141.025	149.925	144.176	2.11273 
46         	163.848         	954         	955        	135            	152             	143.206     	0.245	140.865	149.565	144.07 	2.12815 
47         	163.603         	953         	954        	136            	151             	142.986     	0.243	140.77 	149.945	143.887	2.18175 
49         	163.467         	951         	952        	137            	149             	142.855     	0.241	140.735	149.69 	143.823	2.2904  
51         	163.398         	949         	950        	139            	147             	142.765     	0.238	140.68 	149.55 	143.657	2.35107 
52         	163.386         	948         	949        	140            	146             	142.787     	0.237	140.59 	149.815	143.763	2.3662  
53         	163.324         	947         	948        	140            	145             	142.77      	0.236	140.475	149.57 	143.638	2.34805 
54         	163.151         	946         	947        	141            	144             	142.613     	0.235	140.31 	149.88 	143.628	2.42429 
57         	162.957         	943         	944        	143            	140             	142.448     	0.231	140.235	149.34 	143.545	2.43653 
64         	162.874         	936         	937        	148            	133             	142.317     	0.222	140.21 	149.625	143.181	2.56222 
70         	162.858         	930         	931        	153            	127             	142.245     	0.215	140.16 	149.62 	143.053	2.60283 
74         	162.751         	926         	927        	155            	123             	142.096     	0.210	140.145	149.395	143.004	2.61551 
75         	162.739         	925         	926        	156            	122             	142.079     	0.209	140.13 	149.55 	143.053	2.63203 
78         	162.809         	922         	923        	158            	119             	142.144     	0.205	140.08 	149.7  	142.913	2.64331 
83         	162.716         	917         	918        	162            	115             	141.999     	0.199	139.78 	149.23 	142.906	2.66645 
End Time (hh:mm:ss.ms) 2023-07-17 21:33:25.357002
Total Time (hh:mm:ss.ms) 0:00:19.478003
Individual: ([12, 27, 19, 20, 24, 10, 22, 26, 25, 4, 8, 15, 0, 21, 5, 1, 16, 11, 18, 17, 3, 2, 9, 6, 23, 7, 14, 13], [0, 1, 1, 1, 1, 0, 0, 0, 0, 0, 1, 1, 0, 0, 0, 0, 0, 0, 0, 0, 1, 1, 0, 0, 0, 0, 0, 0])
Fitness:  139.77999999999997
Gens:  [0, 1, 2, 3, 4, 5, 6, 7, 8, 9, 10, 11, 12, 13, 14, 15, 16, 17, 18, 19, 20, 21, 22, 23, 24, 25, 26, 27, 28, 29, 30, 31, 32, 33, 34, 35, 36, 37, 38, 39, 40, 41, 42, 43, 44, 45, 46, 47, 48, 49, 50, 51, 52, 53, 54, 55, 56, 57, 58, 59, 60, 61, 62, 63, 64, 65, 66, 67, 68, 69, 70, 71, 72, 73, 74, 75, 76, 77, 78, 79, 80, 81, 82, 83, 84, 85, 86, 87, 88, 89, 90, 91, 92, 93, 94, 95, 96, 97, 98, 99, 100, 101, 102, 103, 104, 105, 106, 107, 108, 109, 110, 111, 112, 113, 114, 115, 116, 117, 118, 119, 120, 121, 122, 123, 124, 125, 126, 127, 128, 129, 130, 131, 132, 133, 134, 135, 136, 137, 138, 139, 140, 141, 142, 143, 144, 145, 146, 147, 148, 149, 150, 151, 152, 153, 154, 155, 156, 157, 158, 159, 160, 161, 162, 163]
Inds:  [145.30500000000004, 145.09500000000006, 144.75000000000003, 144.52499999999998, 144.33000000000004, 144.31000000000003, 144.31000000000003, 144.10000000000002, 144.10000000000002, 143.55500000000004, 143.55500000000004, 143.26999999999998, 143.26999999999998, 143.22000000000003, 143.035, 142.85000000000002, 142.765, 142.765, 142.765, 142.765, 142.70500000000004, 142.695, 142.695, 142.40999999999997, 142.095, 142.095, 142.095, 142.095, 141.51000000000002, 141.51000000000002, 141.29500000000002, 141.29500000000002, 141.29500000000002, 141.29500000000002, 141.29500000000002, 141.29500000000002, 141.29500000000002, 141.29500000000002, 141.29500000000002, 141.29500000000002, 141.15499999999997, 141.08499999999998, 141.08499999999998, 141.07, 141.07, 141.025, 140.865, 140.77, 140.77, 140.735, 140.735, 140.68, 140.59, 140.475, 140.31, 140.31, 140.31, 140.23499999999999, 140.23499999999999, 140.23499999999999, 140.23499999999999, 140.23499999999999, 140.23499999999999, 140.23499999999999, 140.20999999999998, 140.20999999999998, 140.20999999999998, 140.20999999999998, 140.20999999999998, 140.20999999999998, 140.16, 140.16, 140.16, 140.16, 140.14499999999998, 140.13, 140.13, 140.13, 140.07999999999998, 140.07999999999998, 140.07999999999998, 140.07999999999998, 140.07999999999998, 139.77999999999997, 139.77999999999997, 139.77999999999997, 139.77999999999997, 139.77999999999997, 139.77999999999997, 139.77999999999997, 139.77999999999997, 139.77999999999997, 139.77999999999997, 139.77999999999997, 139.77999999999997, 139.77999999999997, 139.77999999999997, 139.77999999999997, 139.77999999999997, 139.77999999999997, 139.77999999999997, 139.77999999999997, 139.77999999999997, 139.77999999999997, 139.77999999999997, 139.77999999999997, 139.77999999999997, 139.77999999999997, 139.77999999999997, 139.77999999999997, 139.77999999999997, 139.77999999999997, 139.77999999999997, 139.77999999999997, 139.77999999999997, 139.77999999999997, 139.77999999999997, 139.77999999999997, 139.77999999999997, 139.77999999999997, 139.77999999999997, 139.77999999999997, 139.77999999999997, 139.77999999999997, 139.77999999999997, 139.77999999999997, 139.77999999999997, 139.77999999999997, 139.77999999999997, 139.77999999999997, 139.77999999999997, 139.77999999999997, 139.77999999999997, 139.77999999999997, 139.77999999999997, 139.77999999999997, 139.77999999999997, 139.77999999999997, 139.77999999999997, 139.77999999999997, 139.77999999999997, 139.77999999999997, 139.77999999999997, 139.77999999999997, 139.77999999999997, 139.77999999999997, 139.77999999999997, 139.77999999999997, 139.77999999999997, 139.77999999999997, 139.77999999999997, 139.77999999999997, 139.77999999999997, 139.77999999999997, 139.77999999999997, 139.77999999999997, 139.77999999999997, 139.77999999999997, 139.77999999999997, 139.77999999999997, 139.77999999999997, 139.77999999999997, 139.77999999999997, 139.77999999999997]

