A-BRKGA:

Execution 1:
Parameters: Y=0.997
Start Time (hh:mm:ss.ms) 2023-07-17 21:09:28.036738
generations	MaxGenenerations	Populationk1	Populationk	PopulationElite	PopulationMutant	fitnessElite	alpha	min   	max  	avg    	std     
0          	0               	0           	0          	0              	0               	0           	0    	36.775	38.75	37.9709	0.312242
1          	41.3157         	997         	1000       	100            	200             	37.3675     	0.3  	36.65 	38.65	37.7192	0.377073
2          	41.1629         	994         	997        	104            	196             	37.2403     	0.295	36.525	38.625	37.5807	0.424533
3          	41.0194         	991         	994        	107            	191             	37.1345     	0.290	36.25 	38.75 	37.4882	0.463051
5          	40.7014         	985         	988        	114            	183             	36.8948     	0.280	36.05 	38.6  	37.2777	0.550033
End Time (hh:mm:ss.ms) 2023-07-17 21:09:30.396740
Total Time (hh:mm:ss.ms) 0:00:02.360002
Individual: ([4, 3, 5, 6, 0, 2, 1, 7], [0, 0, 0, 0, 0, 0, 0, 0])
Fitness:  36.05
Gens:  [0, 1, 2, 3, 4, 5, 6, 7, 8, 9, 10, 11, 12, 13, 14, 15, 16, 17, 18, 19, 20, 21, 22, 23, 24, 25, 26, 27, 28, 29, 30, 31, 32, 33, 34, 35, 36, 37, 38, 39, 40, 41]
Inds:  [36.775, 36.65, 36.525, 36.25, 36.25, 36.05, 36.05, 36.05, 36.05, 36.05, 36.05, 36.05, 36.05, 36.05, 36.05, 36.05, 36.05, 36.05, 36.05, 36.05, 36.05, 36.05, 36.05, 36.05, 36.05, 36.05, 36.05, 36.05, 36.05, 36.05, 36.05, 36.05, 36.05, 36.05, 36.05, 36.05, 36.05, 36.05, 36.05, 36.05, 36.05, 36.05]

Execution 2:
Parameters: Y=0.997
Start Time (hh:mm:ss.ms) 2023-07-17 21:09:31.094738
generations	MaxGenenerations	Populationk1	Populationk	PopulationElite	PopulationMutant	fitnessElite	alpha	min  	max   	avg    	std     
0          	0               	0           	0          	0              	0               	0           	0    	37.05	38.775	37.9866	0.300775
1          	41.6278         	997         	1000       	100            	200             	37.5675     	0.3  	36.8 	38.775	37.7284	0.341254
2          	41.3469         	994         	997        	104            	196             	37.3829     	0.295	36.5 	38.675	37.6522	0.396026
3          	40.9975         	991         	994        	107            	191             	37.1313     	0.290	36.25	38.675	37.5429	0.4282  
8          	40.7106         	976         	979        	123            	171             	36.8808     	0.265	36.05	38.625	37.1251	0.594922
End Time (hh:mm:ss.ms) 2023-07-17 21:09:33.510737
Total Time (hh:mm:ss.ms) 0:00:02.415999
Individual: ([7, 1, 2, 3, 5, 6, 0, 4], [1, 1, 1, 0, 0, 0, 0, 1])
Fitness:  36.05
Gens:  [0, 1, 2, 3, 4, 5, 6, 7, 8, 9, 10, 11, 12, 13, 14, 15, 16, 17, 18, 19, 20, 21, 22, 23, 24, 25, 26, 27, 28, 29, 30, 31, 32, 33, 34, 35, 36, 37, 38, 39, 40, 41]
Inds:  [37.05, 36.8, 36.5, 36.25, 36.25, 36.25, 36.25, 36.25, 36.05, 36.05, 36.05, 36.05, 36.05, 36.05, 36.05, 36.05, 36.05, 36.05, 36.05, 36.05, 36.05, 36.05, 36.05, 36.05, 36.05, 36.05, 36.05, 36.05, 36.05, 36.05, 36.05, 36.05, 36.05, 36.05, 36.05, 36.05, 36.05, 36.05, 36.05, 36.05, 36.05, 36.05]

Execution 3:
Parameters: Y=0.997
Start Time (hh:mm:ss.ms) 2023-07-17 21:09:34.186738
generations	MaxGenenerations	Populationk1	Populationk	PopulationElite	PopulationMutant	fitnessElite	alpha	min  	max  	avg    	std     
0          	0               	0           	0          	0              	0               	0           	0    	36.55	38.65	37.9676	0.313951
1          	41.0506         	997         	1000       	100            	200             	37.18       	0.3  	36.525	38.55	37.6573	0.404436
2          	41.0102         	994         	997        	104            	196             	37.1226     	0.295	36.4  	38.625	37.5446	0.45947 
3          	40.8791         	991         	994        	107            	191             	37.0457     	0.290	36.3  	38.75 	37.4527	0.487668
6          	40.7637         	982         	985        	117            	179             	36.9336     	0.275	36.05 	38.675	37.1734	0.594054
End Time (hh:mm:ss.ms) 2023-07-17 21:09:36.585737
Total Time (hh:mm:ss.ms) 0:00:02.398999
Individual: ([7, 1, 2, 0, 6, 5, 3, 4], [1, 1, 1, 1, 1, 1, 1, 1])
Fitness:  36.05
Gens:  [0, 1, 2, 3, 4, 5, 6, 7, 8, 9, 10, 11, 12, 13, 14, 15, 16, 17, 18, 19, 20, 21, 22, 23, 24, 25, 26, 27, 28, 29, 30, 31, 32, 33, 34, 35, 36, 37, 38, 39, 40, 41]
Inds:  [36.55, 36.525, 36.4, 36.3, 36.3, 36.3, 36.05, 36.05, 36.05, 36.05, 36.05, 36.05, 36.05, 36.05, 36.05, 36.05, 36.05, 36.05, 36.05, 36.05, 36.05, 36.05, 36.05, 36.05, 36.05, 36.05, 36.05, 36.05, 36.05, 36.05, 36.05, 36.05, 36.05, 36.05, 36.05, 36.05, 36.05, 36.05, 36.05, 36.05, 36.05, 36.05]

Execution 4:
Parameters: Y=0.997
Start Time (hh:mm:ss.ms) 2023-07-17 21:09:37.297737
generations	MaxGenenerations	Populationk1	Populationk	PopulationElite	PopulationMutant	fitnessElite	alpha	min 	max   	avg    	std     
0          	0               	0           	0          	0              	0               	0           	0    	36.7	38.675	37.9881	0.309723
1          	41.2222         	997         	1000       	100            	200             	37.2925     	0.3  	36.575	38.75 	37.7278	0.394427
2          	41.091          	994         	997        	104            	196             	37.2169     	0.295	36.55 	38.65 	37.5806	0.44864 
3          	41.0506         	991         	994        	107            	191             	37.1595     	0.290	36.3  	38.625	37.444 	0.481346
5          	40.7698         	985         	988        	113            	183             	36.9589     	0.280	36.05 	38.55 	37.2115	0.534879
End Time (hh:mm:ss.ms) 2023-07-17 21:09:39.787738
Total Time (hh:mm:ss.ms) 0:00:02.490001
Individual: ([4, 3, 5, 6, 0, 2, 1, 7], [0, 0, 0, 0, 0, 0, 0, 0])
Fitness:  36.05
Gens:  [0, 1, 2, 3, 4, 5, 6, 7, 8, 9, 10, 11, 12, 13, 14, 15, 16, 17, 18, 19, 20, 21, 22, 23, 24, 25, 26, 27, 28, 29, 30, 31, 32, 33, 34, 35, 36, 37, 38, 39, 40, 41]
Inds:  [36.699999999999996, 36.574999999999996, 36.55, 36.3, 36.3, 36.05, 36.05, 36.05, 36.05, 36.05, 36.05, 36.05, 36.05, 36.05, 36.05, 36.05, 36.05, 36.05, 36.05, 36.05, 36.05, 36.05, 36.05, 36.05, 36.05, 36.05, 36.05, 36.05, 36.05, 36.05, 36.05, 36.05, 36.05, 36.05, 36.05, 36.05, 36.05, 36.05, 36.05, 36.05, 36.05, 36.05]

Execution 5:
Parameters: Y=0.997
Start Time (hh:mm:ss.ms) 2023-07-17 21:09:40.474252
generations	MaxGenenerations	Populationk1	Populationk	PopulationElite	PopulationMutant	fitnessElite	alpha	min 	max   	avg    	std     
0          	0               	0           	0          	0              	0               	0           	0    	36.8	38.675	37.9697	0.316953
1          	41.3345         	997         	1000       	100            	200             	37.3625     	0.3  	36.525	38.65 	37.7155	0.385536
2          	41.0225         	994         	997        	104            	196             	37.1521     	0.295	36.425	38.675	37.5729	0.445267
3          	40.9133         	991         	994        	107            	191             	37.078      	0.290	36.05 	38.625	37.4689	0.488634
End Time (hh:mm:ss.ms) 2023-07-17 21:09:42.979897
Total Time (hh:mm:ss.ms) 0:00:02.505645
Individual: ([4, 3, 5, 6, 0, 2, 1, 7], [0, 0, 0, 0, 0, 0, 0, 0])
Fitness:  36.05
Gens:  [0, 1, 2, 3, 4, 5, 6, 7, 8, 9, 10, 11, 12, 13, 14, 15, 16, 17, 18, 19, 20, 21, 22, 23, 24, 25, 26, 27, 28, 29, 30, 31, 32, 33, 34, 35, 36, 37, 38, 39, 40, 41]
Inds:  [36.8, 36.525, 36.425, 36.05, 36.05, 36.05, 36.05, 36.05, 36.05, 36.05, 36.05, 36.05, 36.05, 36.05, 36.05, 36.05, 36.05, 36.05, 36.05, 36.05, 36.05, 36.05, 36.05, 36.05, 36.05, 36.05, 36.05, 36.05, 36.05, 36.05, 36.05, 36.05, 36.05, 36.05, 36.05, 36.05, 36.05, 36.05, 36.05, 36.05, 36.05, 36.05]

Execution 6:
Parameters: Y=0.997
Start Time (hh:mm:ss.ms) 2023-07-17 21:09:43.678900
generations	MaxGenenerations	Populationk1	Populationk	PopulationElite	PopulationMutant	fitnessElite	alpha	min 	max  	avg    	std     
0          	0               	0           	0          	0              	0               	0           	0    	36.8	38.75	37.9913	0.316489
2          	41.3314         	994         	997        	104            	196             	37.346      	0.295	36.4	38.625	37.6209	0.422714
3          	40.8791         	991         	994        	107            	191             	37.0457     	0.290	36.3	38.625	37.5173	0.452678
4          	40.7668         	988         	991        	110            	187             	36.9633     	0.285	36.05	38.675	37.4028	0.510952
End Time (hh:mm:ss.ms) 2023-07-17 21:09:46.253899
Total Time (hh:mm:ss.ms) 0:00:02.574999
Individual: ([4, 0, 6, 5, 3, 2, 1, 7], [0, 1, 1, 1, 1, 0, 0, 0])
Fitness:  36.05
Gens:  [0, 1, 2, 3, 4, 5, 6, 7, 8, 9, 10, 11, 12, 13, 14, 15, 16, 17, 18, 19, 20, 21, 22, 23, 24, 25, 26, 27, 28, 29, 30, 31, 32, 33, 34, 35, 36, 37, 38, 39, 40, 41]
Inds:  [36.8, 36.8, 36.4, 36.3, 36.05, 36.05, 36.05, 36.05, 36.05, 36.05, 36.05, 36.05, 36.05, 36.05, 36.05, 36.05, 36.05, 36.05, 36.05, 36.05, 36.05, 36.05, 36.05, 36.05, 36.05, 36.05, 36.05, 36.05, 36.05, 36.05, 36.05, 36.05, 36.05, 36.05, 36.05, 36.05, 36.05, 36.05, 36.05, 36.05, 36.05, 36.05]

Execution 7:
Parameters: Y=0.997
Start Time (hh:mm:ss.ms) 2023-07-17 21:09:46.943911
generations	MaxGenenerations	Populationk1	Populationk	PopulationElite	PopulationMutant	fitnessElite	alpha	min	max   	avg    	std     
0          	0               	0           	0          	0              	0               	0           	0    	37 	38.675	37.9743	0.308623
1          	41.5591         	997         	1000       	100            	200             	37.5025     	0.3  	36.95	38.625	37.7757	0.3438  
2          	41.4967         	994         	997        	103            	196             	37.4444     	0.295	36.425	38.775	37.6947	0.394858
3          	40.9256         	991         	994        	107            	191             	37.107      	0.290	36.3  	38.625	37.5847	0.425155
6          	40.7851         	982         	985        	117            	179             	36.9818     	0.275	36.05 	38.6  	37.1865	0.565743
End Time (hh:mm:ss.ms) 2023-07-17 21:09:49.294898
Total Time (hh:mm:ss.ms) 0:00:02.350987
Individual: ([4, 0, 6, 5, 3, 2, 1, 7], [0, 1, 1, 1, 1, 0, 0, 0])
Fitness:  36.05
Gens:  [0, 1, 2, 3, 4, 5, 6, 7, 8, 9, 10, 11, 12, 13, 14, 15, 16, 17, 18, 19, 20, 21, 22, 23, 24, 25, 26, 27, 28, 29, 30, 31, 32, 33, 34, 35, 36, 37, 38, 39, 40, 41]
Inds:  [37.0, 36.949999999999996, 36.425, 36.3, 36.3, 36.3, 36.05, 36.05, 36.05, 36.05, 36.05, 36.05, 36.05, 36.05, 36.05, 36.05, 36.05, 36.05, 36.05, 36.05, 36.05, 36.05, 36.05, 36.05, 36.05, 36.05, 36.05, 36.05, 36.05, 36.05, 36.05, 36.05, 36.05, 36.05, 36.05, 36.05, 36.05, 36.05, 36.05, 36.05, 36.05, 36.05]

Execution 8:
Parameters: Y=0.997
Start Time (hh:mm:ss.ms) 2023-07-17 21:09:49.984898
generations	MaxGenenerations	Populationk1	Populationk	PopulationElite	PopulationMutant	fitnessElite	alpha	min  	max  	avg    	std     
0          	0               	0           	0          	0              	0               	0           	0    	36.85	38.65	37.9774	0.297992
1          	41.3875         	997         	1000       	100            	200             	37.39       	0.3  	36.7 	38.75	37.7423	0.370292
2          	41.2315         	994         	997        	104            	196             	37.3051     	0.295	36.4 	38.675	37.6217	0.406936
3          	40.8852         	991         	994        	107            	191             	37.0602     	0.290	36.3 	38.625	37.5403	0.457111
5          	40.7668         	985         	988        	113            	183             	36.9519     	0.280	36.25	38.675	37.358 	0.534322
6          	40.7167         	982         	985        	117            	179             	36.9179     	0.275	36.05	38.625	37.2456	0.580528
End Time (hh:mm:ss.ms) 2023-07-17 21:09:52.347898
Total Time (hh:mm:ss.ms) 0:00:02.363000
Individual: ([4, 0, 6, 5, 3, 2, 1, 7], [0, 1, 1, 1, 1, 0, 0, 0])
Fitness:  36.05
Gens:  [0, 1, 2, 3, 4, 5, 6, 7, 8, 9, 10, 11, 12, 13, 14, 15, 16, 17, 18, 19, 20, 21, 22, 23, 24, 25, 26, 27, 28, 29, 30, 31, 32, 33, 34, 35, 36, 37, 38, 39, 40, 41]
Inds:  [36.85, 36.7, 36.4, 36.3, 36.3, 36.25, 36.05, 36.05, 36.05, 36.05, 36.05, 36.05, 36.05, 36.05, 36.05, 36.05, 36.05, 36.05, 36.05, 36.05, 36.05, 36.05, 36.05, 36.05, 36.05, 36.05, 36.05, 36.05, 36.05, 36.05, 36.05, 36.05, 36.05, 36.05, 36.05, 36.05, 36.05, 36.05, 36.05, 36.05, 36.05, 36.05]

Execution 9:
Parameters: Y=0.997
Start Time (hh:mm:ss.ms) 2023-07-17 21:09:53.039898
generations	MaxGenenerations	Populationk1	Populationk	PopulationElite	PopulationMutant	fitnessElite	alpha	min   	max  	avg    	std     
0          	0               	0           	0          	0              	0               	0           	0    	37.075	38.75	37.9915	0.307852
1          	41.6528         	997         	1000       	100            	200             	37.5775     	0.3  	36.75 	38.625	37.7627	0.34775 
2          	41.2721         	994         	997        	104            	196             	37.3034     	0.295	36.55 	38.65 	37.6426	0.406737
3          	41.0506         	991         	994        	107            	191             	37.1595     	0.290	36.425	38.775	37.585 	0.438049
5          	40.9102         	985         	988        	113            	183             	37.049      	0.280	36.3  	38.625	37.3962	0.511678
6          	40.7668         	982         	985        	117            	179             	36.9405     	0.275	36.275	38.625	37.3191	0.542678
8          	40.7295         	976         	979        	123            	171             	36.8793     	0.265	36.05 	38.75 	37.2315	0.588716
End Time (hh:mm:ss.ms) 2023-07-17 21:09:55.472900
Total Time (hh:mm:ss.ms) 0:00:02.433002
Individual: ([4, 0, 6, 5, 3, 2, 1, 7], [0, 1, 1, 1, 1, 0, 0, 0])
Fitness:  36.05
Gens:  [0, 1, 2, 3, 4, 5, 6, 7, 8, 9, 10, 11, 12, 13, 14, 15, 16, 17, 18, 19, 20, 21, 22, 23, 24, 25, 26, 27, 28, 29, 30, 31, 32, 33, 34, 35, 36, 37, 38, 39, 40, 41]
Inds:  [37.075, 36.75, 36.55, 36.425, 36.425, 36.3, 36.275, 36.275, 36.05, 36.05, 36.05, 36.05, 36.05, 36.05, 36.05, 36.05, 36.05, 36.05, 36.05, 36.05, 36.05, 36.05, 36.05, 36.05, 36.05, 36.05, 36.05, 36.05, 36.05, 36.05, 36.05, 36.05, 36.05, 36.05, 36.05, 36.05, 36.05, 36.05, 36.05, 36.05, 36.05, 36.05]

Execution 10:
Parameters: Y=0.997
Start Time (hh:mm:ss.ms) 2023-07-17 21:09:56.211543
generations	MaxGenenerations	Populationk1	Populationk	PopulationElite	PopulationMutant	fitnessElite	alpha	min	max   	avg    	std     
0          	0               	0           	0          	0              	0               	0           	0    	37 	38.775	37.9817	0.304888
1          	41.5716         	997         	1000       	100            	200             	37.5325     	0.3  	36.675	38.75 	37.7492	0.356152
3          	41.2034         	991         	994        	107            	191             	37.2774     	0.290	36.55 	38.6  	37.5952	0.448192
4          	41.0444         	988         	991        	110            	187             	37.135      	0.285	36.5  	38.675	37.5014	0.473157
5          	40.9975         	985         	988        	113            	183             	37.1101     	0.280	36.3  	38.775	37.4236	0.514587
8          	40.7545         	976         	979        	123            	171             	36.8911     	0.265	36.25 	38.6  	37.2524	0.575545
10         	40.7075         	970         	973        	130            	162             	36.8511     	0.255	36.05 	38.5  	37.1683	0.611611
End Time (hh:mm:ss.ms) 2023-07-17 21:09:58.489544
Total Time (hh:mm:ss.ms) 0:00:02.278001
Individual: ([4, 0, 6, 5, 3, 2, 1, 7], [0, 1, 1, 1, 1, 0, 0, 0])
Fitness:  36.05
Gens:  [0, 1, 2, 3, 4, 5, 6, 7, 8, 9, 10, 11, 12, 13, 14, 15, 16, 17, 18, 19, 20, 21, 22, 23, 24, 25, 26, 27, 28, 29, 30, 31, 32, 33, 34, 35, 36, 37, 38, 39, 40, 41]
Inds:  [37.0, 36.675, 36.675, 36.55, 36.5, 36.3, 36.3, 36.3, 36.25, 36.25, 36.05, 36.05, 36.05, 36.05, 36.05, 36.05, 36.05, 36.05, 36.05, 36.05, 36.05, 36.05, 36.05, 36.05, 36.05, 36.05, 36.05, 36.05, 36.05, 36.05, 36.05, 36.05, 36.05, 36.05, 36.05, 36.05, 36.05, 36.05, 36.05, 36.05, 36.05, 36.05]

