A-BRKGA-Heuristic:

Execution 1:
Parametros: Y=0.997
Start Time (hh:mm:ss.ms) 2023-07-16 22:56:34.404997
generations	MaxGenenerations	Populationk1	Populationk	PopulationElite	PopulationMutant	fitnessElite	alpha	min    	max    	avg    	std    
0          	0               	0           	0          	0              	0               	0           	0    	155.508	175.695	173.006	1.10918
22         	274.477         	934         	937        	105            	177             	165.073     	0.284	155.2  	186.377	164.857	6.12193
End Time (hh:mm:ss.ms) 2023-07-16 22:57:25.771002
Total Time (hh:mm:ss.ms) 0:00:51.366005
Individuo: [[10, 15, 27, 43, 13, 7, 2, 25, 0, 22, 14, 36, 1, 44, 37, 38, 42, 31, 5, 46, 30, 3, 24, 40, 6, 34, 33, 41, 8, 32, 17, 39, 45, 28, 11, 23, 16, 35, 9, 19, 20, 4, 26, 21, 12, 29, 18], [1, 0, 0, 0, 0, 1, 1, 1, 1, 0, 0, 0, 0, 0, 0, 0, 0, 0, 0, 1, 1, 1, 0, 0, 0, 0, 0, 0, 0, 0, 1, 1, 1, 1, 1, 1, 1, 1, 0, 0, 0, 0, 0, 0, 0, 0, 0]]
Fitness:  155.20000000000005
Gens:  [0, 1, 2, 3, 4, 5, 6, 7, 8, 9, 10, 11, 12, 13, 14, 15, 16, 17, 18, 19, 20, 21, 22, 23, 24, 25, 26, 27, 28, 29, 30, 31, 32, 33, 34, 35, 36, 37, 38, 39, 40, 41, 42, 43, 44, 45, 46, 47, 48, 49, 50, 51, 52, 53, 54, 55, 56, 57, 58, 59, 60, 61, 62, 63, 64, 65, 66, 67, 68, 69, 70, 71, 72, 73, 74, 75, 76, 77, 78, 79, 80, 81, 82, 83, 84, 85, 86, 87, 88, 89, 90, 91, 92, 93, 94, 95, 96, 97, 98, 99, 100, 101, 102, 103, 104, 105, 106, 107, 108, 109, 110, 111, 112, 113, 114, 115, 116, 117, 118, 119, 120, 121, 122, 123, 124, 125, 126, 127, 128, 129, 130, 131, 132, 133, 134, 135, 136, 137, 138, 139, 140, 141, 142, 143, 144, 145, 146, 147, 148, 149, 150, 151, 152, 153, 154, 155, 156, 157, 158, 159, 160, 161, 162, 163, 164, 165, 166, 167, 168, 169, 170, 171, 172, 173, 174, 175, 176, 177, 178, 179, 180, 181, 182, 183, 184, 185, 186, 187, 188, 189, 190, 191, 192, 193, 194, 195, 196, 197, 198, 199, 200, 201, 202, 203, 204, 205, 206, 207, 208, 209, 210, 211, 212, 213, 214, 215, 216, 217, 218, 219, 220, 221, 222, 223, 224, 225, 226, 227, 228, 229, 230, 231, 232, 233, 234, 235, 236, 237, 238, 239, 240, 241, 242, 243, 244, 245, 246, 247, 248, 249, 250, 251, 252, 253, 254, 255, 256, 257, 258, 259, 260, 261, 262, 263]
Inds:  [155.50750000000005, 155.50750000000005, 155.50750000000005, 155.50750000000005, 155.50750000000005, 155.50750000000005, 155.50750000000005, 155.50750000000005, 155.50750000000005, 155.50750000000005, 155.50750000000005, 155.50750000000005, 155.50750000000005, 155.50750000000005, 155.50750000000005, 155.50750000000005, 155.50750000000005, 155.50750000000005, 155.50750000000005, 155.50750000000005, 155.50750000000005, 155.50750000000005, 155.20000000000005, 155.20000000000005, 155.20000000000005, 155.20000000000005, 155.20000000000005, 155.20000000000005, 155.20000000000005, 155.20000000000005, 155.20000000000005, 155.20000000000005, 155.20000000000005, 155.20000000000005, 155.20000000000005, 155.20000000000005, 155.20000000000005, 155.20000000000005, 155.20000000000005, 155.20000000000005, 155.20000000000005, 155.20000000000005, 155.20000000000005, 155.20000000000005, 155.20000000000005, 155.20000000000005, 155.20000000000005, 155.20000000000005, 155.20000000000005, 155.20000000000005, 155.20000000000005, 155.20000000000005, 155.20000000000005, 155.20000000000005, 155.20000000000005, 155.20000000000005, 155.20000000000005, 155.20000000000005, 155.20000000000005, 155.20000000000005, 155.20000000000005, 155.20000000000005, 155.20000000000005, 155.20000000000005, 155.20000000000005, 155.20000000000005, 155.20000000000005, 155.20000000000005, 155.20000000000005, 155.20000000000005, 155.20000000000005, 155.20000000000005, 155.20000000000005, 155.20000000000005, 155.20000000000005, 155.20000000000005, 155.20000000000005, 155.20000000000005, 155.20000000000005, 155.20000000000005, 155.20000000000005, 155.20000000000005, 155.20000000000005, 155.20000000000005, 155.20000000000005, 155.20000000000005, 155.20000000000005, 155.20000000000005, 155.20000000000005, 155.20000000000005, 155.20000000000005, 155.20000000000005, 155.20000000000005, 155.20000000000005, 155.20000000000005, 155.20000000000005, 155.20000000000005, 155.20000000000005, 155.20000000000005, 155.20000000000005, 155.20000000000005, 155.20000000000005, 155.20000000000005, 155.20000000000005, 155.20000000000005, 155.20000000000005, 155.20000000000005, 155.20000000000005, 155.20000000000005, 155.20000000000005, 155.20000000000005, 155.20000000000005, 155.20000000000005, 155.20000000000005, 155.20000000000005, 155.20000000000005, 155.20000000000005, 155.20000000000005, 155.20000000000005, 155.20000000000005, 155.20000000000005, 155.20000000000005, 155.20000000000005, 155.20000000000005, 155.20000000000005, 155.20000000000005, 155.20000000000005, 155.20000000000005, 155.20000000000005, 155.20000000000005, 155.20000000000005, 155.20000000000005, 155.20000000000005, 155.20000000000005, 155.20000000000005, 155.20000000000005, 155.20000000000005, 155.20000000000005, 155.20000000000005, 155.20000000000005, 155.20000000000005, 155.20000000000005, 155.20000000000005, 155.20000000000005, 155.20000000000005, 155.20000000000005, 155.20000000000005, 155.20000000000005, 155.20000000000005, 155.20000000000005, 155.20000000000005, 155.20000000000005, 155.20000000000005, 155.20000000000005, 155.20000000000005, 155.20000000000005, 155.20000000000005, 155.20000000000005, 155.20000000000005, 155.20000000000005, 155.20000000000005, 155.20000000000005, 155.20000000000005, 155.20000000000005, 155.20000000000005, 155.20000000000005, 155.20000000000005, 155.20000000000005, 155.20000000000005, 155.20000000000005, 155.20000000000005, 155.20000000000005, 155.20000000000005, 155.20000000000005, 155.20000000000005, 155.20000000000005, 155.20000000000005, 155.20000000000005, 155.20000000000005, 155.20000000000005, 155.20000000000005, 155.20000000000005, 155.20000000000005, 155.20000000000005, 155.20000000000005, 155.20000000000005, 155.20000000000005, 155.20000000000005, 155.20000000000005, 155.20000000000005, 155.20000000000005, 155.20000000000005, 155.20000000000005, 155.20000000000005, 155.20000000000005, 155.20000000000005, 155.20000000000005, 155.20000000000005, 155.20000000000005, 155.20000000000005, 155.20000000000005, 155.20000000000005, 155.20000000000005, 155.20000000000005, 155.20000000000005, 155.20000000000005, 155.20000000000005, 155.20000000000005, 155.20000000000005, 155.20000000000005, 155.20000000000005, 155.20000000000005, 155.20000000000005, 155.20000000000005, 155.20000000000005, 155.20000000000005, 155.20000000000005, 155.20000000000005, 155.20000000000005, 155.20000000000005, 155.20000000000005, 155.20000000000005, 155.20000000000005, 155.20000000000005, 155.20000000000005, 155.20000000000005, 155.20000000000005, 155.20000000000005, 155.20000000000005, 155.20000000000005, 155.20000000000005, 155.20000000000005, 155.20000000000005, 155.20000000000005, 155.20000000000005, 155.20000000000005, 155.20000000000005, 155.20000000000005, 155.20000000000005, 155.20000000000005, 155.20000000000005, 155.20000000000005, 155.20000000000005, 155.20000000000005, 155.20000000000005, 155.20000000000005, 155.20000000000005, 155.20000000000005, 155.20000000000005, 155.20000000000005, 155.20000000000005, 155.20000000000005, 155.20000000000005, 155.20000000000005, 155.20000000000005, 155.20000000000005, 155.20000000000005, 155.20000000000005, 155.20000000000005, 155.20000000000005, 155.20000000000005, 155.20000000000005, 155.20000000000005, 155.20000000000005]

Execution 2:
Parametros: Y=0.997
Start Time (hh:mm:ss.ms) 2023-07-16 22:57:26.522022
generations	MaxGenenerations	Populationk1	Populationk	PopulationElite	PopulationMutant	fitnessElite	alpha	min    	max    	avg    	std   
0          	0               	0           	0          	0              	0               	0           	0    	155.508	175.905	172.884	1.8783
13         	273.555         	961         	964        	103            	186             	164.967     	0.291	155.2  	185.502	166.61 	5.32154
16         	272.126         	952         	955        	104            	183             	164.361     	0.288	155.2  	186.413	166.465	5.69114
116        	270.705         	656         	658        	108            	90              	161.642     	0.215	154.92 	186.335	161.69 	6.5074 
141        	268.907         	606         	608        	108            	74              	160.526     	0.195	154.78 	185.573	161.03 	6.14373
148        	269.037         	592         	594        	108            	70              	160.354     	0.190	154.64 	184.873	161.07 	6.18556
End Time (hh:mm:ss.ms) 2023-07-16 22:58:16.534022
Total Time (hh:mm:ss.ms) 0:00:50.012000
Individuo: [[18, 10, 15, 27, 43, 13, 35, 16, 23, 11, 28, 45, 2, 25, 0, 22, 5, 31, 42, 38, 37, 44, 1, 36, 14, 46, 30, 3, 32, 8, 41, 33, 34, 6, 40, 24, 17, 39, 7, 9, 19, 20, 4, 26, 21, 12, 29], [0, 1, 0, 0, 0, 0, 0, 0, 0, 0, 0, 0, 1, 1, 1, 0, 1, 1, 1, 1, 1, 1, 1, 1, 1, 1, 1, 1, 1, 1, 1, 1, 1, 1, 1, 1, 1, 1, 0, 0, 0, 0, 0, 0, 0, 0, 0]]
Fitness:  154.64000000000007
Gens:  [0, 1, 2, 3, 4, 5, 6, 7, 8, 9, 10, 11, 12, 13, 14, 15, 16, 17, 18, 19, 20, 21, 22, 23, 24, 25, 26, 27, 28, 29, 30, 31, 32, 33, 34, 35, 36, 37, 38, 39, 40, 41, 42, 43, 44, 45, 46, 47, 48, 49, 50, 51, 52, 53, 54, 55, 56, 57, 58, 59, 60, 61, 62, 63, 64, 65, 66, 67, 68, 69, 70, 71, 72, 73, 74, 75, 76, 77, 78, 79, 80, 81, 82, 83, 84, 85, 86, 87, 88, 89, 90, 91, 92, 93, 94, 95, 96, 97, 98, 99, 100, 101, 102, 103, 104, 105, 106, 107, 108, 109, 110, 111, 112, 113, 114, 115, 116, 117, 118, 119, 120, 121, 122, 123, 124, 125, 126, 127, 128, 129, 130, 131, 132, 133, 134, 135, 136, 137, 138, 139, 140, 141, 142, 143, 144, 145, 146, 147, 148, 149, 150, 151, 152, 153, 154, 155, 156, 157, 158, 159, 160, 161, 162, 163, 164, 165, 166, 167, 168, 169, 170, 171, 172, 173, 174, 175, 176, 177, 178, 179, 180, 181, 182, 183, 184, 185, 186, 187, 188, 189, 190, 191, 192, 193, 194, 195, 196, 197, 198, 199, 200, 201, 202, 203, 204, 205, 206, 207, 208, 209, 210, 211, 212, 213, 214, 215, 216, 217, 218, 219, 220, 221, 222, 223, 224, 225, 226, 227, 228, 229, 230, 231, 232, 233, 234, 235, 236, 237, 238, 239, 240, 241, 242, 243, 244, 245, 246, 247, 248, 249, 250, 251, 252, 253, 254, 255, 256, 257, 258, 259, 260, 261, 262]
Inds:  [155.50750000000008, 155.50750000000008, 155.50750000000008, 155.50750000000008, 155.50750000000008, 155.50750000000008, 155.50750000000008, 155.50750000000008, 155.50750000000008, 155.50750000000008, 155.50750000000008, 155.50750000000008, 155.50750000000008, 155.2000000000001, 155.2000000000001, 155.2000000000001, 155.20000000000007, 155.20000000000007, 155.20000000000007, 155.20000000000007, 155.20000000000007, 155.20000000000007, 155.20000000000007, 155.20000000000007, 155.20000000000007, 155.20000000000007, 155.20000000000007, 155.20000000000007, 155.20000000000007, 155.20000000000007, 155.20000000000007, 155.20000000000007, 155.20000000000007, 155.20000000000007, 155.20000000000007, 155.20000000000007, 155.20000000000007, 155.20000000000007, 155.20000000000007, 155.20000000000007, 155.20000000000007, 155.20000000000007, 155.20000000000007, 155.20000000000007, 155.20000000000007, 155.20000000000007, 155.20000000000007, 155.20000000000007, 155.20000000000007, 155.20000000000007, 155.20000000000007, 155.20000000000007, 155.20000000000007, 155.20000000000007, 155.20000000000007, 155.20000000000007, 155.20000000000007, 155.20000000000007, 155.20000000000007, 155.20000000000007, 155.20000000000007, 155.20000000000007, 155.20000000000007, 155.20000000000007, 155.20000000000007, 155.20000000000007, 155.20000000000007, 155.20000000000007, 155.20000000000007, 155.20000000000007, 155.20000000000007, 155.20000000000007, 155.20000000000007, 155.20000000000007, 155.20000000000007, 155.20000000000007, 155.20000000000007, 155.20000000000007, 155.20000000000007, 155.20000000000007, 155.20000000000007, 155.20000000000007, 155.20000000000007, 155.20000000000007, 155.20000000000007, 155.20000000000007, 155.20000000000007, 155.20000000000007, 155.20000000000007, 155.20000000000007, 155.20000000000007, 155.20000000000007, 155.20000000000007, 155.20000000000007, 155.20000000000007, 155.20000000000007, 155.20000000000007, 155.20000000000007, 155.20000000000007, 155.20000000000007, 155.20000000000007, 155.20000000000007, 155.20000000000007, 155.20000000000007, 155.20000000000007, 155.20000000000007, 155.20000000000007, 155.20000000000007, 155.20000000000007, 155.20000000000007, 155.20000000000007, 155.20000000000007, 155.20000000000007, 155.20000000000007, 155.20000000000007, 155.20000000000007, 154.92000000000007, 154.92000000000007, 154.92000000000007, 154.92000000000007, 154.92000000000007, 154.92000000000007, 154.92000000000007, 154.92000000000007, 154.92000000000007, 154.92000000000007, 154.92000000000007, 154.92000000000007, 154.92000000000007, 154.92000000000007, 154.92000000000007, 154.92000000000007, 154.92000000000007, 154.92000000000007, 154.92000000000007, 154.92000000000007, 154.92000000000007, 154.92000000000007, 154.92000000000007, 154.92000000000007, 154.92000000000007, 154.78000000000006, 154.78000000000006, 154.78000000000006, 154.78000000000006, 154.78000000000006, 154.78000000000006, 154.78000000000006, 154.64000000000007, 154.64000000000007, 154.64000000000007, 154.64000000000007, 154.64000000000007, 154.64000000000007, 154.64000000000007, 154.64000000000007, 154.64000000000007, 154.64000000000007, 154.64000000000007, 154.64000000000007, 154.64000000000007, 154.64000000000007, 154.64000000000007, 154.64000000000007, 154.64000000000007, 154.64000000000007, 154.64000000000007, 154.64000000000007, 154.64000000000007, 154.64000000000007, 154.64000000000007, 154.64000000000007, 154.64000000000007, 154.64000000000007, 154.64000000000007, 154.64000000000007, 154.64000000000007, 154.64000000000007, 154.64000000000007, 154.64000000000007, 154.64000000000007, 154.64000000000007, 154.64000000000007, 154.64000000000007, 154.64000000000007, 154.64000000000007, 154.64000000000007, 154.64000000000007, 154.64000000000007, 154.64000000000007, 154.64000000000007, 154.64000000000007, 154.64000000000007, 154.64000000000007, 154.64000000000007, 154.64000000000007, 154.64000000000007, 154.64000000000007, 154.64000000000007, 154.64000000000007, 154.64000000000007, 154.64000000000007, 154.64000000000007, 154.64000000000007, 154.64000000000007, 154.64000000000007, 154.64000000000007, 154.64000000000007, 154.64000000000007, 154.64000000000007, 154.64000000000007, 154.64000000000007, 154.64000000000007, 154.64000000000007, 154.64000000000007, 154.64000000000007, 154.64000000000007, 154.64000000000007, 154.64000000000007, 154.64000000000007, 154.64000000000007, 154.64000000000007, 154.64000000000007, 154.64000000000007, 154.64000000000007, 154.64000000000007, 154.64000000000007, 154.64000000000007, 154.64000000000007, 154.64000000000007, 154.64000000000007, 154.64000000000007, 154.64000000000007, 154.64000000000007, 154.64000000000007, 154.64000000000007, 154.64000000000007, 154.64000000000007, 154.64000000000007, 154.64000000000007, 154.64000000000007, 154.64000000000007, 154.64000000000007, 154.64000000000007, 154.64000000000007, 154.64000000000007, 154.64000000000007, 154.64000000000007, 154.64000000000007, 154.64000000000007, 154.64000000000007, 154.64000000000007, 154.64000000000007, 154.64000000000007, 154.64000000000007, 154.64000000000007, 154.64000000000007, 154.64000000000007, 154.64000000000007, 154.64000000000007, 154.64000000000007, 154.64000000000007, 154.64000000000007]

Execution 3:
Parametros: Y=0.997
Start Time (hh:mm:ss.ms) 2023-07-16 22:58:17.300996
generations	MaxGenenerations	Populationk1	Populationk	PopulationElite	PopulationMutant	fitnessElite	alpha	min    	max    	avg    	std    
0          	0               	0           	0          	0              	0               	0           	0    	156.145	175.983	172.939	1.40808
2          	275.307         	994         	997        	100            	199             	165.903     	0.299	155.788	186    	168.074	4.47892
7          	274.186         	979         	982        	102            	193             	165.356     	0.295	155.48 	187.91 	167.659	4.97092
19         	272.68          	943         	946        	104            	180             	164.514     	0.286	155.2  	186.525	167.044	5.41503
31         	273.682         	907         	910        	106            	167             	164.543     	0.278	155.2  	187.49 	166.675	5.56527
45         	272.928         	865         	868        	108            	153             	163.951     	0.267	155.2  	185.888	166.15 	5.51908
End Time (hh:mm:ss.ms) 2023-07-16 22:59:08.270995
Total Time (hh:mm:ss.ms) 0:00:50.969999
Individuo: [[10, 15, 27, 43, 13, 7, 2, 25, 0, 22, 14, 36, 1, 44, 37, 38, 42, 31, 5, 46, 30, 3, 24, 40, 6, 34, 33, 41, 8, 32, 17, 39, 45, 28, 11, 23, 16, 35, 9, 26, 21, 20, 19, 4, 12, 29, 18], [1, 0, 0, 0, 0, 1, 1, 1, 1, 0, 0, 0, 0, 0, 0, 0, 0, 0, 0, 1, 1, 1, 0, 0, 0, 0, 0, 0, 0, 0, 1, 1, 1, 1, 1, 1, 1, 1, 0, 0, 0, 1, 1, 1, 0, 0, 0]]
Fitness:  155.20000000000005
Gens:  [0, 1, 2, 3, 4, 5, 6, 7, 8, 9, 10, 11, 12, 13, 14, 15, 16, 17, 18, 19, 20, 21, 22, 23, 24, 25, 26, 27, 28, 29, 30, 31, 32, 33, 34, 35, 36, 37, 38, 39, 40, 41, 42, 43, 44, 45, 46, 47, 48, 49, 50, 51, 52, 53, 54, 55, 56, 57, 58, 59, 60, 61, 62, 63, 64, 65, 66, 67, 68, 69, 70, 71, 72, 73, 74, 75, 76, 77, 78, 79, 80, 81, 82, 83, 84, 85, 86, 87, 88, 89, 90, 91, 92, 93, 94, 95, 96, 97, 98, 99, 100, 101, 102, 103, 104, 105, 106, 107, 108, 109, 110, 111, 112, 113, 114, 115, 116, 117, 118, 119, 120, 121, 122, 123, 124, 125, 126, 127, 128, 129, 130, 131, 132, 133, 134, 135, 136, 137, 138, 139, 140, 141, 142, 143, 144, 145, 146, 147, 148, 149, 150, 151, 152, 153, 154, 155, 156, 157, 158, 159, 160, 161, 162, 163, 164, 165, 166, 167, 168, 169, 170, 171, 172, 173, 174, 175, 176, 177, 178, 179, 180, 181, 182, 183, 184, 185, 186, 187, 188, 189, 190, 191, 192, 193, 194, 195, 196, 197, 198, 199, 200, 201, 202, 203, 204, 205, 206, 207, 208, 209, 210, 211, 212, 213, 214, 215, 216, 217, 218, 219, 220, 221, 222, 223, 224, 225, 226, 227, 228, 229, 230, 231, 232, 233, 234, 235, 236, 237, 238, 239, 240, 241, 242, 243, 244, 245, 246, 247, 248, 249, 250, 251, 252, 253, 254, 255, 256, 257, 258, 259, 260, 261, 262, 263, 264, 265, 266, 267, 268, 269]
Inds:  [156.14500000000012, 156.14500000000012, 155.78750000000002, 155.78750000000002, 155.78750000000002, 155.78750000000002, 155.78750000000002, 155.48000000000013, 155.48000000000013, 155.48000000000013, 155.48000000000013, 155.48000000000013, 155.48000000000013, 155.48000000000013, 155.48000000000013, 155.48000000000013, 155.48000000000013, 155.48000000000013, 155.48000000000013, 155.20000000000013, 155.20000000000013, 155.20000000000013, 155.20000000000013, 155.20000000000013, 155.20000000000013, 155.20000000000013, 155.20000000000013, 155.20000000000013, 155.20000000000013, 155.20000000000013, 155.20000000000013, 155.20000000000007, 155.20000000000007, 155.20000000000007, 155.20000000000007, 155.20000000000007, 155.20000000000007, 155.20000000000007, 155.20000000000007, 155.20000000000007, 155.20000000000007, 155.20000000000007, 155.20000000000007, 155.20000000000007, 155.20000000000007, 155.20000000000005, 155.20000000000005, 155.20000000000005, 155.20000000000005, 155.20000000000005, 155.20000000000005, 155.20000000000005, 155.20000000000005, 155.20000000000005, 155.20000000000005, 155.20000000000005, 155.20000000000005, 155.20000000000005, 155.20000000000005, 155.20000000000005, 155.20000000000005, 155.20000000000005, 155.20000000000005, 155.20000000000005, 155.20000000000005, 155.20000000000005, 155.20000000000005, 155.20000000000005, 155.20000000000005, 155.20000000000005, 155.20000000000005, 155.20000000000005, 155.20000000000005, 155.20000000000005, 155.20000000000005, 155.20000000000005, 155.20000000000005, 155.20000000000005, 155.20000000000005, 155.20000000000005, 155.20000000000005, 155.20000000000005, 155.20000000000005, 155.20000000000005, 155.20000000000005, 155.20000000000005, 155.20000000000005, 155.20000000000005, 155.20000000000005, 155.20000000000005, 155.20000000000005, 155.20000000000005, 155.20000000000005, 155.20000000000005, 155.20000000000005, 155.20000000000005, 155.20000000000005, 155.20000000000005, 155.20000000000005, 155.20000000000005, 155.20000000000005, 155.20000000000005, 155.20000000000005, 155.20000000000005, 155.20000000000005, 155.20000000000005, 155.20000000000005, 155.20000000000005, 155.20000000000005, 155.20000000000005, 155.20000000000005, 155.20000000000005, 155.20000000000005, 155.20000000000005, 155.20000000000005, 155.20000000000005, 155.20000000000005, 155.20000000000005, 155.20000000000005, 155.20000000000005, 155.20000000000005, 155.20000000000005, 155.20000000000005, 155.20000000000005, 155.20000000000005, 155.20000000000005, 155.20000000000005, 155.20000000000005, 155.20000000000005, 155.20000000000005, 155.20000000000005, 155.20000000000005, 155.20000000000005, 155.20000000000005, 155.20000000000005, 155.20000000000005, 155.20000000000005, 155.20000000000005, 155.20000000000005, 155.20000000000005, 155.20000000000005, 155.20000000000005, 155.20000000000005, 155.20000000000005, 155.20000000000005, 155.20000000000005, 155.20000000000005, 155.20000000000005, 155.20000000000005, 155.20000000000005, 155.20000000000005, 155.20000000000005, 155.20000000000005, 155.20000000000005, 155.20000000000005, 155.20000000000005, 155.20000000000005, 155.20000000000005, 155.20000000000005, 155.20000000000005, 155.20000000000005, 155.20000000000005, 155.20000000000005, 155.20000000000005, 155.20000000000005, 155.20000000000005, 155.20000000000005, 155.20000000000005, 155.20000000000005, 155.20000000000005, 155.20000000000005, 155.20000000000005, 155.20000000000005, 155.20000000000005, 155.20000000000005, 155.20000000000005, 155.20000000000005, 155.20000000000005, 155.20000000000005, 155.20000000000005, 155.20000000000005, 155.20000000000005, 155.20000000000005, 155.20000000000005, 155.20000000000005, 155.20000000000005, 155.20000000000005, 155.20000000000005, 155.20000000000005, 155.20000000000005, 155.20000000000005, 155.20000000000005, 155.20000000000005, 155.20000000000005, 155.20000000000005, 155.20000000000005, 155.20000000000005, 155.20000000000005, 155.20000000000005, 155.20000000000005, 155.20000000000005, 155.20000000000005, 155.20000000000005, 155.20000000000005, 155.20000000000005, 155.20000000000005, 155.20000000000005, 155.20000000000005, 155.20000000000005, 155.20000000000005, 155.20000000000005, 155.20000000000005, 155.20000000000005, 155.20000000000005, 155.20000000000005, 155.20000000000005, 155.20000000000005, 155.20000000000005, 155.20000000000005, 155.20000000000005, 155.20000000000005, 155.20000000000005, 155.20000000000005, 155.20000000000005, 155.20000000000005, 155.20000000000005, 155.20000000000005, 155.20000000000005, 155.20000000000005, 155.20000000000005, 155.20000000000005, 155.20000000000005, 155.20000000000005, 155.20000000000005, 155.20000000000005, 155.20000000000005, 155.20000000000005, 155.20000000000005, 155.20000000000005, 155.20000000000005, 155.20000000000005, 155.20000000000005, 155.20000000000005, 155.20000000000005, 155.20000000000005, 155.20000000000005, 155.20000000000005, 155.20000000000005, 155.20000000000005, 155.20000000000005, 155.20000000000005, 155.20000000000005, 155.20000000000005, 155.20000000000005, 155.20000000000005, 155.20000000000005, 155.20000000000005, 155.20000000000005, 155.20000000000005, 155.20000000000005, 155.20000000000005, 155.20000000000005, 155.20000000000005, 155.20000000000005, 155.20000000000005, 155.20000000000005, 155.20000000000005, 155.20000000000005, 155.20000000000005, 155.20000000000005]

Execution 4:
Parametros: Y=0.997
Start Time (hh:mm:ss.ms) 2023-07-16 22:59:09.019997
generations	MaxGenenerations	Populationk1	Populationk	PopulationElite	PopulationMutant	fitnessElite	alpha	min  	max    	avg    	std    
0          	0               	0           	0          	0              	0               	0           	0    	155.2	175.695	172.965	1.34899
268        	265.825         	352         	354        	89             	18              	157.569     	0.099	155.2	175.065	158.273	4.70508
End Time (hh:mm:ss.ms) 2023-07-16 22:59:59.319023
Total Time (hh:mm:ss.ms) 0:00:50.299026
Individuo: [[10, 15, 27, 43, 13, 7, 2, 25, 0, 22, 14, 36, 1, 44, 37, 38, 42, 31, 5, 46, 30, 3, 32, 8, 41, 33, 34, 6, 40, 24, 17, 39, 45, 28, 11, 23, 16, 35, 9, 19, 20, 4, 26, 21, 12, 29, 18], [1, 0, 0, 0, 0, 1, 1, 1, 1, 0, 0, 0, 0, 0, 0, 0, 0, 0, 0, 1, 1, 1, 1, 1, 1, 1, 1, 1, 1, 1, 1, 1, 1, 1, 1, 1, 1, 1, 0, 0, 0, 0, 0, 0, 0, 0, 0]]
Fitness:  155.20000000000005
Gens:  [0, 1, 2, 3, 4, 5, 6, 7, 8, 9, 10, 11, 12, 13, 14, 15, 16, 17, 18, 19, 20, 21, 22, 23, 24, 25, 26, 27, 28, 29, 30, 31, 32, 33, 34, 35, 36, 37, 38, 39, 40, 41, 42, 43, 44, 45, 46, 47, 48, 49, 50, 51, 52, 53, 54, 55, 56, 57, 58, 59, 60, 61, 62, 63, 64, 65, 66, 67, 68, 69, 70, 71, 72, 73, 74, 75, 76, 77, 78, 79, 80, 81, 82, 83, 84, 85, 86, 87, 88, 89, 90, 91, 92, 93, 94, 95, 96, 97, 98, 99, 100, 101, 102, 103, 104, 105, 106, 107, 108, 109, 110, 111, 112, 113, 114, 115, 116, 117, 118, 119, 120, 121, 122, 123, 124, 125, 126, 127, 128, 129, 130, 131, 132, 133, 134, 135, 136, 137, 138, 139, 140, 141, 142, 143, 144, 145, 146, 147, 148, 149, 150, 151, 152, 153, 154, 155, 156, 157, 158, 159, 160, 161, 162, 163, 164, 165, 166, 167, 168, 169, 170, 171, 172, 173, 174, 175, 176, 177, 178, 179, 180, 181, 182, 183, 184, 185, 186, 187, 188, 189, 190, 191, 192, 193, 194, 195, 196, 197, 198, 199, 200, 201, 202, 203, 204, 205, 206, 207, 208, 209, 210, 211, 212, 213, 214, 215, 216, 217, 218, 219, 220, 221, 222, 223, 224, 225, 226, 227, 228, 229, 230, 231, 232, 233, 234, 235, 236, 237, 238, 239, 240, 241, 242, 243, 244, 245, 246, 247, 248, 249, 250, 251, 252, 253, 254, 255, 256, 257, 258, 259, 260, 261, 262, 263, 264, 265, 266, 267, 268]
Inds:  [155.20000000000005, 155.20000000000005, 155.20000000000005, 155.20000000000005, 155.20000000000005, 155.20000000000005, 155.20000000000005, 155.20000000000005, 155.20000000000005, 155.20000000000005, 155.20000000000005, 155.20000000000005, 155.20000000000005, 155.20000000000005, 155.20000000000005, 155.20000000000005, 155.20000000000005, 155.20000000000005, 155.20000000000005, 155.20000000000005, 155.20000000000005, 155.20000000000005, 155.20000000000005, 155.20000000000005, 155.20000000000005, 155.20000000000005, 155.20000000000005, 155.20000000000005, 155.20000000000005, 155.20000000000005, 155.20000000000005, 155.20000000000005, 155.20000000000005, 155.20000000000005, 155.20000000000005, 155.20000000000005, 155.20000000000005, 155.20000000000005, 155.20000000000005, 155.20000000000005, 155.20000000000005, 155.20000000000005, 155.20000000000005, 155.20000000000005, 155.20000000000005, 155.20000000000005, 155.20000000000005, 155.20000000000005, 155.20000000000005, 155.20000000000005, 155.20000000000005, 155.20000000000005, 155.20000000000005, 155.20000000000005, 155.20000000000005, 155.20000000000005, 155.20000000000005, 155.20000000000005, 155.20000000000005, 155.20000000000005, 155.20000000000005, 155.20000000000005, 155.20000000000005, 155.20000000000005, 155.20000000000005, 155.20000000000005, 155.20000000000005, 155.20000000000005, 155.20000000000005, 155.20000000000005, 155.20000000000005, 155.20000000000005, 155.20000000000005, 155.20000000000005, 155.20000000000005, 155.20000000000005, 155.20000000000005, 155.20000000000005, 155.20000000000005, 155.20000000000005, 155.20000000000005, 155.20000000000005, 155.20000000000005, 155.20000000000005, 155.20000000000005, 155.20000000000005, 155.20000000000005, 155.20000000000005, 155.20000000000005, 155.20000000000005, 155.20000000000005, 155.20000000000005, 155.20000000000005, 155.20000000000005, 155.20000000000005, 155.20000000000005, 155.20000000000005, 155.20000000000005, 155.20000000000005, 155.20000000000005, 155.20000000000005, 155.20000000000005, 155.20000000000005, 155.20000000000005, 155.20000000000005, 155.20000000000005, 155.20000000000005, 155.20000000000005, 155.20000000000005, 155.20000000000005, 155.20000000000005, 155.20000000000005, 155.20000000000005, 155.20000000000005, 155.20000000000005, 155.20000000000005, 155.20000000000005, 155.20000000000005, 155.20000000000005, 155.20000000000005, 155.20000000000005, 155.20000000000005, 155.20000000000005, 155.20000000000005, 155.20000000000005, 155.20000000000005, 155.20000000000005, 155.20000000000005, 155.20000000000005, 155.20000000000005, 155.20000000000005, 155.20000000000005, 155.20000000000005, 155.20000000000005, 155.20000000000005, 155.20000000000005, 155.20000000000005, 155.20000000000005, 155.20000000000005, 155.20000000000005, 155.20000000000005, 155.20000000000005, 155.20000000000005, 155.20000000000005, 155.20000000000005, 155.20000000000005, 155.20000000000005, 155.20000000000005, 155.20000000000005, 155.20000000000005, 155.20000000000005, 155.20000000000005, 155.20000000000005, 155.20000000000005, 155.20000000000005, 155.20000000000005, 155.20000000000005, 155.20000000000005, 155.20000000000005, 155.20000000000005, 155.20000000000005, 155.20000000000005, 155.20000000000005, 155.20000000000005, 155.20000000000005, 155.20000000000005, 155.20000000000005, 155.20000000000005, 155.20000000000005, 155.20000000000005, 155.20000000000005, 155.20000000000005, 155.20000000000005, 155.20000000000005, 155.20000000000005, 155.20000000000005, 155.20000000000005, 155.20000000000005, 155.20000000000005, 155.20000000000005, 155.20000000000005, 155.20000000000005, 155.20000000000005, 155.20000000000005, 155.20000000000005, 155.20000000000005, 155.20000000000005, 155.20000000000005, 155.20000000000005, 155.20000000000005, 155.20000000000005, 155.20000000000005, 155.20000000000005, 155.20000000000005, 155.20000000000005, 155.20000000000005, 155.20000000000005, 155.20000000000005, 155.20000000000005, 155.20000000000005, 155.20000000000005, 155.20000000000005, 155.20000000000005, 155.20000000000005, 155.20000000000005, 155.20000000000005, 155.20000000000005, 155.20000000000005, 155.20000000000005, 155.20000000000005, 155.20000000000005, 155.20000000000005, 155.20000000000005, 155.20000000000005, 155.20000000000005, 155.20000000000005, 155.20000000000005, 155.20000000000005, 155.20000000000005, 155.20000000000005, 155.20000000000005, 155.20000000000005, 155.20000000000005, 155.20000000000005, 155.20000000000005, 155.20000000000005, 155.20000000000005, 155.20000000000005, 155.20000000000005, 155.20000000000005, 155.20000000000005, 155.20000000000005, 155.20000000000005, 155.20000000000005, 155.20000000000005, 155.20000000000005, 155.20000000000005, 155.20000000000005, 155.20000000000005, 155.20000000000005, 155.20000000000005, 155.20000000000005, 155.20000000000005, 155.20000000000005, 155.20000000000005, 155.20000000000005, 155.20000000000005, 155.20000000000005, 155.20000000000005, 155.20000000000005, 155.20000000000005, 155.20000000000005, 155.20000000000005, 155.20000000000005, 155.20000000000005, 155.20000000000005, 155.20000000000005, 155.20000000000005, 155.20000000000005, 155.20000000000005, 155.20000000000005, 155.20000000000005, 155.20000000000005, 155.20000000000005, 155.20000000000005, 155.20000000000005, 155.20000000000005, 155.20000000000005, 155.20000000000005]

Execution 5:
Parametros: Y=0.997
Start Time (hh:mm:ss.ms) 2023-07-16 23:00:00.060996
generations	MaxGenenerations	Populationk1	Populationk	PopulationElite	PopulationMutant	fitnessElite	alpha	min    	max    	avg    	std    
0          	0               	0           	0          	0              	0               	0           	0    	156.075	175.878	172.974	1.13443
1          	264.744         	997         	1000       	100            	200             	162.016     	0.3  	155.76 	187.182	167.207	4.74054
2          	273.338         	994         	997        	100            	199             	165.164     	0.299	155.2  	188.478	167.704	4.49165
74         	270.733         	778         	781        	110            	125             	162.581     	0.246	155.2  	185.3  	163.431	6.36458
End Time (hh:mm:ss.ms) 2023-07-16 23:00:49.872997
Total Time (hh:mm:ss.ms) 0:00:49.812001
Individuo: [[10, 15, 27, 43, 13, 7, 2, 25, 0, 22, 14, 36, 1, 44, 37, 38, 42, 31, 5, 46, 30, 3, 24, 40, 6, 34, 33, 41, 8, 32, 17, 39, 45, 28, 11, 23, 16, 35, 9, 26, 21, 20, 19, 4, 12, 29, 18], [1, 0, 0, 0, 0, 1, 1, 1, 1, 0, 0, 0, 0, 0, 0, 0, 0, 0, 0, 1, 1, 1, 0, 0, 0, 0, 0, 0, 0, 0, 1, 1, 1, 1, 1, 1, 1, 1, 0, 0, 0, 1, 1, 1, 0, 0, 0]]
Fitness:  155.20000000000005
Gens:  [0, 1, 2, 3, 4, 5, 6, 7, 8, 9, 10, 11, 12, 13, 14, 15, 16, 17, 18, 19, 20, 21, 22, 23, 24, 25, 26, 27, 28, 29, 30, 31, 32, 33, 34, 35, 36, 37, 38, 39, 40, 41, 42, 43, 44, 45, 46, 47, 48, 49, 50, 51, 52, 53, 54, 55, 56, 57, 58, 59, 60, 61, 62, 63, 64, 65, 66, 67, 68, 69, 70, 71, 72, 73, 74, 75, 76, 77, 78, 79, 80, 81, 82, 83, 84, 85, 86, 87, 88, 89, 90, 91, 92, 93, 94, 95, 96, 97, 98, 99, 100, 101, 102, 103, 104, 105, 106, 107, 108, 109, 110, 111, 112, 113, 114, 115, 116, 117, 118, 119, 120, 121, 122, 123, 124, 125, 126, 127, 128, 129, 130, 131, 132, 133, 134, 135, 136, 137, 138, 139, 140, 141, 142, 143, 144, 145, 146, 147, 148, 149, 150, 151, 152, 153, 154, 155, 156, 157, 158, 159, 160, 161, 162, 163, 164, 165, 166, 167, 168, 169, 170, 171, 172, 173, 174, 175, 176, 177, 178, 179, 180, 181, 182, 183, 184, 185, 186, 187, 188, 189, 190, 191, 192, 193, 194, 195, 196, 197, 198, 199, 200, 201, 202, 203, 204, 205, 206, 207, 208, 209, 210, 211, 212, 213, 214, 215, 216, 217, 218, 219, 220, 221, 222, 223, 224, 225, 226, 227, 228, 229, 230, 231, 232, 233, 234, 235, 236, 237, 238, 239, 240, 241, 242, 243, 244, 245, 246, 247, 248, 249, 250, 251, 252, 253, 254, 255, 256, 257, 258, 259, 260, 261, 262, 263, 264, 265]
Inds:  [156.0750000000001, 155.7600000000001, 155.20000000000007, 155.20000000000007, 155.20000000000007, 155.20000000000007, 155.20000000000007, 155.20000000000007, 155.20000000000007, 155.20000000000007, 155.20000000000007, 155.20000000000007, 155.20000000000007, 155.20000000000007, 155.20000000000007, 155.20000000000007, 155.20000000000007, 155.20000000000007, 155.20000000000007, 155.20000000000007, 155.20000000000007, 155.20000000000007, 155.20000000000007, 155.20000000000007, 155.20000000000007, 155.20000000000007, 155.20000000000007, 155.20000000000007, 155.20000000000007, 155.20000000000007, 155.20000000000007, 155.20000000000007, 155.20000000000007, 155.20000000000007, 155.20000000000007, 155.20000000000007, 155.20000000000007, 155.20000000000007, 155.20000000000007, 155.20000000000007, 155.20000000000007, 155.20000000000007, 155.20000000000007, 155.20000000000007, 155.20000000000007, 155.20000000000007, 155.20000000000007, 155.20000000000007, 155.20000000000007, 155.20000000000007, 155.20000000000007, 155.20000000000007, 155.20000000000007, 155.20000000000007, 155.20000000000007, 155.20000000000007, 155.20000000000007, 155.20000000000007, 155.20000000000007, 155.20000000000007, 155.20000000000007, 155.20000000000007, 155.20000000000007, 155.20000000000007, 155.20000000000007, 155.20000000000007, 155.20000000000007, 155.20000000000007, 155.20000000000007, 155.20000000000007, 155.20000000000007, 155.20000000000007, 155.20000000000007, 155.20000000000007, 155.20000000000005, 155.20000000000005, 155.20000000000005, 155.20000000000005, 155.20000000000005, 155.20000000000005, 155.20000000000005, 155.20000000000005, 155.20000000000005, 155.20000000000005, 155.20000000000005, 155.20000000000005, 155.20000000000005, 155.20000000000005, 155.20000000000005, 155.20000000000005, 155.20000000000005, 155.20000000000005, 155.20000000000005, 155.20000000000005, 155.20000000000005, 155.20000000000005, 155.20000000000005, 155.20000000000005, 155.20000000000005, 155.20000000000005, 155.20000000000005, 155.20000000000005, 155.20000000000005, 155.20000000000005, 155.20000000000005, 155.20000000000005, 155.20000000000005, 155.20000000000005, 155.20000000000005, 155.20000000000005, 155.20000000000005, 155.20000000000005, 155.20000000000005, 155.20000000000005, 155.20000000000005, 155.20000000000005, 155.20000000000005, 155.20000000000005, 155.20000000000005, 155.20000000000005, 155.20000000000005, 155.20000000000005, 155.20000000000005, 155.20000000000005, 155.20000000000005, 155.20000000000005, 155.20000000000005, 155.20000000000005, 155.20000000000005, 155.20000000000005, 155.20000000000005, 155.20000000000005, 155.20000000000005, 155.20000000000005, 155.20000000000005, 155.20000000000005, 155.20000000000005, 155.20000000000005, 155.20000000000005, 155.20000000000005, 155.20000000000005, 155.20000000000005, 155.20000000000005, 155.20000000000005, 155.20000000000005, 155.20000000000005, 155.20000000000005, 155.20000000000005, 155.20000000000005, 155.20000000000005, 155.20000000000005, 155.20000000000005, 155.20000000000005, 155.20000000000005, 155.20000000000005, 155.20000000000005, 155.20000000000005, 155.20000000000005, 155.20000000000005, 155.20000000000005, 155.20000000000005, 155.20000000000005, 155.20000000000005, 155.20000000000005, 155.20000000000005, 155.20000000000005, 155.20000000000005, 155.20000000000005, 155.20000000000005, 155.20000000000005, 155.20000000000005, 155.20000000000005, 155.20000000000005, 155.20000000000005, 155.20000000000005, 155.20000000000005, 155.20000000000005, 155.20000000000005, 155.20000000000005, 155.20000000000005, 155.20000000000005, 155.20000000000005, 155.20000000000005, 155.20000000000005, 155.20000000000005, 155.20000000000005, 155.20000000000005, 155.20000000000005, 155.20000000000005, 155.20000000000005, 155.20000000000005, 155.20000000000005, 155.20000000000005, 155.20000000000005, 155.20000000000005, 155.20000000000005, 155.20000000000005, 155.20000000000005, 155.20000000000005, 155.20000000000005, 155.20000000000005, 155.20000000000005, 155.20000000000005, 155.20000000000005, 155.20000000000005, 155.20000000000005, 155.20000000000005, 155.20000000000005, 155.20000000000005, 155.20000000000005, 155.20000000000005, 155.20000000000005, 155.20000000000005, 155.20000000000005, 155.20000000000005, 155.20000000000005, 155.20000000000005, 155.20000000000005, 155.20000000000005, 155.20000000000005, 155.20000000000005, 155.20000000000005, 155.20000000000005, 155.20000000000005, 155.20000000000005, 155.20000000000005, 155.20000000000005, 155.20000000000005, 155.20000000000005, 155.20000000000005, 155.20000000000005, 155.20000000000005, 155.20000000000005, 155.20000000000005, 155.20000000000005, 155.20000000000005, 155.20000000000005, 155.20000000000005, 155.20000000000005, 155.20000000000005, 155.20000000000005, 155.20000000000005, 155.20000000000005, 155.20000000000005, 155.20000000000005, 155.20000000000005, 155.20000000000005, 155.20000000000005, 155.20000000000005, 155.20000000000005, 155.20000000000005, 155.20000000000005, 155.20000000000005, 155.20000000000005, 155.20000000000005, 155.20000000000005, 155.20000000000005, 155.20000000000005, 155.20000000000005, 155.20000000000005, 155.20000000000005, 155.20000000000005, 155.20000000000005, 155.20000000000005, 155.20000000000005, 155.20000000000005]

Execution 6:
Parametros: Y=0.997
Start Time (hh:mm:ss.ms) 2023-07-16 23:00:50.659994
generations	MaxGenenerations	Populationk1	Populationk	PopulationElite	PopulationMutant	fitnessElite	alpha	min  	max   	avg    	std    
0          	0               	0           	0          	0              	0               	0           	0    	155.2	176.22	172.934	1.63665
58         	275.315         	826         	829        	109            	140             	164.401     	0.258	155.2	188.575	165.58 	5.89315
End Time (hh:mm:ss.ms) 2023-07-16 23:01:41.527284
Total Time (hh:mm:ss.ms) 0:00:50.867290
Individuo: [[10, 15, 27, 43, 13, 7, 2, 25, 0, 22, 5, 31, 42, 38, 37, 44, 1, 36, 14, 46, 30, 3, 24, 40, 6, 34, 33, 41, 8, 32, 17, 39, 45, 28, 11, 23, 16, 35, 9, 19, 20, 12, 29, 18, 21, 26, 4], [1, 0, 0, 0, 0, 1, 1, 1, 1, 0, 1, 1, 1, 1, 1, 1, 1, 1, 1, 1, 1, 1, 0, 0, 0, 0, 0, 0, 0, 0, 1, 1, 1, 1, 1, 1, 1, 1, 0, 0, 0, 0, 0, 0, 1, 1, 1]]
Fitness:  155.20000000000005
Gens:  [0, 1, 2, 3, 4, 5, 6, 7, 8, 9, 10, 11, 12, 13, 14, 15, 16, 17, 18, 19, 20, 21, 22, 23, 24, 25, 26, 27, 28, 29, 30, 31, 32, 33, 34, 35, 36, 37, 38, 39, 40, 41, 42, 43, 44, 45, 46, 47, 48, 49, 50, 51, 52, 53, 54, 55, 56, 57, 58, 59, 60, 61, 62, 63, 64, 65, 66, 67, 68, 69, 70, 71, 72, 73, 74, 75, 76, 77, 78, 79, 80, 81, 82, 83, 84, 85, 86, 87, 88, 89, 90, 91, 92, 93, 94, 95, 96, 97, 98, 99, 100, 101, 102, 103, 104, 105, 106, 107, 108, 109, 110, 111, 112, 113, 114, 115, 116, 117, 118, 119, 120, 121, 122, 123, 124, 125, 126, 127, 128, 129, 130, 131, 132, 133, 134, 135, 136, 137, 138, 139, 140, 141, 142, 143, 144, 145, 146, 147, 148, 149, 150, 151, 152, 153, 154, 155, 156, 157, 158, 159, 160, 161, 162, 163, 164, 165, 166, 167, 168, 169, 170, 171, 172, 173, 174, 175, 176, 177, 178, 179, 180, 181, 182, 183, 184, 185, 186, 187, 188, 189, 190, 191, 192, 193, 194, 195, 196, 197, 198, 199, 200, 201, 202, 203, 204, 205, 206, 207, 208, 209, 210, 211, 212, 213, 214, 215, 216, 217, 218, 219, 220, 221, 222, 223, 224, 225, 226, 227, 228, 229, 230, 231, 232, 233, 234, 235, 236, 237, 238, 239, 240, 241, 242, 243, 244, 245, 246, 247, 248, 249, 250, 251, 252, 253, 254, 255, 256, 257, 258, 259, 260, 261, 262, 263, 264, 265, 266]
Inds:  [155.2000000000001, 155.2000000000001, 155.2000000000001, 155.2000000000001, 155.2000000000001, 155.2000000000001, 155.2000000000001, 155.2000000000001, 155.2000000000001, 155.2000000000001, 155.2000000000001, 155.2000000000001, 155.2000000000001, 155.2000000000001, 155.2000000000001, 155.2000000000001, 155.2000000000001, 155.2000000000001, 155.2000000000001, 155.2000000000001, 155.2000000000001, 155.2000000000001, 155.2000000000001, 155.2000000000001, 155.2000000000001, 155.2000000000001, 155.2000000000001, 155.2000000000001, 155.2000000000001, 155.2000000000001, 155.2000000000001, 155.2000000000001, 155.2000000000001, 155.2000000000001, 155.2000000000001, 155.2000000000001, 155.2000000000001, 155.2000000000001, 155.2000000000001, 155.2000000000001, 155.2000000000001, 155.2000000000001, 155.2000000000001, 155.2000000000001, 155.2000000000001, 155.2000000000001, 155.2000000000001, 155.2000000000001, 155.2000000000001, 155.2000000000001, 155.2000000000001, 155.2000000000001, 155.2000000000001, 155.2000000000001, 155.2000000000001, 155.2000000000001, 155.2000000000001, 155.2000000000001, 155.20000000000005, 155.20000000000005, 155.20000000000005, 155.20000000000005, 155.20000000000005, 155.20000000000005, 155.20000000000005, 155.20000000000005, 155.20000000000005, 155.20000000000005, 155.20000000000005, 155.20000000000005, 155.20000000000005, 155.20000000000005, 155.20000000000005, 155.20000000000005, 155.20000000000005, 155.20000000000005, 155.20000000000005, 155.20000000000005, 155.20000000000005, 155.20000000000005, 155.20000000000005, 155.20000000000005, 155.20000000000005, 155.20000000000005, 155.20000000000005, 155.20000000000005, 155.20000000000005, 155.20000000000005, 155.20000000000005, 155.20000000000005, 155.20000000000005, 155.20000000000005, 155.20000000000005, 155.20000000000005, 155.20000000000005, 155.20000000000005, 155.20000000000005, 155.20000000000005, 155.20000000000005, 155.20000000000005, 155.20000000000005, 155.20000000000005, 155.20000000000005, 155.20000000000005, 155.20000000000005, 155.20000000000005, 155.20000000000005, 155.20000000000005, 155.20000000000005, 155.20000000000005, 155.20000000000005, 155.20000000000005, 155.20000000000005, 155.20000000000005, 155.20000000000005, 155.20000000000005, 155.20000000000005, 155.20000000000005, 155.20000000000005, 155.20000000000005, 155.20000000000005, 155.20000000000005, 155.20000000000005, 155.20000000000005, 155.20000000000005, 155.20000000000005, 155.20000000000005, 155.20000000000005, 155.20000000000005, 155.20000000000005, 155.20000000000005, 155.20000000000005, 155.20000000000005, 155.20000000000005, 155.20000000000005, 155.20000000000005, 155.20000000000005, 155.20000000000005, 155.20000000000005, 155.20000000000005, 155.20000000000005, 155.20000000000005, 155.20000000000005, 155.20000000000005, 155.20000000000005, 155.20000000000005, 155.20000000000005, 155.20000000000005, 155.20000000000005, 155.20000000000005, 155.20000000000005, 155.20000000000005, 155.20000000000005, 155.20000000000005, 155.20000000000005, 155.20000000000005, 155.20000000000005, 155.20000000000005, 155.20000000000005, 155.20000000000005, 155.20000000000005, 155.20000000000005, 155.20000000000005, 155.20000000000005, 155.20000000000005, 155.20000000000005, 155.20000000000005, 155.20000000000005, 155.20000000000005, 155.20000000000005, 155.20000000000005, 155.20000000000005, 155.20000000000005, 155.20000000000005, 155.20000000000005, 155.20000000000005, 155.20000000000005, 155.20000000000005, 155.20000000000005, 155.20000000000005, 155.20000000000005, 155.20000000000005, 155.20000000000005, 155.20000000000005, 155.20000000000005, 155.20000000000005, 155.20000000000005, 155.20000000000005, 155.20000000000005, 155.20000000000005, 155.20000000000005, 155.20000000000005, 155.20000000000005, 155.20000000000005, 155.20000000000005, 155.20000000000005, 155.20000000000005, 155.20000000000005, 155.20000000000005, 155.20000000000005, 155.20000000000005, 155.20000000000005, 155.20000000000005, 155.20000000000005, 155.20000000000005, 155.20000000000005, 155.20000000000005, 155.20000000000005, 155.20000000000005, 155.20000000000005, 155.20000000000005, 155.20000000000005, 155.20000000000005, 155.20000000000005, 155.20000000000005, 155.20000000000005, 155.20000000000005, 155.20000000000005, 155.20000000000005, 155.20000000000005, 155.20000000000005, 155.20000000000005, 155.20000000000005, 155.20000000000005, 155.20000000000005, 155.20000000000005, 155.20000000000005, 155.20000000000005, 155.20000000000005, 155.20000000000005, 155.20000000000005, 155.20000000000005, 155.20000000000005, 155.20000000000005, 155.20000000000005, 155.20000000000005, 155.20000000000005, 155.20000000000005, 155.20000000000005, 155.20000000000005, 155.20000000000005, 155.20000000000005, 155.20000000000005, 155.20000000000005, 155.20000000000005, 155.20000000000005, 155.20000000000005, 155.20000000000005, 155.20000000000005, 155.20000000000005, 155.20000000000005, 155.20000000000005, 155.20000000000005, 155.20000000000005, 155.20000000000005, 155.20000000000005, 155.20000000000005, 155.20000000000005, 155.20000000000005, 155.20000000000005, 155.20000000000005, 155.20000000000005, 155.20000000000005, 155.20000000000005, 155.20000000000005, 155.20000000000005, 155.20000000000005]

Execution 7:
Parametros: Y=0.997
Start Time (hh:mm:ss.ms) 2023-07-16 23:01:42.269277
generations	MaxGenenerations	Populationk1	Populationk	PopulationElite	PopulationMutant	fitnessElite	alpha	min    	max    	avg    	std  
0          	0               	0           	0          	0              	0               	0           	0    	155.508	175.765	173.036	1.039
13         	275.252         	961         	964        	103            	186             	165.568     	0.291	155.2  	187.63 	166.16 	5.7058 
23         	272.527         	931         	934        	105            	175             	164.338     	0.283	155.2  	187.365	164.766	5.669  
134        	271.041         	620         	622        	108            	79              	161.331     	0.201	155.2  	185.117	161.912	6.2183 
End Time (hh:mm:ss.ms) 2023-07-16 23:02:32.404276
Total Time (hh:mm:ss.ms) 0:00:50.134999
Individuo: [[10, 18, 29, 12, 20, 19, 9, 7, 2, 25, 0, 22, 5, 31, 42, 38, 37, 44, 1, 36, 14, 46, 30, 3, 32, 8, 41, 33, 34, 6, 40, 24, 17, 39, 45, 28, 11, 23, 16, 35, 13, 43, 27, 15, 21, 26, 4], [1, 1, 1, 1, 1, 1, 1, 1, 1, 1, 1, 0, 1, 1, 1, 1, 1, 1, 1, 1, 1, 1, 1, 1, 1, 1, 1, 1, 1, 1, 1, 1, 1, 1, 1, 1, 1, 1, 1, 1, 1, 1, 1, 1, 1, 1, 1]]
Fitness:  155.20000000000005
Gens:  [0, 1, 2, 3, 4, 5, 6, 7, 8, 9, 10, 11, 12, 13, 14, 15, 16, 17, 18, 19, 20, 21, 22, 23, 24, 25, 26, 27, 28, 29, 30, 31, 32, 33, 34, 35, 36, 37, 38, 39, 40, 41, 42, 43, 44, 45, 46, 47, 48, 49, 50, 51, 52, 53, 54, 55, 56, 57, 58, 59, 60, 61, 62, 63, 64, 65, 66, 67, 68, 69, 70, 71, 72, 73, 74, 75, 76, 77, 78, 79, 80, 81, 82, 83, 84, 85, 86, 87, 88, 89, 90, 91, 92, 93, 94, 95, 96, 97, 98, 99, 100, 101, 102, 103, 104, 105, 106, 107, 108, 109, 110, 111, 112, 113, 114, 115, 116, 117, 118, 119, 120, 121, 122, 123, 124, 125, 126, 127, 128, 129, 130, 131, 132, 133, 134, 135, 136, 137, 138, 139, 140, 141, 142, 143, 144, 145, 146, 147, 148, 149, 150, 151, 152, 153, 154, 155, 156, 157, 158, 159, 160, 161, 162, 163, 164, 165, 166, 167, 168, 169, 170, 171, 172, 173, 174, 175, 176, 177, 178, 179, 180, 181, 182, 183, 184, 185, 186, 187, 188, 189, 190, 191, 192, 193, 194, 195, 196, 197, 198, 199, 200, 201, 202, 203, 204, 205, 206, 207, 208, 209, 210, 211, 212, 213, 214, 215, 216, 217, 218, 219, 220, 221, 222, 223, 224, 225, 226, 227, 228, 229, 230, 231, 232, 233, 234, 235, 236, 237, 238, 239, 240, 241, 242, 243, 244, 245, 246, 247, 248, 249, 250, 251, 252, 253, 254, 255, 256, 257, 258, 259, 260, 261, 262, 263, 264, 265, 266, 267, 268]
Inds:  [155.50750000000005, 155.50750000000005, 155.50750000000005, 155.50750000000005, 155.50750000000005, 155.50750000000005, 155.50750000000005, 155.50750000000005, 155.50750000000005, 155.50750000000005, 155.50750000000005, 155.50750000000005, 155.50750000000005, 155.2000000000001, 155.2000000000001, 155.2000000000001, 155.2000000000001, 155.2000000000001, 155.2000000000001, 155.2000000000001, 155.2000000000001, 155.2000000000001, 155.2000000000001, 155.20000000000007, 155.20000000000007, 155.20000000000007, 155.20000000000007, 155.20000000000007, 155.20000000000007, 155.20000000000007, 155.20000000000007, 155.20000000000007, 155.20000000000007, 155.20000000000007, 155.20000000000007, 155.20000000000007, 155.20000000000007, 155.20000000000007, 155.20000000000007, 155.20000000000007, 155.20000000000007, 155.20000000000007, 155.20000000000007, 155.20000000000007, 155.20000000000007, 155.20000000000007, 155.20000000000007, 155.20000000000007, 155.20000000000007, 155.20000000000007, 155.20000000000007, 155.20000000000007, 155.20000000000007, 155.20000000000007, 155.20000000000007, 155.20000000000007, 155.20000000000007, 155.20000000000007, 155.20000000000007, 155.20000000000007, 155.20000000000007, 155.20000000000007, 155.20000000000007, 155.20000000000007, 155.20000000000007, 155.20000000000007, 155.20000000000007, 155.20000000000007, 155.20000000000007, 155.20000000000007, 155.20000000000007, 155.20000000000007, 155.20000000000007, 155.20000000000007, 155.20000000000007, 155.20000000000007, 155.20000000000007, 155.20000000000007, 155.20000000000007, 155.20000000000007, 155.20000000000007, 155.20000000000007, 155.20000000000007, 155.20000000000007, 155.20000000000007, 155.20000000000007, 155.20000000000007, 155.20000000000007, 155.20000000000007, 155.20000000000007, 155.20000000000007, 155.20000000000007, 155.20000000000007, 155.20000000000007, 155.20000000000007, 155.20000000000007, 155.20000000000007, 155.20000000000007, 155.20000000000007, 155.20000000000007, 155.20000000000007, 155.20000000000007, 155.20000000000007, 155.20000000000007, 155.20000000000007, 155.20000000000007, 155.20000000000007, 155.20000000000007, 155.20000000000007, 155.20000000000007, 155.20000000000007, 155.20000000000007, 155.20000000000007, 155.20000000000007, 155.20000000000007, 155.20000000000007, 155.20000000000007, 155.20000000000007, 155.20000000000007, 155.20000000000007, 155.20000000000007, 155.20000000000007, 155.20000000000007, 155.20000000000007, 155.20000000000007, 155.20000000000007, 155.20000000000007, 155.20000000000007, 155.20000000000007, 155.20000000000007, 155.20000000000007, 155.20000000000007, 155.20000000000007, 155.20000000000007, 155.20000000000005, 155.20000000000005, 155.20000000000005, 155.20000000000005, 155.20000000000005, 155.20000000000005, 155.20000000000005, 155.20000000000005, 155.20000000000005, 155.20000000000005, 155.20000000000005, 155.20000000000005, 155.20000000000005, 155.20000000000005, 155.20000000000005, 155.20000000000005, 155.20000000000005, 155.20000000000005, 155.20000000000005, 155.20000000000005, 155.20000000000005, 155.20000000000005, 155.20000000000005, 155.20000000000005, 155.20000000000005, 155.20000000000005, 155.20000000000005, 155.20000000000005, 155.20000000000005, 155.20000000000005, 155.20000000000005, 155.20000000000005, 155.20000000000005, 155.20000000000005, 155.20000000000005, 155.20000000000005, 155.20000000000005, 155.20000000000005, 155.20000000000005, 155.20000000000005, 155.20000000000005, 155.20000000000005, 155.20000000000005, 155.20000000000005, 155.20000000000005, 155.20000000000005, 155.20000000000005, 155.20000000000005, 155.20000000000005, 155.20000000000005, 155.20000000000005, 155.20000000000005, 155.20000000000005, 155.20000000000005, 155.20000000000005, 155.20000000000005, 155.20000000000005, 155.20000000000005, 155.20000000000005, 155.20000000000005, 155.20000000000005, 155.20000000000005, 155.20000000000005, 155.20000000000005, 155.20000000000005, 155.20000000000005, 155.20000000000005, 155.20000000000005, 155.20000000000005, 155.20000000000005, 155.20000000000005, 155.20000000000005, 155.20000000000005, 155.20000000000005, 155.20000000000005, 155.20000000000005, 155.20000000000005, 155.20000000000005, 155.20000000000005, 155.20000000000005, 155.20000000000005, 155.20000000000005, 155.20000000000005, 155.20000000000005, 155.20000000000005, 155.20000000000005, 155.20000000000005, 155.20000000000005, 155.20000000000005, 155.20000000000005, 155.20000000000005, 155.20000000000005, 155.20000000000005, 155.20000000000005, 155.20000000000005, 155.20000000000005, 155.20000000000005, 155.20000000000005, 155.20000000000005, 155.20000000000005, 155.20000000000005, 155.20000000000005, 155.20000000000005, 155.20000000000005, 155.20000000000005, 155.20000000000005, 155.20000000000005, 155.20000000000005, 155.20000000000005, 155.20000000000005, 155.20000000000005, 155.20000000000005, 155.20000000000005, 155.20000000000005, 155.20000000000005, 155.20000000000005, 155.20000000000005, 155.20000000000005, 155.20000000000005, 155.20000000000005, 155.20000000000005, 155.20000000000005, 155.20000000000005, 155.20000000000005, 155.20000000000005, 155.20000000000005, 155.20000000000005, 155.20000000000005, 155.20000000000005, 155.20000000000005, 155.20000000000005, 155.20000000000005, 155.20000000000005, 155.20000000000005, 155.20000000000005]

Execution 8:
Parametros: Y=0.997
Start Time (hh:mm:ss.ms) 2023-07-16 23:02:33.192278
generations	MaxGenenerations	Populationk1	Populationk	PopulationElite	PopulationMutant	fitnessElite	alpha	min    	max   	avg    	std    
0          	0               	0           	0          	0              	0               	0           	0    	155.858	176.76	172.955	1.22478
8          	273.803         	976         	979        	102            	192             	165.2       	0.294	155.55 	187.953	166.507	5.34137
25         	270.853         	925         	928        	105            	173             	163.748     	0.282	155.508	186.972	164.638	6.46945
29         	271.8           	913         	916        	106            	169             	163.984     	0.279	155.2  	186.98 	164.071	6.66169
End Time (hh:mm:ss.ms) 2023-07-16 23:03:22.861276
Total Time (hh:mm:ss.ms) 0:00:49.668998
Individuo: [[10, 15, 27, 43, 13, 7, 2, 25, 0, 22, 5, 31, 42, 38, 37, 44, 1, 36, 14, 46, 30, 3, 32, 8, 41, 33, 34, 6, 40, 24, 17, 39, 45, 28, 11, 23, 16, 35, 9, 26, 21, 4, 19, 20, 12, 29, 18], [1, 0, 0, 0, 0, 1, 1, 1, 1, 0, 1, 1, 1, 1, 1, 1, 1, 1, 1, 1, 1, 1, 1, 1, 1, 1, 1, 1, 1, 1, 1, 1, 1, 1, 1, 1, 1, 1, 0, 0, 0, 0, 0, 0, 0, 0, 0]]
Fitness:  155.20000000000005
Gens:  [0, 1, 2, 3, 4, 5, 6, 7, 8, 9, 10, 11, 12, 13, 14, 15, 16, 17, 18, 19, 20, 21, 22, 23, 24, 25, 26, 27, 28, 29, 30, 31, 32, 33, 34, 35, 36, 37, 38, 39, 40, 41, 42, 43, 44, 45, 46, 47, 48, 49, 50, 51, 52, 53, 54, 55, 56, 57, 58, 59, 60, 61, 62, 63, 64, 65, 66, 67, 68, 69, 70, 71, 72, 73, 74, 75, 76, 77, 78, 79, 80, 81, 82, 83, 84, 85, 86, 87, 88, 89, 90, 91, 92, 93, 94, 95, 96, 97, 98, 99, 100, 101, 102, 103, 104, 105, 106, 107, 108, 109, 110, 111, 112, 113, 114, 115, 116, 117, 118, 119, 120, 121, 122, 123, 124, 125, 126, 127, 128, 129, 130, 131, 132, 133, 134, 135, 136, 137, 138, 139, 140, 141, 142, 143, 144, 145, 146, 147, 148, 149, 150, 151, 152, 153, 154, 155, 156, 157, 158, 159, 160, 161, 162, 163, 164, 165, 166, 167, 168, 169, 170, 171, 172, 173, 174, 175, 176, 177, 178, 179, 180, 181, 182, 183, 184, 185, 186, 187, 188, 189, 190, 191, 192, 193, 194, 195, 196, 197, 198, 199, 200, 201, 202, 203, 204, 205, 206, 207, 208, 209, 210, 211, 212, 213, 214, 215, 216, 217, 218, 219, 220, 221, 222, 223, 224, 225, 226, 227, 228, 229, 230, 231, 232, 233, 234, 235, 236, 237, 238, 239, 240, 241, 242, 243, 244, 245, 246, 247, 248, 249, 250, 251, 252, 253, 254, 255, 256, 257, 258, 259, 260, 261, 262, 263, 264, 265, 266]
Inds:  [155.8575000000001, 155.8575000000001, 155.8575000000001, 155.8575000000001, 155.8575000000001, 155.8575000000001, 155.8575000000001, 155.8575000000001, 155.55000000000007, 155.55000000000007, 155.55000000000007, 155.55000000000007, 155.55000000000007, 155.55000000000007, 155.55000000000007, 155.55000000000007, 155.55000000000007, 155.55000000000007, 155.55000000000007, 155.55000000000007, 155.55000000000007, 155.55000000000007, 155.55000000000007, 155.55000000000007, 155.55000000000007, 155.50750000000005, 155.50750000000005, 155.50750000000005, 155.50750000000005, 155.20000000000005, 155.20000000000005, 155.20000000000005, 155.20000000000005, 155.20000000000005, 155.20000000000005, 155.20000000000005, 155.20000000000005, 155.20000000000005, 155.20000000000005, 155.20000000000005, 155.20000000000005, 155.20000000000005, 155.20000000000005, 155.20000000000005, 155.20000000000005, 155.20000000000005, 155.20000000000005, 155.20000000000005, 155.20000000000005, 155.20000000000005, 155.20000000000005, 155.20000000000005, 155.20000000000005, 155.20000000000005, 155.20000000000005, 155.20000000000005, 155.20000000000005, 155.20000000000005, 155.20000000000005, 155.20000000000005, 155.20000000000005, 155.20000000000005, 155.20000000000005, 155.20000000000005, 155.20000000000005, 155.20000000000005, 155.20000000000005, 155.20000000000005, 155.20000000000005, 155.20000000000005, 155.20000000000005, 155.20000000000005, 155.20000000000005, 155.20000000000005, 155.20000000000005, 155.20000000000005, 155.20000000000005, 155.20000000000005, 155.20000000000005, 155.20000000000005, 155.20000000000005, 155.20000000000005, 155.20000000000005, 155.20000000000005, 155.20000000000005, 155.20000000000005, 155.20000000000005, 155.20000000000005, 155.20000000000005, 155.20000000000005, 155.20000000000005, 155.20000000000005, 155.20000000000005, 155.20000000000005, 155.20000000000005, 155.20000000000005, 155.20000000000005, 155.20000000000005, 155.20000000000005, 155.20000000000005, 155.20000000000005, 155.20000000000005, 155.20000000000005, 155.20000000000005, 155.20000000000005, 155.20000000000005, 155.20000000000005, 155.20000000000005, 155.20000000000005, 155.20000000000005, 155.20000000000005, 155.20000000000005, 155.20000000000005, 155.20000000000005, 155.20000000000005, 155.20000000000005, 155.20000000000005, 155.20000000000005, 155.20000000000005, 155.20000000000005, 155.20000000000005, 155.20000000000005, 155.20000000000005, 155.20000000000005, 155.20000000000005, 155.20000000000005, 155.20000000000005, 155.20000000000005, 155.20000000000005, 155.20000000000005, 155.20000000000005, 155.20000000000005, 155.20000000000005, 155.20000000000005, 155.20000000000005, 155.20000000000005, 155.20000000000005, 155.20000000000005, 155.20000000000005, 155.20000000000005, 155.20000000000005, 155.20000000000005, 155.20000000000005, 155.20000000000005, 155.20000000000005, 155.20000000000005, 155.20000000000005, 155.20000000000005, 155.20000000000005, 155.20000000000005, 155.20000000000005, 155.20000000000005, 155.20000000000005, 155.20000000000005, 155.20000000000005, 155.20000000000005, 155.20000000000005, 155.20000000000005, 155.20000000000005, 155.20000000000005, 155.20000000000005, 155.20000000000005, 155.20000000000005, 155.20000000000005, 155.20000000000005, 155.20000000000005, 155.20000000000005, 155.20000000000005, 155.20000000000005, 155.20000000000005, 155.20000000000005, 155.20000000000005, 155.20000000000005, 155.20000000000005, 155.20000000000005, 155.20000000000005, 155.20000000000005, 155.20000000000005, 155.20000000000005, 155.20000000000005, 155.20000000000005, 155.20000000000005, 155.20000000000005, 155.20000000000005, 155.20000000000005, 155.20000000000005, 155.20000000000005, 155.20000000000005, 155.20000000000005, 155.20000000000005, 155.20000000000005, 155.20000000000005, 155.20000000000005, 155.20000000000005, 155.20000000000005, 155.20000000000005, 155.20000000000005, 155.20000000000005, 155.20000000000005, 155.20000000000005, 155.20000000000005, 155.20000000000005, 155.20000000000005, 155.20000000000005, 155.20000000000005, 155.20000000000005, 155.20000000000005, 155.20000000000005, 155.20000000000005, 155.20000000000005, 155.20000000000005, 155.20000000000005, 155.20000000000005, 155.20000000000005, 155.20000000000005, 155.20000000000005, 155.20000000000005, 155.20000000000005, 155.20000000000005, 155.20000000000005, 155.20000000000005, 155.20000000000005, 155.20000000000005, 155.20000000000005, 155.20000000000005, 155.20000000000005, 155.20000000000005, 155.20000000000005, 155.20000000000005, 155.20000000000005, 155.20000000000005, 155.20000000000005, 155.20000000000005, 155.20000000000005, 155.20000000000005, 155.20000000000005, 155.20000000000005, 155.20000000000005, 155.20000000000005, 155.20000000000005, 155.20000000000005, 155.20000000000005, 155.20000000000005, 155.20000000000005, 155.20000000000005, 155.20000000000005, 155.20000000000005, 155.20000000000005, 155.20000000000005, 155.20000000000005, 155.20000000000005, 155.20000000000005, 155.20000000000005, 155.20000000000005, 155.20000000000005, 155.20000000000005, 155.20000000000005, 155.20000000000005, 155.20000000000005, 155.20000000000005, 155.20000000000005, 155.20000000000005, 155.20000000000005, 155.20000000000005, 155.20000000000005, 155.20000000000005, 155.20000000000005]

Execution 9:
Parametros: Y=0.997
Start Time (hh:mm:ss.ms) 2023-07-16 23:03:23.625304
generations	MaxGenenerations	Populationk1	Populationk	PopulationElite	PopulationMutant	fitnessElite	alpha	min    	max    	avg    	std    
0          	0               	0           	0          	0              	0               	0           	0    	156.873	175.563	173.001	1.22368
2          	276.212         	994         	997        	100            	199             	166.276     	0.299	156.313	187.82 	167.841	4.70897
4          	274.105         	988         	991        	101            	196             	165.433     	0.297	155.2  	187.56 	167.182	4.87592
20         	270.927         	940         	943        	104            	179             	163.846     	0.285	155.2  	184.768	166.173	5.27724
109        	270.613         	673         	676        	108            	95              	161.772     	0.220	155.2  	185.09 	163.844	6.09942
End Time (hh:mm:ss.ms) 2023-07-16 23:04:13.672280
Total Time (hh:mm:ss.ms) 0:00:50.046976
Individuo: [[13, 35, 16, 23, 11, 28, 45, 2, 25, 0, 22, 14, 36, 1, 44, 37, 38, 42, 31, 5, 46, 30, 3, 32, 8, 41, 33, 34, 6, 40, 24, 17, 39, 7, 9, 19, 20, 12, 29, 18, 10, 43, 27, 15, 21, 26, 4], [0, 0, 0, 0, 0, 0, 0, 1, 1, 1, 0, 0, 0, 0, 0, 0, 0, 0, 0, 0, 1, 1, 1, 1, 1, 1, 1, 1, 1, 1, 1, 1, 1, 0, 0, 0, 0, 0, 0, 0, 0, 1, 1, 1, 1, 1, 1]]
Fitness:  155.20000000000005
Gens:  [0, 1, 2, 3, 4, 5, 6, 7, 8, 9, 10, 11, 12, 13, 14, 15, 16, 17, 18, 19, 20, 21, 22, 23, 24, 25, 26, 27, 28, 29, 30, 31, 32, 33, 34, 35, 36, 37, 38, 39, 40, 41, 42, 43, 44, 45, 46, 47, 48, 49, 50, 51, 52, 53, 54, 55, 56, 57, 58, 59, 60, 61, 62, 63, 64, 65, 66, 67, 68, 69, 70, 71, 72, 73, 74, 75, 76, 77, 78, 79, 80, 81, 82, 83, 84, 85, 86, 87, 88, 89, 90, 91, 92, 93, 94, 95, 96, 97, 98, 99, 100, 101, 102, 103, 104, 105, 106, 107, 108, 109, 110, 111, 112, 113, 114, 115, 116, 117, 118, 119, 120, 121, 122, 123, 124, 125, 126, 127, 128, 129, 130, 131, 132, 133, 134, 135, 136, 137, 138, 139, 140, 141, 142, 143, 144, 145, 146, 147, 148, 149, 150, 151, 152, 153, 154, 155, 156, 157, 158, 159, 160, 161, 162, 163, 164, 165, 166, 167, 168, 169, 170, 171, 172, 173, 174, 175, 176, 177, 178, 179, 180, 181, 182, 183, 184, 185, 186, 187, 188, 189, 190, 191, 192, 193, 194, 195, 196, 197, 198, 199, 200, 201, 202, 203, 204, 205, 206, 207, 208, 209, 210, 211, 212, 213, 214, 215, 216, 217, 218, 219, 220, 221, 222, 223, 224, 225, 226, 227, 228, 229, 230, 231, 232, 233, 234, 235, 236, 237, 238, 239, 240, 241, 242, 243, 244, 245, 246, 247, 248, 249, 250, 251, 252, 253, 254, 255, 256, 257, 258, 259, 260, 261, 262, 263, 264]
Inds:  [156.87250000000006, 156.87250000000006, 156.31250000000006, 156.31250000000006, 155.2000000000001, 155.2000000000001, 155.2000000000001, 155.2000000000001, 155.2000000000001, 155.2000000000001, 155.2000000000001, 155.2000000000001, 155.2000000000001, 155.2000000000001, 155.2000000000001, 155.2000000000001, 155.2000000000001, 155.2000000000001, 155.2000000000001, 155.2000000000001, 155.20000000000007, 155.20000000000007, 155.20000000000007, 155.20000000000007, 155.20000000000007, 155.20000000000007, 155.20000000000007, 155.20000000000007, 155.20000000000007, 155.20000000000007, 155.20000000000007, 155.20000000000007, 155.20000000000007, 155.20000000000007, 155.20000000000007, 155.20000000000007, 155.20000000000007, 155.20000000000007, 155.20000000000007, 155.20000000000007, 155.20000000000007, 155.20000000000007, 155.20000000000007, 155.20000000000007, 155.20000000000007, 155.20000000000007, 155.20000000000007, 155.20000000000007, 155.20000000000007, 155.20000000000007, 155.20000000000007, 155.20000000000007, 155.20000000000007, 155.20000000000007, 155.20000000000007, 155.20000000000007, 155.20000000000007, 155.20000000000007, 155.20000000000007, 155.20000000000007, 155.20000000000007, 155.20000000000007, 155.20000000000007, 155.20000000000007, 155.20000000000007, 155.20000000000007, 155.20000000000007, 155.20000000000007, 155.20000000000007, 155.20000000000007, 155.20000000000007, 155.20000000000007, 155.20000000000007, 155.20000000000007, 155.20000000000007, 155.20000000000007, 155.20000000000007, 155.20000000000007, 155.20000000000007, 155.20000000000007, 155.20000000000007, 155.20000000000007, 155.20000000000007, 155.20000000000007, 155.20000000000007, 155.20000000000007, 155.20000000000007, 155.20000000000007, 155.20000000000007, 155.20000000000007, 155.20000000000007, 155.20000000000007, 155.20000000000007, 155.20000000000007, 155.20000000000007, 155.20000000000007, 155.20000000000007, 155.20000000000007, 155.20000000000007, 155.20000000000007, 155.20000000000007, 155.20000000000007, 155.20000000000007, 155.20000000000007, 155.20000000000007, 155.20000000000007, 155.20000000000007, 155.20000000000007, 155.20000000000007, 155.20000000000005, 155.20000000000005, 155.20000000000005, 155.20000000000005, 155.20000000000005, 155.20000000000005, 155.20000000000005, 155.20000000000005, 155.20000000000005, 155.20000000000005, 155.20000000000005, 155.20000000000005, 155.20000000000005, 155.20000000000005, 155.20000000000005, 155.20000000000005, 155.20000000000005, 155.20000000000005, 155.20000000000005, 155.20000000000005, 155.20000000000005, 155.20000000000005, 155.20000000000005, 155.20000000000005, 155.20000000000005, 155.20000000000005, 155.20000000000005, 155.20000000000005, 155.20000000000005, 155.20000000000005, 155.20000000000005, 155.20000000000005, 155.20000000000005, 155.20000000000005, 155.20000000000005, 155.20000000000005, 155.20000000000005, 155.20000000000005, 155.20000000000005, 155.20000000000005, 155.20000000000005, 155.20000000000005, 155.20000000000005, 155.20000000000005, 155.20000000000005, 155.20000000000005, 155.20000000000005, 155.20000000000005, 155.20000000000005, 155.20000000000005, 155.20000000000005, 155.20000000000005, 155.20000000000005, 155.20000000000005, 155.20000000000005, 155.20000000000005, 155.20000000000005, 155.20000000000005, 155.20000000000005, 155.20000000000005, 155.20000000000005, 155.20000000000005, 155.20000000000005, 155.20000000000005, 155.20000000000005, 155.20000000000005, 155.20000000000005, 155.20000000000005, 155.20000000000005, 155.20000000000005, 155.20000000000005, 155.20000000000005, 155.20000000000005, 155.20000000000005, 155.20000000000005, 155.20000000000005, 155.20000000000005, 155.20000000000005, 155.20000000000005, 155.20000000000005, 155.20000000000005, 155.20000000000005, 155.20000000000005, 155.20000000000005, 155.20000000000005, 155.20000000000005, 155.20000000000005, 155.20000000000005, 155.20000000000005, 155.20000000000005, 155.20000000000005, 155.20000000000005, 155.20000000000005, 155.20000000000005, 155.20000000000005, 155.20000000000005, 155.20000000000005, 155.20000000000005, 155.20000000000005, 155.20000000000005, 155.20000000000005, 155.20000000000005, 155.20000000000005, 155.20000000000005, 155.20000000000005, 155.20000000000005, 155.20000000000005, 155.20000000000005, 155.20000000000005, 155.20000000000005, 155.20000000000005, 155.20000000000005, 155.20000000000005, 155.20000000000005, 155.20000000000005, 155.20000000000005, 155.20000000000005, 155.20000000000005, 155.20000000000005, 155.20000000000005, 155.20000000000005, 155.20000000000005, 155.20000000000005, 155.20000000000005, 155.20000000000005, 155.20000000000005, 155.20000000000005, 155.20000000000005, 155.20000000000005, 155.20000000000005, 155.20000000000005, 155.20000000000005, 155.20000000000005, 155.20000000000005, 155.20000000000005, 155.20000000000005, 155.20000000000005, 155.20000000000005, 155.20000000000005, 155.20000000000005, 155.20000000000005, 155.20000000000005, 155.20000000000005, 155.20000000000005, 155.20000000000005, 155.20000000000005, 155.20000000000005, 155.20000000000005, 155.20000000000005, 155.20000000000005, 155.20000000000005, 155.20000000000005, 155.20000000000005, 155.20000000000005, 155.20000000000005, 155.20000000000005]

Execution 10:
Parametros: Y=0.997
Start Time (hh:mm:ss.ms) 2023-07-16 23:04:14.405276
generations	MaxGenenerations	Populationk1	Populationk	PopulationElite	PopulationMutant	fitnessElite	alpha	min  	max    	avg    	std    
0          	0               	0           	0          	0              	0               	0           	0    	155.2	175.625	172.982	1.59913
20         	272.292         	940         	943        	104            	179             	164.326     	0.286	155.2	188.135	165.729	5.70806
End Time (hh:mm:ss.ms) 2023-07-16 23:05:05.036939
Total Time (hh:mm:ss.ms) 0:00:50.631663
Individuo: [[43, 27, 15, 10, 13, 7, 2, 25, 0, 22, 5, 31, 42, 38, 37, 44, 1, 36, 14, 46, 30, 3, 24, 40, 6, 34, 33, 41, 8, 32, 17, 39, 45, 28, 11, 23, 16, 35, 9, 26, 21, 20, 19, 4, 12, 29, 18], [1, 1, 1, 0, 0, 1, 1, 1, 1, 0, 1, 1, 1, 1, 1, 1, 1, 1, 1, 1, 1, 1, 0, 0, 0, 0, 0, 0, 0, 0, 1, 1, 1, 1, 1, 1, 1, 1, 0, 0, 0, 1, 1, 1, 0, 0, 0]]
Fitness:  155.20000000000005
Gens:  [0, 1, 2, 3, 4, 5, 6, 7, 8, 9, 10, 11, 12, 13, 14, 15, 16, 17, 18, 19, 20, 21, 22, 23, 24, 25, 26, 27, 28, 29, 30, 31, 32, 33, 34, 35, 36, 37, 38, 39, 40, 41, 42, 43, 44, 45, 46, 47, 48, 49, 50, 51, 52, 53, 54, 55, 56, 57, 58, 59, 60, 61, 62, 63, 64, 65, 66, 67, 68, 69, 70, 71, 72, 73, 74, 75, 76, 77, 78, 79, 80, 81, 82, 83, 84, 85, 86, 87, 88, 89, 90, 91, 92, 93, 94, 95, 96, 97, 98, 99, 100, 101, 102, 103, 104, 105, 106, 107, 108, 109, 110, 111, 112, 113, 114, 115, 116, 117, 118, 119, 120, 121, 122, 123, 124, 125, 126, 127, 128, 129, 130, 131, 132, 133, 134, 135, 136, 137, 138, 139, 140, 141, 142, 143, 144, 145, 146, 147, 148, 149, 150, 151, 152, 153, 154, 155, 156, 157, 158, 159, 160, 161, 162, 163, 164, 165, 166, 167, 168, 169, 170, 171, 172, 173, 174, 175, 176, 177, 178, 179, 180, 181, 182, 183, 184, 185, 186, 187, 188, 189, 190, 191, 192, 193, 194, 195, 196, 197, 198, 199, 200, 201, 202, 203, 204, 205, 206, 207, 208, 209, 210, 211, 212, 213, 214, 215, 216, 217, 218, 219, 220, 221, 222, 223, 224, 225, 226, 227, 228, 229, 230, 231, 232, 233, 234, 235, 236, 237, 238, 239, 240, 241, 242, 243, 244, 245, 246, 247, 248, 249, 250, 251, 252, 253, 254, 255, 256, 257, 258, 259, 260, 261, 262, 263, 264, 265, 266]
Inds:  [155.20000000000007, 155.20000000000007, 155.20000000000007, 155.20000000000007, 155.20000000000007, 155.20000000000007, 155.20000000000007, 155.20000000000007, 155.20000000000007, 155.20000000000007, 155.20000000000007, 155.20000000000007, 155.20000000000007, 155.20000000000007, 155.20000000000007, 155.20000000000007, 155.20000000000007, 155.20000000000007, 155.20000000000007, 155.20000000000007, 155.20000000000005, 155.20000000000005, 155.20000000000005, 155.20000000000005, 155.20000000000005, 155.20000000000005, 155.20000000000005, 155.20000000000005, 155.20000000000005, 155.20000000000005, 155.20000000000005, 155.20000000000005, 155.20000000000005, 155.20000000000005, 155.20000000000005, 155.20000000000005, 155.20000000000005, 155.20000000000005, 155.20000000000005, 155.20000000000005, 155.20000000000005, 155.20000000000005, 155.20000000000005, 155.20000000000005, 155.20000000000005, 155.20000000000005, 155.20000000000005, 155.20000000000005, 155.20000000000005, 155.20000000000005, 155.20000000000005, 155.20000000000005, 155.20000000000005, 155.20000000000005, 155.20000000000005, 155.20000000000005, 155.20000000000005, 155.20000000000005, 155.20000000000005, 155.20000000000005, 155.20000000000005, 155.20000000000005, 155.20000000000005, 155.20000000000005, 155.20000000000005, 155.20000000000005, 155.20000000000005, 155.20000000000005, 155.20000000000005, 155.20000000000005, 155.20000000000005, 155.20000000000005, 155.20000000000005, 155.20000000000005, 155.20000000000005, 155.20000000000005, 155.20000000000005, 155.20000000000005, 155.20000000000005, 155.20000000000005, 155.20000000000005, 155.20000000000005, 155.20000000000005, 155.20000000000005, 155.20000000000005, 155.20000000000005, 155.20000000000005, 155.20000000000005, 155.20000000000005, 155.20000000000005, 155.20000000000005, 155.20000000000005, 155.20000000000005, 155.20000000000005, 155.20000000000005, 155.20000000000005, 155.20000000000005, 155.20000000000005, 155.20000000000005, 155.20000000000005, 155.20000000000005, 155.20000000000005, 155.20000000000005, 155.20000000000005, 155.20000000000005, 155.20000000000005, 155.20000000000005, 155.20000000000005, 155.20000000000005, 155.20000000000005, 155.20000000000005, 155.20000000000005, 155.20000000000005, 155.20000000000005, 155.20000000000005, 155.20000000000005, 155.20000000000005, 155.20000000000005, 155.20000000000005, 155.20000000000005, 155.20000000000005, 155.20000000000005, 155.20000000000005, 155.20000000000005, 155.20000000000005, 155.20000000000005, 155.20000000000005, 155.20000000000005, 155.20000000000005, 155.20000000000005, 155.20000000000005, 155.20000000000005, 155.20000000000005, 155.20000000000005, 155.20000000000005, 155.20000000000005, 155.20000000000005, 155.20000000000005, 155.20000000000005, 155.20000000000005, 155.20000000000005, 155.20000000000005, 155.20000000000005, 155.20000000000005, 155.20000000000005, 155.20000000000005, 155.20000000000005, 155.20000000000005, 155.20000000000005, 155.20000000000005, 155.20000000000005, 155.20000000000005, 155.20000000000005, 155.20000000000005, 155.20000000000005, 155.20000000000005, 155.20000000000005, 155.20000000000005, 155.20000000000005, 155.20000000000005, 155.20000000000005, 155.20000000000005, 155.20000000000005, 155.20000000000005, 155.20000000000005, 155.20000000000005, 155.20000000000005, 155.20000000000005, 155.20000000000005, 155.20000000000005, 155.20000000000005, 155.20000000000005, 155.20000000000005, 155.20000000000005, 155.20000000000005, 155.20000000000005, 155.20000000000005, 155.20000000000005, 155.20000000000005, 155.20000000000005, 155.20000000000005, 155.20000000000005, 155.20000000000005, 155.20000000000005, 155.20000000000005, 155.20000000000005, 155.20000000000005, 155.20000000000005, 155.20000000000005, 155.20000000000005, 155.20000000000005, 155.20000000000005, 155.20000000000005, 155.20000000000005, 155.20000000000005, 155.20000000000005, 155.20000000000005, 155.20000000000005, 155.20000000000005, 155.20000000000005, 155.20000000000005, 155.20000000000005, 155.20000000000005, 155.20000000000005, 155.20000000000005, 155.20000000000005, 155.20000000000005, 155.20000000000005, 155.20000000000005, 155.20000000000005, 155.20000000000005, 155.20000000000005, 155.20000000000005, 155.20000000000005, 155.20000000000005, 155.20000000000005, 155.20000000000005, 155.20000000000005, 155.20000000000005, 155.20000000000005, 155.20000000000005, 155.20000000000005, 155.20000000000005, 155.20000000000005, 155.20000000000005, 155.20000000000005, 155.20000000000005, 155.20000000000005, 155.20000000000005, 155.20000000000005, 155.20000000000005, 155.20000000000005, 155.20000000000005, 155.20000000000005, 155.20000000000005, 155.20000000000005, 155.20000000000005, 155.20000000000005, 155.20000000000005, 155.20000000000005, 155.20000000000005, 155.20000000000005, 155.20000000000005, 155.20000000000005, 155.20000000000005, 155.20000000000005, 155.20000000000005, 155.20000000000005, 155.20000000000005, 155.20000000000005, 155.20000000000005, 155.20000000000005, 155.20000000000005, 155.20000000000005, 155.20000000000005, 155.20000000000005, 155.20000000000005, 155.20000000000005, 155.20000000000005, 155.20000000000005, 155.20000000000005, 155.20000000000005, 155.20000000000005, 155.20000000000005, 155.20000000000005, 155.20000000000005, 155.20000000000005]

