A-BRKGA-Heuristic:

Execution 1:
Parametros: Y=0.999
Start Time (hh:mm:ss.ms) 2023-07-17 05:01:26.681626
generations	MaxGenenerations	Populationk1	Populationk	PopulationElite	PopulationMutant	fitnessElite	alpha	min    	max   	avg    	std    
0          	0               	0           	0          	0              	0               	0           	0    	62.2975	72.745	71.1592	1.37588
1          	67.0007         	999         	1000       	100            	200             	65.4317     	0.3  	55.7025	72.335	62.9528	5.15414
18         	59.8856         	982         	983        	141            	155             	59.7577     	0.243	55.6825	72.13  	60.0555	5.2431 
21         	59.8716         	979         	980        	147            	147             	59.6042     	0.233	55.6275	72.235 	59.8365	5.19383
24         	59.7971         	976         	977        	154            	139             	59.3339     	0.223	55.4975	72.6575	59.6719	5.09557
35         	59.6792         	965         	966        	179            	111             	58.6814     	0.186	55.41  	72.265 	59.1315	4.72747
42         	59.572          	958         	959        	195            	93              	58.1667     	0.162	55.3725	72.185 	58.7718	4.58135
50         	59.5122         	950         	951        	213            	73              	57.6311     	0.135	55.33  	72.1025	58.0373	4.25195
52         	59.486          	948         	949        	217            	68              	57.5227     	0.128	55.165 	72.51  	58.0472	4.31549
54         	59.3322         	946         	947        	222            	63              	57.3034     	0.121	55.1325	72.6975	57.6984	4.08644
55         	59.2919         	945         	946        	224            	60              	57.2025     	0.117	55.125 	72.16  	57.6557	4.02529
57         	59.2556         	943         	944        	228            	55              	57.0223     	0.110	55.0325	72.3   	57.5316	3.93777
59         	59.1597         	941         	942        	233            	50              	56.8249     	0.103	55.0275	72.36  	57.1451	3.75497
End Time (hh:mm:ss.ms) 2023-07-17 05:01:39.080551
Total Time (hh:mm:ss.ms) 0:00:12.398925
Individuo: [[29, 25, 19, 4, 22, 31, 5, 1, 17, 33, 26, 10, 11, 21, 16, 15, 2, 30, 9, 20, 14, 18, 0, 8, 23, 7, 34, 28, 13, 3, 32, 12, 24, 6, 27], [1, 1, 1, 1, 0, 1, 0, 0, 0, 0, 0, 1, 1, 1, 1, 1, 1, 1, 0, 1, 1, 1, 0, 1, 1, 0, 0, 1, 0, 1, 1, 1, 1, 1, 1]]
Fitness:  55.027499999999996
Gens:  [0, 1, 2, 3, 4, 5, 6, 7, 8, 9, 10, 11, 12, 13, 14, 15, 16, 17, 18, 19, 20, 21, 22, 23, 24, 25, 26, 27, 28, 29, 30, 31, 32, 33, 34, 35, 36, 37, 38, 39, 40, 41, 42, 43, 44, 45, 46, 47, 48, 49, 50, 51, 52, 53, 54, 55, 56, 57, 58, 59, 60]
Inds:  [62.297499999999985, 55.70250000000001, 55.70250000000001, 55.70250000000001, 55.70250000000001, 55.70250000000001, 55.70250000000001, 55.70250000000001, 55.70250000000001, 55.70250000000001, 55.70250000000001, 55.70250000000001, 55.70250000000001, 55.70250000000001, 55.70250000000001, 55.70250000000001, 55.70250000000001, 55.70250000000001, 55.68249999999998, 55.68249999999998, 55.68249999999998, 55.627500000000005, 55.627500000000005, 55.627500000000005, 55.49749999999999, 55.49749999999999, 55.49749999999999, 55.49749999999999, 55.49749999999999, 55.49749999999999, 55.49749999999999, 55.49749999999999, 55.49749999999999, 55.49749999999999, 55.49749999999999, 55.41, 55.41, 55.41, 55.41, 55.41, 55.41, 55.41, 55.37249999999999, 55.37249999999999, 55.37249999999999, 55.37249999999999, 55.37249999999999, 55.37249999999999, 55.37249999999999, 55.37249999999999, 55.330000000000005, 55.330000000000005, 55.165, 55.165, 55.13249999999999, 55.124999999999986, 55.124999999999986, 55.032499999999985, 55.032499999999985, 55.027499999999996, 55.027499999999996]

Execution 2:
Parametros: Y=0.999
Start Time (hh:mm:ss.ms) 2023-07-17 05:01:39.825585
generations	MaxGenenerations	Populationk1	Populationk	PopulationElite	PopulationMutant	fitnessElite	alpha	min    	max   	avg    	std    
0          	0               	0           	0          	0              	0               	0           	0    	63.3475	72.695	71.1807	1.32213
1          	68.1265         	999         	1000       	100            	200             	66.1517     	0.3  	55.665 	72.755	63.1125	5.02989
28         	59.8413         	972         	973        	163            	129             	59.156      	0.209	55.65  	72.265 	59.6299	5.01243
31         	59.8221         	969         	970        	170            	121             	58.9666     	0.199	55.63  	72.31  	59.3183	4.86164
32         	59.8038         	968         	969        	173            	119             	58.9047     	0.196	55.5275	72.345 	59.4088	4.91361
33         	59.6957         	967         	968        	175            	116             	58.7697     	0.192	55.4225	72.4425	59.1869	4.83325
37         	59.5682         	963         	964        	184            	106             	58.4099     	0.179	55.2075	72.3425	58.99  	4.77086
38         	59.3515         	962         	963        	187            	103             	58.2116     	0.175	55.205 	72.355 	58.8295	4.76096
40         	59.3444         	960         	961        	191            	98              	58.0811     	0.168	55.1925	72.2775	58.6277	4.75491
41         	59.3315         	959         	960        	193            	95              	58.0143     	0.165	55.09  	72.2075	58.6841	4.71349
43         	59.2113         	957         	958        	198            	90              	57.7811     	0.158	55.045 	72.3575	58.4856	4.6341 
44         	59.1777         	956         	957        	200            	88              	57.7228     	0.154	54.875 	72.23  	58.3299	4.66787
46         	58.993          	954         	955        	205            	82              	57.4478     	0.147	54.8625	72.5275	58.2005	4.66971
47         	58.9915         	953         	954        	207            	80              	57.4071     	0.144	54.825 	72.28  	58.1097	4.61928
48         	58.9366         	952         	953        	210            	77              	57.2775     	0.140	54.825 	72.41  	57.8871	4.47977
49         	58.9443         	951         	952        	212            	75              	57.2365     	0.137	54.76  	72.23  	57.9246	4.51417
50         	58.8638         	950         	951        	214            	72              	57.0925     	0.133	54.74  	72.14  	57.858 	4.45196
51         	58.837          	949         	950        	216            	69              	57.0027     	0.130	54.71  	72.085 	57.793 	4.44165
52         	58.8015         	948         	949        	219            	67              	56.9085     	0.126	54.6025	72.0975	57.5766	4.38537
55         	58.6998         	945         	946        	225            	59              	56.658      	0.116	54.58  	72.13  	57.3428	4.17812
57         	58.6882         	943         	944        	230            	54              	56.54       	0.109	54.5375	72.41  	57.2935	4.21096
59         	58.6255         	941         	942        	234            	49              	56.346      	0.102	54.53  	72.5125	57.1014	3.9952 
End Time (hh:mm:ss.ms) 2023-07-17 05:01:51.969701
Total Time (hh:mm:ss.ms) 0:00:12.144116
Individuo: [[11, 19, 4, 29, 5, 1, 17, 27, 2, 24, 12, 7, 9, 30, 15, 16, 21, 3, 28, 20, 13, 34, 18, 14, 8, 31, 10, 25, 32, 6, 33, 26, 23, 0, 22], [1, 1, 1, 1, 0, 0, 1, 1, 1, 1, 1, 1, 0, 0, 0, 0, 0, 0, 0, 1, 1, 1, 0, 0, 0, 1, 1, 0, 1, 0, 0, 0, 0, 1, 1]]
Fitness:  54.529999999999994
Gens:  [0, 1, 2, 3, 4, 5, 6, 7, 8, 9, 10, 11, 12, 13, 14, 15, 16, 17, 18, 19, 20, 21, 22, 23, 24, 25, 26, 27, 28, 29, 30, 31, 32, 33, 34, 35, 36, 37, 38, 39, 40, 41, 42, 43, 44, 45, 46, 47, 48, 49, 50, 51, 52, 53, 54, 55, 56, 57, 58, 59]
Inds:  [63.34749999999998, 55.66499999999999, 55.66499999999999, 55.66499999999999, 55.66499999999999, 55.66499999999999, 55.66499999999999, 55.66499999999999, 55.66499999999999, 55.66499999999999, 55.66499999999999, 55.66499999999999, 55.66499999999999, 55.66499999999999, 55.66499999999999, 55.66499999999999, 55.66499999999999, 55.66499999999999, 55.66499999999999, 55.66499999999999, 55.66499999999999, 55.66499999999999, 55.66499999999999, 55.66499999999999, 55.66499999999999, 55.66499999999999, 55.66499999999999, 55.66499999999999, 55.64999999999999, 55.64999999999999, 55.64999999999999, 55.62999999999999, 55.52749999999999, 55.4225, 55.4225, 55.4225, 55.4225, 55.207499999999996, 55.204999999999984, 55.204999999999984, 55.19249999999999, 55.09, 55.09, 55.04499999999999, 54.874999999999986, 54.874999999999986, 54.8625, 54.824999999999996, 54.82499999999999, 54.760000000000005, 54.73999999999999, 54.71, 54.60249999999999, 54.60249999999999, 54.60249999999999, 54.58, 54.58, 54.53749999999999, 54.53749999999999, 54.529999999999994]

Execution 3:
Parametros: Y=0.999
Start Time (hh:mm:ss.ms) 2023-07-17 05:01:52.713703
generations	MaxGenenerations	Populationk1	Populationk	PopulationElite	PopulationMutant	fitnessElite	alpha	min  	max  	avg   	std    
0          	0               	0           	0          	0              	0               	0           	0    	58.83	72.53	71.114	1.53336
1          	63.2578         	999         	1000       	100            	200             	62.94       	0.3  	55.6025	72.51	62.0595	5.09889
5          	59.8492         	995         	996        	110            	190             	60.7504     	0.286	55.5875	72.5575	60.4925	5.44807
8          	59.7644         	992         	993        	117            	181             	60.2416     	0.276	55.51  	72.3175	60.4264	5.5236 
11         	59.6724         	989         	990        	124            	173             	59.9763     	0.266	55.49  	72.3375	60.1788	5.54518
13         	59.6486         	987         	988        	129            	168             	59.8391     	0.259	55.205 	72.6575	60.1414	5.56344
15         	59.3456         	985         	986        	134            	163             	59.5238     	0.252	55.18  	72.405 	59.8719	5.51403
18         	59.336          	982         	983        	141            	155             	59.403      	0.242	55.1575	72.725 	59.5992	5.48674
20         	59.2884         	980         	981        	146            	149             	59.1744     	0.235	55.1075	72.33  	59.4103	5.4181 
21         	59.2433         	979         	980        	148            	147             	59.1114     	0.232	54.8275	72.6425	59.3919	5.43698
24         	58.9468         	976         	977        	155            	139             	58.7296     	0.221	54.795 	72.4625	59.0167	5.35089
27         	58.9247         	973         	974        	162            	131             	58.5705     	0.211	54.66  	72.62  	58.8827	5.30483
34         	58.7661         	966         	967        	178            	112             	57.9892     	0.187	54.6125	72.215 	58.34  	5.10625
36         	58.7212         	964         	965        	183            	107             	57.8469     	0.180	54.5675	72.9525	58.1727	5.07291
45         	58.6649         	955         	956        	203            	84              	57.2374     	0.149	54.4975	72.69  	57.5046	4.6604 
46         	58.6086         	954         	955        	206            	81              	57.1616     	0.146	54.485 	72.335 	57.3009	4.64281
53         	58.5632         	947         	948        	221            	64              	56.6468     	0.122	54.4625	72.285 	57.0235	4.28539
End Time (hh:mm:ss.ms) 2023-07-17 05:02:04.606659
Total Time (hh:mm:ss.ms) 0:00:11.892956
Individuo: [[25, 10, 30, 1, 5, 29, 4, 19, 11, 21, 16, 15, 17, 27, 2, 26, 28, 33, 6, 24, 34, 32, 12, 7, 20, 23, 14, 18, 22, 31, 13, 8, 0, 9, 3], [1, 0, 0, 1, 1, 0, 0, 0, 1, 1, 1, 1, 1, 1, 1, 0, 1, 1, 0, 0, 0, 1, 1, 1, 1, 0, 1, 1, 1, 0, 1, 0, 0, 0, 1]]
Fitness:  54.462499999999984
Gens:  [0, 1, 2, 3, 4, 5, 6, 7, 8, 9, 10, 11, 12, 13, 14, 15, 16, 17, 18, 19, 20, 21, 22, 23, 24, 25, 26, 27, 28, 29, 30, 31, 32, 33, 34, 35, 36, 37, 38, 39, 40, 41, 42, 43, 44, 45, 46, 47, 48, 49, 50, 51, 52, 53, 54, 55, 56, 57, 58, 59]
Inds:  [58.83, 55.60249999999998, 55.60249999999998, 55.60249999999998, 55.60249999999998, 55.58749999999999, 55.58749999999999, 55.58749999999999, 55.50999999999999, 55.50999999999999, 55.50999999999999, 55.48999999999998, 55.48999999999998, 55.20499999999999, 55.20499999999999, 55.17999999999998, 55.17999999999998, 55.17999999999998, 55.15749999999999, 55.15749999999999, 55.10749999999998, 54.82749999999998, 54.82749999999998, 54.82749999999998, 54.79499999999999, 54.79499999999999, 54.79499999999999, 54.65999999999998, 54.65999999999998, 54.65999999999998, 54.65999999999998, 54.65999999999998, 54.65999999999998, 54.65999999999998, 54.612499999999976, 54.612499999999976, 54.567499999999995, 54.567499999999995, 54.567499999999995, 54.567499999999995, 54.567499999999995, 54.567499999999995, 54.567499999999995, 54.567499999999995, 54.567499999999995, 54.49749999999998, 54.48499999999998, 54.48499999999998, 54.48499999999998, 54.48499999999998, 54.48499999999998, 54.48499999999998, 54.48499999999998, 54.462499999999984, 54.462499999999984, 54.462499999999984, 54.462499999999984, 54.462499999999984, 54.462499999999984, 54.462499999999984]

Execution 4:
Parametros: Y=0.999
Start Time (hh:mm:ss.ms) 2023-07-17 05:02:05.317686
generations	MaxGenenerations	Populationk1	Populationk	PopulationElite	PopulationMutant	fitnessElite	alpha	min    	max   	avg    	std    
0          	0               	0           	0          	0              	0               	0           	0    	58.8175	72.655	70.9998	1.68619
1          	63.2523         	999         	1000       	100            	200             	62.9687     	0.3  	55.6425	72.36 	62.3512	5.22493
23         	59.825          	977         	978        	152            	142             	59.4463     	0.226	55.56  	72.26  	59.8512	5.1046 
26         	59.7648         	974         	975        	159            	134             	59.3151     	0.216	55.445 	72.6925	59.5275	5.05762
29         	59.6144         	971         	972        	166            	126             	58.9532     	0.206	55.435 	72.4025	59.3851	4.99097
31         	59.5915         	969         	970        	171            	121             	58.7895     	0.199	55.3775	72.305 	59.2312	4.98972
35         	59.5277         	965         	966        	180            	111             	58.5086     	0.185	55.2325	72.465 	58.8787	4.88662
37         	59.4188         	963         	964        	184            	106             	58.4138     	0.178	55.165 	72.235 	58.7261	4.90464
40         	59.3122         	960         	961        	191            	98              	58.0774     	0.168	55.095 	72.335 	58.3848	4.69982
41         	59.2301         	959         	960        	194            	95              	57.9385     	0.164	55.0875	72.3475	58.4629	4.84004
42         	59.2228         	958         	959        	196            	93              	57.8757     	0.161	55.07  	72.125 	58.3109	4.75907
44         	59.1989         	956         	957        	200            	88              	57.7301     	0.154	54.955 	72.265 	58.0853	4.67461
46         	59.0854         	954         	955        	205            	82              	57.536      	0.147	54.94  	72.4825	57.9733	4.55548
47         	59.0722         	953         	954        	207            	80              	57.4707     	0.144	54.905 	72.12  	58.0357	4.62081
48         	59.0132         	952         	953        	209            	77              	57.3274     	0.140	54.8775	72.06  	57.9031	4.59304
50         	58.9951         	950         	951        	214            	72              	57.2121     	0.133	54.8125	72.4675	57.5505	4.45111
51         	58.9342         	949         	950        	216            	70              	57.1133     	0.130	54.7925	72.2975	57.526 	4.41705
53         	58.9136         	947         	948        	221            	65              	56.9767     	0.123	54.78  	72.81  	57.3966	4.3581 
54         	58.9195         	946         	947        	223            	62              	56.9453     	0.120	54.7775	72.605 	57.3158	4.22479
56         	58.8741         	944         	945        	227            	57              	56.736      	0.113	54.74  	72.165 	57.0743	4.11299
58         	58.8367         	942         	943        	232            	52              	56.5881     	0.106	54.6925	72.61  	56.8229	3.96905
End Time (hh:mm:ss.ms) 2023-07-17 05:02:17.282752
Total Time (hh:mm:ss.ms) 0:00:11.965066
Individuo: [[3, 13, 8, 23, 33, 6, 12, 7, 20, 26, 31, 10, 11, 21, 16, 27, 17, 15, 1, 5, 29, 4, 19, 25, 30, 34, 0, 9, 28, 14, 18, 22, 32, 24, 2], [0, 1, 0, 1, 1, 0, 1, 1, 1, 1, 1, 1, 1, 1, 1, 0, 0, 0, 1, 1, 0, 0, 0, 0, 1, 1, 0, 0, 1, 1, 1, 0, 1, 0, 0]]
Fitness:  54.69249999999999
Gens:  [0, 1, 2, 3, 4, 5, 6, 7, 8, 9, 10, 11, 12, 13, 14, 15, 16, 17, 18, 19, 20, 21, 22, 23, 24, 25, 26, 27, 28, 29, 30, 31, 32, 33, 34, 35, 36, 37, 38, 39, 40, 41, 42, 43, 44, 45, 46, 47, 48, 49, 50, 51, 52, 53, 54, 55, 56, 57, 58, 59]
Inds:  [58.817499999999995, 55.64249999999999, 55.64249999999999, 55.64249999999999, 55.64249999999999, 55.64249999999999, 55.64249999999999, 55.64249999999999, 55.64249999999999, 55.64249999999999, 55.64249999999999, 55.64249999999999, 55.64249999999999, 55.64249999999999, 55.64249999999999, 55.64249999999999, 55.64249999999999, 55.64249999999999, 55.64249999999999, 55.64249999999999, 55.64249999999999, 55.64249999999999, 55.64249999999999, 55.55999999999999, 55.55999999999999, 55.55999999999999, 55.44499999999999, 55.44499999999999, 55.44499999999999, 55.435, 55.435, 55.377500000000005, 55.377500000000005, 55.377500000000005, 55.377500000000005, 55.2325, 55.2325, 55.16499999999999, 55.16499999999999, 55.16499999999999, 55.095, 55.087500000000006, 55.06999999999999, 55.06999999999999, 54.955, 54.955, 54.93999999999999, 54.904999999999994, 54.8775, 54.8775, 54.812499999999986, 54.79249999999999, 54.79249999999999, 54.77999999999999, 54.77749999999999, 54.77749999999999, 54.73999999999999, 54.73999999999999, 54.69249999999999, 54.69249999999999]

Execution 5:
Parametros: Y=0.999
Start Time (hh:mm:ss.ms) 2023-07-17 05:02:17.994782
generations	MaxGenenerations	Populationk1	Populationk	PopulationElite	PopulationMutant	fitnessElite	alpha	min    	max    	avg   	std    
0          	0               	0           	0          	0              	0               	0           	0    	62.0675	72.5325	71.134	1.45472
1          	66.7391         	999         	1000       	100            	200             	65.207      	0.3  	56.005 	72.7125	62.9285	5.05701
10         	60.2051         	990         	991        	122            	176             	60.4009     	0.270	55.7675	72.455 	60.3969	5.35516
11         	59.9603         	989         	990        	124            	174             	60.2171     	0.266	55.62  	72.375 	60.2661	5.33709
17         	59.7978         	983         	984        	138            	158             	59.7536     	0.246	55.54  	72.265 	60.0426	5.27824
20         	59.7142         	980         	981        	145            	150             	59.5322     	0.236	55.4675	72.2425	59.7951	5.27402
24         	59.6339         	976         	977        	155            	139             	59.2389     	0.222	55.3425	72.445 	59.3854	5.24845
26         	59.4904         	974         	975        	159            	134             	58.991      	0.215	55.3125	72.34  	59.2318	5.2325 
27         	59.4642         	973         	974        	162            	131             	58.9317     	0.212	55.1675	72.315 	59.1484	5.11003
28         	59.3069         	972         	973        	164            	129             	58.7504     	0.208	55.0975	72.365 	59.1574	5.2281 
31         	59.2389         	969         	970        	171            	121             	58.5432     	0.198	55.0425	72.29  	58.7719	5.10132
32         	59.171          	968         	969        	173            	118             	58.4095     	0.195	54.995 	72.405 	58.8783	5.07176
34         	59.1211         	966         	967        	178            	113             	58.2565     	0.188	54.7525	72.58  	58.5994	5.08611
38         	58.8766         	962         	963        	187            	102             	57.8609     	0.174	54.7325	72.28  	58.2925	4.96309
40         	58.8503         	960         	961        	192            	97              	57.7083     	0.167	54.665 	72.265 	58.0994	4.89714
41         	58.7637         	959         	960        	194            	94              	57.549      	0.163	54.64  	72.495 	58.0762	4.87371
End Time (hh:mm:ss.ms) 2023-07-17 05:02:30.243912
Total Time (hh:mm:ss.ms) 0:00:12.249130
Individuo: [[29, 4, 19, 25, 5, 1, 17, 27, 2, 26, 20, 9, 0, 31, 13, 8, 30, 15, 16, 21, 3, 28, 23, 14, 10, 11, 33, 6, 24, 34, 22, 18, 32, 12, 7], [0, 0, 0, 0, 0, 0, 1, 1, 1, 0, 0, 1, 1, 0, 1, 1, 0, 0, 0, 0, 0, 0, 0, 1, 1, 1, 1, 0, 0, 1, 0, 0, 1, 1, 1]]
Fitness:  54.63999999999999
Gens:  [0, 1, 2, 3, 4, 5, 6, 7, 8, 9, 10, 11, 12, 13, 14, 15, 16, 17, 18, 19, 20, 21, 22, 23, 24, 25, 26, 27, 28, 29, 30, 31, 32, 33, 34, 35, 36, 37, 38, 39, 40, 41, 42, 43, 44, 45, 46, 47, 48, 49, 50, 51, 52, 53, 54, 55, 56, 57, 58, 59]
Inds:  [62.06749999999999, 56.005, 56.005, 56.005, 56.005, 56.005, 56.005, 56.005, 56.005, 56.005, 55.767500000000005, 55.61999999999998, 55.61999999999998, 55.61999999999998, 55.61999999999998, 55.61999999999998, 55.61999999999998, 55.54, 55.54, 55.54, 55.467499999999994, 55.467499999999994, 55.467499999999994, 55.467499999999994, 55.34249999999999, 55.34249999999999, 55.3125, 55.1675, 55.09749999999999, 55.09749999999999, 55.09749999999999, 55.0425, 54.995, 54.995, 54.75249999999999, 54.75249999999999, 54.75249999999999, 54.75249999999999, 54.73249999999998, 54.73249999999998, 54.665, 54.63999999999999, 54.63999999999999, 54.63999999999999, 54.63999999999999, 54.63999999999999, 54.63999999999999, 54.63999999999999, 54.63999999999999, 54.63999999999999, 54.63999999999999, 54.63999999999999, 54.63999999999999, 54.63999999999999, 54.63999999999999, 54.63999999999999, 54.63999999999999, 54.63999999999999, 54.63999999999999, 54.63999999999999]

Execution 6:
Parametros: Y=0.999
Start Time (hh:mm:ss.ms) 2023-07-17 05:02:31.015937
generations	MaxGenenerations	Populationk1	Populationk	PopulationElite	PopulationMutant	fitnessElite	alpha	min    	max  	avg    	std    
0          	0               	0           	0          	0              	0               	0           	0    	63.9975	72.64	71.1009	1.51999
1          	68.8218         	999         	1000       	100            	200             	66.5902     	0.3  	55.9375	72.5175	63.3544	5.08025
23         	60.1419         	977         	978        	152            	142             	59.6798     	0.226	55.8225	72.81  	59.9447	5.08601
26         	60.013          	974         	975        	159            	134             	59.4032     	0.216	55.7975	72.2575	59.6665	4.95724
29         	59.9841         	971         	972        	166            	127             	59.2107     	0.206	55.765 	72.3375	59.7061	4.83004
37         	59.9438         	963         	964        	184            	106             	58.7259     	0.179	55.3325	72.325 	59.2174	4.63567
48         	59.4848         	952         	953        	209            	78              	57.745      	0.141	55.2375	72.05  	58.3301	4.27585
51         	59.3797         	949         	950        	215            	70              	57.4795     	0.131	55.215 	72.25  	57.9436	4.1601 
52         	59.3541         	948         	949        	217            	68              	57.398      	0.128	54.9825	72.19  	57.8148	4.02811
End Time (hh:mm:ss.ms) 2023-07-17 05:02:43.118005
Total Time (hh:mm:ss.ms) 0:00:12.102068
Individuo: [[11, 25, 29, 4, 10, 18, 22, 34, 0, 8, 32, 12, 7, 31, 9, 23, 14, 13, 26, 6, 24, 2, 15, 1, 5, 30, 17, 27, 16, 21, 3, 28, 20, 33, 19], [1, 0, 0, 0, 0, 1, 0, 1, 0, 1, 1, 1, 1, 1, 0, 0, 0, 0, 1, 0, 0, 0, 1, 1, 1, 0, 1, 1, 0, 0, 0, 0, 0, 1, 1]]
Fitness:  54.982499999999995
Gens:  [0, 1, 2, 3, 4, 5, 6, 7, 8, 9, 10, 11, 12, 13, 14, 15, 16, 17, 18, 19, 20, 21, 22, 23, 24, 25, 26, 27, 28, 29, 30, 31, 32, 33, 34, 35, 36, 37, 38, 39, 40, 41, 42, 43, 44, 45, 46, 47, 48, 49, 50, 51, 52, 53, 54, 55, 56, 57, 58, 59, 60]
Inds:  [63.9975, 55.9375, 55.9375, 55.9375, 55.9375, 55.9375, 55.9375, 55.9375, 55.9375, 55.9375, 55.9375, 55.9375, 55.9375, 55.9375, 55.9375, 55.9375, 55.9375, 55.9375, 55.9375, 55.9375, 55.9375, 55.9375, 55.9375, 55.82250000000001, 55.82250000000001, 55.82250000000001, 55.79750000000001, 55.79750000000001, 55.79750000000001, 55.76499999999999, 55.76499999999999, 55.76499999999999, 55.76499999999999, 55.76499999999999, 55.76499999999999, 55.76499999999999, 55.76499999999999, 55.332499999999996, 55.332499999999996, 55.332499999999996, 55.332499999999996, 55.332499999999996, 55.332499999999996, 55.332499999999996, 55.332499999999996, 55.332499999999996, 55.332499999999996, 55.332499999999996, 55.237500000000004, 55.237500000000004, 55.237500000000004, 55.21499999999999, 54.982499999999995, 54.982499999999995, 54.982499999999995, 54.982499999999995, 54.982499999999995, 54.982499999999995, 54.982499999999995, 54.982499999999995, 54.982499999999995]

Execution 7:
Parametros: Y=0.999
Start Time (hh:mm:ss.ms) 2023-07-17 05:02:43.875725
generations	MaxGenenerations	Populationk1	Populationk	PopulationElite	PopulationMutant	fitnessElite	alpha	min    	max    	avg    	std    
0          	0               	0           	0          	0              	0               	0           	0    	60.6675	72.5575	71.1357	1.43862
1          	65.2354         	999         	1000       	100            	200             	64.2345     	0.3  	55.6775	72.3175	62.7323	5.09032
2          	59.8553         	998         	999        	103            	198             	60.6139     	0.296	55.575 	72.42  	60.8925	5.44716
20         	59.7381         	980         	981        	145            	150             	59.505      	0.236	55.4875	72.1675	59.7901	5.24561
22         	59.6566         	978         	979        	150            	144             	59.3729     	0.229	55.4   	72.62  	59.621 	5.27008
25         	59.5579         	975         	976        	157            	137             	59.1151     	0.219	55.1975	72.61  	59.4161	5.19979
27         	59.3293         	973         	974        	162            	131             	58.7974     	0.212	55.1425	72.485 	59.2279	5.18635
28         	59.2901         	972         	973        	164            	129             	58.7657     	0.208	54.9825	72.35  	59.1747	5.204  
33         	59.1013         	967         	968        	176            	115             	58.2838     	0.191	54.8875	72.45  	58.7094	5.07413
34         	59.0138         	966         	967        	178            	113             	58.1921     	0.188	54.8325	72.2425	58.5815	5.11712
36         	58.9411         	964         	965        	183            	107             	57.9838     	0.181	54.78  	72.205 	58.4932	4.99702
38         	58.886          	962         	963        	187            	102             	57.8243     	0.174	54.725 	72.2275	58.3591	4.93223
40         	58.8388         	960         	961        	192            	97              	57.6919     	0.167	54.715 	72.4025	58.3701	4.8996 
44         	58.8418         	956         	957        	201            	87              	57.4784     	0.153	54.7   	72.195 	58.0705	4.73175
48         	58.7946         	952         	953        	210            	77              	57.1451     	0.140	54.6675	72.33  	57.7423	4.69993
49         	58.7702         	951         	952        	212            	74              	57.0811     	0.136	54.6325	72.445 	57.5762	4.61066
52         	58.7445         	948         	949        	219            	67              	56.8945     	0.126	54.535 	72.065 	57.4746	4.48763
End Time (hh:mm:ss.ms) 2023-07-17 05:02:55.977700
Total Time (hh:mm:ss.ms) 0:00:12.101975
Individuo: [[4, 32, 24, 2, 27, 6, 12, 7, 20, 23, 14, 3, 11, 25, 5, 1, 15, 16, 21, 34, 18, 10, 30, 17, 33, 31, 9, 26, 28, 13, 8, 0, 22, 19, 29], [1, 1, 0, 0, 0, 0, 1, 1, 1, 0, 1, 1, 0, 0, 0, 0, 0, 0, 0, 1, 0, 1, 0, 1, 1, 1, 0, 0, 1, 1, 0, 1, 1, 0, 0]]
Fitness:  54.535
Gens:  [0, 1, 2, 3, 4, 5, 6, 7, 8, 9, 10, 11, 12, 13, 14, 15, 16, 17, 18, 19, 20, 21, 22, 23, 24, 25, 26, 27, 28, 29, 30, 31, 32, 33, 34, 35, 36, 37, 38, 39, 40, 41, 42, 43, 44, 45, 46, 47, 48, 49, 50, 51, 52, 53, 54, 55, 56, 57, 58, 59]
Inds:  [60.667499999999976, 55.6775, 55.574999999999996, 55.574999999999996, 55.574999999999996, 55.574999999999996, 55.574999999999996, 55.574999999999996, 55.574999999999996, 55.574999999999996, 55.574999999999996, 55.574999999999996, 55.574999999999996, 55.574999999999996, 55.574999999999996, 55.574999999999996, 55.574999999999996, 55.574999999999996, 55.574999999999996, 55.574999999999996, 55.48749999999999, 55.48749999999999, 55.39999999999999, 55.39999999999999, 55.39999999999999, 55.19750000000001, 55.19750000000001, 55.1425, 54.982499999999995, 54.982499999999995, 54.982499999999995, 54.982499999999995, 54.982499999999995, 54.8875, 54.8325, 54.8325, 54.779999999999994, 54.779999999999994, 54.724999999999994, 54.724999999999994, 54.714999999999996, 54.714999999999996, 54.714999999999996, 54.714999999999996, 54.699999999999996, 54.699999999999996, 54.699999999999996, 54.699999999999996, 54.66749999999999, 54.63249999999999, 54.63249999999999, 54.63249999999999, 54.535, 54.535, 54.535, 54.535, 54.535, 54.535, 54.535, 54.535]

Execution 8:
Parametros: Y=0.999
Start Time (hh:mm:ss.ms) 2023-07-17 05:02:56.711698
generations	MaxGenenerations	Populationk1	Populationk	PopulationElite	PopulationMutant	fitnessElite	alpha	min    	max   	avg    	std    
0          	0               	0           	0          	0              	0               	0           	0    	60.8625	72.505	71.1705	1.39425
1          	65.4416         	999         	1000       	100            	200             	64.3552     	0.3  	56.0075	72.2525	62.8871	5.13467
2          	60.2061         	998         	999        	103            	198             	60.827      	0.296	55.9525	72.3325	60.9949	5.50638
5          	60.1547         	995         	996        	110            	190             	60.6623     	0.286	55.6   	72.7025	60.6878	5.45573
11         	59.7711         	989         	990        	124            	173             	60.0519     	0.266	55.595 	72.21  	60.4464	5.39866
17         	59.7841         	983         	984        	138            	158             	59.7888     	0.246	55.4875	72.2625	60.003 	5.31063
18         	59.6477         	982         	983        	141            	155             	59.5638     	0.242	55.205 	72.375 	59.9039	5.36549
25         	59.3556         	975         	976        	157            	136             	58.9856     	0.219	55.1925	72.3475	59.4843	5.12119
27         	59.3471         	973         	974        	162            	131             	58.8768     	0.212	55.07  	72.63  	59.3966	5.13699
29         	59.2035         	971         	972        	166            	126             	58.6174     	0.205	54.9625	72.28  	59.2404	5.13662
32         	59.0803         	968         	969        	173            	118             	58.3268     	0.195	54.865 	72.4075	59.02  	5.12055
34         	59.0063         	966         	967        	178            	113             	58.2267     	0.188	54.8125	72.235 	58.7918	5.1136 
35         	58.9205         	965         	966        	181            	110             	58.0285     	0.184	54.75  	72.4975	58.6518	5.07321
39         	58.8938         	961         	962        	190            	100             	57.8567     	0.170	54.7425	72.165 	58.3532	4.94006
41         	58.8631         	959         	960        	194            	95              	57.6625     	0.164	54.7325	72.235 	58.209 	4.94508
42         	58.8345         	958         	959        	196            	92              	57.5439     	0.160	54.725 	72.4025	58.0295	4.80213
46         	58.8326         	954         	955        	205            	82              	57.3148     	0.147	54.6975	72.1875	57.8091	4.71474
48         	58.795          	952         	953        	210            	77              	57.1503     	0.140	54.6275	72.1925	57.7114	4.63291
58         	58.7109         	942         	943        	232            	52              	56.4716     	0.105	54.5325	72.1   	56.975 	4.04679
End Time (hh:mm:ss.ms) 2023-07-17 05:03:08.828179
Total Time (hh:mm:ss.ms) 0:00:12.116481
Individuo: [[5, 1, 15, 16, 21, 11, 19, 22, 18, 10, 25, 29, 4, 32, 12, 7, 20, 28, 34, 0, 9, 30, 17, 27, 2, 33, 6, 24, 26, 23, 8, 31, 14, 13, 3], [0, 0, 0, 0, 0, 0, 1, 0, 0, 1, 0, 0, 1, 1, 1, 1, 1, 1, 1, 0, 0, 0, 1, 1, 0, 1, 0, 0, 0, 0, 0, 1, 0, 0, 1]]
Fitness:  54.53249999999999
Gens:  [0, 1, 2, 3, 4, 5, 6, 7, 8, 9, 10, 11, 12, 13, 14, 15, 16, 17, 18, 19, 20, 21, 22, 23, 24, 25, 26, 27, 28, 29, 30, 31, 32, 33, 34, 35, 36, 37, 38, 39, 40, 41, 42, 43, 44, 45, 46, 47, 48, 49, 50, 51, 52, 53, 54, 55, 56, 57, 58, 59]
Inds:  [60.8625, 56.00749999999999, 55.95250000000001, 55.95250000000001, 55.95250000000001, 55.599999999999994, 55.599999999999994, 55.599999999999994, 55.599999999999994, 55.599999999999994, 55.599999999999994, 55.595, 55.595, 55.595, 55.595, 55.595, 55.595, 55.4875, 55.205, 55.205, 55.205, 55.205, 55.205, 55.205, 55.205, 55.19249999999998, 55.19249999999998, 55.06999999999999, 55.06999999999999, 54.96249999999999, 54.96249999999999, 54.96249999999999, 54.86499999999999, 54.86499999999999, 54.812499999999986, 54.749999999999986, 54.749999999999986, 54.749999999999986, 54.749999999999986, 54.742499999999986, 54.742499999999986, 54.73249999999999, 54.72499999999999, 54.72499999999999, 54.72499999999999, 54.72499999999999, 54.697499999999984, 54.697499999999984, 54.62749999999999, 54.62749999999999, 54.62749999999999, 54.62749999999999, 54.62749999999999, 54.62749999999999, 54.62749999999999, 54.62749999999999, 54.62749999999999, 54.62749999999999, 54.53249999999999, 54.53249999999999]

Execution 9:
Parametros: Y=0.999
Start Time (hh:mm:ss.ms) 2023-07-17 05:03:09.554205
generations	MaxGenenerations	Populationk1	Populationk	PopulationElite	PopulationMutant	fitnessElite	alpha	min    	max   	avg    	std    
0          	0               	0           	0          	0              	0               	0           	0    	61.0425	73.345	71.1497	1.45362
1          	65.6904         	999         	1000       	100            	200             	64.7332     	0.3  	56.0125	72.83 	62.673 	5.14788
17         	60.2086         	983         	984        	138            	158             	60.0096     	0.246	55.93  	72.395 	60.1102	5.22129
18         	60.1314         	982         	983        	140            	155             	59.9385     	0.243	55.8275	72.1925	59.9194	5.15936
20         	60.028          	980         	981        	145            	150             	59.7756     	0.236	55.63  	72.3625	59.9367	5.08553
31         	59.8111         	969         	970        	170            	121             	58.9852     	0.199	55.5975	72.26  	59.3726	4.90143
40         	59.776          	960         	961        	190            	99              	58.4508     	0.169	55.5625	72.3475	58.9084	4.65785
41         	59.7335         	959         	960        	193            	96              	58.35       	0.166	55.505 	72.3025	58.7686	4.60932
42         	59.6689         	958         	959        	195            	93              	58.2359     	0.162	55.3575	72.445 	58.635 	4.61636
43         	59.5189         	957         	958        	197            	91              	58.0722     	0.158	55.3425	72.6025	58.6419	4.61307
44         	59.5121         	956         	957        	200            	88              	58.0263     	0.155	55.34  	72.185 	58.4042	4.51164
45         	59.4846         	955         	956        	202            	86              	57.9015     	0.152	55.2975	72.325 	58.4799	4.50124
47         	59.4484         	953         	954        	206            	80              	57.7735     	0.145	55.27  	72.4425	58.1637	4.45331
48         	59.4246         	952         	953        	209            	78              	57.7053     	0.141	55.225 	72.0625	58.0189	4.38975
49         	59.3537         	951         	952        	211            	75              	57.5529     	0.138	55.1725	72.1775	57.9401	4.30891
50         	59.3041         	950         	951        	213            	73              	57.4639     	0.134	55.105 	72.23  	57.9853	4.32112
53         	59.2219         	947         	948        	220            	65              	57.2084     	0.124	54.94  	72.0925	57.7326	4.19052
57         	59.0571         	943         	944        	229            	55              	56.8477     	0.110	54.8675	72.4075	57.2796	3.9591 
End Time (hh:mm:ss.ms) 2023-07-17 05:03:21.585818
Total Time (hh:mm:ss.ms) 0:00:12.031613
Individuo: [[29, 10, 28, 3, 21, 16, 15, 1, 5, 25, 19, 4, 22, 0, 13, 32, 31, 20, 23, 9, 30, 8, 14, 18, 11, 33, 24, 17, 34, 7, 12, 6, 27, 2, 26], [1, 0, 1, 1, 1, 1, 1, 1, 1, 1, 1, 1, 0, 0, 0, 0, 0, 1, 1, 1, 1, 1, 1, 1, 1, 0, 1, 0, 0, 0, 0, 1, 1, 1, 0]]
Fitness:  54.86750000000001
Gens:  [0, 1, 2, 3, 4, 5, 6, 7, 8, 9, 10, 11, 12, 13, 14, 15, 16, 17, 18, 19, 20, 21, 22, 23, 24, 25, 26, 27, 28, 29, 30, 31, 32, 33, 34, 35, 36, 37, 38, 39, 40, 41, 42, 43, 44, 45, 46, 47, 48, 49, 50, 51, 52, 53, 54, 55, 56, 57, 58, 59]
Inds:  [61.04249999999998, 56.01249999999998, 56.01249999999998, 56.01249999999998, 56.01249999999998, 56.01249999999998, 56.01249999999998, 56.01249999999998, 56.01249999999998, 56.01249999999998, 56.01249999999998, 56.01249999999998, 56.01249999999998, 56.01249999999998, 56.01249999999998, 56.01249999999998, 56.01249999999998, 55.92999999999999, 55.827499999999986, 55.827499999999986, 55.63, 55.63, 55.63, 55.63, 55.63, 55.63, 55.63, 55.63, 55.63, 55.63, 55.63, 55.597500000000004, 55.597500000000004, 55.597500000000004, 55.597500000000004, 55.597500000000004, 55.597500000000004, 55.597500000000004, 55.597500000000004, 55.597500000000004, 55.5625, 55.505, 55.3575, 55.34250000000001, 55.34, 55.29750000000001, 55.29750000000001, 55.27, 55.225, 55.172500000000014, 55.10500000000001, 55.10500000000001, 55.10500000000001, 54.94000000000001, 54.94000000000001, 54.94000000000001, 54.94000000000001, 54.86750000000001, 54.86750000000001, 54.86750000000001]

Execution 10:
Parametros: Y=0.999
Start Time (hh:mm:ss.ms) 2023-07-17 05:03:22.311844
generations	MaxGenenerations	Populationk1	Populationk	PopulationElite	PopulationMutant	fitnessElite	alpha	min  	max   	avg    	std    
0          	0               	0           	0          	0              	0               	0           	0    	58.48	72.985	71.1117	1.46001
1          	62.9101         	999         	1000       	100            	200             	62.8315     	0.3  	55.5075	72.505	61.8834	5.3485 
6          	59.6879         	994         	995        	112            	187             	60.3418     	0.283	55.435 	72.2975	60.345 	5.58294
9          	59.6147         	991         	992        	120            	179             	60.1388     	0.273	55.225 	72.3   	60.2263	5.50936
13         	59.377          	987         	988        	129            	168             	59.6976     	0.259	54.9875	72.5425	59.8106	5.49892
19         	59.1165         	981         	982        	143            	152             	59.1431     	0.239	54.91  	72.2925	59.4867	5.47368
20         	59.0287         	980         	981        	146            	149             	59.0057     	0.235	54.8325	72.605 	59.4267	5.46824
23         	58.9666         	977         	978        	153            	141             	58.8488     	0.225	54.6675	72.39  	59.1635	5.51576
27         	58.7676         	973         	974        	162            	131             	58.3939     	0.211	54.64  	72.4075	58.9441	5.45909
29         	58.7322         	971         	972        	167            	125             	58.2306     	0.204	54.63  	72.445 	58.6125	5.30864
30         	58.7367         	970         	971        	169            	123             	58.2153     	0.201	54.59  	72.3575	58.6738	5.27905
32         	58.6909         	968         	969        	174            	117             	58.0511     	0.194	54.59  	72.295 	58.5918	5.26225
End Time (hh:mm:ss.ms) 2023-07-17 05:03:34.235608
Total Time (hh:mm:ss.ms) 0:00:11.923764
Individuo: [[25, 11, 21, 16, 15, 1, 5, 29, 4, 31, 32, 24, 26, 28, 3, 33, 27, 2, 30, 34, 9, 8, 14, 18, 22, 19, 10, 0, 13, 23, 20, 7, 12, 6, 17], [1, 1, 1, 1, 1, 1, 1, 0, 0, 1, 1, 0, 0, 1, 1, 1, 1, 1, 1, 0, 1, 1, 1, 1, 1, 0, 0, 0, 0, 1, 0, 0, 0, 1, 0]]
Fitness:  54.58999999999999
Gens:  [0, 1, 2, 3, 4, 5, 6, 7, 8, 9, 10, 11, 12, 13, 14, 15, 16, 17, 18, 19, 20, 21, 22, 23, 24, 25, 26, 27, 28, 29, 30, 31, 32, 33, 34, 35, 36, 37, 38, 39, 40, 41, 42, 43, 44, 45, 46, 47, 48, 49, 50, 51, 52, 53, 54, 55, 56, 57, 58, 59]
Inds:  [58.48, 55.50750000000001, 55.50750000000001, 55.50750000000001, 55.50750000000001, 55.50750000000001, 55.43500000000001, 55.43500000000001, 55.43500000000001, 55.22499999999999, 55.22499999999999, 55.22499999999999, 55.22499999999999, 54.9875, 54.9875, 54.9875, 54.9875, 54.9875, 54.9875, 54.91, 54.8325, 54.8325, 54.8325, 54.667499999999976, 54.667499999999976, 54.667499999999976, 54.667499999999976, 54.63999999999999, 54.63999999999999, 54.63, 54.59, 54.59, 54.58999999999999, 54.58999999999999, 54.58999999999999, 54.58999999999999, 54.58999999999999, 54.58999999999999, 54.58999999999999, 54.58999999999999, 54.58999999999999, 54.58999999999999, 54.58999999999999, 54.58999999999999, 54.58999999999999, 54.58999999999999, 54.58999999999999, 54.58999999999999, 54.58999999999999, 54.58999999999999, 54.58999999999999, 54.58999999999999, 54.58999999999999, 54.58999999999999, 54.58999999999999, 54.58999999999999, 54.58999999999999, 54.58999999999999, 54.58999999999999, 54.58999999999999]

