A-BRKGA-Heuristic:

Execution 1:
Parametros: Y=0.998
Start Time (hh:mm:ss.ms) 2023-07-17 05:03:34.933574
generations	MaxGenenerations	Populationk1	Populationk	PopulationElite	PopulationMutant	fitnessElite	alpha	min   	max 	avg    	std    
0          	0               	0           	0          	0              	0               	0           	0    	60.925	72.9	71.1512	1.42295
1          	70.4984         	998         	1000       	100            	200             	64.5175     	0.3  	55.75 	72.9225	62.8152	5.25109
5          	64.4482         	990         	992        	109            	189             	60.5441     	0.287	55.6825	72.1975	60.5192	5.47625
7          	64.3551         	986         	988        	113            	184             	60.3586     	0.281	55.6775	72.4625	60.2964	5.42726
11         	64.4089         	978         	980        	121            	173             	60.2732     	0.268	55.565 	72.7575	60.3648	5.47323
19         	64.2026         	962         	964        	137            	152             	59.616      	0.243	55.53  	73.2075	59.9321	5.27838
22         	64.1984         	956         	958        	143            	145             	59.5002     	0.234	55.4875	72.35  	59.8079	5.37011
24         	64.157          	952         	954        	147            	140             	59.3749     	0.228	55.3325	72.32  	59.6188	5.22632
25         	63.9528         	950         	952        	149            	137             	59.1537     	0.224	55.2675	72.4175	59.4012	5.25604
27         	63.924          	946         	948        	153            	132             	59.0753     	0.218	55.18  	72.255 	59.322 	5.18282
28         	63.7682         	944         	946        	155            	129             	58.8566     	0.215	54.9975	72.3375	59.2559	5.22478
32         	63.5752         	936         	938        	163            	119             	58.5201     	0.202	54.965 	72.335 	58.8996	5.20512
33         	63.53           	934         	936        	164            	117             	58.4261     	0.199	54.7   	72.195 	58.8404	5.21315
36         	63.2287         	928         	930        	170            	109             	58.0457     	0.189	54.6925	72.3225	58.6424	5.20965
37         	63.2134         	926         	928        	172            	107             	57.9734     	0.186	54.5975	72.76  	58.5342	5.16978
38         	63.1589         	924         	926        	174            	104             	57.9182     	0.182	54.555 	72.2425	58.5284	5.19745
43         	63.1208         	914         	916        	183            	92              	57.6084     	0.166	54.515 	72.2   	58.0139	4.97438
49         	63.0218         	902         	904        	194            	78              	57.1605     	0.147	54.5125	72.0875	57.5118	4.71761
End Time (hh:mm:ss.ms) 2023-07-17 05:03:47.400896
Total Time (hh:mm:ss.ms) 0:00:12.467322
Individuo: [[21, 16, 15, 1, 5, 25, 10, 18, 22, 19, 11, 3, 13, 23, 20, 7, 12, 6, 32, 4, 29, 30, 8, 31, 28, 26, 24, 33, 2, 27, 17, 34, 0, 9, 14], [1, 1, 1, 1, 1, 1, 0, 1, 1, 0, 1, 0, 1, 1, 0, 0, 0, 1, 0, 1, 1, 1, 1, 0, 0, 1, 1, 0, 0, 0, 0, 1, 0, 0, 1]]
Fitness:  54.51249999999999
Gens:  [0, 1, 2, 3, 4, 5, 6, 7, 8, 9, 10, 11, 12, 13, 14, 15, 16, 17, 18, 19, 20, 21, 22, 23, 24, 25, 26, 27, 28, 29, 30, 31, 32, 33, 34, 35, 36, 37, 38, 39, 40, 41, 42, 43, 44, 45, 46, 47, 48, 49, 50, 51, 52, 53, 54, 55, 56, 57, 58, 59, 60, 61, 62, 63, 64]
Inds:  [60.92499999999998, 55.74999999999999, 55.74999999999999, 55.74999999999999, 55.74999999999999, 55.6825, 55.6825, 55.677499999999995, 55.677499999999995, 55.677499999999995, 55.677499999999995, 55.56499999999999, 55.56499999999999, 55.56499999999999, 55.56499999999999, 55.56499999999999, 55.56499999999999, 55.56499999999999, 55.56499999999999, 55.52999999999998, 55.52999999999998, 55.52999999999998, 55.48749999999999, 55.48749999999999, 55.33249999999998, 55.2675, 55.2675, 55.179999999999986, 54.9975, 54.9975, 54.9975, 54.9975, 54.964999999999996, 54.69999999999999, 54.69999999999999, 54.69999999999999, 54.69249999999999, 54.59749999999999, 54.55499999999999, 54.55499999999999, 54.55499999999999, 54.55499999999999, 54.55499999999999, 54.51499999999999, 54.51499999999999, 54.51499999999999, 54.51499999999999, 54.51499999999999, 54.51499999999999, 54.51249999999999, 54.51249999999999, 54.51249999999999, 54.51249999999999, 54.51249999999999, 54.51249999999999, 54.51249999999999, 54.51249999999999, 54.51249999999999, 54.51249999999999, 54.51249999999999, 54.51249999999999, 54.51249999999999, 54.51249999999999, 54.51249999999999, 54.51249999999999]

Execution 2:
Parametros: Y=0.998
Start Time (hh:mm:ss.ms) 2023-07-17 05:03:48.107930
generations	MaxGenenerations	Populationk1	Populationk	PopulationElite	PopulationMutant	fitnessElite	alpha	min    	max    	avg    	std    
0          	0               	0           	0          	0              	0               	0           	0    	60.9675	72.7375	71.1142	1.49253
1          	70.5246         	998         	1000       	100            	200             	64.4985     	0.3  	55.7525	72.8725	62.5036	5.14628
5          	64.4495         	990         	992        	109            	189             	60.5423     	0.287	55.6675	72.4225	60.6192	5.46399
18         	64.3509         	964         	966        	135            	155             	59.8044     	0.247	55.4275	72.39  	60.2297	5.30998
33         	64.0305         	934         	936        	164            	117             	58.7568     	0.200	55.33  	72.3525	59.0656	4.86816
34         	63.9541         	932         	934        	166            	115             	58.68       	0.196	55.2175	72.1875	59.2511	4.99288
40         	63.8282         	920         	922        	177            	100             	58.2698     	0.177	55.215 	72.305 	58.7688	4.91974
42         	63.8298         	916         	918        	180            	95              	58.1662     	0.171	55.1875	72.29  	58.4769	4.77197
43         	63.7814         	914         	916        	182            	93              	58.0659     	0.168	55.1175	72.175 	58.3367	4.78241
45         	63.688          	910         	912        	186            	88              	57.8807     	0.161	55.0675	72.26  	58.1293	4.62374
46         	63.6389         	908         	910        	188            	86              	57.7938     	0.158	54.885 	72.295 	58.1106	4.65949
50         	63.4403         	900         	902        	195            	76              	57.4277     	0.145	54.84  	72.315 	57.8727	4.55523
51         	63.3829         	898         	900        	197            	74              	57.3254     	0.142	54.81  	72.415 	57.8193	4.50887
54         	63.3426         	892         	894        	202            	67              	57.1262     	0.132	54.74  	72.165 	57.531 	4.43341
55         	63.2484         	890         	892        	203            	65              	56.9921     	0.129	54.6675	72.1325	57.5186	4.37911
60         	63.1776         	880         	882        	212            	53              	56.6603     	0.113	54.665 	72.01  	57.2124	4.21271
61         	63.1421         	878         	880        	213            	51              	56.5721     	0.109	54.5775	72.2525	57.1139	4.11758
End Time (hh:mm:ss.ms) 2023-07-17 05:04:00.740880
Total Time (hh:mm:ss.ms) 0:00:12.632950
Individuo: [[4, 19, 32, 24, 26, 13, 8, 0, 22, 11, 3, 14, 23, 20, 7, 12, 6, 27, 16, 21, 33, 17, 31, 30, 9, 28, 34, 18, 10, 25, 5, 1, 15, 2, 29], [0, 0, 1, 0, 0, 1, 0, 1, 1, 1, 0, 0, 1, 0, 0, 0, 1, 1, 0, 0, 1, 0, 0, 1, 0, 0, 1, 0, 1, 0, 0, 0, 0, 1, 0]]
Fitness:  54.57749999999999
Gens:  [0, 1, 2, 3, 4, 5, 6, 7, 8, 9, 10, 11, 12, 13, 14, 15, 16, 17, 18, 19, 20, 21, 22, 23, 24, 25, 26, 27, 28, 29, 30, 31, 32, 33, 34, 35, 36, 37, 38, 39, 40, 41, 42, 43, 44, 45, 46, 47, 48, 49, 50, 51, 52, 53, 54, 55, 56, 57, 58, 59, 60, 61, 62, 63, 64]
Inds:  [60.96749999999998, 55.75249999999999, 55.75249999999999, 55.75249999999999, 55.75249999999999, 55.667499999999976, 55.667499999999976, 55.667499999999976, 55.667499999999976, 55.667499999999976, 55.667499999999976, 55.667499999999976, 55.667499999999976, 55.667499999999976, 55.667499999999976, 55.667499999999976, 55.667499999999976, 55.667499999999976, 55.427499999999995, 55.427499999999995, 55.427499999999995, 55.427499999999995, 55.427499999999995, 55.427499999999995, 55.427499999999995, 55.427499999999995, 55.427499999999995, 55.427499999999995, 55.427499999999995, 55.427499999999995, 55.427499999999995, 55.427499999999995, 55.427499999999995, 55.32999999999999, 55.21749999999998, 55.21749999999998, 55.21749999999998, 55.21749999999998, 55.21749999999998, 55.21749999999998, 55.21499999999999, 55.21499999999999, 55.18749999999999, 55.11749999999999, 55.11749999999999, 55.06749999999999, 54.88499999999999, 54.88499999999999, 54.88499999999999, 54.88499999999999, 54.84, 54.81, 54.81, 54.81, 54.739999999999995, 54.6675, 54.6675, 54.6675, 54.6675, 54.6675, 54.665, 54.57749999999999, 54.57749999999999, 54.57749999999999, 54.57749999999999]

Execution 3:
Parametros: Y=0.998
Start Time (hh:mm:ss.ms) 2023-07-17 05:04:01.457908
generations	MaxGenenerations	Populationk1	Populationk	PopulationElite	PopulationMutant	fitnessElite	alpha	min    	max   	avg    	std    
0          	0               	0           	0          	0              	0               	0           	0    	60.4275	72.645	71.2049	1.34234
1          	69.887          	998         	1000       	100            	200             	64.0927     	0.3  	55.805 	72.9225	62.4512	5.17012
11         	64.4983         	978         	980        	121            	173             	60.246      	0.268	55.7775	72.715 	60.3968	5.37138
16         	64.4674         	968         	970        	131            	160             	59.9711     	0.253	55.6   	72.46  	60.2331	5.30368
22         	64.3109         	956         	958        	143            	145             	59.6132     	0.234	55.585 	72.675 	59.9312	5.15722
23         	64.2903         	954         	956        	145            	142             	59.5424     	0.231	55.57  	72.26  	59.872 	5.10898
26         	64.2196         	948         	950        	151            	135             	59.2776     	0.222	55.1825	72.4   	59.5937	5.10498
31         	63.7711         	938         	940        	160            	122             	58.698      	0.205	55.1525	72.205 	59.1098	5.09624
32         	63.7301         	936         	938        	162            	119             	58.6093     	0.202	55.1275	72.63  	58.9335	5.14683
33         	63.7554         	934         	936        	164            	117             	58.6213     	0.199	54.9825	72.505 	58.8822	5.0161 
36         	63.5432         	928         	930        	170            	109             	58.2662     	0.189	54.9475	72.3125	58.8249	5.05711
37         	63.5069         	926         	928        	172            	107             	58.1883     	0.186	54.92  	72.44  	58.6714	5.01903
38         	63.4913         	924         	926        	174            	105             	58.134      	0.183	54.8725	72.4875	58.6832	4.9683 
41         	63.4176         	918         	920        	179            	97              	57.901      	0.173	54.8325	72.5925	58.4078	5.02526
42         	63.4095         	916         	918        	181            	95              	57.8638     	0.170	54.725 	73.2675	58.2902	4.92743
47         	63.3229         	906         	908        	190            	83              	57.5354     	0.154	54.6975	72.3075	58.0102	4.76913
51         	63.2556         	898         	900        	197            	74              	57.2395     	0.141	54.6725	72.3275	57.5897	4.57967
61         	63.1745         	878         	880        	213            	51              	56.6011     	0.110	54.6425	72.31  	56.7989	4.07113
End Time (hh:mm:ss.ms) 2023-07-17 05:04:13.875038
Total Time (hh:mm:ss.ms) 0:00:12.417130
Individuo: [[3, 28, 20, 7, 12, 32, 22, 31, 9, 0, 18, 34, 13, 14, 10, 11, 21, 16, 15, 27, 17, 1, 5, 29, 4, 19, 25, 30, 8, 23, 26, 2, 33, 6, 24], [0, 0, 0, 0, 1, 0, 0, 0, 1, 1, 0, 0, 1, 1, 1, 1, 1, 1, 1, 0, 0, 1, 1, 0, 0, 0, 0, 1, 1, 1, 1, 0, 1, 0, 0]]
Fitness:  54.64249999999999
Gens:  [0, 1, 2, 3, 4, 5, 6, 7, 8, 9, 10, 11, 12, 13, 14, 15, 16, 17, 18, 19, 20, 21, 22, 23, 24, 25, 26, 27, 28, 29, 30, 31, 32, 33, 34, 35, 36, 37, 38, 39, 40, 41, 42, 43, 44, 45, 46, 47, 48, 49, 50, 51, 52, 53, 54, 55, 56, 57, 58, 59, 60, 61, 62, 63, 64]
Inds:  [60.42749999999999, 55.80499999999999, 55.80499999999999, 55.80499999999999, 55.80499999999999, 55.80499999999999, 55.80499999999999, 55.80499999999999, 55.80499999999999, 55.80499999999999, 55.80499999999999, 55.77749999999998, 55.77749999999998, 55.77749999999998, 55.77749999999998, 55.77749999999998, 55.599999999999994, 55.599999999999994, 55.599999999999994, 55.599999999999994, 55.599999999999994, 55.599999999999994, 55.585, 55.569999999999986, 55.569999999999986, 55.569999999999986, 55.1825, 55.1825, 55.1825, 55.1825, 55.1825, 55.152499999999996, 55.12749999999999, 54.98249999999999, 54.98249999999999, 54.98249999999999, 54.9475, 54.919999999999995, 54.872499999999995, 54.872499999999995, 54.872499999999995, 54.832499999999996, 54.724999999999994, 54.724999999999994, 54.724999999999994, 54.724999999999994, 54.724999999999994, 54.69749999999999, 54.69749999999999, 54.69749999999999, 54.69749999999999, 54.67249999999999, 54.67249999999999, 54.67249999999999, 54.67249999999999, 54.67249999999999, 54.67249999999999, 54.67249999999999, 54.67249999999999, 54.67249999999999, 54.67249999999999, 54.64249999999999, 54.64249999999999, 54.64249999999999, 54.64249999999999]

Execution 4:
Parametros: Y=0.998
Start Time (hh:mm:ss.ms) 2023-07-17 05:04:14.621039
generations	MaxGenenerations	Populationk1	Populationk	PopulationElite	PopulationMutant	fitnessElite	alpha	min   	max  	avg    	std  
0          	0               	0           	0          	0              	0               	0           	0    	61.945	72.73	71.0744	1.585
1          	71.6543         	998         	1000       	100            	200             	65.1805     	0.3  	55.9325	74.2625	62.9479	5.11742
2          	64.8982         	996         	998        	102            	197             	61.375      	0.296	55.91  	72.265 	60.8116	5.46083
9          	64.6571         	982         	984        	117            	179             	60.5054     	0.275	55.9025	72.4425	60.4594	5.36326
15         	64.6164         	970         	972        	129            	163             	60.126      	0.256	55.8775	72.49  	60.084 	5.21451
20         	64.5756         	960         	962        	139            	150             	59.8294     	0.241	55.8625	72.6975	59.9916	5.17066
25         	64.5705         	950         	952        	148            	138             	59.5854     	0.225	55.685 	72.61  	59.7793	5.07794
29         	64.3744         	942         	944        	156            	127             	59.2518     	0.213	55.575 	72.265 	59.6043	4.9701 
33         	64.2414         	934         	936        	164            	118             	58.9433     	0.200	55.5725	72.4575	59.5103	4.92067
34         	64.2479         	932         	934        	166            	115             	58.9035     	0.197	55.4975	72.39  	59.5351	4.86632
35         	64.1525         	930         	932        	167            	113             	58.7747     	0.194	55.44  	72.2675	59.3241	4.89298
36         	64.0703         	928         	930        	169            	110             	58.6498     	0.190	55.3975	72.285 	59.3072	4.94441
37         	64.0234         	926         	928        	171            	108             	58.5646     	0.187	55.295 	72.43  	59.2048	4.85049
39         	63.9642         	922         	924        	175            	103             	58.4571     	0.181	55.2775	72.265 	59.0898	4.95465
41         	63.9241         	918         	920        	178            	98              	58.3051     	0.174	55.26  	72.46  	58.7814	4.86411
42         	63.8869         	916         	918        	180            	96              	58.2123     	0.171	55.16  	72.1325	58.6728	4.8729 
44         	63.7748         	912         	914        	184            	91              	58.0216     	0.165	55.155 	72.1925	58.5379	4.76014
45         	63.7314         	910         	912        	186            	88              	57.9137     	0.161	55     	72.21  	58.4937	4.76422
47         	63.557          	906         	908        	189            	83              	57.6749     	0.155	54.82  	72.1675	58.4176	4.80734
51         	63.3471         	898         	900        	197            	74              	57.2925     	0.142	54.805 	72.27  	58.065 	4.6738 
52         	63.3368         	896         	898        	198            	71              	57.2319     	0.138	54.755 	72.39  	57.8564	4.54869
56         	63.2856         	888         	890        	205            	62              	56.9718     	0.126	54.695 	72.1725	57.5596	4.41508
60         	63.2065         	880         	882        	212            	53              	56.6836     	0.113	54.685 	72.18  	57.3133	4.22997
End Time (hh:mm:ss.ms) 2023-07-17 05:04:27.302532
Total Time (hh:mm:ss.ms) 0:00:12.681493
Individuo: [[3, 28, 20, 34, 0, 9, 7, 12, 24, 2, 16, 21, 11, 10, 18, 22, 19, 25, 5, 1, 15, 27, 6, 32, 4, 29, 17, 30, 8, 13, 33, 31, 14, 23, 26], [0, 0, 1, 1, 0, 0, 0, 0, 0, 0, 0, 0, 0, 0, 1, 1, 0, 0, 0, 0, 0, 0, 1, 0, 1, 1, 1, 1, 1, 0, 0, 1, 0, 1, 1]]
Fitness:  54.68499999999999
Gens:  [0, 1, 2, 3, 4, 5, 6, 7, 8, 9, 10, 11, 12, 13, 14, 15, 16, 17, 18, 19, 20, 21, 22, 23, 24, 25, 26, 27, 28, 29, 30, 31, 32, 33, 34, 35, 36, 37, 38, 39, 40, 41, 42, 43, 44, 45, 46, 47, 48, 49, 50, 51, 52, 53, 54, 55, 56, 57, 58, 59, 60, 61, 62, 63, 64]
Inds:  [61.94499999999999, 55.93249999999999, 55.90999999999999, 55.90999999999999, 55.90999999999999, 55.90999999999999, 55.90999999999999, 55.90999999999999, 55.90999999999999, 55.9025, 55.9025, 55.9025, 55.9025, 55.9025, 55.9025, 55.8775, 55.8775, 55.8775, 55.8775, 55.8775, 55.862500000000004, 55.862500000000004, 55.862500000000004, 55.862500000000004, 55.862500000000004, 55.684999999999995, 55.684999999999995, 55.684999999999995, 55.684999999999995, 55.574999999999996, 55.574999999999996, 55.574999999999996, 55.574999999999996, 55.57249999999999, 55.497499999999995, 55.43999999999999, 55.39749999999999, 55.294999999999995, 55.294999999999995, 55.2775, 55.2775, 55.25999999999999, 55.15999999999999, 55.15999999999999, 55.155, 54.99999999999999, 54.99999999999999, 54.82, 54.82, 54.82, 54.82, 54.80499999999999, 54.75499999999999, 54.75499999999999, 54.75499999999999, 54.75499999999999, 54.69499999999999, 54.69499999999999, 54.69499999999999, 54.69499999999999, 54.68499999999999, 54.68499999999999, 54.68499999999999, 54.68499999999999, 54.68499999999999]

Execution 5:
Parametros: Y=0.998
Start Time (hh:mm:ss.ms) 2023-07-17 05:04:28.048530
generations	MaxGenenerations	Populationk1	Populationk	PopulationElite	PopulationMutant	fitnessElite	alpha	min  	max   	avg    	std    
0          	0               	0           	0          	0              	0               	0           	0    	60.84	72.595	71.1341	1.43295
1          	70.357          	998         	1000       	100            	200             	64.3665     	0.3  	55.6875	72.415	62.8   	5.13563
2          	64.3753         	996         	998        	102            	197             	60.6538     	0.296	55.5125	72.2725	60.869 	5.43501
15         	64.1673         	970         	972        	129            	163             	59.8342     	0.256	55.355 	72.735 	60.2504	5.30302
33         	63.9794         	934         	936        	164            	117             	58.7485     	0.199	55.275 	72.33  	59.184 	5.0909 
34         	63.8876         	932         	934        	166            	115             	58.6296     	0.196	55.1425	72.3075	58.9285	5.02675
36         	63.7338         	928         	930        	170            	110             	58.4101     	0.190	55.03  	72.4075	59.0035	4.97325
39         	63.6032         	922         	924        	175            	102             	58.151      	0.180	54.89  	72.295 	58.5394	4.86862
42         	63.4877         	916         	918        	181            	95              	57.9301     	0.170	54.795 	72.15  	58.2785	4.89757
46         	63.3217         	908         	910        	188            	85              	57.5494     	0.157	54.705 	72.1475	57.9155	4.73493
49         	63.2133         	902         	904        	193            	78              	57.2977     	0.148	54.63  	72.2075	57.7775	4.69613
55         	63.1118         	890         	892        	204            	64              	56.8802     	0.128	54.6175	72.375 	57.2656	4.39597
57         	63.1056         	886         	888        	207            	60              	56.7662     	0.122	54.5825	72.14  	57.1676	4.26844
61         	63.0695         	878         	880        	214            	51              	56.5146     	0.109	54.5475	72.1125	56.7015	4.022  
64         	63.0449         	872         	874        	218            	44              	56.3268     	0.100	54.525 	72.3025	56.4139	3.77303
End Time (hh:mm:ss.ms) 2023-07-17 05:04:40.553028
Total Time (hh:mm:ss.ms) 0:00:12.504498
Individuo: [[29, 4, 19, 10, 21, 16, 15, 1, 5, 25, 11, 22, 34, 20, 23, 8, 9, 7, 12, 6, 17, 33, 32, 24, 2, 27, 30, 0, 18, 14, 13, 28, 26, 31, 3], [0, 0, 0, 0, 1, 1, 1, 1, 1, 1, 1, 1, 0, 1, 0, 0, 0, 0, 0, 1, 0, 1, 1, 0, 0, 0, 1, 1, 0, 0, 0, 0, 1, 0, 1]]
Fitness:  54.525
Gens:  [0, 1, 2, 3, 4, 5, 6, 7, 8, 9, 10, 11, 12, 13, 14, 15, 16, 17, 18, 19, 20, 21, 22, 23, 24, 25, 26, 27, 28, 29, 30, 31, 32, 33, 34, 35, 36, 37, 38, 39, 40, 41, 42, 43, 44, 45, 46, 47, 48, 49, 50, 51, 52, 53, 54, 55, 56, 57, 58, 59, 60, 61, 62, 63, 64]
Inds:  [60.839999999999996, 55.687499999999986, 55.512499999999996, 55.512499999999996, 55.512499999999996, 55.512499999999996, 55.512499999999996, 55.512499999999996, 55.512499999999996, 55.512499999999996, 55.512499999999996, 55.512499999999996, 55.512499999999996, 55.512499999999996, 55.512499999999996, 55.35499999999999, 55.35499999999999, 55.35499999999999, 55.35499999999999, 55.35499999999999, 55.35499999999999, 55.35499999999999, 55.35499999999999, 55.35499999999999, 55.35499999999999, 55.35499999999999, 55.35499999999999, 55.35499999999999, 55.35499999999999, 55.35499999999999, 55.35499999999999, 55.35499999999999, 55.35499999999999, 55.27499999999999, 55.14249999999999, 55.14249999999999, 55.029999999999994, 55.029999999999994, 55.029999999999994, 54.88999999999999, 54.88999999999999, 54.88999999999999, 54.79499999999998, 54.79499999999998, 54.79499999999998, 54.79499999999998, 54.70499999999999, 54.70499999999999, 54.70499999999999, 54.629999999999995, 54.629999999999995, 54.629999999999995, 54.629999999999995, 54.629999999999995, 54.629999999999995, 54.6175, 54.6175, 54.582499999999996, 54.582499999999996, 54.582499999999996, 54.582499999999996, 54.54749999999999, 54.54749999999999, 54.54749999999999, 54.525]

Execution 6:
Parametros: Y=0.998
Start Time (hh:mm:ss.ms) 2023-07-17 05:04:41.260996
generations	MaxGenenerations	Populationk1	Populationk	PopulationElite	PopulationMutant	fitnessElite	alpha	min    	max   	avg    	std    
0          	0               	0           	0          	0              	0               	0           	0    	58.4375	72.445	71.1808	1.37733
1          	67.5584         	998         	1000       	100            	200             	62.6397     	0.3  	55.2325	72.455	62.1356	5.296  
17         	63.8404         	966         	968        	133            	157             	59.5085     	0.249	55.1675	72.1775	60.0159	5.41533
21         	63.7493         	958         	960        	141            	147             	59.2133     	0.237	55.0675	72.3375	59.673 	5.39233
23         	63.6618         	954         	956        	145            	142             	59.0785     	0.230	54.975 	72.32  	59.3744	5.42198
25         	63.566          	950         	952        	149            	137             	58.9153     	0.224	54.9575	72.3575	59.3717	5.38102
29         	63.5448         	942         	944        	157            	127             	58.6785     	0.211	54.905 	72.8125	59.1812	5.353  
30         	63.5213         	940         	942        	159            	124             	58.6422     	0.208	54.865 	72.595 	59.1136	5.27584
31         	63.4474         	938         	940        	161            	122             	58.5073     	0.205	54.855 	72.21  	59.0107	5.27068
32         	63.3869         	936         	938        	163            	119             	58.364      	0.202	54.7775	72.155 	58.9346	5.27318
33         	63.2904         	934         	936        	165            	116             	58.2335     	0.198	54.7275	72.25  	58.7426	5.22029
34         	63.2447         	932         	934        	167            	114             	58.1557     	0.195	54.6675	72.6   	58.959 	5.2853 
38         	63.2108         	924         	926        	174            	104             	57.9351     	0.182	54.605 	72.43  	58.699 	5.22395
41         	63.1072         	918         	920        	180            	97              	57.6673     	0.173	54.5325	72.14  	58.2109	5.03471
End Time (hh:mm:ss.ms) 2023-07-17 05:04:54.026328
Total Time (hh:mm:ss.ms) 0:00:12.765332
Individuo: [[21, 16, 2, 26, 23, 14, 3, 11, 25, 29, 4, 19, 10, 18, 0, 9, 20, 28, 13, 8, 31, 7, 12, 30, 17, 27, 15, 1, 5, 33, 6, 24, 32, 22, 34], [1, 1, 1, 0, 0, 1, 1, 0, 0, 0, 0, 0, 0, 1, 0, 0, 1, 1, 1, 0, 0, 0, 0, 0, 1, 1, 1, 1, 1, 1, 0, 0, 0, 0, 1]]
Fitness:  54.532500000000006
Gens:  [0, 1, 2, 3, 4, 5, 6, 7, 8, 9, 10, 11, 12, 13, 14, 15, 16, 17, 18, 19, 20, 21, 22, 23, 24, 25, 26, 27, 28, 29, 30, 31, 32, 33, 34, 35, 36, 37, 38, 39, 40, 41, 42, 43, 44, 45, 46, 47, 48, 49, 50, 51, 52, 53, 54, 55, 56, 57, 58, 59, 60, 61, 62, 63, 64]
Inds:  [58.437499999999986, 55.2325, 55.2325, 55.2325, 55.2325, 55.2325, 55.2325, 55.2325, 55.2325, 55.2325, 55.2325, 55.2325, 55.2325, 55.2325, 55.2325, 55.2325, 55.2325, 55.167500000000004, 55.167500000000004, 55.167500000000004, 55.167500000000004, 55.0675, 55.0675, 54.975, 54.975, 54.957499999999996, 54.957499999999996, 54.957499999999996, 54.957499999999996, 54.905, 54.86499999999999, 54.855000000000004, 54.77750000000001, 54.727500000000006, 54.66750000000001, 54.66750000000001, 54.66750000000001, 54.66750000000001, 54.605000000000004, 54.605000000000004, 54.605000000000004, 54.532500000000006, 54.532500000000006, 54.532500000000006, 54.532500000000006, 54.532500000000006, 54.532500000000006, 54.532500000000006, 54.532500000000006, 54.532500000000006, 54.532500000000006, 54.532500000000006, 54.532500000000006, 54.532500000000006, 54.532500000000006, 54.532500000000006, 54.532500000000006, 54.532500000000006, 54.532500000000006, 54.532500000000006, 54.532500000000006, 54.532500000000006, 54.532500000000006, 54.532500000000006, 54.532500000000006]

Execution 7:
Parametros: Y=0.998
Start Time (hh:mm:ss.ms) 2023-07-17 05:04:54.720906
generations	MaxGenenerations	Populationk1	Populationk	PopulationElite	PopulationMutant	fitnessElite	alpha	min  	max    	avg    	std    
0          	0               	0           	0          	0              	0               	0           	0    	62.39	72.6975	71.0933	1.53229
1          	72.1643         	998         	1000       	100            	200             	65.4822     	0.3  	55.3325	72.375 	62.9307	5.11108
27         	63.9646         	946         	948        	153            	132             	59.068      	0.218	55.315 	72.065 	59.5533	5.05567
30         	63.9556         	940         	942        	158            	125             	58.912      	0.209	55.3025	72.3375	59.4305	5.11273
31         	63.9204         	938         	940        	160            	122             	58.814      	0.206	55.13  	72.3975	59.2294	5.08459
34         	63.7385         	932         	934        	166            	115             	58.5375     	0.196	54.8575	72.4975	58.9672	5.05367
38         	63.3962         	924         	926        	174            	104             	58.0469     	0.183	54.845 	72.5875	58.3818	4.98741
40         	63.3881         	920         	922        	177            	100             	57.9354     	0.176	54.765 	72.19  	58.4319	5.06434
43         	63.32           	914         	916        	183            	92              	57.7332     	0.167	54.62  	72.095 	58.1417	4.92948
45         	63.1217         	910         	912        	187            	87              	57.4528     	0.160	54.55  	72.2575	57.9707	4.83458
50         	63.0377         	900         	902        	195            	76              	57.1061     	0.144	54.5125	72.06  	57.5408	4.69078
52         	63.0385         	896         	898        	199            	71              	57.01       	0.138	54.495 	72.235 	57.3933	4.53944
54         	62.9965         	892         	894        	202            	66              	56.8554     	0.131	54.49  	72.385 	57.2102	4.54341
58         	62.9885         	884         	886        	209            	57              	56.621      	0.119	54.48  	72.5075	56.9681	4.33305
End Time (hh:mm:ss.ms) 2023-07-17 05:05:07.106921
Total Time (hh:mm:ss.ms) 0:00:12.386015
Individuo: [[4, 22, 0, 8, 14, 10, 25, 5, 1, 15, 2, 27, 16, 21, 11, 19, 34, 32, 24, 26, 23, 13, 3, 31, 20, 28, 18, 30, 9, 7, 12, 6, 33, 17, 29], [0, 0, 0, 1, 1, 1, 0, 0, 0, 0, 1, 1, 0, 0, 0, 1, 0, 1, 0, 0, 0, 0, 1, 0, 1, 1, 1, 1, 0, 0, 0, 1, 1, 0, 0]]
Fitness:  54.47999999999999
Gens:  [0, 1, 2, 3, 4, 5, 6, 7, 8, 9, 10, 11, 12, 13, 14, 15, 16, 17, 18, 19, 20, 21, 22, 23, 24, 25, 26, 27, 28, 29, 30, 31, 32, 33, 34, 35, 36, 37, 38, 39, 40, 41, 42, 43, 44, 45, 46, 47, 48, 49, 50, 51, 52, 53, 54, 55, 56, 57, 58, 59, 60, 61, 62, 63]
Inds:  [62.38999999999999, 55.332499999999996, 55.332499999999996, 55.332499999999996, 55.332499999999996, 55.332499999999996, 55.332499999999996, 55.332499999999996, 55.332499999999996, 55.332499999999996, 55.332499999999996, 55.332499999999996, 55.332499999999996, 55.332499999999996, 55.332499999999996, 55.332499999999996, 55.332499999999996, 55.332499999999996, 55.332499999999996, 55.332499999999996, 55.332499999999996, 55.332499999999996, 55.332499999999996, 55.332499999999996, 55.332499999999996, 55.332499999999996, 55.332499999999996, 55.315, 55.315, 55.315, 55.30250000000001, 55.129999999999995, 55.129999999999995, 55.129999999999995, 54.85749999999999, 54.85749999999999, 54.85749999999999, 54.85749999999999, 54.845, 54.845, 54.765, 54.765, 54.765, 54.61999999999999, 54.61999999999999, 54.55, 54.55, 54.55, 54.55, 54.55, 54.5125, 54.5125, 54.49499999999999, 54.49499999999999, 54.489999999999995, 54.489999999999995, 54.489999999999995, 54.489999999999995, 54.47999999999999, 54.47999999999999, 54.47999999999999, 54.47999999999999, 54.47999999999999, 54.47999999999999]

Execution 8:
Parametros: Y=0.998
Start Time (hh:mm:ss.ms) 2023-07-17 05:05:07.831034
generations	MaxGenenerations	Populationk1	Populationk	PopulationElite	PopulationMutant	fitnessElite	alpha	min    	max  	avg    	std    
0          	0               	0           	0          	0              	0               	0           	0    	62.1675	73.11	71.0884	1.46296
1          	71.9664         	998         	1000       	100            	200             	65.4502     	0.3  	55.66  	73.5625	62.9195	5.13586
3          	64.3706         	994         	996        	105            	195             	60.6441     	0.293	55.625 	72.8325	60.8783	5.50302
20         	64.3108         	960         	962        	139            	150             	59.6844     	0.240	55.5875	72.3325	59.8976	5.23314
28         	64.2147         	944         	946        	154            	130             	59.1451     	0.215	55.535 	72.4175	59.5203	5.04481
31         	64.183          	938         	940        	160            	122             	58.9952     	0.206	55.5175	72.1425	59.3604	4.93405
36         	64.1669         	928         	930        	169            	110             	58.7257     	0.190	55.3375	72.725 	59.0852	4.72664
39         	63.9666         	922         	924        	175            	103             	58.4258     	0.181	55.2025	72.1625	58.8526	4.77297
44         	63.7853         	912         	914        	184            	91              	58.0075     	0.165	55     	72.14  	58.3655	4.63809
45         	63.5456         	910         	912        	186            	88              	57.7684     	0.161	54.99  	72.41  	58.3125	4.58294
46         	63.5684         	908         	910        	188            	86              	57.7497     	0.158	54.915 	72.355 	58.1395	4.57866
48         	63.4747         	904         	906        	191            	81              	57.5643     	0.151	54.91  	72.0725	57.9999	4.53988
49         	63.433          	902         	904        	193            	79              	57.4614     	0.148	54.8875	72.3175	57.7749	4.39572
50         	63.4382         	900         	902        	195            	76              	57.4239     	0.145	54.74  	72.225 	57.8267	4.47866
55         	63.2423         	890         	892        	203            	65              	56.9857     	0.129	54.7325	72.185 	57.4375	4.30566
56         	63.2422         	888         	890        	205            	62              	56.9327     	0.126	54.6525	72.3575	57.0353	4.16071
59         	63.1368         	882         	884        	210            	55              	56.6791     	0.116	54.5875	72.265 	56.8422	4.00272
62         	63.0699         	876         	878        	215            	49              	56.4588     	0.106	54.5475	72.2225	56.5578	3.77066
63         	63.0332         	874         	876        	217            	46              	56.3729     	0.103	54.5125	72.225 	56.6169	3.77453
End Time (hh:mm:ss.ms) 2023-07-17 05:05:20.601391
Total Time (hh:mm:ss.ms) 0:00:12.770357
Individuo: [[5, 1, 15, 16, 21, 11, 32, 12, 7, 0, 9, 20, 28, 31, 18, 22, 4, 29, 25, 10, 14, 13, 3, 30, 8, 23, 26, 24, 6, 17, 33, 2, 27, 34, 19], [0, 0, 0, 0, 0, 0, 1, 1, 1, 0, 0, 1, 0, 1, 1, 1, 1, 1, 1, 0, 0, 0, 1, 1, 1, 1, 1, 1, 1, 0, 0, 0, 0, 1, 1]]
Fitness:  54.5125
Gens:  [0, 1, 2, 3, 4, 5, 6, 7, 8, 9, 10, 11, 12, 13, 14, 15, 16, 17, 18, 19, 20, 21, 22, 23, 24, 25, 26, 27, 28, 29, 30, 31, 32, 33, 34, 35, 36, 37, 38, 39, 40, 41, 42, 43, 44, 45, 46, 47, 48, 49, 50, 51, 52, 53, 54, 55, 56, 57, 58, 59, 60, 61, 62, 63, 64]
Inds:  [62.16749999999998, 55.65999999999999, 55.65999999999999, 55.62499999999999, 55.62499999999999, 55.62499999999999, 55.62499999999999, 55.62499999999999, 55.62499999999999, 55.62499999999999, 55.62499999999999, 55.62499999999999, 55.62499999999999, 55.62499999999999, 55.62499999999999, 55.62499999999999, 55.62499999999999, 55.62499999999999, 55.62499999999999, 55.62499999999999, 55.58749999999999, 55.58749999999999, 55.58749999999999, 55.58749999999999, 55.58749999999999, 55.58749999999999, 55.58749999999999, 55.58749999999999, 55.53500000000001, 55.53500000000001, 55.53500000000001, 55.51749999999999, 55.51749999999999, 55.51749999999999, 55.51749999999999, 55.51749999999999, 55.33749999999999, 55.33749999999999, 55.33749999999999, 55.20249999999999, 55.20249999999999, 55.20249999999999, 55.20249999999999, 55.20249999999999, 54.99999999999999, 54.989999999999995, 54.915, 54.915, 54.90999999999999, 54.887499999999996, 54.739999999999995, 54.739999999999995, 54.739999999999995, 54.739999999999995, 54.739999999999995, 54.73249999999999, 54.6525, 54.6525, 54.6525, 54.58749999999999, 54.58749999999999, 54.58749999999999, 54.54749999999999, 54.5125, 54.5125]

Execution 9:
Parametros: Y=0.998
Start Time (hh:mm:ss.ms) 2023-07-17 05:05:21.306388
generations	MaxGenenerations	Populationk1	Populationk	PopulationElite	PopulationMutant	fitnessElite	alpha	min  	max  	avg    	std   
0          	0               	0           	0          	0              	0               	0           	0    	60.59	72.58	71.1508	1.4662
1          	70.0658         	998         	1000       	100            	200             	64.187      	0.3  	55.6025	72.6925	62.6117	5.21703
2          	64.3128         	996         	998        	102            	197             	60.6764     	0.296	55.4025	72.595 	60.8521	5.47259
28         	64.0491         	944         	946        	155            	130             	59.0773     	0.215	55.295 	72.17  	59.3562	5.13385
31         	63.9184         	938         	940        	160            	122             	58.8188     	0.206	55.1975	72.5125	59.1272	5.06602
33         	63.8623         	934         	936        	164            	117             	58.7207     	0.199	55.1325	72.32  	58.9323	5.00377
35         	63.7232         	930         	932        	168            	112             	58.4571     	0.193	55.0875	72.28  	58.9098	4.98489
37         	63.6454         	926         	928        	172            	107             	58.2723     	0.186	54.9625	72.195 	58.7401	4.87764
42         	63.5159         	916         	918        	181            	95              	57.9165     	0.170	54.9075	72.2125	58.3201	4.85148
44         	63.4565         	912         	914        	184            	90              	57.7648     	0.164	54.905 	72.4025	58.1647	4.6724 
45         	63.4692         	910         	912        	186            	88              	57.7282     	0.161	54.865 	72.52  	58.1025	4.72122
47         	63.3966         	906         	908        	190            	83              	57.5491     	0.154	54.8175	72.32  	58.0261	4.69336
48         	63.3576         	904         	906        	191            	81              	57.4715     	0.151	54.8   	72.555 	57.8348	4.77471
49         	63.3671         	902         	904        	193            	78              	57.4367     	0.148	54.7825	72.055 	57.8355	4.63827
50         	63.2835         	900         	902        	195            	76              	57.2895     	0.145	54.7725	72.015 	57.8803	4.64247
51         	63.2669         	898         	900        	197            	74              	57.2199     	0.141	54.7625	72.29  	57.7244	4.62204
52         	63.2902         	896         	898        	198            	71              	57.196      	0.138	54.7375	72.13  	57.5882	4.59811
53         	63.241          	894         	896        	200            	69              	57.0951     	0.135	54.68  	72.5775	57.5338	4.50869
59         	63.1961         	882         	884        	210            	55              	56.7318     	0.116	54.675 	72.395 	57.0635	4.171  
60         	63.2024         	880         	882        	212            	53              	56.6826     	0.113	54.67  	72.6575	57.2473	4.23297
62         	63.2241         	876         	878        	215            	49              	56.5905     	0.107	54.58  	72.4025	56.9924	3.98678
End Time (hh:mm:ss.ms) 2023-07-17 05:05:33.828448
Total Time (hh:mm:ss.ms) 0:00:12.522060
Individuo: [[4, 19, 25, 5, 1, 15, 16, 21, 3, 28, 23, 8, 9, 31, 18, 14, 13, 34, 10, 11, 30, 0, 22, 32, 33, 17, 2, 26, 20, 7, 12, 24, 6, 27, 29], [0, 0, 0, 0, 0, 0, 0, 0, 0, 1, 0, 0, 0, 1, 0, 0, 0, 1, 1, 1, 1, 1, 1, 0, 1, 0, 1, 0, 0, 0, 0, 1, 1, 1, 0]]
Fitness:  54.580000000000005
Gens:  [0, 1, 2, 3, 4, 5, 6, 7, 8, 9, 10, 11, 12, 13, 14, 15, 16, 17, 18, 19, 20, 21, 22, 23, 24, 25, 26, 27, 28, 29, 30, 31, 32, 33, 34, 35, 36, 37, 38, 39, 40, 41, 42, 43, 44, 45, 46, 47, 48, 49, 50, 51, 52, 53, 54, 55, 56, 57, 58, 59, 60, 61, 62, 63, 64]
Inds:  [60.589999999999996, 55.6025, 55.402499999999996, 55.402499999999996, 55.402499999999996, 55.402499999999996, 55.402499999999996, 55.402499999999996, 55.402499999999996, 55.402499999999996, 55.402499999999996, 55.402499999999996, 55.402499999999996, 55.402499999999996, 55.402499999999996, 55.402499999999996, 55.402499999999996, 55.402499999999996, 55.402499999999996, 55.402499999999996, 55.402499999999996, 55.402499999999996, 55.402499999999996, 55.402499999999996, 55.402499999999996, 55.402499999999996, 55.402499999999996, 55.402499999999996, 55.294999999999995, 55.294999999999995, 55.294999999999995, 55.197500000000005, 55.197500000000005, 55.13249999999999, 55.13249999999999, 55.08749999999999, 55.08749999999999, 54.96249999999999, 54.96249999999999, 54.96249999999999, 54.96249999999999, 54.96249999999999, 54.907499999999985, 54.907499999999985, 54.90499999999999, 54.864999999999995, 54.864999999999995, 54.817499999999995, 54.8, 54.7825, 54.772499999999994, 54.762499999999996, 54.7375, 54.67999999999999, 54.67999999999999, 54.67999999999999, 54.67999999999999, 54.67999999999999, 54.67999999999999, 54.675, 54.669999999999995, 54.669999999999995, 54.580000000000005, 54.580000000000005, 54.580000000000005]

Execution 10:
Parametros: Y=0.998
Start Time (hh:mm:ss.ms) 2023-07-17 05:05:34.562698
generations	MaxGenenerations	Populationk1	Populationk	PopulationElite	PopulationMutant	fitnessElite	alpha	min    	max  	avg    	std    
0          	0               	0           	0          	0              	0               	0           	0    	61.2475	72.45	71.1271	1.48946
1          	70.8077         	998         	1000       	100            	200             	64.6082     	0.3  	55.5725	72.6 	62.8261	5.12519
9          	64.2353         	982         	984        	117            	179             	60.1906     	0.275	55.3775	72.5125	60.5197	5.40444
22         	64.0013         	956         	958        	143            	145             	59.342      	0.234	55.2525	72.86  	59.7383	5.26141
26         	63.9009         	948         	950        	151            	134             	59.1077     	0.221	55.175 	72.8   	59.3707	5.25404
31         	63.7842         	938         	940        	160            	122             	58.7273     	0.205	55.0475	72.205 	58.959 	5.16285
32         	63.6088         	936         	938        	163            	119             	58.5224     	0.202	54.985 	72.385 	58.8875	5.12939
36         	63.5407         	928         	930        	170            	109             	58.2601     	0.189	54.835 	72.27  	58.5384	4.95351
37         	63.3714         	926         	928        	172            	107             	58.0846     	0.186	54.7925	72.4025	58.3706	4.94321
45         	63.3366         	910         	912        	186            	88              	57.6255     	0.161	54.7575	72.315 	57.9164	4.88163
46         	63.2876         	908         	910        	188            	85              	57.5279     	0.157	54.68  	72.3625	57.9841	4.75807
52         	63.1986         	896         	898        	199            	71              	57.125      	0.138	54.6675	72.235 	57.5515	4.5739 
56         	63.1611         	888         	890        	205            	62              	56.866      	0.125	54.6575	72.11  	57.3208	4.39763
57         	63.1461         	886         	888        	207            	60              	56.7978     	0.122	54.63  	72.95  	57.2683	4.41368
58         	63.2205         	884         	886        	208            	58              	56.8225     	0.119	54.605 	72.31  	57.1418	4.28843
61         	63.1072         	878         	880        	214            	51              	56.5468     	0.109	54.605 	72.62  	57.0321	4.25138
End Time (hh:mm:ss.ms) 2023-07-17 05:05:47.074494
Total Time (hh:mm:ss.ms) 0:00:12.511796
Individuo: [[4, 19, 11, 21, 16, 30, 0, 18, 22, 25, 10, 14, 31, 28, 26, 24, 6, 17, 1, 5, 33, 27, 15, 2, 34, 32, 12, 7, 20, 23, 13, 8, 9, 3, 29], [0, 0, 1, 1, 1, 1, 1, 0, 1, 1, 0, 0, 0, 0, 1, 1, 1, 0, 1, 1, 1, 1, 1, 1, 1, 1, 1, 1, 1, 0, 1, 0, 0, 1, 0]]
Fitness:  54.605
Gens:  [0, 1, 2, 3, 4, 5, 6, 7, 8, 9, 10, 11, 12, 13, 14, 15, 16, 17, 18, 19, 20, 21, 22, 23, 24, 25, 26, 27, 28, 29, 30, 31, 32, 33, 34, 35, 36, 37, 38, 39, 40, 41, 42, 43, 44, 45, 46, 47, 48, 49, 50, 51, 52, 53, 54, 55, 56, 57, 58, 59, 60, 61, 62, 63, 64]
Inds:  [61.2475, 55.5725, 55.5725, 55.5725, 55.5725, 55.5725, 55.5725, 55.5725, 55.5725, 55.37749999999999, 55.37749999999999, 55.37749999999999, 55.37749999999999, 55.37749999999999, 55.37749999999999, 55.37749999999999, 55.37749999999999, 55.37749999999999, 55.37749999999999, 55.37749999999999, 55.37749999999999, 55.37749999999999, 55.25249999999999, 55.25249999999999, 55.25249999999999, 55.25249999999999, 55.17499999999999, 55.17499999999999, 55.17499999999999, 55.17499999999999, 55.17499999999999, 55.04749999999998, 54.98499999999999, 54.98499999999999, 54.98499999999999, 54.98499999999999, 54.835, 54.7925, 54.7925, 54.7925, 54.7925, 54.7925, 54.7925, 54.7925, 54.7925, 54.7575, 54.68000000000001, 54.68000000000001, 54.68000000000001, 54.68000000000001, 54.68000000000001, 54.68000000000001, 54.667500000000004, 54.667500000000004, 54.667500000000004, 54.667500000000004, 54.65749999999999, 54.629999999999995, 54.605000000000004, 54.605000000000004, 54.605000000000004, 54.605, 54.605, 54.605, 54.605]

