A-BRKGA-Heuristic:

Execution 1:
Parametros: Y=0.997
Start Time (hh:mm:ss.ms) 2023-07-16 19:56:35.684224
generations	MaxGenenerations	Populationk1	Populationk	PopulationElite	PopulationMutant	fitnessElite	alpha	min    	max  	avg    	std     
0          	0               	0           	0          	0              	0               	0           	0    	28.9025	32.37	31.7642	0.559997
1          	31.8547         	997         	1000       	100            	200             	29.9427     	0.3  	24.805 	32.2475	28.3315	2.09984 
15         	27.3358         	955         	958        	169            	118             	26.2927     	0.197	24.79  	32.28  	26.5906	2.04409 
End Time (hh:mm:ss.ms) 2023-07-16 19:56:49.934321
Total Time (hh:mm:ss.ms) 0:00:14.250097
Individuo: [[8, 23, 57, 49, 5, 50, 54, 26, 1, 2, 51, 10, 55, 44, 3, 35, 9, 21, 56, 7, 22, 17, 43, 36, 29, 31, 48, 18, 41, 12, 27, 47, 38, 14, 46, 42, 16, 15, 24, 32, 19, 6, 33, 39, 30, 34, 0, 25, 53, 52, 20, 11, 45, 13, 28, 4, 40, 37], [1, 1, 1, 1, 1, 0, 1, 0, 0, 1, 0, 1, 0, 0, 1, 1, 0, 0, 0, 1, 1, 1, 1, 0, 0, 0, 0, 0, 0, 0, 1, 1, 1, 1, 0, 0, 1, 1, 1, 0, 1, 1, 1, 1, 1, 1, 1, 0, 0, 1, 1, 0, 0, 0, 0, 0, 1, 1]]
Fitness:  24.79
Gens:  [0, 1, 2, 3, 4, 5, 6, 7, 8, 9, 10, 11, 12, 13, 14, 15, 16, 17, 18, 19, 20, 21, 22, 23, 24, 25, 26, 27, 28]
Inds:  [28.902499999999993, 24.805000000000003, 24.805000000000003, 24.805000000000003, 24.805000000000003, 24.805000000000003, 24.805000000000003, 24.805000000000003, 24.805000000000003, 24.805000000000003, 24.805000000000003, 24.805000000000003, 24.805000000000003, 24.805000000000003, 24.805000000000003, 24.79, 24.79, 24.79, 24.79, 24.79, 24.79, 24.79, 24.79, 24.79, 24.79, 24.79, 24.79, 24.79, 24.79]

Execution 2:
Parametros: Y=0.997
Start Time (hh:mm:ss.ms) 2023-07-16 19:56:51.057292
generations	MaxGenenerations	Populationk1	Populationk	PopulationElite	PopulationMutant	fitnessElite	alpha	min    	max    	avg    	std     
0          	0               	0           	0          	0              	0               	0           	0    	28.4875	32.4625	31.8063	0.500522
1          	31.406          	997         	1000       	100            	200             	29.68       	0.3  	24.82  	32.305 	28.205 	2.11816 
19         	27.3445         	943         	946        	188            	96              	26.0691     	0.168	24.7875	32.365 	26.3118	1.96623 
23         	27.3118         	931         	934        	206            	74              	25.8278     	0.138	24.7225	32.1425	25.9924	1.81645 
25         	27.2318         	925         	928        	215            	63              	25.6446     	0.123	24.6475	32.15  	25.851 	1.73118 
26         	27.1471         	922         	925        	220            	58              	25.5164     	0.115	24.6275	32.2775	25.741 	1.663   
27         	27.1355         	919         	922        	224            	52              	25.4565     	0.108	24.595 	32.19  	25.6746	1.62173 
28         	27.0925         	916         	919        	229            	47              	25.3597     	0.100	24.5575	32.2275	25.5964	1.56824 
End Time (hh:mm:ss.ms) 2023-07-16 19:57:04.614963
Total Time (hh:mm:ss.ms) 0:00:13.557671
Individuo: [[41, 15, 35, 30, 33, 6, 34, 0, 19, 25, 12, 42, 45, 56, 27, 22, 17, 43, 36, 29, 31, 18, 16, 3, 54, 1, 46, 55, 7, 47, 38, 14, 26, 50, 5, 49, 57, 51, 10, 21, 9, 2, 52, 8, 23, 44, 39, 37, 20, 53, 13, 48, 11, 32, 24, 28, 4, 40], [1, 1, 1, 0, 0, 1, 1, 1, 1, 0, 0, 1, 1, 0, 1, 1, 1, 1, 0, 0, 0, 0, 0, 1, 1, 0, 1, 1, 1, 1, 1, 1, 1, 1, 0, 0, 1, 0, 1, 1, 1, 0, 0, 1, 0, 0, 1, 0, 1, 0, 1, 0, 1, 0, 0, 1, 1, 0]]
Fitness:  24.55749999999999
Gens:  [0, 1, 2, 3, 4, 5, 6, 7, 8, 9, 10, 11, 12, 13, 14, 15, 16, 17, 18, 19, 20, 21, 22, 23, 24, 25, 26, 27, 28]
Inds:  [28.487499999999997, 24.82, 24.82, 24.82, 24.82, 24.82, 24.82, 24.82, 24.82, 24.82, 24.82, 24.82, 24.82, 24.82, 24.82, 24.82, 24.82, 24.82, 24.82, 24.7875, 24.7875, 24.7875, 24.7875, 24.7225, 24.7225, 24.64749999999999, 24.62749999999999, 24.595, 24.55749999999999]

Execution 3:
Parametros: Y=0.997
Start Time (hh:mm:ss.ms) 2023-07-16 19:57:05.657927
generations	MaxGenenerations	Populationk1	Populationk	PopulationElite	PopulationMutant	fitnessElite	alpha	min  	max   	avg    	std   
0          	0               	0           	0          	0              	0               	0           	0    	29.18	32.365	31.8064	0.4922
1          	32.16           	997         	1000       	100            	200             	30.1355     	0.3  	24.9425	32.27 	28.4257	2.10683
21         	27.4776         	937         	940        	197            	86              	26.066      	0.154	24.9125	32.295 	26.2743	1.88259
22         	27.4509         	934         	937        	201            	80              	25.9977     	0.146	24.8275	32.3   	26.2168	1.84811
24         	27.3484         	928         	931        	210            	69              	25.7976     	0.131	24.8125	32.27  	26.0588	1.76398
25         	27.3387         	925         	928        	215            	64              	25.7404     	0.124	24.7925	32.2025	26.033 	1.70746
27         	27.3158         	919         	922        	224            	53              	25.6112     	0.109	24.75  	32.155 	25.8484	1.58429
28         	27.2604         	916         	919        	228            	48              	25.5046     	0.101	24.7325	32.295 	25.7616	1.56288
End Time (hh:mm:ss.ms) 2023-07-16 19:57:19.284931
Total Time (hh:mm:ss.ms) 0:00:13.627004
Individuo: [[39, 9, 42, 26, 5, 49, 57, 0, 34, 6, 33, 30, 40, 21, 54, 19, 41, 12, 15, 16, 2, 35, 55, 43, 7, 17, 22, 27, 28, 29, 36, 10, 47, 38, 14, 1, 18, 25, 51, 31, 44, 23, 8, 50, 3, 56, 46, 52, 11, 32, 24, 4, 37, 45, 13, 20, 48, 53], [0, 1, 1, 0, 0, 0, 1, 0, 0, 0, 0, 0, 1, 0, 1, 0, 1, 1, 0, 0, 1, 1, 1, 0, 1, 0, 1, 0, 1, 0, 1, 1, 1, 1, 1, 0, 1, 0, 1, 1, 1, 1, 1, 1, 1, 0, 0, 0, 0, 0, 0, 1, 0, 0, 0, 1, 1, 1]]
Fitness:  24.732500000000005
Gens:  [0, 1, 2, 3, 4, 5, 6, 7, 8, 9, 10, 11, 12, 13, 14, 15, 16, 17, 18, 19, 20, 21, 22, 23, 24, 25, 26, 27, 28]
Inds:  [29.18000000000001, 24.942499999999995, 24.942499999999995, 24.942499999999995, 24.942499999999995, 24.942499999999995, 24.942499999999995, 24.942499999999995, 24.942499999999995, 24.942499999999995, 24.942499999999995, 24.942499999999995, 24.942499999999995, 24.942499999999995, 24.942499999999995, 24.942499999999995, 24.942499999999995, 24.942499999999995, 24.942499999999995, 24.942499999999995, 24.942499999999995, 24.912499999999994, 24.8275, 24.8275, 24.812499999999996, 24.792500000000004, 24.792500000000004, 24.749999999999993, 24.732500000000005]

Execution 4:
Parametros: Y=0.997
Start Time (hh:mm:ss.ms) 2023-07-16 19:57:20.454962
generations	MaxGenenerations	Populationk1	Populationk	PopulationElite	PopulationMutant	fitnessElite	alpha	min  	max  	avg    	std     
0          	0               	0           	0          	0              	0               	0           	0    	29.14	32.33	31.7902	0.534059
1          	32.1126         	997         	1000       	100            	200             	30.097      	0.3  	24.78	32.32	28.2974	2.12588 
End Time (hh:mm:ss.ms) 2023-07-16 19:57:33.699928
Total Time (hh:mm:ss.ms) 0:00:13.244966
Individuo: [[8, 9, 7, 29, 10, 18, 55, 57, 44, 36, 6, 33, 30, 43, 17, 22, 47, 52, 20, 45, 37, 40, 4, 28, 24, 42, 15, 31, 39, 46, 38, 14, 12, 41, 16, 2, 0, 34, 19, 32, 11, 48, 13, 53, 56, 27, 23, 35, 1, 26, 50, 5, 49, 54, 25, 3, 51, 21], [1, 0, 0, 1, 0, 0, 0, 1, 1, 0, 0, 1, 0, 0, 0, 0, 1, 1, 0, 1, 0, 1, 0, 0, 1, 0, 0, 1, 0, 1, 1, 1, 1, 1, 0, 1, 0, 0, 0, 1, 1, 0, 0, 0, 0, 1, 0, 1, 1, 1, 1, 0, 0, 1, 0, 0, 0, 1]]
Fitness:  24.78
Gens:  [0, 1, 2, 3, 4, 5, 6, 7, 8, 9, 10, 11, 12, 13, 14, 15, 16, 17, 18, 19, 20, 21, 22, 23, 24, 25, 26, 27, 28]
Inds:  [29.139999999999997, 24.78, 24.78, 24.78, 24.78, 24.78, 24.78, 24.78, 24.78, 24.78, 24.78, 24.78, 24.78, 24.78, 24.78, 24.78, 24.78, 24.78, 24.78, 24.78, 24.78, 24.78, 24.78, 24.78, 24.78, 24.78, 24.78, 24.78, 24.78]

Execution 5:
Parametros: Y=0.997
Start Time (hh:mm:ss.ms) 2023-07-16 19:57:34.867927
generations	MaxGenenerations	Populationk1	Populationk	PopulationElite	PopulationMutant	fitnessElite	alpha	min    	max    	avg    	std     
0          	0               	0           	0          	0              	0               	0           	0    	28.0175	32.3475	31.7691	0.550617
1          	30.8772         	997         	1000       	100            	200             	29.3165     	0.3  	24.765 	32.26  	28.0942	2.14491 
15         	27.2855         	955         	958        	170            	118             	26.2444     	0.197	24.66  	32.3125	26.3805	2.12911 
18         	27.175          	946         	949        	184            	101             	26.0001     	0.174	24.6525	32.22  	26.1733	2.04323 
19         	27.1583         	943         	946        	189            	95              	25.9196     	0.167	24.6525	32.25  	26.0414	1.994   
20         	27.1608         	940         	943        	193            	90              	25.8688     	0.160	24.545 	32.2125	25.9953	1.99444 
23         	27.0446         	931         	934        	207            	73              	25.6067     	0.137	24.53  	32.19  	25.7303	1.88029 
24         	27.0209         	928         	931        	212            	68              	25.524      	0.129	24.47  	32.2125	25.6378	1.80908 
25         	26.9567         	925         	928        	217            	62              	25.4141     	0.121	24.4475	32.225 	25.5182	1.76693 
26         	26.9329         	922         	925        	221            	57              	25.3369     	0.114	24.415 	32.195 	25.468 	1.73488 
27         	26.8947         	919         	922        	226            	51              	25.2448     	0.106	24.405 	32.1975	25.424 	1.66949 
End Time (hh:mm:ss.ms) 2023-07-16 19:57:47.815830
Total Time (hh:mm:ss.ms) 0:00:12.947903
Individuo: [[12, 42, 5, 49, 0, 34, 6, 33, 18, 30, 19, 24, 48, 11, 32, 15, 41, 25, 57, 2, 46, 51, 7, 27, 9, 39, 31, 16, 3, 56, 21, 10, 43, 17, 22, 47, 8, 52, 38, 14, 1, 35, 23, 53, 37, 40, 4, 13, 45, 20, 28, 55, 36, 29, 44, 54, 50, 26], [0, 1, 0, 0, 0, 0, 0, 0, 0, 1, 0, 0, 0, 0, 0, 0, 0, 1, 1, 1, 0, 0, 1, 0, 1, 0, 0, 0, 1, 0, 0, 0, 0, 0, 0, 1, 0, 1, 1, 1, 0, 0, 1, 1, 0, 0, 0, 0, 0, 1, 0, 1, 1, 0, 1, 1, 0, 0]]
Fitness:  24.404999999999998
Gens:  [0, 1, 2, 3, 4, 5, 6, 7, 8, 9, 10, 11, 12, 13, 14, 15, 16, 17, 18, 19, 20, 21, 22, 23, 24, 25, 26, 27]
Inds:  [28.0175, 24.765, 24.765, 24.765, 24.765, 24.765, 24.765, 24.765, 24.765, 24.765, 24.765, 24.765, 24.765, 24.765, 24.765, 24.659999999999997, 24.659999999999997, 24.659999999999997, 24.652499999999996, 24.652499999999993, 24.544999999999995, 24.544999999999995, 24.544999999999995, 24.529999999999998, 24.47, 24.4475, 24.415, 24.404999999999998]

Execution 6:
Parametros: Y=0.997
Start Time (hh:mm:ss.ms) 2023-07-16 19:57:48.932861
generations	MaxGenenerations	Populationk1	Populationk	PopulationElite	PopulationMutant	fitnessElite	alpha	min   	max    	avg    	std     
0          	0               	0           	0          	0              	0               	0           	0    	29.075	32.4025	31.7694	0.533234
1          	32.0479         	997         	1000       	100            	200             	30.0732     	0.3  	24.9375	32.205 	28.3337	2.07842 
End Time (hh:mm:ss.ms) 2023-07-16 19:58:02.276871
Total Time (hh:mm:ss.ms) 0:00:13.344010
Individuo: [[12, 3, 41, 51, 21, 9, 8, 23, 35, 49, 5, 1, 2, 16, 15, 32, 11, 22, 13, 37, 40, 4, 24, 56, 54, 26, 50, 6, 30, 33, 34, 0, 25, 19, 48, 18, 28, 31, 39, 20, 52, 47, 7, 10, 43, 17, 27, 42, 53, 14, 38, 46, 57, 45, 55, 36, 29, 44], [0, 1, 1, 0, 1, 1, 1, 0, 1, 1, 1, 0, 1, 1, 1, 1, 1, 1, 0, 0, 0, 0, 1, 1, 0, 0, 0, 0, 1, 0, 0, 1, 0, 1, 1, 1, 0, 1, 1, 0, 1, 1, 1, 0, 0, 0, 0, 1, 1, 0, 0, 0, 1, 0, 1, 0, 0, 1]]
Fitness:  24.937499999999996
Gens:  [0, 1, 2, 3, 4, 5, 6, 7, 8, 9, 10, 11, 12, 13, 14, 15, 16, 17, 18, 19, 20, 21, 22, 23, 24, 25, 26, 27, 28]
Inds:  [29.07499999999999, 24.937499999999996, 24.937499999999996, 24.937499999999996, 24.937499999999996, 24.937499999999996, 24.937499999999996, 24.937499999999996, 24.937499999999996, 24.937499999999996, 24.937499999999996, 24.937499999999996, 24.937499999999996, 24.937499999999996, 24.937499999999996, 24.937499999999996, 24.937499999999996, 24.937499999999996, 24.937499999999996, 24.937499999999996, 24.937499999999996, 24.937499999999996, 24.937499999999996, 24.937499999999996, 24.937499999999996, 24.937499999999996, 24.937499999999996, 24.937499999999996, 24.937499999999996]

Execution 7:
Parametros: Y=0.997
Start Time (hh:mm:ss.ms) 2023-07-16 19:58:03.441868
generations	MaxGenenerations	Populationk1	Populationk	PopulationElite	PopulationMutant	fitnessElite	alpha	min   	max 	avg    	std     
0          	0               	0           	0          	0              	0               	0           	0    	28.225	32.3	31.7915	0.517505
1          	31.1014         	997         	1000       	100            	200             	29.4475     	0.3  	25    	32.245	28.1276	2.12033 
3          	27.5453         	991         	994        	110            	188             	27.0754     	0.285	24.945	32.265	27.0745	2.36381 
10         	27.4834         	970         	973        	145            	147             	26.6592     	0.234	24.905	32.2275	26.7451	2.22386 
15         	27.4334         	955         	958        	169            	118             	26.3455     	0.197	24.905	32.2725	26.4469	2.12031 
16         	27.4408         	952         	955        	174            	113             	26.3098     	0.190	24.8875	32.2025	26.3846	2.07754 
17         	27.4158         	949         	952        	178            	107             	26.2282     	0.183	24.8675	32.315 	26.3232	2.0593  
18         	27.403          	946         	949        	183            	102             	26.1777     	0.175	24.7725	32.2775	26.2778	2.03762 
19         	27.2952         	943         	946        	188            	96              	26.0342     	0.168	24.735 	32.25  	26.2112	2.01152 
21         	27.2537         	937         	940        	197            	85              	25.8904     	0.153	24.68  	32.3325	26.0297	1.92774 
23         	27.189          	931         	934        	207            	74              	25.7225     	0.138	24.62  	32.2675	25.8705	1.85268 
25         	27.1256         	925         	928        	216            	63              	25.5598     	0.123	24.57  	32.215 	25.7464	1.77942 
28         	27.065          	916         	919        	229            	47              	25.3357     	0.100	24.54  	32.21  	25.5303	1.60674 
End Time (hh:mm:ss.ms) 2023-07-16 19:58:16.834992
Total Time (hh:mm:ss.ms) 0:00:13.393124
Individuo: [[12, 3, 51, 10, 43, 36, 17, 22, 27, 57, 56, 42, 26, 50, 5, 49, 25, 41, 18, 31, 39, 23, 9, 21, 7, 47, 38, 14, 1, 0, 34, 19, 15, 16, 2, 52, 35, 46, 53, 13, 48, 11, 32, 24, 28, 4, 40, 37, 45, 20, 8, 55, 44, 29, 30, 6, 33, 54], [0, 0, 0, 0, 0, 1, 0, 0, 0, 1, 1, 1, 1, 0, 1, 0, 0, 1, 1, 0, 1, 0, 0, 0, 1, 1, 1, 1, 0, 0, 0, 0, 0, 0, 1, 0, 1, 1, 0, 1, 0, 0, 0, 0, 1, 1, 1, 1, 0, 0, 0, 0, 1, 1, 0, 0, 0, 0]]
Fitness:  24.539999999999996
Gens:  [0, 1, 2, 3, 4, 5, 6, 7, 8, 9, 10, 11, 12, 13, 14, 15, 16, 17, 18, 19, 20, 21, 22, 23, 24, 25, 26, 27, 28]
Inds:  [28.225, 24.99999999999999, 24.99999999999999, 24.945000000000007, 24.945000000000007, 24.945000000000007, 24.945000000000007, 24.945000000000007, 24.945000000000007, 24.945000000000007, 24.904999999999994, 24.904999999999994, 24.904999999999994, 24.904999999999994, 24.904999999999994, 24.90499999999999, 24.887499999999996, 24.8675, 24.772499999999994, 24.734999999999996, 24.734999999999996, 24.679999999999993, 24.679999999999993, 24.619999999999994, 24.619999999999994, 24.569999999999997, 24.569999999999997, 24.569999999999997, 24.539999999999996]

Execution 8:
Parametros: Y=0.997
Start Time (hh:mm:ss.ms) 2023-07-16 19:58:17.902956
generations	MaxGenenerations	Populationk1	Populationk	PopulationElite	PopulationMutant	fitnessElite	alpha	min    	max  	avg    	std     
0          	0               	0           	0          	0              	0               	0           	0    	28.3525	32.34	31.7678	0.565353
1          	31.2457         	997         	1000       	100            	200             	29.5488     	0.3  	24.835 	32.3025	28.1264	2.15433 
23         	27.3614         	931         	934        	206            	74              	25.8664     	0.139	24.8275	32.2   	26.1571	1.74667 
27         	27.3505         	919         	922        	223            	53              	25.6389     	0.109	24.765 	32.1925	25.9593	1.56139 
End Time (hh:mm:ss.ms) 2023-07-16 19:58:31.689859
Total Time (hh:mm:ss.ms) 0:00:13.786903
Individuo: [[9, 21, 7, 22, 17, 43, 10, 11, 51, 2, 35, 41, 50, 44, 31, 12, 18, 54, 16, 3, 26, 56, 27, 47, 38, 14, 46, 42, 1, 0, 34, 30, 33, 6, 19, 24, 13, 40, 4, 28, 45, 32, 48, 15, 5, 57, 49, 52, 20, 25, 53, 8, 39, 29, 36, 37, 55, 23], [0, 0, 1, 1, 1, 0, 0, 0, 1, 1, 0, 0, 1, 0, 0, 0, 1, 0, 0, 1, 1, 0, 0, 1, 1, 1, 0, 0, 0, 0, 0, 0, 1, 1, 0, 0, 0, 0, 0, 0, 0, 0, 0, 0, 0, 1, 1, 1, 1, 1, 1, 0, 0, 1, 1, 0, 0, 0]]
Fitness:  24.764999999999997
Gens:  [0, 1, 2, 3, 4, 5, 6, 7, 8, 9, 10, 11, 12, 13, 14, 15, 16, 17, 18, 19, 20, 21, 22, 23, 24, 25, 26, 27, 28]
Inds:  [28.352500000000006, 24.834999999999997, 24.834999999999997, 24.834999999999997, 24.834999999999997, 24.834999999999997, 24.834999999999997, 24.834999999999997, 24.834999999999997, 24.834999999999997, 24.834999999999997, 24.834999999999997, 24.834999999999997, 24.834999999999997, 24.834999999999997, 24.834999999999997, 24.834999999999997, 24.834999999999997, 24.834999999999997, 24.834999999999997, 24.834999999999997, 24.834999999999997, 24.834999999999997, 24.827499999999997, 24.827499999999997, 24.827499999999997, 24.827499999999997, 24.764999999999997, 24.764999999999997]

Execution 9:
Parametros: Y=0.997
Start Time (hh:mm:ss.ms) 2023-07-16 19:58:32.798824
generations	MaxGenenerations	Populationk1	Populationk	PopulationElite	PopulationMutant	fitnessElite	alpha	min   	max    	avg    	std     
0          	0               	0           	0          	0              	0               	0           	0    	28.595	32.3325	31.7927	0.525689
1          	31.5122         	997         	1000       	100            	200             	29.7162     	0.3  	24.89 	32.27  	28.093 	2.14319 
23         	27.4233         	931         	934        	206            	75              	25.9185     	0.139	24.8425	32.18  	26.2664	1.71619 
End Time (hh:mm:ss.ms) 2023-07-16 19:58:46.326824
Total Time (hh:mm:ss.ms) 0:00:13.528000
Individuo: [[23, 51, 53, 45, 20, 48, 4, 40, 13, 24, 15, 41, 25, 5, 54, 26, 42, 16, 18, 31, 29, 36, 43, 49, 50, 27, 9, 38, 8, 46, 22, 47, 17, 10, 21, 7, 39, 56, 12, 44, 14, 1, 2, 3, 52, 55, 35, 57, 0, 34, 6, 33, 30, 19, 32, 28, 11, 37], [1, 1, 0, 0, 1, 1, 1, 1, 1, 1, 1, 0, 1, 0, 1, 1, 0, 1, 1, 1, 1, 1, 0, 1, 0, 0, 1, 0, 1, 1, 0, 0, 0, 1, 0, 1, 0, 1, 1, 1, 0, 1, 0, 1, 0, 0, 1, 0, 0, 0, 0, 0, 1, 0, 1, 1, 1, 1]]
Fitness:  24.8425
Gens:  [0, 1, 2, 3, 4, 5, 6, 7, 8, 9, 10, 11, 12, 13, 14, 15, 16, 17, 18, 19, 20, 21, 22, 23, 24, 25, 26, 27, 28]
Inds:  [28.595, 24.890000000000004, 24.890000000000004, 24.890000000000004, 24.890000000000004, 24.890000000000004, 24.890000000000004, 24.890000000000004, 24.890000000000004, 24.890000000000004, 24.890000000000004, 24.890000000000004, 24.890000000000004, 24.890000000000004, 24.890000000000004, 24.890000000000004, 24.890000000000004, 24.890000000000004, 24.890000000000004, 24.890000000000004, 24.890000000000004, 24.890000000000004, 24.890000000000004, 24.8425, 24.8425, 24.8425, 24.8425, 24.8425, 24.8425]

Execution 10:
Parametros: Y=0.997
Start Time (hh:mm:ss.ms) 2023-07-16 19:58:47.372824
generations	MaxGenenerations	Populationk1	Populationk	PopulationElite	PopulationMutant	fitnessElite	alpha	min   	max    	avg   	std    
0          	0               	0           	0          	0              	0               	0           	0    	28.335	32.3775	31.779	0.52441
1          	31.2299         	997         	1000       	100            	200             	29.5478     	0.3  	24.745	32.295 	28.031	2.17804
2          	27.2664         	994         	997        	105            	194             	26.9546     	0.292	24.6925	32.325 	27.1828	2.36918
25         	27.2104         	925         	928        	215            	63              	25.6349     	0.123	24.69  	32.2425	25.8581	1.71983
27         	27.198          	919         	922        	224            	53              	25.5072     	0.108	24.6475	32.185 	25.6948	1.61047
End Time (hh:mm:ss.ms) 2023-07-16 19:59:00.825860
Total Time (hh:mm:ss.ms) 0:00:13.453036
Individuo: [[12, 54, 1, 2, 16, 15, 48, 18, 11, 32, 19, 33, 30, 34, 0, 57, 20, 6, 35, 23, 8, 39, 44, 36, 29, 31, 41, 25, 49, 5, 42, 50, 26, 14, 38, 46, 47, 55, 51, 56, 27, 7, 22, 17, 43, 10, 21, 9, 40, 37, 13, 28, 24, 4, 3, 52, 53, 45], [0, 0, 0, 0, 1, 1, 1, 1, 0, 0, 1, 0, 1, 1, 1, 1, 0, 0, 0, 1, 0, 0, 1, 0, 0, 0, 0, 1, 1, 1, 1, 0, 0, 0, 0, 0, 1, 1, 0, 0, 1, 1, 1, 1, 1, 0, 1, 1, 1, 1, 1, 1, 0, 1, 0, 0, 1, 0]]
Fitness:  24.647499999999994
Gens:  [0, 1, 2, 3, 4, 5, 6, 7, 8, 9, 10, 11, 12, 13, 14, 15, 16, 17, 18, 19, 20, 21, 22, 23, 24, 25, 26, 27, 28]
Inds:  [28.335000000000004, 24.744999999999994, 24.692499999999995, 24.692499999999995, 24.692499999999995, 24.692499999999995, 24.692499999999995, 24.692499999999995, 24.692499999999995, 24.692499999999995, 24.692499999999995, 24.692499999999995, 24.692499999999995, 24.692499999999995, 24.692499999999995, 24.692499999999995, 24.692499999999995, 24.692499999999995, 24.692499999999995, 24.692499999999995, 24.692499999999995, 24.692499999999995, 24.692499999999995, 24.692499999999995, 24.692499999999995, 24.689999999999987, 24.689999999999987, 24.647499999999994, 24.647499999999994]

