A-BRKGA-Heuristic:

Execution 1:
Parametros: Y=0.999
Start Time (hh:mm:ss.ms) 2023-07-16 19:51:40.386588
generations	MaxGenenerations	Populationk1	Populationk	PopulationElite	PopulationMutant	fitnessElite	alpha	min    	max    	avg    	std   
0          	0               	0           	0          	0              	0               	0           	0    	28.6425	32.3725	31.7768	0.5399
1          	29.5854         	999         	1000       	100            	200             	29.7615     	0.3  	24.905 	32.39  	28.2238	2.11334
End Time (hh:mm:ss.ms) 2023-07-16 19:51:53.987858
Total Time (hh:mm:ss.ms) 0:00:13.601270
Individuo: [[25, 0, 34, 54, 6, 33, 30, 19, 24, 13, 37, 40, 4, 48, 1, 11, 32, 15, 57, 18, 31, 39, 8, 43, 17, 27, 21, 7, 47, 38, 14, 44, 50, 26, 56, 9, 35, 52, 29, 20, 45, 23, 36, 55, 51, 3, 12, 41, 16, 2, 49, 5, 10, 42, 22, 53, 28, 46], [1, 0, 0, 1, 1, 0, 1, 0, 0, 0, 0, 0, 0, 0, 0, 0, 0, 0, 1, 1, 1, 1, 1, 0, 0, 0, 0, 1, 1, 1, 1, 0, 0, 0, 0, 1, 0, 0, 1, 0, 1, 0, 1, 1, 1, 0, 1, 1, 0, 1, 1, 1, 1, 0, 0, 0, 0, 1]]
Fitness:  24.905000000000005
Gens:  [0, 1, 2, 3, 4, 5, 6, 7, 8, 9, 10, 11, 12, 13, 14, 15, 16, 17, 18, 19, 20, 21, 22, 23, 24, 25, 26]
Inds:  [28.642499999999995, 24.905000000000005, 24.905000000000005, 24.905000000000005, 24.905000000000005, 24.905000000000005, 24.905000000000005, 24.905000000000005, 24.905000000000005, 24.905000000000005, 24.905000000000005, 24.905000000000005, 24.905000000000005, 24.905000000000005, 24.905000000000005, 24.905000000000005, 24.905000000000005, 24.905000000000005, 24.905000000000005, 24.905000000000005, 24.905000000000005, 24.905000000000005, 24.905000000000005, 24.905000000000005, 24.905000000000005, 24.905000000000005, 24.905000000000005]

Execution 2:
Parametros: Y=0.999
Start Time (hh:mm:ss.ms) 2023-07-16 19:51:55.440855
generations	MaxGenenerations	Populationk1	Populationk	PopulationElite	PopulationMutant	fitnessElite	alpha	min    	max  	avg    	std   
0          	0               	0           	0          	0              	0               	0           	0    	28.3225	32.36	31.7909	0.5262
1          	29.2545         	999         	1000       	100            	200             	29.5337     	0.3  	24.8675	32.215	28.0459	2.14005
25         	25.6814         	975         	976        	235            	59              	25.6953     	0.113	24.86  	32.2225	25.9935	1.60331
26         	25.6745         	974         	975        	240            	53              	25.6349     	0.105	24.8175	32.1375	25.9161	1.51861
End Time (hh:mm:ss.ms) 2023-07-16 19:52:08.982453
Total Time (hh:mm:ss.ms) 0:00:13.541598
Individuo: [[8, 23, 55, 43, 17, 22, 7, 10, 36, 29, 39, 9, 27, 15, 47, 38, 14, 26, 50, 57, 54, 1, 35, 44, 31, 32, 11, 24, 19, 34, 0, 18, 2, 16, 41, 12, 42, 5, 49, 25, 52, 46, 53, 37, 28, 13, 20, 3, 56, 4, 40, 21, 51, 6, 33, 30, 45, 48], [1, 0, 0, 0, 1, 1, 1, 0, 0, 0, 1, 0, 1, 1, 1, 1, 1, 1, 0, 0, 0, 0, 0, 0, 0, 1, 1, 1, 0, 0, 1, 0, 0, 1, 0, 0, 1, 0, 0, 0, 1, 1, 0, 0, 0, 0, 1, 1, 0, 0, 0, 1, 0, 1, 1, 1, 0, 1]]
Fitness:  24.817500000000003
Gens:  [0, 1, 2, 3, 4, 5, 6, 7, 8, 9, 10, 11, 12, 13, 14, 15, 16, 17, 18, 19, 20, 21, 22, 23, 24, 25, 26]
Inds:  [28.32249999999999, 24.867500000000003, 24.867500000000003, 24.867500000000003, 24.867500000000003, 24.867500000000003, 24.867500000000003, 24.867500000000003, 24.867500000000003, 24.867500000000003, 24.867500000000003, 24.867500000000003, 24.867500000000003, 24.867500000000003, 24.867500000000003, 24.867500000000003, 24.867500000000003, 24.867500000000003, 24.867500000000003, 24.867500000000003, 24.867500000000003, 24.867500000000003, 24.867500000000003, 24.867500000000003, 24.867500000000003, 24.860000000000003, 24.817500000000003]

Execution 3:
Parametros: Y=0.999
Start Time (hh:mm:ss.ms) 2023-07-16 19:52:10.102408
generations	MaxGenenerations	Populationk1	Populationk	PopulationElite	PopulationMutant	fitnessElite	alpha	min  	max    	avg    	std     
0          	0               	0           	0          	0              	0               	0           	0    	28.65	32.3775	31.7433	0.578143
1          	29.5933         	999         	1000       	100            	200             	29.7682     	0.3  	24.895	32.3175	28.1332	2.11344 
End Time (hh:mm:ss.ms) 2023-07-16 19:52:23.221409
Total Time (hh:mm:ss.ms) 0:00:13.119001
Individuo: [[9, 16, 2, 1, 14, 38, 47, 22, 17, 36, 29, 23, 39, 31, 15, 32, 11, 20, 45, 13, 18, 19, 34, 0, 8, 57, 35, 21, 55, 10, 54, 51, 26, 50, 41, 42, 5, 49, 25, 12, 3, 7, 27, 43, 56, 44, 33, 6, 40, 28, 52, 24, 46, 53, 37, 4, 30, 48], [0, 0, 1, 1, 0, 0, 0, 1, 1, 0, 0, 1, 0, 0, 1, 1, 1, 0, 1, 1, 0, 1, 1, 1, 1, 0, 0, 1, 1, 1, 0, 0, 1, 1, 1, 0, 0, 0, 0, 0, 1, 1, 0, 1, 1, 1, 1, 1, 1, 0, 0, 1, 1, 1, 1, 0, 0, 0]]
Fitness:  24.895000000000003
Gens:  [0, 1, 2, 3, 4, 5, 6, 7, 8, 9, 10, 11, 12, 13, 14, 15, 16, 17, 18, 19, 20, 21, 22, 23, 24, 25, 26]
Inds:  [28.649999999999995, 24.895000000000003, 24.895000000000003, 24.895000000000003, 24.895000000000003, 24.895000000000003, 24.895000000000003, 24.895000000000003, 24.895000000000003, 24.895000000000003, 24.895000000000003, 24.895000000000003, 24.895000000000003, 24.895000000000003, 24.895000000000003, 24.895000000000003, 24.895000000000003, 24.895000000000003, 24.895000000000003, 24.895000000000003, 24.895000000000003, 24.895000000000003, 24.895000000000003, 24.895000000000003, 24.895000000000003, 24.895000000000003, 24.895000000000003]

Execution 4:
Parametros: Y=0.999
Start Time (hh:mm:ss.ms) 2023-07-16 19:52:24.343408
generations	MaxGenenerations	Populationk1	Populationk	PopulationElite	PopulationMutant	fitnessElite	alpha	min   	max    	avg    	std     
0          	0               	0           	0          	0              	0               	0           	0    	28.695	32.3675	31.7865	0.528089
1          	29.6395         	999         	1000       	100            	200             	29.7968     	0.3  	24.62 	32.29  	28.1639	2.14209 
24         	25.4264         	976         	977        	231            	63              	25.5242     	0.119	24.61 	32.205 	25.9493	1.61746 
End Time (hh:mm:ss.ms) 2023-07-16 19:52:38.006234
Total Time (hh:mm:ss.ms) 0:00:13.662826
Individuo: [[44, 9, 21, 7, 22, 17, 43, 53, 36, 52, 8, 39, 31, 18, 57, 16, 3, 25, 0, 34, 19, 15, 41, 49, 5, 54, 1, 29, 12, 55, 23, 10, 51, 2, 6, 30, 33, 46, 47, 27, 35, 56, 42, 50, 26, 14, 38, 40, 11, 32, 24, 28, 4, 37, 13, 48, 20, 45], [1, 0, 0, 1, 1, 1, 1, 0, 0, 1, 0, 0, 0, 0, 0, 1, 0, 1, 0, 0, 0, 0, 0, 1, 0, 0, 0, 0, 0, 0, 1, 0, 1, 1, 1, 0, 1, 0, 0, 0, 0, 1, 1, 0, 0, 0, 0, 1, 0, 0, 0, 1, 1, 1, 1, 0, 0, 1]]
Fitness:  24.609999999999996
Gens:  [0, 1, 2, 3, 4, 5, 6, 7, 8, 9, 10, 11, 12, 13, 14, 15, 16, 17, 18, 19, 20, 21, 22, 23, 24, 25, 26]
Inds:  [28.695000000000004, 24.619999999999997, 24.619999999999997, 24.619999999999997, 24.619999999999997, 24.619999999999997, 24.619999999999997, 24.619999999999997, 24.619999999999997, 24.619999999999997, 24.619999999999997, 24.619999999999997, 24.619999999999997, 24.619999999999997, 24.619999999999997, 24.619999999999997, 24.619999999999997, 24.619999999999997, 24.619999999999997, 24.619999999999997, 24.619999999999997, 24.619999999999997, 24.619999999999997, 24.619999999999997, 24.609999999999996, 24.609999999999996, 24.609999999999996]

Execution 5:
Parametros: Y=0.999
Start Time (hh:mm:ss.ms) 2023-07-16 19:52:39.120233
generations	MaxGenenerations	Populationk1	Populationk	PopulationElite	PopulationMutant	fitnessElite	alpha	min   	max  	avg    	std     
0          	0               	0           	0          	0              	0               	0           	0    	27.865	32.35	31.7635	0.582151
1          	28.7816         	999         	1000       	100            	200             	29.2105     	0.3  	24.695	32.3075	27.8091	2.22929 
7          	25.5049         	993         	994        	135            	164             	26.6067     	0.252	24.6575	32.32  	26.7116	2.38392 
10         	25.4667         	990         	991        	152            	146             	26.4038     	0.229	24.5125	32.41  	26.5012	2.28507 
15         	25.3171         	985         	986        	181            	116             	25.9842     	0.189	24.4725	32.2425	26.1734	2.18626 
18         	25.2744         	982         	983        	198            	98              	25.7554     	0.165	24.4625	32.27  	25.9569	2.08098 
19         	25.2652         	981         	982        	203            	92              	25.6923     	0.157	24.4275	32.16  	25.8907	2.04327 
20         	25.2263         	980         	981        	209            	86              	25.5825     	0.149	24.3   	32.315 	25.8323	2.00648 
26         	25.0968         	974         	975        	243            	50              	25.1009     	0.100	24.2725	32.245 	25.3024	1.64026 
End Time (hh:mm:ss.ms) 2023-07-16 19:52:52.057254
Total Time (hh:mm:ss.ms) 0:00:12.937021
Individuo: [[8, 46, 47, 7, 15, 3, 12, 41, 19, 6, 33, 30, 34, 0, 25, 53, 23, 35, 1, 14, 38, 48, 24, 32, 11, 20, 45, 37, 40, 4, 28, 13, 52, 57, 49, 5, 51, 42, 56, 27, 22, 17, 43, 10, 21, 9, 39, 31, 18, 16, 2, 44, 55, 36, 29, 54, 50, 26], [0, 1, 0, 0, 1, 0, 1, 1, 1, 0, 0, 1, 1, 1, 0, 1, 0, 1, 1, 0, 0, 1, 1, 1, 1, 0, 1, 1, 0, 0, 0, 0, 0, 1, 1, 1, 1, 1, 0, 1, 1, 1, 1, 1, 1, 1, 0, 0, 0, 0, 1, 0, 0, 0, 0, 0, 1, 0]]
Fitness:  24.272500000000004
Gens:  [0, 1, 2, 3, 4, 5, 6, 7, 8, 9, 10, 11, 12, 13, 14, 15, 16, 17, 18, 19, 20, 21, 22, 23, 24, 25, 26]
Inds:  [27.865000000000002, 24.695, 24.695, 24.695, 24.695, 24.695, 24.695, 24.657499999999995, 24.657499999999995, 24.657499999999995, 24.512500000000003, 24.512500000000003, 24.512500000000003, 24.512500000000003, 24.512500000000003, 24.472500000000004, 24.472500000000004, 24.472500000000004, 24.462500000000006, 24.427500000000006, 24.300000000000008, 24.300000000000008, 24.300000000000008, 24.300000000000008, 24.300000000000008, 24.300000000000008, 24.272500000000004]

Execution 6:
Parametros: Y=0.999
Start Time (hh:mm:ss.ms) 2023-07-16 19:52:53.144246
generations	MaxGenenerations	Populationk1	Populationk	PopulationElite	PopulationMutant	fitnessElite	alpha	min 	max    	avg    	std     
0          	0               	0           	0          	0              	0               	0           	0    	28.6	32.3475	31.7844	0.532691
1          	29.5407         	999         	1000       	100            	200             	29.7242     	0.3  	24.765	32.3025	28.0762	2.13942 
2          	25.5784         	998         	999        	106            	194             	26.9673     	0.292	24.745	32.33  	27.1147	2.34329 
End Time (hh:mm:ss.ms) 2023-07-16 19:53:07.420246
Total Time (hh:mm:ss.ms) 0:00:14.276000
Individuo: [[25, 49, 5, 50, 26, 41, 36, 29, 18, 42, 3, 2, 35, 44, 31, 21, 51, 16, 15, 19, 6, 33, 30, 0, 34, 57, 1, 14, 38, 56, 47, 27, 9, 39, 28, 55, 23, 8, 22, 17, 7, 43, 12, 10, 11, 48, 13, 37, 40, 4, 24, 32, 52, 54, 46, 53, 45, 20], [1, 1, 0, 0, 0, 0, 1, 1, 0, 0, 1, 1, 0, 0, 0, 1, 1, 1, 1, 1, 0, 0, 1, 1, 1, 0, 1, 0, 0, 0, 0, 0, 1, 0, 0, 0, 1, 0, 1, 1, 1, 1, 0, 1, 1, 0, 0, 0, 0, 0, 1, 0, 1, 0, 1, 0, 0, 1]]
Fitness:  24.744999999999997
Gens:  [0, 1, 2, 3, 4, 5, 6, 7, 8, 9, 10, 11, 12, 13, 14, 15, 16, 17, 18, 19, 20, 21, 22, 23, 24, 25, 26]
Inds:  [28.599999999999998, 24.765000000000004, 24.744999999999997, 24.744999999999997, 24.744999999999997, 24.744999999999997, 24.744999999999997, 24.744999999999997, 24.744999999999997, 24.744999999999997, 24.744999999999997, 24.744999999999997, 24.744999999999997, 24.744999999999997, 24.744999999999997, 24.744999999999997, 24.744999999999997, 24.744999999999997, 24.744999999999997, 24.744999999999997, 24.744999999999997, 24.744999999999997, 24.744999999999997, 24.744999999999997, 24.744999999999997, 24.744999999999997, 24.744999999999997]

Execution 7:
Parametros: Y=0.999
Start Time (hh:mm:ss.ms) 2023-07-16 19:53:08.565244
generations	MaxGenenerations	Populationk1	Populationk	PopulationElite	PopulationMutant	fitnessElite	alpha	min   	max    	avg    	std     
0          	0               	0           	0          	0              	0               	0           	0    	27.625	32.3525	31.7447	0.590456
1          	28.5338         	999         	1000       	100            	200             	29.0432     	0.3  	24.9075	32.755 	27.8862	2.21061 
2          	25.7373         	998         	999        	106            	194             	27.2008     	0.292	24.875 	32.2425	27.0839	2.4152  
19         	25.6907         	981         	982        	202            	94              	26.0541     	0.159	24.8625	32.21  	26.1872	1.92016 
20         	25.6768         	980         	981        	207            	88              	25.9794     	0.152	24.735 	32.21  	26.087 	1.87807 
21         	25.5451         	979         	980        	213            	81              	25.807      	0.143	24.6925	32.285 	26.0226	1.83805 
22         	25.5031         	978         	979        	219            	75              	25.7199     	0.135	24.6875	32.3275	25.9614	1.79539 
25         	25.4971         	975         	976        	236            	58              	25.5326     	0.111	24.62  	32.195 	25.7163	1.62684 
End Time (hh:mm:ss.ms) 2023-07-16 19:53:22.241273
Total Time (hh:mm:ss.ms) 0:00:13.676029
Individuo: [[12, 42, 5, 49, 25, 16, 2, 35, 44, 31, 18, 15, 32, 24, 48, 20, 45, 40, 4, 28, 13, 37, 41, 8, 39, 29, 36, 10, 53, 21, 51, 9, 50, 3, 27, 47, 46, 52, 56, 55, 43, 17, 22, 7, 38, 14, 1, 57, 0, 34, 19, 6, 11, 23, 30, 33, 54, 26], [0, 1, 0, 0, 0, 0, 1, 0, 0, 0, 0, 1, 1, 0, 0, 0, 1, 0, 0, 0, 0, 0, 1, 0, 0, 1, 1, 1, 1, 1, 0, 1, 0, 1, 1, 1, 1, 1, 1, 1, 0, 0, 0, 0, 1, 1, 1, 1, 0, 0, 0, 1, 1, 0, 0, 1, 0, 0]]
Fitness:  24.619999999999997
Gens:  [0, 1, 2, 3, 4, 5, 6, 7, 8, 9, 10, 11, 12, 13, 14, 15, 16, 17, 18, 19, 20, 21, 22, 23, 24, 25, 26]
Inds:  [27.624999999999996, 24.907500000000006, 24.875, 24.875, 24.875, 24.875, 24.875, 24.875, 24.875, 24.875, 24.875, 24.875, 24.875, 24.875, 24.875, 24.875, 24.875, 24.875, 24.875, 24.862499999999994, 24.73499999999999, 24.692499999999995, 24.687499999999993, 24.687499999999993, 24.687499999999993, 24.619999999999997, 24.619999999999997]

Execution 8:
Parametros: Y=0.999
Start Time (hh:mm:ss.ms) 2023-07-16 19:53:23.405243
generations	MaxGenenerations	Populationk1	Populationk	PopulationElite	PopulationMutant	fitnessElite	alpha	min    	max 	avg    	std     
0          	0               	0           	0          	0              	0               	0           	0    	28.7225	32.3	31.7641	0.550074
1          	29.6659         	999         	1000       	100            	200             	29.7957     	0.3  	24.8075	32.245	28.2264	2.10302 
End Time (hh:mm:ss.ms) 2023-07-16 19:53:37.320273
Total Time (hh:mm:ss.ms) 0:00:13.915030
Individuo: [[57, 25, 49, 5, 42, 12, 41, 18, 31, 35, 2, 16, 15, 24, 48, 20, 45, 40, 53, 8, 9, 27, 7, 10, 52, 55, 23, 38, 46, 1, 14, 0, 34, 19, 11, 44, 47, 22, 17, 43, 36, 29, 39, 13, 28, 4, 37, 51, 3, 32, 56, 21, 54, 50, 26, 33, 6, 30], [1, 1, 1, 1, 0, 1, 1, 1, 1, 1, 0, 1, 1, 0, 0, 0, 1, 1, 1, 0, 0, 1, 0, 0, 1, 0, 1, 1, 1, 0, 1, 0, 0, 0, 1, 0, 0, 1, 1, 1, 0, 1, 1, 1, 1, 1, 1, 0, 1, 1, 1, 1, 0, 0, 0, 0, 0, 0]]
Fitness:  24.807499999999997
Gens:  [0, 1, 2, 3, 4, 5, 6, 7, 8, 9, 10, 11, 12, 13, 14, 15, 16, 17, 18, 19, 20, 21, 22, 23, 24, 25, 26]
Inds:  [28.722499999999997, 24.807499999999997, 24.807499999999997, 24.807499999999997, 24.807499999999997, 24.807499999999997, 24.807499999999997, 24.807499999999997, 24.807499999999997, 24.807499999999997, 24.807499999999997, 24.807499999999997, 24.807499999999997, 24.807499999999997, 24.807499999999997, 24.807499999999997, 24.807499999999997, 24.807499999999997, 24.807499999999997, 24.807499999999997, 24.807499999999997, 24.807499999999997, 24.807499999999997, 24.807499999999997, 24.807499999999997, 24.807499999999997, 24.807499999999997]

Execution 9:
Parametros: Y=0.999
Start Time (hh:mm:ss.ms) 2023-07-16 19:53:38.562245
generations	MaxGenenerations	Populationk1	Populationk	PopulationElite	PopulationMutant	fitnessElite	alpha	min    	max   	avg    	std     
0          	0               	0           	0          	0              	0               	0           	0    	29.0275	32.315	31.7943	0.513445
1          	29.9813         	999         	1000       	100            	200             	30.0138     	0.3  	24.745 	32.36 	28.2789	2.0957  
21         	25.5591         	979         	980        	213            	81              	25.837      	0.143	24.7175	32.26  	25.9788	1.81936 
22         	25.5283         	978         	979        	219            	75              	25.7393     	0.135	24.655 	32.2825	25.8723	1.77042 
24         	25.4637         	976         	977        	230            	63              	25.5627     	0.119	24.62  	32.2425	25.6836	1.69089 
25         	25.4272         	975         	976        	236            	57              	25.4678     	0.111	24.595 	32.1825	25.6287	1.62627 
End Time (hh:mm:ss.ms) 2023-07-16 19:53:51.958441
Total Time (hh:mm:ss.ms) 0:00:13.396196
Individuo: [[42, 50, 26, 14, 38, 47, 27, 22, 17, 43, 10, 28, 2, 51, 55, 36, 23, 52, 29, 39, 9, 21, 7, 35, 3, 16, 41, 12, 25, 0, 34, 30, 33, 6, 19, 15, 18, 31, 44, 53, 37, 40, 4, 11, 32, 56, 24, 13, 48, 45, 20, 46, 8, 57, 49, 5, 54, 1], [1, 0, 0, 0, 0, 0, 0, 0, 1, 0, 1, 0, 1, 1, 1, 0, 1, 0, 0, 1, 0, 0, 1, 0, 0, 1, 0, 0, 1, 0, 0, 0, 1, 1, 0, 0, 1, 1, 1, 0, 1, 0, 0, 0, 0, 1, 0, 1, 0, 1, 1, 0, 0, 0, 1, 0, 0, 0]]
Fitness:  24.594999999999995
Gens:  [0, 1, 2, 3, 4, 5, 6, 7, 8, 9, 10, 11, 12, 13, 14, 15, 16, 17, 18, 19, 20, 21, 22, 23, 24, 25, 26]
Inds:  [29.027500000000007, 24.744999999999997, 24.744999999999997, 24.744999999999997, 24.744999999999997, 24.744999999999997, 24.744999999999997, 24.744999999999997, 24.744999999999997, 24.744999999999997, 24.744999999999997, 24.744999999999997, 24.744999999999997, 24.744999999999997, 24.744999999999997, 24.744999999999997, 24.744999999999997, 24.744999999999997, 24.744999999999997, 24.744999999999997, 24.744999999999997, 24.717499999999998, 24.655, 24.655, 24.62, 24.594999999999995, 24.594999999999995]

Execution 10:
Parametros: Y=0.999
Start Time (hh:mm:ss.ms) 2023-07-16 19:53:53.060442
generations	MaxGenenerations	Populationk1	Populationk	PopulationElite	PopulationMutant	fitnessElite	alpha	min   	max    	avg    	std     
0          	0               	0           	0          	0              	0               	0           	0    	28.235	32.3875	31.7739	0.536201
1          	29.1649         	999         	1000       	100            	200             	29.4807     	0.3  	24.7775	32.26  	28.1752	2.14188 
End Time (hh:mm:ss.ms) 2023-07-16 19:54:06.370249
Total Time (hh:mm:ss.ms) 0:00:13.309807
Individuo: [[41, 12, 42, 5, 49, 40, 57, 35, 48, 53, 37, 4, 28, 11, 32, 19, 6, 30, 33, 25, 16, 34, 0, 9, 15, 24, 13, 45, 52, 46, 8, 39, 2, 31, 18, 1, 56, 54, 50, 26, 14, 38, 47, 22, 17, 43, 10, 7, 27, 55, 36, 29, 44, 20, 51, 23, 3, 21], [1, 0, 1, 0, 0, 0, 0, 0, 0, 0, 0, 0, 0, 0, 0, 1, 1, 0, 1, 0, 0, 1, 1, 1, 1, 0, 0, 1, 1, 0, 0, 0, 1, 0, 1, 1, 0, 1, 0, 0, 0, 0, 0, 0, 1, 1, 1, 1, 0, 0, 1, 0, 1, 1, 1, 0, 1, 0]]
Fitness:  24.777500000000003
Gens:  [0, 1, 2, 3, 4, 5, 6, 7, 8, 9, 10, 11, 12, 13, 14, 15, 16, 17, 18, 19, 20, 21, 22, 23, 24, 25, 26]
Inds:  [28.234999999999992, 24.777500000000003, 24.777500000000003, 24.777500000000003, 24.777500000000003, 24.777500000000003, 24.777500000000003, 24.777500000000003, 24.777500000000003, 24.777500000000003, 24.777500000000003, 24.777500000000003, 24.777500000000003, 24.777500000000003, 24.777500000000003, 24.777500000000003, 24.777500000000003, 24.777500000000003, 24.777500000000003, 24.777500000000003, 24.777500000000003, 24.777500000000003, 24.777500000000003, 24.777500000000003, 24.777500000000003, 24.777500000000003, 24.777500000000003]

