A-BRKGA-Heuristic:

Execution 1:
Parametros: Y=0.999
Start Time (hh:mm:ss.ms) 2023-07-16 20:00:15.032824
generations	MaxGenenerations	Populationk1	Populationk	PopulationElite	PopulationMutant	fitnessElite	alpha	min   	max 	avg    	std    
0          	0               	0           	0          	0              	0               	0           	0    	73.375	83.5	81.4586	1.42997
1          	79.7682         	999         	1000       	100            	200             	76.4125     	0.3  	70.875	86.125	76.4353	3.51272
6          	77.0697         	994         	995        	110            	190             	74.5704     	0.287	70.625	84.625	75.042 	3.65965
10         	76.7978         	990         	991        	117            	181             	74.2549     	0.276	70.375	83.5  	74.8289	3.83638
17         	76.5068         	983         	984        	130            	166             	73.7635     	0.258	70.25 	83.375	74.2969	3.91851
26         	76.3614         	974         	975        	146            	147             	73.3281     	0.234	69.75 	83.5  	73.9121	3.99107
35         	75.8179         	965         	966        	162            	129             	72.6155     	0.210	69.625	83.375	73.2539	3.92863
End Time (hh:mm:ss.ms) 2023-07-16 20:00:26.237851
Total Time (hh:mm:ss.ms) 0:00:11.205027
Individuo: [[11, 2, 6, 14, 0, 7, 13, 1, 10, 12, 9, 18, 4, 17, 3, 16, 8, 5, 15], [0, 0, 0, 0, 1, 0, 1, 0, 0, 0, 0, 0, 0, 1, 0, 0, 1, 1, 0]]
Fitness:  69.625
Gens:  [0, 1, 2, 3, 4, 5, 6, 7, 8, 9, 10, 11, 12, 13, 14, 15, 16, 17, 18, 19, 20, 21, 22, 23, 24, 25, 26, 27, 28, 29, 30, 31, 32, 33, 34, 35, 36, 37, 38, 39, 40, 41, 42, 43, 44, 45, 46, 47, 48, 49, 50, 51, 52, 53, 54, 55, 56, 57, 58, 59, 60, 61, 62, 63, 64, 65, 66, 67, 68, 69, 70, 71, 72, 73, 74, 75, 76]
Inds:  [73.375, 70.875, 70.875, 70.875, 70.875, 70.875, 70.625, 70.625, 70.625, 70.625, 70.375, 70.375, 70.375, 70.375, 70.375, 70.375, 70.375, 70.25, 70.25, 70.25, 70.25, 70.25, 70.25, 70.25, 70.25, 70.25, 69.75, 69.75, 69.75, 69.75, 69.75, 69.75, 69.75, 69.75, 69.75, 69.625, 69.625, 69.625, 69.625, 69.625, 69.625, 69.625, 69.625, 69.625, 69.625, 69.625, 69.625, 69.625, 69.625, 69.625, 69.625, 69.625, 69.625, 69.625, 69.625, 69.625, 69.625, 69.625, 69.625, 69.625, 69.625, 69.625, 69.625, 69.625, 69.625, 69.625, 69.625, 69.625, 69.625, 69.625, 69.625, 69.625, 69.625, 69.625, 69.625, 69.625, 69.625]

Execution 2:
Parametros: Y=0.999
Start Time (hh:mm:ss.ms) 2023-07-16 20:00:27.022825
generations	MaxGenenerations	Populationk1	Populationk	PopulationElite	PopulationMutant	fitnessElite	alpha	min   	max 	avg    	std    
0          	0               	0           	0          	0              	0               	0           	0    	71.875	83.5	81.3805	1.61588
1          	78.1375         	999         	1000       	100            	200             	75.3625     	0.3  	70.875	85.5	76.077 	3.47771
12         	77.0311         	988         	989        	120            	177             	74.2341     	0.271	70.75 	83.5  	74.8641	3.72505
15         	76.9145         	985         	986        	126            	171             	74.1108     	0.263	70.625	83.625	74.5589	3.69511
24         	76.769          	976         	977        	142            	152             	73.686      	0.240	70.5  	83.375	74.2074	3.67938
27         	76.6331         	973         	974        	147            	146             	73.4889     	0.232	70.375	83.375	74.2183	3.69088
33         	76.4686         	967         	968        	158            	133             	73.1059     	0.216	70.25 	83.5  	73.8972	3.65065
End Time (hh:mm:ss.ms) 2023-07-16 20:00:38.376826
Total Time (hh:mm:ss.ms) 0:00:11.354001
Individuo: [[4, 13, 9, 12, 10, 1, 18, 3, 7, 8, 16, 0, 14, 17, 6, 2, 11, 15, 5], [1, 1, 1, 1, 1, 1, 1, 1, 0, 0, 0, 0, 1, 0, 0, 1, 1, 1, 0]]
Fitness:  70.25
Gens:  [0, 1, 2, 3, 4, 5, 6, 7, 8, 9, 10, 11, 12, 13, 14, 15, 16, 17, 18, 19, 20, 21, 22, 23, 24, 25, 26, 27, 28, 29, 30, 31, 32, 33, 34, 35, 36, 37, 38, 39, 40, 41, 42, 43, 44, 45, 46, 47, 48, 49, 50, 51, 52, 53, 54, 55, 56, 57, 58, 59, 60, 61, 62, 63, 64, 65, 66, 67, 68, 69, 70, 71, 72, 73, 74, 75, 76, 77]
Inds:  [71.875, 70.875, 70.875, 70.875, 70.875, 70.875, 70.875, 70.875, 70.875, 70.875, 70.875, 70.875, 70.75, 70.75, 70.75, 70.625, 70.625, 70.625, 70.625, 70.625, 70.625, 70.625, 70.625, 70.625, 70.5, 70.5, 70.5, 70.375, 70.375, 70.375, 70.375, 70.375, 70.375, 70.25, 70.25, 70.25, 70.25, 70.25, 70.25, 70.25, 70.25, 70.25, 70.25, 70.25, 70.25, 70.25, 70.25, 70.25, 70.25, 70.25, 70.25, 70.25, 70.25, 70.25, 70.25, 70.25, 70.25, 70.25, 70.25, 70.25, 70.25, 70.25, 70.25, 70.25, 70.25, 70.25, 70.25, 70.25, 70.25, 70.25, 70.25, 70.25, 70.25, 70.25, 70.25, 70.25, 70.25, 70.25]

Execution 3:
Parametros: Y=0.999
Start Time (hh:mm:ss.ms) 2023-07-16 20:00:39.150862
generations	MaxGenenerations	Populationk1	Populationk	PopulationElite	PopulationMutant	fitnessElite	alpha	min  	max   	avg    	std    
0          	0               	0           	0          	0              	0               	0           	0    	71.75	83.625	81.4133	1.42093
1          	78.0114         	999         	1000       	100            	200             	75.3125     	0.3  	71   	84.875	76.0719	3.50648
7          	77.2056         	993         	994        	111            	188             	74.6268     	0.284	70.625	83.5  	74.9744	3.62762
23         	76.8651         	977         	978        	140            	154             	74.0236     	0.242	70.375	83.625	74.3177	3.69841
25         	76.5068         	975         	976        	144            	150             	73.489      	0.237	70.125	83.625	73.9131	3.67516
34         	76.2446         	966         	967        	160            	131             	73.0064     	0.213	70    	83.375	73.2589	3.60836
58         	76.0706         	942         	943        	201            	83              	71.9706     	0.150	69.75 	82.875	72.1419	3.35411
End Time (hh:mm:ss.ms) 2023-07-16 20:00:50.494923
Total Time (hh:mm:ss.ms) 0:00:11.344061
Individuo: [[15, 3, 9, 17, 8, 7, 4, 5, 6, 18, 12, 10, 1, 13, 16, 0, 14, 2, 11], [1, 0, 0, 0, 0, 0, 0, 0, 0, 1, 1, 1, 1, 0, 0, 0, 1, 1, 1]]
Fitness:  69.75
Gens:  [0, 1, 2, 3, 4, 5, 6, 7, 8, 9, 10, 11, 12, 13, 14, 15, 16, 17, 18, 19, 20, 21, 22, 23, 24, 25, 26, 27, 28, 29, 30, 31, 32, 33, 34, 35, 36, 37, 38, 39, 40, 41, 42, 43, 44, 45, 46, 47, 48, 49, 50, 51, 52, 53, 54, 55, 56, 57, 58, 59, 60, 61, 62, 63, 64, 65, 66, 67, 68, 69, 70, 71, 72, 73, 74, 75, 76]
Inds:  [71.75, 71.0, 71.0, 71.0, 71.0, 71.0, 71.0, 70.625, 70.625, 70.625, 70.625, 70.625, 70.625, 70.625, 70.625, 70.625, 70.625, 70.625, 70.625, 70.625, 70.625, 70.625, 70.625, 70.375, 70.375, 70.125, 70.125, 70.125, 70.125, 70.125, 70.125, 70.125, 70.125, 70.125, 70.0, 70.0, 70.0, 70.0, 70.0, 70.0, 70.0, 70.0, 70.0, 70.0, 70.0, 70.0, 70.0, 70.0, 70.0, 70.0, 70.0, 70.0, 70.0, 70.0, 70.0, 70.0, 70.0, 70.0, 69.75, 69.75, 69.75, 69.75, 69.75, 69.75, 69.75, 69.75, 69.75, 69.75, 69.75, 69.75, 69.75, 69.75, 69.75, 69.75, 69.75, 69.75, 69.75]

Execution 4:
Parametros: Y=0.999
Start Time (hh:mm:ss.ms) 2023-07-16 20:00:51.334924
generations	MaxGenenerations	Populationk1	Populationk	PopulationElite	PopulationMutant	fitnessElite	alpha	min 	max   	avg    	std    
0          	0               	0           	0          	0              	0               	0           	0    	70.5	84.125	81.4846	1.47051
26         	76.6331         	974         	975        	146            	148             	73.5225     	0.234	70.375	83    	73.8507	3.82453
30         	76.6217         	970         	971        	153            	139             	73.6554     	0.224	70.25 	83.375	73.784 	3.8645 
End Time (hh:mm:ss.ms) 2023-07-16 20:01:02.796921
Total Time (hh:mm:ss.ms) 0:00:11.461997
Individuo: [[8, 9, 3, 0, 7, 17, 14, 2, 11, 15, 5, 16, 6, 18, 12, 10, 1, 13, 4], [0, 1, 1, 1, 0, 1, 1, 1, 1, 1, 0, 1, 1, 1, 1, 1, 1, 0, 0]]
Fitness:  70.25
Gens:  [0, 1, 2, 3, 4, 5, 6, 7, 8, 9, 10, 11, 12, 13, 14, 15, 16, 17, 18, 19, 20, 21, 22, 23, 24, 25, 26, 27, 28, 29, 30, 31, 32, 33, 34, 35, 36, 37, 38, 39, 40, 41, 42, 43, 44, 45, 46, 47, 48, 49, 50, 51, 52, 53, 54, 55, 56, 57, 58, 59, 60, 61, 62, 63, 64, 65, 66, 67, 68, 69, 70, 71, 72, 73, 74, 75, 76, 77]
Inds:  [70.5, 70.5, 70.5, 70.5, 70.5, 70.5, 70.5, 70.5, 70.5, 70.5, 70.5, 70.5, 70.5, 70.5, 70.5, 70.5, 70.5, 70.5, 70.5, 70.5, 70.5, 70.5, 70.5, 70.5, 70.5, 70.5, 70.375, 70.375, 70.375, 70.375, 70.25, 70.25, 70.25, 70.25, 70.25, 70.25, 70.25, 70.25, 70.25, 70.25, 70.25, 70.25, 70.25, 70.25, 70.25, 70.25, 70.25, 70.25, 70.25, 70.25, 70.25, 70.25, 70.25, 70.25, 70.25, 70.25, 70.25, 70.25, 70.25, 70.25, 70.25, 70.25, 70.25, 70.25, 70.25, 70.25, 70.25, 70.25, 70.25, 70.25, 70.25, 70.25, 70.25, 70.25, 70.25, 70.25, 70.25, 70.25]

Execution 5:
Parametros: Y=0.999
Start Time (hh:mm:ss.ms) 2023-07-16 20:01:03.537949
generations	MaxGenenerations	Populationk1	Populationk	PopulationElite	PopulationMutant	fitnessElite	alpha	min   	max  	avg   	std    
0          	0               	0           	0          	0              	0               	0           	0    	71.375	83.75	81.407	1.50811
1          	77.6134         	999         	1000       	100            	200             	75.0875     	0.3  	71    	86.125	76.2237	3.56347
2          	77.3893         	998         	999        	102            	198             	75.4984     	0.297	70.375	83.5  	75.4056	3.58784
25         	76.5642         	975         	976        	144            	150             	73.6676     	0.237	70.25 	83.5  	74.0146	3.83362
34         	76.4761         	966         	967        	160            	131             	73.3753     	0.213	70.125	83.625	73.5355	3.73831
End Time (hh:mm:ss.ms) 2023-07-16 20:01:15.011038
Total Time (hh:mm:ss.ms) 0:00:11.473089
Individuo: [[4, 13, 1, 10, 12, 9, 18, 3, 0, 7, 17, 16, 6, 5, 15, 11, 2, 14, 8], [1, 1, 0, 0, 0, 0, 1, 1, 1, 0, 0, 1, 1, 1, 0, 0, 0, 0, 1]]
Fitness:  70.125
Gens:  [0, 1, 2, 3, 4, 5, 6, 7, 8, 9, 10, 11, 12, 13, 14, 15, 16, 17, 18, 19, 20, 21, 22, 23, 24, 25, 26, 27, 28, 29, 30, 31, 32, 33, 34, 35, 36, 37, 38, 39, 40, 41, 42, 43, 44, 45, 46, 47, 48, 49, 50, 51, 52, 53, 54, 55, 56, 57, 58, 59, 60, 61, 62, 63, 64, 65, 66, 67, 68, 69, 70, 71, 72, 73, 74, 75, 76, 77]
Inds:  [71.375, 71.0, 70.375, 70.375, 70.375, 70.375, 70.375, 70.375, 70.375, 70.375, 70.375, 70.375, 70.375, 70.375, 70.375, 70.375, 70.375, 70.375, 70.375, 70.375, 70.375, 70.375, 70.375, 70.375, 70.375, 70.25, 70.25, 70.25, 70.25, 70.25, 70.25, 70.25, 70.25, 70.25, 70.125, 70.125, 70.125, 70.125, 70.125, 70.125, 70.125, 70.125, 70.125, 70.125, 70.125, 70.125, 70.125, 70.125, 70.125, 70.125, 70.125, 70.125, 70.125, 70.125, 70.125, 70.125, 70.125, 70.125, 70.125, 70.125, 70.125, 70.125, 70.125, 70.125, 70.125, 70.125, 70.125, 70.125, 70.125, 70.125, 70.125, 70.125, 70.125, 70.125, 70.125, 70.125, 70.125, 70.125]

Execution 6:
Parametros: Y=0.999
Start Time (hh:mm:ss.ms) 2023-07-16 20:01:15.746046
generations	MaxGenenerations	Populationk1	Populationk	PopulationElite	PopulationMutant	fitnessElite	alpha	min 	max 	avg    	std    
0          	0               	0           	0          	0              	0               	0           	0    	70.5	83.5	81.3955	1.53358
11         	76.6331         	989         	990        	119            	179             	74.0265     	0.273	70.375	83.375	74.4982	3.63585
17         	76.5164         	983         	984        	130            	166             	73.7959     	0.258	70.25 	83.5  	74.1227	3.73273
20         	76.3709         	980         	981        	135            	160             	73.5657     	0.250	70.125	83.375	73.9453	3.83299
25         	76.216          	975         	976        	144            	149             	73.2359     	0.237	70    	83.5  	73.6038	3.83735
End Time (hh:mm:ss.ms) 2023-07-16 20:01:26.971030
Total Time (hh:mm:ss.ms) 0:00:11.224984
Individuo: [[5, 6, 2, 11, 15, 4, 13, 9, 12, 10, 1, 16, 8, 18, 3, 0, 7, 17, 14], [0, 0, 1, 1, 1, 1, 1, 1, 1, 1, 1, 0, 1, 1, 1, 1, 0, 1, 1]]
Fitness:  70.0
Gens:  [0, 1, 2, 3, 4, 5, 6, 7, 8, 9, 10, 11, 12, 13, 14, 15, 16, 17, 18, 19, 20, 21, 22, 23, 24, 25, 26, 27, 28, 29, 30, 31, 32, 33, 34, 35, 36, 37, 38, 39, 40, 41, 42, 43, 44, 45, 46, 47, 48, 49, 50, 51, 52, 53, 54, 55, 56, 57, 58, 59, 60, 61, 62, 63, 64, 65, 66, 67, 68, 69, 70, 71, 72, 73, 74, 75, 76, 77]
Inds:  [70.5, 70.5, 70.5, 70.5, 70.5, 70.5, 70.5, 70.5, 70.5, 70.5, 70.5, 70.375, 70.375, 70.375, 70.375, 70.375, 70.375, 70.25, 70.25, 70.25, 70.125, 70.125, 70.125, 70.125, 70.125, 70.0, 70.0, 70.0, 70.0, 70.0, 70.0, 70.0, 70.0, 70.0, 70.0, 70.0, 70.0, 70.0, 70.0, 70.0, 70.0, 70.0, 70.0, 70.0, 70.0, 70.0, 70.0, 70.0, 70.0, 70.0, 70.0, 70.0, 70.0, 70.0, 70.0, 70.0, 70.0, 70.0, 70.0, 70.0, 70.0, 70.0, 70.0, 70.0, 70.0, 70.0, 70.0, 70.0, 70.0, 70.0, 70.0, 70.0, 70.0, 70.0, 70.0, 70.0, 70.0, 70.0]

Execution 7:
Parametros: Y=0.999
Start Time (hh:mm:ss.ms) 2023-07-16 20:01:27.778035
generations	MaxGenenerations	Populationk1	Populationk	PopulationElite	PopulationMutant	fitnessElite	alpha	min   	max   	avg    	std    
0          	0               	0           	0          	0              	0               	0           	0    	73.875	83.875	81.4359	1.45032
1          	80.3419         	999         	1000       	100            	200             	76.875      	0.3  	70.875	84.875	76.7401	3.31442
2          	77.1565         	998         	999        	102            	198             	75.0387     	0.297	70.5  	83.5  	75.4369	3.44688
13         	76.729          	987         	988        	122            	175             	74.2957     	0.268	70.375	84.125	74.7945	3.6499 
18         	76.4973         	982         	983        	131            	164             	73.6972     	0.255	70.25 	84.5  	74.5653	3.80717
24         	76.3709         	976         	977        	142            	152             	73.4269     	0.239	70.125	83.625	73.7878	3.77561
26         	76.216          	974         	975        	146            	147             	73.2015     	0.234	70    	85.375	73.7802	3.94319
29         	76.0801         	971         	972        	151            	141             	72.9997     	0.226	69.875	83.25 	73.5802	3.89588
30         	75.9443         	970         	971        	153            	139             	72.866      	0.223	69.75 	83.625	73.5229	3.945  
38         	75.8843         	962         	963        	167            	123             	72.686      	0.202	69.625	83.625	73.0808	3.98585
End Time (hh:mm:ss.ms) 2023-07-16 20:01:39.002361
Total Time (hh:mm:ss.ms) 0:00:11.224326
Individuo: [[11, 2, 6, 5, 4, 13, 1, 10, 12, 9, 18, 7, 8, 16, 14, 3, 17, 0, 15], [0, 0, 1, 1, 1, 1, 0, 0, 0, 0, 0, 1, 1, 1, 0, 0, 1, 1, 0]]
Fitness:  69.625
Gens:  [0, 1, 2, 3, 4, 5, 6, 7, 8, 9, 10, 11, 12, 13, 14, 15, 16, 17, 18, 19, 20, 21, 22, 23, 24, 25, 26, 27, 28, 29, 30, 31, 32, 33, 34, 35, 36, 37, 38, 39, 40, 41, 42, 43, 44, 45, 46, 47, 48, 49, 50, 51, 52, 53, 54, 55, 56, 57, 58, 59, 60, 61, 62, 63, 64, 65, 66, 67, 68, 69, 70, 71, 72, 73, 74, 75, 76]
Inds:  [73.875, 70.875, 70.5, 70.5, 70.5, 70.5, 70.5, 70.5, 70.5, 70.5, 70.5, 70.5, 70.5, 70.375, 70.375, 70.375, 70.375, 70.375, 70.25, 70.25, 70.25, 70.25, 70.25, 70.25, 70.125, 70.125, 70.0, 70.0, 70.0, 69.875, 69.75, 69.75, 69.75, 69.75, 69.75, 69.75, 69.75, 69.75, 69.625, 69.625, 69.625, 69.625, 69.625, 69.625, 69.625, 69.625, 69.625, 69.625, 69.625, 69.625, 69.625, 69.625, 69.625, 69.625, 69.625, 69.625, 69.625, 69.625, 69.625, 69.625, 69.625, 69.625, 69.625, 69.625, 69.625, 69.625, 69.625, 69.625, 69.625, 69.625, 69.625, 69.625, 69.625, 69.625, 69.625, 69.625, 69.625]

Execution 8:
Parametros: Y=0.999
Start Time (hh:mm:ss.ms) 2023-07-16 20:01:39.801924
generations	MaxGenenerations	Populationk1	Populationk	PopulationElite	PopulationMutant	fitnessElite	alpha	min   	max   	avg    	std  
0          	0               	0           	0          	0              	0               	0           	0    	70.875	83.625	81.3239	1.656
1          	77.06           	999         	1000       	100            	200             	74.7        	0.3  	70.625	83.25 	75.9084	3.49143
9          	76.7786         	991         	992        	115            	183             	74.2192     	0.279	70.5  	83.25 	74.8282	3.67038
10         	76.6235         	990         	991        	117            	181             	74.0255     	0.276	70.375	83.5  	74.7777	3.65262
16         	76.5164         	984         	985        	128            	168             	73.8305     	0.260	70.25 	83.375	74.1992	3.80574
23         	76.3805         	977         	978        	140            	154             	73.492      	0.242	70.125	84.25 	73.7826	3.82548
End Time (hh:mm:ss.ms) 2023-07-16 20:01:51.510956
Total Time (hh:mm:ss.ms) 0:00:11.709032
Individuo: [[4, 13, 1, 10, 12, 9, 17, 3, 16, 18, 7, 8, 5, 15, 11, 2, 6, 0, 14], [1, 1, 0, 0, 0, 0, 1, 0, 0, 0, 1, 1, 1, 0, 0, 0, 1, 0, 1]]
Fitness:  70.125
Gens:  [0, 1, 2, 3, 4, 5, 6, 7, 8, 9, 10, 11, 12, 13, 14, 15, 16, 17, 18, 19, 20, 21, 22, 23, 24, 25, 26, 27, 28, 29, 30, 31, 32, 33, 34, 35, 36, 37, 38, 39, 40, 41, 42, 43, 44, 45, 46, 47, 48, 49, 50, 51, 52, 53, 54, 55, 56, 57, 58, 59, 60, 61, 62, 63, 64, 65, 66, 67, 68, 69, 70, 71, 72, 73, 74, 75, 76, 77]
Inds:  [70.875, 70.625, 70.625, 70.625, 70.625, 70.625, 70.625, 70.625, 70.625, 70.5, 70.375, 70.375, 70.375, 70.375, 70.375, 70.375, 70.25, 70.25, 70.25, 70.25, 70.25, 70.25, 70.25, 70.125, 70.125, 70.125, 70.125, 70.125, 70.125, 70.125, 70.125, 70.125, 70.125, 70.125, 70.125, 70.125, 70.125, 70.125, 70.125, 70.125, 70.125, 70.125, 70.125, 70.125, 70.125, 70.125, 70.125, 70.125, 70.125, 70.125, 70.125, 70.125, 70.125, 70.125, 70.125, 70.125, 70.125, 70.125, 70.125, 70.125, 70.125, 70.125, 70.125, 70.125, 70.125, 70.125, 70.125, 70.125, 70.125, 70.125, 70.125, 70.125, 70.125, 70.125, 70.125, 70.125, 70.125, 70.125]

Execution 9:
Parametros: Y=0.999
Start Time (hh:mm:ss.ms) 2023-07-16 20:01:52.292956
generations	MaxGenenerations	Populationk1	Populationk	PopulationElite	PopulationMutant	fitnessElite	alpha	min   	max   	avg    	std    
0          	0               	0           	0          	0              	0               	0           	0    	73.375	83.625	81.4484	1.41445
1          	79.7782         	999         	1000       	100            	200             	76.45       	0.3  	70.625	85.25 	76.409 	3.41592
9          	76.7882         	991         	992        	115            	183             	74.2541     	0.279	70.375	83.25 	74.9301	3.59661
17         	76.526          	983         	984        	130            	166             	73.8282     	0.258	70.25 	84    	74.4142	3.82705
20         	76.3805         	980         	981        	135            	160             	73.5971     	0.250	70.125	84.375	74.1903	3.85392
23         	76.2446         	977         	978        	140            	154             	73.3959     	0.242	70    	84.25 	73.7369	3.84926
26         	76.0896         	974         	975        	146            	147             	73.1336     	0.234	69.75 	83.5  	73.4637	3.81761
End Time (hh:mm:ss.ms) 2023-07-16 20:02:03.685812
Total Time (hh:mm:ss.ms) 0:00:11.392856
Individuo: [[15, 5, 4, 13, 1, 10, 12, 9, 18, 3, 14, 7, 16, 17, 0, 8, 6, 2, 11], [1, 0, 1, 1, 0, 0, 0, 0, 1, 1, 1, 0, 1, 1, 1, 1, 0, 1, 1]]
Fitness:  69.75
Gens:  [0, 1, 2, 3, 4, 5, 6, 7, 8, 9, 10, 11, 12, 13, 14, 15, 16, 17, 18, 19, 20, 21, 22, 23, 24, 25, 26, 27, 28, 29, 30, 31, 32, 33, 34, 35, 36, 37, 38, 39, 40, 41, 42, 43, 44, 45, 46, 47, 48, 49, 50, 51, 52, 53, 54, 55, 56, 57, 58, 59, 60, 61, 62, 63, 64, 65, 66, 67, 68, 69, 70, 71, 72, 73, 74, 75, 76]
Inds:  [73.375, 70.625, 70.625, 70.625, 70.625, 70.625, 70.625, 70.625, 70.625, 70.375, 70.375, 70.375, 70.375, 70.375, 70.375, 70.375, 70.375, 70.25, 70.25, 70.25, 70.125, 70.125, 70.125, 70.0, 70.0, 70.0, 69.75, 69.75, 69.75, 69.75, 69.75, 69.75, 69.75, 69.75, 69.75, 69.75, 69.75, 69.75, 69.75, 69.75, 69.75, 69.75, 69.75, 69.75, 69.75, 69.75, 69.75, 69.75, 69.75, 69.75, 69.75, 69.75, 69.75, 69.75, 69.75, 69.75, 69.75, 69.75, 69.75, 69.75, 69.75, 69.75, 69.75, 69.75, 69.75, 69.75, 69.75, 69.75, 69.75, 69.75, 69.75, 69.75, 69.75, 69.75, 69.75, 69.75, 69.75]

Execution 10:
Parametros: Y=0.999
Start Time (hh:mm:ss.ms) 2023-07-16 20:02:04.471787
generations	MaxGenenerations	Populationk1	Populationk	PopulationElite	PopulationMutant	fitnessElite	alpha	min  	max 	avg    	std    
0          	0               	0           	0          	0              	0               	0           	0    	70.75	83.5	81.4519	1.48487
1          	76.9145         	999         	1000       	100            	200             	74.575      	0.3  	70.625	83.75	75.9157	3.60752
2          	76.7978         	998         	999        	102            	198             	74.5283     	0.297	70.375	85.5 	75.0665	3.62825
10         	76.6121         	990         	991        	117            	181             	74.3843     	0.276	70.25 	83.625	74.6996	3.86244
16         	76.3709         	984         	985        	128            	168             	73.7045     	0.260	70.125	83.625	73.9123	3.94084
24         	76.2255         	976         	977        	142            	152             	73.3004     	0.239	70    	83.5  	73.6025	3.95854
End Time (hh:mm:ss.ms) 2023-07-16 20:02:15.864015
Total Time (hh:mm:ss.ms) 0:00:11.392228
Individuo: [[4, 13, 1, 10, 12, 9, 16, 0, 18, 3, 14, 2, 11, 15, 5, 8, 7, 17, 6], [1, 1, 0, 0, 0, 0, 0, 0, 1, 1, 1, 1, 1, 1, 0, 0, 0, 0, 0]]
Fitness:  70.0
Gens:  [0, 1, 2, 3, 4, 5, 6, 7, 8, 9, 10, 11, 12, 13, 14, 15, 16, 17, 18, 19, 20, 21, 22, 23, 24, 25, 26, 27, 28, 29, 30, 31, 32, 33, 34, 35, 36, 37, 38, 39, 40, 41, 42, 43, 44, 45, 46, 47, 48, 49, 50, 51, 52, 53, 54, 55, 56, 57, 58, 59, 60, 61, 62, 63, 64, 65, 66, 67, 68, 69, 70, 71, 72, 73, 74, 75, 76, 77]
Inds:  [70.75, 70.625, 70.375, 70.375, 70.375, 70.375, 70.375, 70.375, 70.375, 70.375, 70.25, 70.25, 70.25, 70.25, 70.25, 70.25, 70.125, 70.125, 70.125, 70.125, 70.125, 70.125, 70.125, 70.125, 70.0, 70.0, 70.0, 70.0, 70.0, 70.0, 70.0, 70.0, 70.0, 70.0, 70.0, 70.0, 70.0, 70.0, 70.0, 70.0, 70.0, 70.0, 70.0, 70.0, 70.0, 70.0, 70.0, 70.0, 70.0, 70.0, 70.0, 70.0, 70.0, 70.0, 70.0, 70.0, 70.0, 70.0, 70.0, 70.0, 70.0, 70.0, 70.0, 70.0, 70.0, 70.0, 70.0, 70.0, 70.0, 70.0, 70.0, 70.0, 70.0, 70.0, 70.0, 70.0, 70.0, 70.0]

