A-BRKGA-Heuristic:

Execution 1:
Parametros: Y=0.999
Start Time (hh:mm:ss.ms) 2023-07-16 20:18:58.266503
generations	MaxGenenerations	Populationk1	Populationk	PopulationElite	PopulationMutant	fitnessElite	alpha	min    	max    	avg    	std    
0          	0               	0           	0          	0              	0               	0           	0    	110.375	114.625	112.674	0.62072
1          	123.787         	999         	1000       	100            	200             	111.65      	0.3  	110.125	114.25 	112.19 	0.707366
3          	123.445         	997         	998        	103            	197             	111.312     	0.296	109.875	114.375	111.824	0.810721
4          	123.196         	996         	997        	104            	196             	111.203     	0.295	109.75 	114.25 	111.737	0.875587
5          	123.04          	995         	996        	105            	195             	111.071     	0.293	109.375	114.25 	111.668	0.908719
6          	122.62          	994         	995        	106            	193             	110.798     	0.291	109.125	114    	111.53 	0.908052
10         	122.34          	990         	991        	110            	188             	110.587     	0.285	108.625	114.5  	111.127	1.12682 
11         	121.81          	989         	990        	112            	186             	110.291     	0.283	108.5  	114.125	111.004	1.14979 
13         	121.639         	987         	988        	114            	183             	110.112     	0.280	108.375	114.125	110.78 	1.23179 
14         	121.484         	986         	987        	115            	182             	109.977     	0.278	108.25 	114.125	110.711	1.3103  
15         	121.344         	985         	986        	116            	180             	109.877     	0.276	108.125	114.125	110.573	1.29362 
17         	121.203         	983         	984        	118            	178             	109.767     	0.273	107.875	114.125	110.402	1.39539 
18         	120.923         	982         	983        	119            	176             	109.574     	0.271	107.25 	114.125	110.306	1.41538 
24         	120.238         	976         	977        	126            	168             	109.082     	0.261	107    	114.375	109.879	1.62345 
27         	119.912         	973         	974        	129            	163             	108.764     	0.256	106.75 	114.375	109.544	1.80153 
31         	119.632         	969         	970        	134            	158             	108.53      	0.249	106.625	114.25 	109.258	1.92084 
32         	119.537         	968         	969        	135            	156             	108.517     	0.248	106.375	114.25 	109.193	1.98548 
36         	119.227         	964         	965        	139            	151             	108.215     	0.241	106    	114.25 	108.9  	2.08319 
47         	118.807         	953         	954        	151            	136             	107.781     	0.222	105.75 	113.875	108.397	2.26174 
End Time (hh:mm:ss.ms) 2023-07-16 20:19:11.021502
Total Time (hh:mm:ss.ms) 0:00:12.754999
Individuo: [[9, 16, 19, 8, 15, 13, 12, 14, 22, 1, 2, 4, 0, 5, 11, 7, 20, 6, 17, 18, 21, 3, 10], [0, 1, 1, 1, 1, 1, 1, 0, 0, 0, 0, 0, 0, 1, 1, 0, 0, 1, 0, 0, 1, 1, 0]]
Fitness:  105.75
Gens:  [0, 1, 2, 3, 4, 5, 6, 7, 8, 9, 10, 11, 12, 13, 14, 15, 16, 17, 18, 19, 20, 21, 22, 23, 24, 25, 26, 27, 28, 29, 30, 31, 32, 33, 34, 35, 36, 37, 38, 39, 40, 41, 42, 43, 44, 45, 46, 47, 48, 49, 50, 51, 52, 53, 54, 55, 56, 57, 58, 59, 60, 61, 62, 63, 64, 65, 66, 67, 68, 69, 70, 71, 72, 73, 74, 75, 76, 77, 78, 79, 80, 81, 82, 83, 84, 85, 86, 87, 88, 89, 90, 91, 92, 93, 94, 95, 96, 97, 98, 99, 100, 101, 102, 103, 104, 105, 106, 107, 108, 109, 110, 111, 112, 113, 114, 115, 116, 117, 118, 119]
Inds:  [110.375, 110.125, 110.125, 109.875, 109.75, 109.375, 109.125, 109.125, 109.125, 109.125, 108.625, 108.5, 108.5, 108.375, 108.25, 108.125, 108.125, 107.875, 107.25, 107.25, 107.25, 107.25, 107.25, 107.25, 107.0, 107.0, 107.0, 106.75, 106.75, 106.75, 106.75, 106.625, 106.375, 106.375, 106.375, 106.375, 106.0, 106.0, 106.0, 106.0, 106.0, 106.0, 106.0, 106.0, 106.0, 106.0, 106.0, 105.75, 105.75, 105.75, 105.75, 105.75, 105.75, 105.75, 105.75, 105.75, 105.75, 105.75, 105.75, 105.75, 105.75, 105.75, 105.75, 105.75, 105.75, 105.75, 105.75, 105.75, 105.75, 105.75, 105.75, 105.75, 105.75, 105.75, 105.75, 105.75, 105.75, 105.75, 105.75, 105.75, 105.75, 105.75, 105.75, 105.75, 105.75, 105.75, 105.75, 105.75, 105.75, 105.75, 105.75, 105.75, 105.75, 105.75, 105.75, 105.75, 105.75, 105.75, 105.75, 105.75, 105.75, 105.75, 105.75, 105.75, 105.75, 105.75, 105.75, 105.75, 105.75, 105.75, 105.75, 105.75, 105.75, 105.75, 105.75, 105.75, 105.75, 105.75, 105.75, 105.75]

Execution 2:
Parametros: Y=0.999
Start Time (hh:mm:ss.ms) 2023-07-16 20:19:11.656536
generations	MaxGenenerations	Populationk1	Populationk	PopulationElite	PopulationMutant	fitnessElite	alpha	min    	max  	avg    	std     
0          	0               	0           	0          	0              	0               	0           	0    	110.375	114.5	112.641	0.621275
1          	123.772         	999         	1000       	100            	200             	111.612     	0.3  	109.625	114.375	112.145	0.725884
2          	122.916         	998         	999        	102            	199             	111.042     	0.298	109.25 	114.5  	111.909	0.815052
4          	122.495         	996         	997        	104            	196             	110.762     	0.295	109    	114.25 	111.583	0.955667
8          	122.184         	992         	993        	108            	190             	110.479     	0.288	108.625	114.125	111.184	1.09215 
13         	121.749         	987         	988        	114            	183             	110.132     	0.280	108.375	114    	110.89 	1.24295 
16         	121.514         	984         	985        	117            	179             	110.027     	0.275	107.625	114.75 	110.669	1.30035 
21         	120.643         	979         	980        	123            	172             	109.359     	0.266	107.5  	114.25 	110.336	1.45511 
25         	120.518         	975         	976        	127            	166             	109.256     	0.260	107.25 	114.125	110.113	1.56496 
26         	120.223         	974         	975        	128            	165             	109.027     	0.258	106.875	113.75 	110.071	1.59113 
33         	119.787         	967         	968        	136            	155             	108.632     	0.246	106.75 	114.125	109.607	1.77622 
36         	119.737         	964         	965        	139            	151             	108.682     	0.241	106.625	114.25 	109.506	1.83318 
37         	119.537         	963         	964        	140            	150             	108.453     	0.239	106.375	114    	109.447	1.89449 
42         	119.227         	958         	959        	146            	143             	108.138     	0.231	106.25 	114.5  	108.873	2.06519 
47         	119.146         	953         	954        	151            	136             	108.088     	0.222	106.125	114.375	108.641	2.16507 
53         	119.036         	947         	948        	157            	128             	107.959     	0.212	106    	114    	108.458	2.17328 
97         	118.836         	903         	904        	200            	72              	107.142     	0.138	105.875	114.375	107.626	2.07896 
116        	118.666         	884         	885        	217            	49              	106.738     	0.106	105.75 	114    	107.133	1.81708 
End Time (hh:mm:ss.ms) 2023-07-16 20:19:24.069503
Total Time (hh:mm:ss.ms) 0:00:12.412967
Individuo: [[9, 7, 18, 8, 19, 16, 11, 21, 4, 3, 1, 2, 22, 14, 6, 5, 15, 13, 12, 20, 17, 0, 10], [0, 0, 0, 0, 0, 0, 0, 1, 0, 0, 0, 0, 1, 1, 1, 1, 1, 1, 0, 1, 1, 1, 0]]
Fitness:  105.75
Gens:  [0, 1, 2, 3, 4, 5, 6, 7, 8, 9, 10, 11, 12, 13, 14, 15, 16, 17, 18, 19, 20, 21, 22, 23, 24, 25, 26, 27, 28, 29, 30, 31, 32, 33, 34, 35, 36, 37, 38, 39, 40, 41, 42, 43, 44, 45, 46, 47, 48, 49, 50, 51, 52, 53, 54, 55, 56, 57, 58, 59, 60, 61, 62, 63, 64, 65, 66, 67, 68, 69, 70, 71, 72, 73, 74, 75, 76, 77, 78, 79, 80, 81, 82, 83, 84, 85, 86, 87, 88, 89, 90, 91, 92, 93, 94, 95, 96, 97, 98, 99, 100, 101, 102, 103, 104, 105, 106, 107, 108, 109, 110, 111, 112, 113, 114, 115, 116, 117, 118, 119]
Inds:  [110.375, 109.625, 109.25, 109.25, 109.0, 109.0, 109.0, 109.0, 108.625, 108.625, 108.625, 108.625, 108.625, 108.375, 108.375, 108.375, 107.625, 107.625, 107.625, 107.625, 107.625, 107.5, 107.5, 107.5, 107.5, 107.25, 106.875, 106.875, 106.875, 106.875, 106.875, 106.875, 106.875, 106.75, 106.75, 106.75, 106.625, 106.375, 106.375, 106.375, 106.375, 106.375, 106.25, 106.25, 106.25, 106.25, 106.25, 106.125, 106.125, 106.125, 106.125, 106.125, 106.125, 106.0, 106.0, 106.0, 106.0, 106.0, 106.0, 106.0, 106.0, 106.0, 106.0, 106.0, 106.0, 106.0, 106.0, 106.0, 106.0, 106.0, 106.0, 106.0, 106.0, 106.0, 106.0, 106.0, 106.0, 106.0, 106.0, 106.0, 106.0, 106.0, 106.0, 106.0, 106.0, 106.0, 106.0, 106.0, 106.0, 106.0, 106.0, 106.0, 106.0, 106.0, 106.0, 106.0, 106.0, 105.875, 105.875, 105.875, 105.875, 105.875, 105.875, 105.875, 105.875, 105.875, 105.875, 105.875, 105.875, 105.875, 105.875, 105.875, 105.875, 105.875, 105.875, 105.875, 105.75, 105.75, 105.75, 105.75]

Execution 3:
Parametros: Y=0.999
Start Time (hh:mm:ss.ms) 2023-07-16 20:19:24.741530
generations	MaxGenenerations	Populationk1	Populationk	PopulationElite	PopulationMutant	fitnessElite	alpha	min    	max   	avg    	std     
0          	0               	0           	0          	0              	0               	0           	0    	110.125	114.25	112.656	0.643883
2          	123.492         	998         	999        	102            	199             	111.43      	0.298	110    	114.5 	111.927	0.784828
4          	123.321         	996         	997        	104            	196             	111.254     	0.295	109.875	114.625	111.734	0.905803
5          	123.227         	995         	996        	105            	195             	111.269     	0.293	109.625	114.5  	111.676	0.920046
6          	122.931         	994         	995        	106            	193             	111.048     	0.291	109.375	114.5  	111.582	0.914969
7          	122.651         	993         	994        	107            	192             	110.862     	0.290	109.125	114.25 	111.479	0.98396 
9          	122.324         	991         	992        	109            	189             	110.56      	0.286	109    	114.25 	111.355	1.03746 
10         	122.2           	990         	991        	110            	188             	110.498     	0.285	108.875	114.125	111.269	1.0817  
12         	122.014         	988         	989        	113            	185             	110.285     	0.281	108.625	114.25 	111.16 	1.1163  
14         	121.794         	986         	987        	115            	182             	110.227     	0.278	108.5  	114.375	111.016	1.20697 
15         	121.654         	985         	986        	116            	180             	110.127     	0.276	108.375	114.375	110.893	1.22265 
18         	121.514         	982         	983        	119            	176             	110.007     	0.272	108    	114.125	110.697	1.32514 
19         	121.063         	981         	982        	120            	175             	109.655     	0.270	107.875	114.125	110.559	1.37963 
22         	120.908         	978         	979        	124            	171             	109.5       	0.265	107.75 	114.125	110.388	1.45291 
23         	120.783         	977         	978        	125            	169             	109.43      	0.263	107.5  	114.25 	110.162	1.56712 
26         	120.533         	974         	975        	128            	165             	109.277     	0.258	107.25 	114.125	109.873	1.66159 
27         	120.223         	973         	974        	129            	164             	109.015     	0.256	106.875	114.125	109.776	1.67168 
29         	119.772         	971         	972        	132            	161             	108.648     	0.253	106.75 	114.125	109.573	1.81106 
35         	119.677         	965         	966        	138            	152             	108.574     	0.243	106.5  	114.125	109.148	1.97353 
47         	119.367         	953         	954        	151            	136             	108.172     	0.222	106.375	114.25 	108.789	2.15119 
65         	119.197         	935         	936        	169            	112             	107.796     	0.192	106.25 	114    	108.332	2.13393 
End Time (hh:mm:ss.ms) 2023-07-16 20:19:37.212502
Total Time (hh:mm:ss.ms) 0:00:12.470972
Individuo: [[10, 1, 3, 4, 21, 5, 17, 18, 12, 22, 14, 6, 0, 2, 9, 16, 19, 8, 15, 13, 20, 7, 11], [1, 1, 1, 1, 0, 0, 0, 0, 1, 1, 1, 1, 1, 0, 0, 1, 1, 1, 1, 1, 1, 1, 0]]
Fitness:  106.25
Gens:  [0, 1, 2, 3, 4, 5, 6, 7, 8, 9, 10, 11, 12, 13, 14, 15, 16, 17, 18, 19, 20, 21, 22, 23, 24, 25, 26, 27, 28, 29, 30, 31, 32, 33, 34, 35, 36, 37, 38, 39, 40, 41, 42, 43, 44, 45, 46, 47, 48, 49, 50, 51, 52, 53, 54, 55, 56, 57, 58, 59, 60, 61, 62, 63, 64, 65, 66, 67, 68, 69, 70, 71, 72, 73, 74, 75, 76, 77, 78, 79, 80, 81, 82, 83, 84, 85, 86, 87, 88, 89, 90, 91, 92, 93, 94, 95, 96, 97, 98, 99, 100, 101, 102, 103, 104, 105, 106, 107, 108, 109, 110, 111, 112, 113, 114, 115, 116, 117, 118, 119, 120]
Inds:  [110.125, 110.125, 110.0, 110.0, 109.875, 109.625, 109.375, 109.125, 109.125, 109.0, 108.875, 108.875, 108.625, 108.625, 108.5, 108.375, 108.375, 108.375, 108.0, 107.875, 107.875, 107.875, 107.75, 107.5, 107.5, 107.5, 107.25, 106.875, 106.875, 106.75, 106.75, 106.75, 106.75, 106.75, 106.75, 106.5, 106.5, 106.5, 106.5, 106.5, 106.5, 106.5, 106.5, 106.5, 106.5, 106.5, 106.5, 106.375, 106.375, 106.375, 106.375, 106.375, 106.375, 106.375, 106.375, 106.375, 106.375, 106.375, 106.375, 106.375, 106.375, 106.375, 106.375, 106.375, 106.375, 106.25, 106.25, 106.25, 106.25, 106.25, 106.25, 106.25, 106.25, 106.25, 106.25, 106.25, 106.25, 106.25, 106.25, 106.25, 106.25, 106.25, 106.25, 106.25, 106.25, 106.25, 106.25, 106.25, 106.25, 106.25, 106.25, 106.25, 106.25, 106.25, 106.25, 106.25, 106.25, 106.25, 106.25, 106.25, 106.25, 106.25, 106.25, 106.25, 106.25, 106.25, 106.25, 106.25, 106.25, 106.25, 106.25, 106.25, 106.25, 106.25, 106.25, 106.25, 106.25, 106.25, 106.25, 106.25, 106.25]

Execution 4:
Parametros: Y=0.999
Start Time (hh:mm:ss.ms) 2023-07-16 20:19:37.865501
generations	MaxGenenerations	Populationk1	Populationk	PopulationElite	PopulationMutant	fitnessElite	alpha	min  	max  	avg    	std     
0          	0               	0           	0          	0              	0               	0           	0    	110.5	114.5	112.637	0.640878
1          	123.912         	999         	1000       	100            	200             	111.7       	0.3  	110  	114.375	112.177	0.687333
4          	123.351         	996         	997        	104            	196             	111.328     	0.295	109.25	114.25 	111.784	0.850509
5          	122.48          	995         	996        	105            	195             	110.717     	0.293	109.125	114.125	111.706	0.884254
7          	122.34          	993         	994        	107            	192             	110.612     	0.290	108.875	114.25 	111.533	0.987347
8          	122.059         	992         	993        	108            	190             	110.426     	0.288	108.75 	114    	111.394	0.999474
11         	121.904         	989         	990        	112            	186             	110.274     	0.283	108.5  	114    	111.027	1.1127  
13         	121.609         	987         	988        	114            	183             	110.041     	0.280	108.25 	114.375	110.864	1.22073 
14         	121.374         	986         	987        	115            	182             	109.956     	0.278	108.125	114.25 	110.779	1.27182 
17         	121.203         	983         	984        	118            	178             	109.767     	0.273	107.875	114.25 	110.543	1.33816 
19         	120.953         	981         	982        	120            	175             	109.632     	0.270	107.75 	114.25 	110.467	1.41743 
21         	120.753         	979         	980        	123            	172             	109.385     	0.266	107.125	114.125	110.294	1.45402 
31         	120.082         	969         	970        	134            	158             	108.875     	0.250	106.875	114.375	109.513	1.81061 
36         	119.817         	964         	965        	139            	151             	108.657     	0.241	106.75 	114.125	109.219	1.90971 
37         	119.662         	963         	964        	140            	150             	108.519     	0.239	106.625	114.125	109.178	1.9546  
42         	119.537         	958         	959        	146            	143             	108.389     	0.231	106.5  	113.75 	108.975	2.01678 
49         	119.427         	951         	952        	153            	133             	108.257     	0.219	106.375	114.25 	108.657	2.11637 
55         	119.227         	945         	946        	159            	125             	107.972     	0.209	106.25 	113.875	108.556	2.10429 
67         	119.087         	933         	934        	171            	110             	107.716     	0.189	106.125	114.25 	108.15 	2.16084 
End Time (hh:mm:ss.ms) 2023-07-16 20:19:50.370507
Total Time (hh:mm:ss.ms) 0:00:12.505006
Individuo: [[9, 11, 5, 17, 20, 13, 15, 8, 19, 21, 2, 1, 22, 14, 18, 7, 16, 4, 12, 6, 0, 3, 10], [0, 0, 0, 0, 0, 0, 0, 0, 0, 1, 1, 1, 1, 1, 1, 1, 0, 0, 1, 1, 1, 0, 0]]
Fitness:  106.125
Gens:  [0, 1, 2, 3, 4, 5, 6, 7, 8, 9, 10, 11, 12, 13, 14, 15, 16, 17, 18, 19, 20, 21, 22, 23, 24, 25, 26, 27, 28, 29, 30, 31, 32, 33, 34, 35, 36, 37, 38, 39, 40, 41, 42, 43, 44, 45, 46, 47, 48, 49, 50, 51, 52, 53, 54, 55, 56, 57, 58, 59, 60, 61, 62, 63, 64, 65, 66, 67, 68, 69, 70, 71, 72, 73, 74, 75, 76, 77, 78, 79, 80, 81, 82, 83, 84, 85, 86, 87, 88, 89, 90, 91, 92, 93, 94, 95, 96, 97, 98, 99, 100, 101, 102, 103, 104, 105, 106, 107, 108, 109, 110, 111, 112, 113, 114, 115, 116, 117, 118, 119]
Inds:  [110.5, 110.0, 110.0, 110.0, 109.25, 109.125, 109.125, 108.875, 108.75, 108.75, 108.75, 108.5, 108.5, 108.25, 108.125, 108.125, 108.125, 107.875, 107.875, 107.75, 107.75, 107.125, 107.125, 107.125, 107.125, 107.125, 107.125, 107.125, 107.125, 107.125, 107.125, 106.875, 106.875, 106.875, 106.875, 106.875, 106.75, 106.625, 106.625, 106.625, 106.625, 106.625, 106.5, 106.5, 106.5, 106.5, 106.5, 106.5, 106.5, 106.375, 106.375, 106.375, 106.375, 106.375, 106.375, 106.25, 106.25, 106.25, 106.25, 106.25, 106.25, 106.25, 106.25, 106.25, 106.25, 106.25, 106.25, 106.125, 106.125, 106.125, 106.125, 106.125, 106.125, 106.125, 106.125, 106.125, 106.125, 106.125, 106.125, 106.125, 106.125, 106.125, 106.125, 106.125, 106.125, 106.125, 106.125, 106.125, 106.125, 106.125, 106.125, 106.125, 106.125, 106.125, 106.125, 106.125, 106.125, 106.125, 106.125, 106.125, 106.125, 106.125, 106.125, 106.125, 106.125, 106.125, 106.125, 106.125, 106.125, 106.125, 106.125, 106.125, 106.125, 106.125, 106.125, 106.125, 106.125, 106.125, 106.125, 106.125]

Execution 5:
Parametros: Y=0.999
Start Time (hh:mm:ss.ms) 2023-07-16 20:19:51.010503
generations	MaxGenenerations	Populationk1	Populationk	PopulationElite	PopulationMutant	fitnessElite	alpha	min    	max   	avg    	std     
0          	0               	0           	0          	0              	0               	0           	0    	110.625	114.25	112.635	0.629433
1          	124.021         	999         	1000       	100            	200             	111.713     	0.3  	110.25 	114.625	112.158	0.682827
2          	123.647         	998         	999        	102            	199             	111.555     	0.298	110    	114.25 	111.971	0.781181
4          	123.336         	996         	997        	104            	196             	111.291     	0.295	109.125	114.125	111.758	0.861146
8          	122.324         	992         	993        	108            	190             	110.568     	0.288	109    	114.375	111.349	1.02561 
10         	122.215         	990         	991        	110            	188             	110.533     	0.285	108.375	114.25 	111.159	1.088   
14         	121.529         	986         	987        	115            	182             	110.081     	0.278	108.25 	114.125	110.762	1.23715 
15         	121.344         	985         	986        	116            	180             	109.877     	0.276	108    	114.125	110.683	1.29971 
17         	121.063         	983         	984        	118            	178             	109.676     	0.273	107.875	114.375	110.455	1.37667 
18         	120.953         	982         	983        	119            	176             	109.642     	0.271	107.75 	114.625	110.401	1.40306 
19         	120.843         	981         	982        	121            	175             	109.608     	0.270	107.5  	114.5  	110.27 	1.4969  
21         	120.488         	979         	980        	123            	172             	109.234     	0.266	107.375	114    	110.038	1.57875 
23         	120.378         	977         	978        	125            	169             	109.186     	0.263	107.125	114.375	109.864	1.63305 
25         	120.082         	975         	976        	127            	166             	108.945     	0.260	107    	114.375	109.564	1.74189 
26         	119.972         	974         	975        	128            	165             	108.905     	0.258	106.75 	114.125	109.522	1.78408 
28         	119.647         	972         	973        	131            	162             	108.598     	0.254	106.625	114.375	109.246	1.87881 
32         	119.552         	968         	969        	135            	156             	108.548     	0.248	106.375	114.375	109.062	1.94136 
34         	119.242         	966         	967        	137            	154             	108.271     	0.244	106.125	114.375	109.007	2.02528 
39         	118.932         	961         	962        	143            	147             	107.955     	0.236	106    	114    	108.631	2.12081 
45         	118.807         	955         	956        	149            	138             	107.807     	0.225	105.875	114.125	108.382	2.24159 
54         	118.696         	946         	947        	158            	126             	107.64      	0.210	105.75 	114.125	108.168	2.21255 
End Time (hh:mm:ss.ms) 2023-07-16 20:20:03.410507
Total Time (hh:mm:ss.ms) 0:00:12.400004
Individuo: [[10, 1, 3, 2, 22, 14, 20, 17, 6, 12, 13, 15, 18, 8, 19, 7, 5, 0, 4, 21, 11, 16, 9], [1, 1, 1, 0, 1, 1, 1, 1, 0, 0, 0, 0, 0, 0, 0, 0, 0, 1, 1, 0, 1, 1, 1]]
Fitness:  105.75
Gens:  [0, 1, 2, 3, 4, 5, 6, 7, 8, 9, 10, 11, 12, 13, 14, 15, 16, 17, 18, 19, 20, 21, 22, 23, 24, 25, 26, 27, 28, 29, 30, 31, 32, 33, 34, 35, 36, 37, 38, 39, 40, 41, 42, 43, 44, 45, 46, 47, 48, 49, 50, 51, 52, 53, 54, 55, 56, 57, 58, 59, 60, 61, 62, 63, 64, 65, 66, 67, 68, 69, 70, 71, 72, 73, 74, 75, 76, 77, 78, 79, 80, 81, 82, 83, 84, 85, 86, 87, 88, 89, 90, 91, 92, 93, 94, 95, 96, 97, 98, 99, 100, 101, 102, 103, 104, 105, 106, 107, 108, 109, 110, 111, 112, 113, 114, 115, 116, 117, 118, 119]
Inds:  [110.625, 110.25, 110.0, 110.0, 109.125, 109.125, 109.125, 109.125, 109.0, 109.0, 108.375, 108.375, 108.375, 108.375, 108.25, 108.0, 108.0, 107.875, 107.75, 107.5, 107.5, 107.375, 107.375, 107.125, 107.125, 107.0, 106.75, 106.75, 106.625, 106.625, 106.625, 106.625, 106.375, 106.375, 106.125, 106.125, 106.125, 106.125, 106.125, 106.0, 106.0, 106.0, 106.0, 106.0, 106.0, 105.875, 105.875, 105.875, 105.875, 105.875, 105.875, 105.875, 105.875, 105.875, 105.75, 105.75, 105.75, 105.75, 105.75, 105.75, 105.75, 105.75, 105.75, 105.75, 105.75, 105.75, 105.75, 105.75, 105.75, 105.75, 105.75, 105.75, 105.75, 105.75, 105.75, 105.75, 105.75, 105.75, 105.75, 105.75, 105.75, 105.75, 105.75, 105.75, 105.75, 105.75, 105.75, 105.75, 105.75, 105.75, 105.75, 105.75, 105.75, 105.75, 105.75, 105.75, 105.75, 105.75, 105.75, 105.75, 105.75, 105.75, 105.75, 105.75, 105.75, 105.75, 105.75, 105.75, 105.75, 105.75, 105.75, 105.75, 105.75, 105.75, 105.75, 105.75, 105.75, 105.75, 105.75, 105.75]

Execution 6:
Parametros: Y=0.999
Start Time (hh:mm:ss.ms) 2023-07-16 20:20:04.061530
generations	MaxGenenerations	Populationk1	Populationk	PopulationElite	PopulationMutant	fitnessElite	alpha	min   	max  	avg    	std     
0          	0               	0           	0          	0              	0               	0           	0    	110.25	114.5	112.626	0.645162
1          	123.632         	999         	1000       	100            	200             	111.525     	0.3  	110.125	114.125	112.112	0.726935
2          	123.445         	998         	999        	102            	199             	111.319     	0.298	109.625	114.25 	111.914	0.805748
5          	122.885         	995         	996        	105            	195             	110.946     	0.293	109.375	114.5  	111.626	0.931603
6          	122.651         	994         	995        	106            	193             	110.871     	0.291	109.125	114.375	111.545	0.974835
7          	122.355         	993         	994        	107            	192             	110.649     	0.290	108.875	114.625	111.418	0.999582
9          	122.059         	991         	992        	109            	189             	110.417     	0.286	108.625	114    	111.256	1.05394 
12         	121.779         	988         	989        	113            	185             	110.211     	0.281	108.375	114.375	110.933	1.23512 
13         	121.514         	987         	988        	114            	183             	110.056     	0.280	108    	114    	110.805	1.26765 
15         	121.139         	985         	986        	116            	180             	109.869     	0.276	107.75 	114.25 	110.618	1.40154 
18         	120.798         	982         	983        	119            	176             	109.517     	0.271	107.5  	114.5  	110.142	1.50492 
22         	120.503         	978         	979        	124            	171             	109.257     	0.265	107.25 	114.375	109.837	1.70238 
23         	120.253         	977         	978        	125            	169             	109.127     	0.263	107.125	114.125	109.723	1.74659 
26         	120.127         	974         	975        	128            	165             	109.031     	0.258	107    	114.375	109.607	1.81728 
27         	119.972         	973         	974        	129            	163             	108.893     	0.256	106.875	113.875	109.433	1.83341 
28         	119.772         	972         	973        	131            	162             	108.659     	0.254	106.75 	114.125	109.318	1.91982 
32         	119.662         	968         	969        	135            	156             	108.58      	0.248	106.625	114.125	109.038	2.03804 
33         	119.522         	967         	968        	136            	155             	108.473     	0.246	106.5  	114.375	109.007	2.10439 
34         	119.412         	966         	967        	137            	154             	108.427     	0.244	106.375	114.375	109.005	2.07808 
40         	119.301         	960         	961        	144            	145             	108.311     	0.234	106.125	114.25 	108.74 	2.1117  
48         	118.947         	952         	953        	152            	134             	107.865     	0.220	106    	114.375	108.405	2.24943 
50         	118.792         	950         	951        	154            	132             	107.713     	0.217	105.875	114.125	108.237	2.2054  
End Time (hh:mm:ss.ms) 2023-07-16 20:20:16.318502
Total Time (hh:mm:ss.ms) 0:00:12.256972
Individuo: [[9, 16, 19, 8, 18, 17, 0, 4, 7, 11, 21, 2, 1, 3, 5, 6, 13, 15, 20, 12, 14, 22, 10], [0, 1, 1, 1, 1, 1, 1, 1, 1, 0, 1, 1, 1, 1, 0, 0, 0, 0, 0, 1, 0, 0, 0]]
Fitness:  105.875
Gens:  [0, 1, 2, 3, 4, 5, 6, 7, 8, 9, 10, 11, 12, 13, 14, 15, 16, 17, 18, 19, 20, 21, 22, 23, 24, 25, 26, 27, 28, 29, 30, 31, 32, 33, 34, 35, 36, 37, 38, 39, 40, 41, 42, 43, 44, 45, 46, 47, 48, 49, 50, 51, 52, 53, 54, 55, 56, 57, 58, 59, 60, 61, 62, 63, 64, 65, 66, 67, 68, 69, 70, 71, 72, 73, 74, 75, 76, 77, 78, 79, 80, 81, 82, 83, 84, 85, 86, 87, 88, 89, 90, 91, 92, 93, 94, 95, 96, 97, 98, 99, 100, 101, 102, 103, 104, 105, 106, 107, 108, 109, 110, 111, 112, 113, 114, 115, 116, 117, 118, 119]
Inds:  [110.25, 110.125, 109.625, 109.625, 109.625, 109.375, 109.125, 108.875, 108.875, 108.625, 108.625, 108.625, 108.375, 108.0, 108.0, 107.75, 107.75, 107.75, 107.5, 107.5, 107.5, 107.5, 107.25, 107.125, 107.125, 107.125, 107.0, 106.875, 106.75, 106.75, 106.75, 106.75, 106.625, 106.5, 106.375, 106.375, 106.375, 106.375, 106.375, 106.375, 106.125, 106.125, 106.125, 106.125, 106.125, 106.125, 106.125, 106.125, 106.0, 106.0, 105.875, 105.875, 105.875, 105.875, 105.875, 105.875, 105.875, 105.875, 105.875, 105.875, 105.875, 105.875, 105.875, 105.875, 105.875, 105.875, 105.875, 105.875, 105.875, 105.875, 105.875, 105.875, 105.875, 105.875, 105.875, 105.875, 105.875, 105.875, 105.875, 105.875, 105.875, 105.875, 105.875, 105.875, 105.875, 105.875, 105.875, 105.875, 105.875, 105.875, 105.875, 105.875, 105.875, 105.875, 105.875, 105.875, 105.875, 105.875, 105.875, 105.875, 105.875, 105.875, 105.875, 105.875, 105.875, 105.875, 105.875, 105.875, 105.875, 105.875, 105.875, 105.875, 105.875, 105.875, 105.875, 105.875, 105.875, 105.875, 105.875, 105.875]

Execution 7:
Parametros: Y=0.999
Start Time (hh:mm:ss.ms) 2023-07-16 20:20:16.966503
generations	MaxGenenerations	Populationk1	Populationk	PopulationElite	PopulationMutant	fitnessElite	alpha	min    	max    	avg    	std     
0          	0               	0           	0          	0              	0               	0           	0    	110.375	114.625	112.652	0.617547
1          	123.787         	999         	1000       	100            	200             	111.65      	0.3  	110.25 	114.375	112.171	0.701819
3          	123.57          	997         	998        	103            	197             	111.363     	0.296	109.875	114    	111.832	0.796547
4          	123.15          	996         	997        	104            	196             	111.092     	0.295	109.625	114    	111.752	0.8571  
7          	122.9           	993         	994        	107            	192             	110.967     	0.290	109.375	114.375	111.458	0.962031
8          	122.635         	992         	993        	108            	190             	110.818     	0.288	108.875	114.25 	111.405	0.997772
9          	122.059         	991         	992        	109            	189             	110.417     	0.286	108.75 	114.375	111.357	1.04766 
11         	121.919         	989         	990        	112            	186             	110.31      	0.283	108.375	114    	111.195	1.10822 
16         	121.453         	984         	985        	117            	179             	109.889     	0.275	108.25 	114.375	110.587	1.33569 
18         	121.374         	982         	983        	119            	176             	109.916     	0.271	108    	114    	110.393	1.42085 
19         	121.048         	981         	982        	120            	175             	109.622     	0.270	107.625	114.25 	110.26 	1.47068 
20         	120.658         	980         	981        	122            	173             	109.404     	0.268	107.375	114.25 	110.107	1.52484 
26         	120.348         	974         	975        	128            	165             	109.087     	0.258	107.25 	114.125	109.675	1.73472 
30         	120.192         	970         	971        	133            	159             	108.918     	0.251	107.125	114    	109.506	1.83597 
31         	120.067         	969         	970        	134            	158             	108.844     	0.250	107    	114    	109.473	1.79895 
35         	119.942         	965         	966        	138            	152             	108.734     	0.243	106.875	114.375	109.342	1.88395 
40         	119.787         	960         	961        	143            	146             	108.549     	0.234	106.75 	114    	109.222	1.92599 
42         	119.662         	958         	959        	146            	143             	108.457     	0.231	106.625	114.125	109.048	1.94865 
48         	119.507         	952         	953        	152            	135             	108.257     	0.221	106.5  	114    	108.939	1.95684 
53         	119.352         	947         	948        	157            	128             	108.07      	0.212	106.375	114.25 	108.758	1.97609 
54         	119.257         	946         	947        	158            	127             	108.038     	0.211	106    	114    	108.733	1.992   
End Time (hh:mm:ss.ms) 2023-07-16 20:20:29.695502
Total Time (hh:mm:ss.ms) 0:00:12.728999
Individuo: [[10, 2, 3, 5, 17, 15, 13, 12, 20, 1, 22, 14, 6, 0, 4, 21, 11, 16, 19, 8, 18, 7, 9], [1, 0, 1, 0, 0, 1, 1, 1, 1, 1, 1, 1, 1, 1, 1, 0, 1, 1, 1, 1, 1, 1, 1]]
Fitness:  106.0
Gens:  [0, 1, 2, 3, 4, 5, 6, 7, 8, 9, 10, 11, 12, 13, 14, 15, 16, 17, 18, 19, 20, 21, 22, 23, 24, 25, 26, 27, 28, 29, 30, 31, 32, 33, 34, 35, 36, 37, 38, 39, 40, 41, 42, 43, 44, 45, 46, 47, 48, 49, 50, 51, 52, 53, 54, 55, 56, 57, 58, 59, 60, 61, 62, 63, 64, 65, 66, 67, 68, 69, 70, 71, 72, 73, 74, 75, 76, 77, 78, 79, 80, 81, 82, 83, 84, 85, 86, 87, 88, 89, 90, 91, 92, 93, 94, 95, 96, 97, 98, 99, 100, 101, 102, 103, 104, 105, 106, 107, 108, 109, 110, 111, 112, 113, 114, 115, 116, 117, 118, 119]
Inds:  [110.375, 110.25, 110.25, 109.875, 109.625, 109.625, 109.625, 109.375, 108.875, 108.75, 108.75, 108.375, 108.375, 108.375, 108.375, 108.375, 108.25, 108.25, 108.0, 107.625, 107.375, 107.375, 107.375, 107.375, 107.375, 107.375, 107.25, 107.25, 107.25, 107.25, 107.125, 107.0, 107.0, 107.0, 107.0, 106.875, 106.875, 106.875, 106.875, 106.875, 106.75, 106.75, 106.625, 106.625, 106.625, 106.625, 106.625, 106.625, 106.5, 106.5, 106.5, 106.5, 106.5, 106.375, 106.0, 106.0, 106.0, 106.0, 106.0, 106.0, 106.0, 106.0, 106.0, 106.0, 106.0, 106.0, 106.0, 106.0, 106.0, 106.0, 106.0, 106.0, 106.0, 106.0, 106.0, 106.0, 106.0, 106.0, 106.0, 106.0, 106.0, 106.0, 106.0, 106.0, 106.0, 106.0, 106.0, 106.0, 106.0, 106.0, 106.0, 106.0, 106.0, 106.0, 106.0, 106.0, 106.0, 106.0, 106.0, 106.0, 106.0, 106.0, 106.0, 106.0, 106.0, 106.0, 106.0, 106.0, 106.0, 106.0, 106.0, 106.0, 106.0, 106.0, 106.0, 106.0, 106.0, 106.0, 106.0, 106.0]

Execution 8:
Parametros: Y=0.999
Start Time (hh:mm:ss.ms) 2023-07-16 20:20:30.368529
generations	MaxGenenerations	Populationk1	Populationk	PopulationElite	PopulationMutant	fitnessElite	alpha	min  	max   	avg    	std     
0          	0               	0           	0          	0              	0               	0           	0    	110.5	114.25	112.668	0.630638
1          	123.881         	999         	1000       	100            	200             	111.625     	0.3  	110  	114   	112.18 	0.663771
2          	123.29          	998         	999        	102            	199             	111.194     	0.298	109.75	114.125	111.992	0.758267
5          	123.056         	995         	996        	105            	195             	111.107     	0.293	109.5 	114    	111.653	0.899848
8          	122.745         	992         	993        	108            	190             	110.835     	0.288	109.125	114.375	111.442	0.999643
10         	122.34          	990         	991        	110            	188             	110.587     	0.285	109    	114.375	111.265	1.06706 
12         	122.23          	988         	989        	113            	185             	110.551     	0.282	108.5  	114    	111.091	1.12719 
16         	121.639         	984         	985        	117            	179             	110.083     	0.275	108.25 	114    	110.777	1.26266 
17         	121.328         	983         	984        	118            	178             	109.823     	0.273	108.125	114.125	110.624	1.31067 
18         	121.203         	982         	983        	119            	176             	109.757     	0.271	108    	114.25 	110.543	1.31505 
20         	121.063         	980         	981        	122            	173             	109.645     	0.268	107.875	114.125	110.451	1.37568 
22         	120.908         	978         	979        	124            	171             	109.5       	0.265	107.75 	114.25 	110.296	1.46924 
25         	120.783         	975         	976        	127            	166             	109.409     	0.260	107.25 	114    	110.089	1.51472 
30         	120.238         	970         	971        	133            	159             	109.012     	0.251	107.125	114    	109.733	1.69404 
33         	120.112         	967         	968        	136            	155             	108.914     	0.246	107    	114    	109.518	1.75136 
34         	119.927         	966         	967        	137            	154             	108.715     	0.244	106.875	114.25 	109.419	1.80721 
38         	119.832         	962         	963        	141            	148             	108.662     	0.238	106.625	114.25 	109.218	1.86386 
42         	119.522         	958         	959        	146            	143             	108.36      	0.231	106.375	113.875	108.943	1.92696 
46         	119.227         	954         	955        	150            	137             	108.087     	0.224	106.25 	114    	108.706	2.03675 
56         	119.102         	944         	945        	160            	124             	107.885     	0.207	106.125	114.125	108.405	2.15114 
61         	118.961         	939         	940        	165            	117             	107.718     	0.199	106    	114.25 	108.229	2.14486 
68         	118.836         	932         	933        	173            	108             	107.545     	0.187	105.875	114.5  	108.076	2.1604  
End Time (hh:mm:ss.ms) 2023-07-16 20:20:42.752502
Total Time (hh:mm:ss.ms) 0:00:12.383973
Individuo: [[10, 2, 11, 7, 20, 18, 17, 0, 3, 1, 4, 21, 5, 6, 22, 14, 12, 13, 15, 8, 19, 16, 9], [1, 0, 1, 0, 0, 1, 1, 1, 0, 0, 1, 0, 0, 0, 1, 1, 0, 0, 0, 0, 0, 0, 1]]
Fitness:  105.875
Gens:  [0, 1, 2, 3, 4, 5, 6, 7, 8, 9, 10, 11, 12, 13, 14, 15, 16, 17, 18, 19, 20, 21, 22, 23, 24, 25, 26, 27, 28, 29, 30, 31, 32, 33, 34, 35, 36, 37, 38, 39, 40, 41, 42, 43, 44, 45, 46, 47, 48, 49, 50, 51, 52, 53, 54, 55, 56, 57, 58, 59, 60, 61, 62, 63, 64, 65, 66, 67, 68, 69, 70, 71, 72, 73, 74, 75, 76, 77, 78, 79, 80, 81, 82, 83, 84, 85, 86, 87, 88, 89, 90, 91, 92, 93, 94, 95, 96, 97, 98, 99, 100, 101, 102, 103, 104, 105, 106, 107, 108, 109, 110, 111, 112, 113, 114, 115, 116, 117, 118, 119]
Inds:  [110.5, 110.0, 109.75, 109.75, 109.75, 109.5, 109.5, 109.5, 109.125, 109.125, 109.0, 109.0, 108.5, 108.5, 108.5, 108.5, 108.25, 108.125, 108.0, 108.0, 107.875, 107.875, 107.75, 107.75, 107.75, 107.25, 107.25, 107.25, 107.25, 107.25, 107.125, 107.125, 107.125, 107.0, 106.875, 106.875, 106.875, 106.875, 106.625, 106.625, 106.625, 106.625, 106.375, 106.375, 106.375, 106.375, 106.25, 106.25, 106.25, 106.25, 106.25, 106.25, 106.25, 106.25, 106.25, 106.25, 106.125, 106.125, 106.125, 106.125, 106.125, 106.0, 106.0, 106.0, 106.0, 106.0, 106.0, 106.0, 105.875, 105.875, 105.875, 105.875, 105.875, 105.875, 105.875, 105.875, 105.875, 105.875, 105.875, 105.875, 105.875, 105.875, 105.875, 105.875, 105.875, 105.875, 105.875, 105.875, 105.875, 105.875, 105.875, 105.875, 105.875, 105.875, 105.875, 105.875, 105.875, 105.875, 105.875, 105.875, 105.875, 105.875, 105.875, 105.875, 105.875, 105.875, 105.875, 105.875, 105.875, 105.875, 105.875, 105.875, 105.875, 105.875, 105.875, 105.875, 105.875, 105.875, 105.875, 105.875]

Execution 9:
Parametros: Y=0.999
Start Time (hh:mm:ss.ms) 2023-07-16 20:20:43.484502
generations	MaxGenenerations	Populationk1	Populationk	PopulationElite	PopulationMutant	fitnessElite	alpha	min    	max   	avg    	std     
0          	0               	0           	0          	0              	0               	0           	0    	110.625	114.25	112.657	0.619191
1          	124.021         	999         	1000       	100            	200             	111.713     	0.3  	109.5  	114.625	112.189	0.708693
2          	122.806         	998         	999        	102            	199             	111.029     	0.298	108.75 	114.25 	111.903	0.775964
5          	121.934         	995         	996        	105            	195             	110.401     	0.293	108.375	114.5  	111.253	1.10927 
10         	121.514         	990         	991        	110            	188             	110.086     	0.285	108.25 	114.125	110.808	1.31926 
14         	121.344         	986         	987        	115            	182             	109.887     	0.278	108.125	114    	110.566	1.4088  
15         	121.188         	985         	986        	116            	180             	109.752     	0.276	107.875	114.375	110.515	1.47171 
16         	120.953         	984         	985        	117            	179             	109.664     	0.275	107.75 	114.25 	110.459	1.49386 
20         	120.813         	980         	981        	122            	173             	109.529     	0.268	107.625	114.25 	110.125	1.5705  
21         	120.658         	979         	980        	123            	172             	109.393     	0.266	107.25 	113.875	110.032	1.64904 
25         	120.253         	975         	976        	127            	166             	109.103     	0.260	107    	113.875	109.597	1.77781 
31         	119.927         	969         	970        	134            	158             	108.75      	0.249	106.875	114.5  	109.334	1.92332 
36         	119.787         	964         	965        	139            	151             	108.596     	0.241	106.75 	113.875	109.08 	1.95458 
50         	119.707         	950         	951        	154            	132             	108.441     	0.218	106.5  	114.375	108.871	2.1148  
End Time (hh:mm:ss.ms) 2023-07-16 20:20:55.965504
Total Time (hh:mm:ss.ms) 0:00:12.481002
Individuo: [[1, 22, 14, 6, 5, 4, 3, 0, 17, 2, 10, 16, 7, 18, 20, 12, 13, 15, 8, 19, 21, 11, 9], [1, 1, 1, 1, 1, 0, 0, 0, 1, 1, 0, 1, 0, 1, 0, 0, 0, 0, 0, 0, 0, 1, 1]]
Fitness:  106.5
Gens:  [0, 1, 2, 3, 4, 5, 6, 7, 8, 9, 10, 11, 12, 13, 14, 15, 16, 17, 18, 19, 20, 21, 22, 23, 24, 25, 26, 27, 28, 29, 30, 31, 32, 33, 34, 35, 36, 37, 38, 39, 40, 41, 42, 43, 44, 45, 46, 47, 48, 49, 50, 51, 52, 53, 54, 55, 56, 57, 58, 59, 60, 61, 62, 63, 64, 65, 66, 67, 68, 69, 70, 71, 72, 73, 74, 75, 76, 77, 78, 79, 80, 81, 82, 83, 84, 85, 86, 87, 88, 89, 90, 91, 92, 93, 94, 95, 96, 97, 98, 99, 100, 101, 102, 103, 104, 105, 106, 107, 108, 109, 110, 111, 112, 113, 114, 115, 116, 117, 118, 119, 120]
Inds:  [110.625, 109.5, 108.75, 108.75, 108.75, 108.375, 108.375, 108.375, 108.375, 108.375, 108.25, 108.25, 108.25, 108.25, 108.125, 107.875, 107.75, 107.75, 107.75, 107.75, 107.625, 107.25, 107.25, 107.25, 107.25, 107.0, 107.0, 107.0, 107.0, 107.0, 107.0, 106.875, 106.875, 106.875, 106.875, 106.875, 106.75, 106.75, 106.75, 106.75, 106.75, 106.75, 106.75, 106.75, 106.75, 106.75, 106.75, 106.75, 106.75, 106.75, 106.5, 106.5, 106.5, 106.5, 106.5, 106.5, 106.5, 106.5, 106.5, 106.5, 106.5, 106.5, 106.5, 106.5, 106.5, 106.5, 106.5, 106.5, 106.5, 106.5, 106.5, 106.5, 106.5, 106.5, 106.5, 106.5, 106.5, 106.5, 106.5, 106.5, 106.5, 106.5, 106.5, 106.5, 106.5, 106.5, 106.5, 106.5, 106.5, 106.5, 106.5, 106.5, 106.5, 106.5, 106.5, 106.5, 106.5, 106.5, 106.5, 106.5, 106.5, 106.5, 106.5, 106.5, 106.5, 106.5, 106.5, 106.5, 106.5, 106.5, 106.5, 106.5, 106.5, 106.5, 106.5, 106.5, 106.5, 106.5, 106.5, 106.5, 106.5]

Execution 10:
Parametros: Y=0.999
Start Time (hh:mm:ss.ms) 2023-07-16 20:20:56.759502
generations	MaxGenenerations	Populationk1	Populationk	PopulationElite	PopulationMutant	fitnessElite	alpha	min    	max    	avg    	std     
0          	0               	0           	0          	0              	0               	0           	0    	110.375	114.625	112.658	0.608788
1          	123.787         	999         	1000       	100            	200             	111.65      	0.3  	110.125	114.125	112.18 	0.724461
2          	123.445         	998         	999        	102            	199             	111.319     	0.298	110    	114    	111.942	0.782689
4          	123.336         	996         	997        	104            	196             	111.291     	0.295	109.375	114    	111.766	0.864464
8          	122.62          	992         	993        	108            	190             	110.782     	0.288	108.625	114.375	111.465	1.03353 
15         	121.81          	985         	986        	116            	181             	110.252     	0.277	108.375	114.125	110.642	1.31412 
16         	121.484         	984         	985        	117            	179             	109.958     	0.275	107.75 	114.25 	110.498	1.35569 
18         	120.768         	982         	983        	119            	176             	109.449     	0.271	107.5  	114.25 	110.113	1.45922 
19         	120.518         	981         	982        	121            	175             	109.323     	0.270	107.375	114.375	110.014	1.57532 
22         	120.348         	978         	979        	124            	171             	109.131     	0.265	107.125	113.875	109.679	1.68761 
23         	120.052         	977         	978        	125            	169             	108.903     	0.263	106.875	114.125	109.654	1.73724 
27         	119.802         	973         	974        	129            	163             	108.735     	0.256	106.75 	114.125	109.376	1.855   
29         	119.662         	971         	972        	132            	161             	108.617     	0.253	106.25 	114    	109.218	1.96393 
32         	119.131         	968         	969        	135            	156             	108.265     	0.247	106.125	114.25 	108.981	2.07969 
34         	118.961         	966         	967        	137            	154             	108.081     	0.244	106    	114.375	108.817	2.17215 
42         	118.807         	958         	959        	146            	143             	107.848     	0.230	105.875	114.125	108.437	2.32109 
58         	118.711         	942         	943        	163            	121             	107.609     	0.203	105.75 	114.125	108.115	2.30928 
End Time (hh:mm:ss.ms) 2023-07-16 20:21:08.952501
Total Time (hh:mm:ss.ms) 0:00:12.192999
Individuo: [[10, 2, 0, 6, 12, 14, 22, 1, 3, 4, 21, 11, 7, 20, 13, 15, 17, 5, 18, 8, 19, 16, 9], [1, 0, 0, 0, 1, 0, 0, 0, 1, 1, 0, 1, 0, 0, 0, 0, 1, 1, 0, 0, 0, 0, 1]]
Fitness:  105.75
Gens:  [0, 1, 2, 3, 4, 5, 6, 7, 8, 9, 10, 11, 12, 13, 14, 15, 16, 17, 18, 19, 20, 21, 22, 23, 24, 25, 26, 27, 28, 29, 30, 31, 32, 33, 34, 35, 36, 37, 38, 39, 40, 41, 42, 43, 44, 45, 46, 47, 48, 49, 50, 51, 52, 53, 54, 55, 56, 57, 58, 59, 60, 61, 62, 63, 64, 65, 66, 67, 68, 69, 70, 71, 72, 73, 74, 75, 76, 77, 78, 79, 80, 81, 82, 83, 84, 85, 86, 87, 88, 89, 90, 91, 92, 93, 94, 95, 96, 97, 98, 99, 100, 101, 102, 103, 104, 105, 106, 107, 108, 109, 110, 111, 112, 113, 114, 115, 116, 117, 118, 119]
Inds:  [110.375, 110.125, 110.0, 110.0, 109.375, 109.375, 109.375, 109.375, 108.625, 108.625, 108.625, 108.625, 108.625, 108.625, 108.625, 108.375, 107.75, 107.75, 107.5, 107.375, 107.375, 107.375, 107.125, 106.875, 106.875, 106.875, 106.875, 106.75, 106.75, 106.25, 106.25, 106.25, 106.125, 106.125, 106.0, 106.0, 106.0, 106.0, 106.0, 106.0, 106.0, 106.0, 105.875, 105.875, 105.875, 105.875, 105.875, 105.875, 105.875, 105.875, 105.875, 105.875, 105.875, 105.875, 105.875, 105.875, 105.875, 105.875, 105.75, 105.75, 105.75, 105.75, 105.75, 105.75, 105.75, 105.75, 105.75, 105.75, 105.75, 105.75, 105.75, 105.75, 105.75, 105.75, 105.75, 105.75, 105.75, 105.75, 105.75, 105.75, 105.75, 105.75, 105.75, 105.75, 105.75, 105.75, 105.75, 105.75, 105.75, 105.75, 105.75, 105.75, 105.75, 105.75, 105.75, 105.75, 105.75, 105.75, 105.75, 105.75, 105.75, 105.75, 105.75, 105.75, 105.75, 105.75, 105.75, 105.75, 105.75, 105.75, 105.75, 105.75, 105.75, 105.75, 105.75, 105.75, 105.75, 105.75, 105.75, 105.75]

