A-BRKGA-Heuristic:

Execution 1:
Parametros: Y=0.997
Start Time (hh:mm:ss.ms) 2023-07-16 20:46:13.000394
generations	MaxGenenerations	Populationk1	Populationk	PopulationElite	PopulationMutant	fitnessElite	alpha	min    	max   	avg    	std     
0          	0               	0           	0          	0              	0               	0           	0    	134.125	138.75	136.543	0.816897
1          	203.496         	997         	1000       	100            	200             	135.512     	0.3  	133.188	138.938	135.923	0.879345
3          	201.619         	991         	994        	101            	197             	134.622     	0.298	133.125	139.375	135.644	1.03963 
4          	202.359         	988         	991        	101            	196             	134.981     	0.297	132.875	138.625	135.502	1.0592  
5          	201.524         	985         	988        	102            	195             	134.577     	0.296	132.438	138.875	135.311	1.09609 
6          	201.011         	982         	985        	102            	193             	134.337     	0.295	132.375	138.562	135.227	1.14449 
8          	200.954         	976         	979        	103            	191             	134.298     	0.293	132.125	138.188	134.91 	1.21641 
11         	200.161         	967         	970        	104            	187             	133.901     	0.290	131.75 	138.688	134.624	1.34218 
12         	199.855         	964         	967        	105            	185             	133.755     	0.288	131.438	139.25 	134.528	1.40535 
13         	199.719         	961         	964        	105            	184             	133.687     	0.287	131.188	138.625	134.421	1.43337 
17         	199.114         	949         	952        	107            	179             	133.37      	0.283	130.688	138.562	133.898	1.68688 
19         	198.43          	943         	946        	108            	176             	133.03      	0.281	130.562	138.438	133.659	1.81873 
22         	198.054         	934         	937        	109            	172             	132.828     	0.278	130.438	138.688	133.557	1.92525 
26         	197.827         	922         	925        	110            	167             	132.687     	0.274	130.375	138.5  	133.258	1.98666 
27         	197.658         	919         	922        	111            	166             	132.599     	0.273	130.062	138.75 	133.253	1.99094 
30         	196.962         	910         	913        	112            	162             	132.244     	0.270	129.875	138.062	133.015	2.08485 
31         	196.642         	907         	910        	112            	161             	132.081     	0.269	129.5  	138.688	132.946	2.14286 
34         	196.184         	898         	901        	113            	157             	131.831     	0.266	129.438	138.875	132.729	2.20087 
35         	196.458         	895         	898        	113            	156             	131.942     	0.265	129.312	138.438	132.77 	2.24875 
39         	196.084         	883         	886        	114            	151             	131.729     	0.261	129.125	139.25 	132.448	2.35979 
43         	195.8           	871         	874        	116            	147             	131.551     	0.257	129    	138.438	132.352	2.48283 
45         	195.5           	865         	868        	116            	144             	131.391     	0.254	128.938	138.812	132.058	2.49066 
46         	195.662         	862         	865        	116            	143             	131.446     	0.254	128.875	138    	132.308	2.48551 
48         	195.531         	856         	859        	117            	141             	131.363     	0.251	128.812	138.375	132.114	2.50242 
50         	194.996         	850         	853        	118            	138             	131.107     	0.249	128.75 	138.875	131.956	2.59427 
53         	195.121         	841         	844        	118            	135             	131.124     	0.246	128.625	138.5  	131.881	2.66451 
54         	195.005         	838         	841        	118            	134             	131.051     	0.245	128.562	138.688	131.785	2.69169 
57         	195.24          	829         	832        	119            	131             	131.11      	0.242	128.438	138.5  	131.782	2.69045 
59         	194.684         	823         	826        	120            	128             	130.842     	0.240	128.312	138.438	131.529	2.72639 
64         	194.531         	808         	811        	121            	123             	130.709     	0.235	128.25 	138.438	131.461	2.78415 
66         	194.364         	802         	805        	121            	121             	130.61      	0.233	128.125	138.75 	131.336	2.78185 
67         	194.393         	799         	802        	121            	120             	130.591     	0.232	128.062	139.062	131.311	2.79443 
68         	194.481         	796         	799        	121            	119             	130.605     	0.231	127.75 	138.25 	131.259	2.79044 
76         	193.533         	772         	775        	123            	110             	130.086     	0.222	127.688	138.688	130.827	2.87109 
79         	193.802         	763         	766        	123            	107             	130.143     	0.219	127.5  	138.75 	130.832	2.90541 
81         	193.227         	757         	760        	123            	105             	129.862     	0.217	127.375	138.375	130.727	2.97975 
89         	193.364         	733         	736        	124            	97              	129.791     	0.208	127.25 	138.5  	130.559	2.96345 
End Time (hh:mm:ss.ms) 2023-07-16 20:46:32.384394
Total Time (hh:mm:ss.ms) 0:00:19.384000
Individuo: [[12, 4, 5, 23, 15, 14, 6, 17, 19, 8, 3, 0, 20, 9, 18, 22, 10, 21, 16, 26, 27, 7, 24, 28, 1, 2, 25, 13, 11], [1, 0, 1, 0, 1, 1, 1, 1, 1, 1, 1, 0, 0, 1, 1, 1, 1, 0, 1, 1, 1, 1, 1, 0, 0, 0, 0, 1, 1]]
Fitness:  127.25
Gens:  [0, 1, 2, 3, 4, 5, 6, 7, 8, 9, 10, 11, 12, 13, 14, 15, 16, 17, 18, 19, 20, 21, 22, 23, 24, 25, 26, 27, 28, 29, 30, 31, 32, 33, 34, 35, 36, 37, 38, 39, 40, 41, 42, 43, 44, 45, 46, 47, 48, 49, 50, 51, 52, 53, 54, 55, 56, 57, 58, 59, 60, 61, 62, 63, 64, 65, 66, 67, 68, 69, 70, 71, 72, 73, 74, 75, 76, 77, 78, 79, 80, 81, 82, 83, 84, 85, 86, 87, 88, 89, 90, 91, 92, 93, 94, 95, 96, 97, 98, 99, 100, 101, 102, 103, 104, 105, 106, 107, 108, 109, 110, 111, 112, 113, 114, 115, 116, 117, 118, 119, 120, 121, 122, 123, 124, 125, 126, 127, 128, 129, 130, 131, 132, 133, 134, 135, 136, 137, 138, 139, 140, 141, 142, 143, 144, 145, 146, 147, 148, 149, 150, 151, 152, 153, 154, 155, 156, 157, 158, 159, 160, 161, 162, 163, 164, 165, 166, 167, 168, 169, 170, 171, 172, 173, 174, 175, 176, 177, 178, 179, 180, 181, 182, 183, 184, 185, 186, 187, 188, 189, 190, 191, 192, 193]
Inds:  [134.125, 133.1875, 133.1875, 133.125, 132.875, 132.4375, 132.375, 132.375, 132.125, 132.125, 132.125, 131.75, 131.4375, 131.1875, 131.1875, 131.1875, 131.1875, 130.6875, 130.6875, 130.5625, 130.5625, 130.5625, 130.4375, 130.4375, 130.4375, 130.4375, 130.375, 130.0625, 130.0625, 130.0625, 129.875, 129.5, 129.5, 129.5, 129.4375, 129.3125, 129.3125, 129.3125, 129.3125, 129.125, 129.125, 129.125, 129.125, 129.0, 129.0, 128.9375, 128.875, 128.875, 128.8125, 128.8125, 128.75, 128.75, 128.75, 128.625, 128.5625, 128.5625, 128.5625, 128.4375, 128.4375, 128.3125, 128.3125, 128.3125, 128.3125, 128.3125, 128.25, 128.25, 128.125, 128.0625, 127.75, 127.75, 127.75, 127.75, 127.75, 127.75, 127.75, 127.75, 127.6875, 127.6875, 127.6875, 127.5, 127.5, 127.375, 127.375, 127.375, 127.375, 127.375, 127.375, 127.375, 127.375, 127.25, 127.25, 127.25, 127.25, 127.25, 127.25, 127.25, 127.25, 127.25, 127.25, 127.25, 127.25, 127.25, 127.25, 127.25, 127.25, 127.25, 127.25, 127.25, 127.25, 127.25, 127.25, 127.25, 127.25, 127.25, 127.25, 127.25, 127.25, 127.25, 127.25, 127.25, 127.25, 127.25, 127.25, 127.25, 127.25, 127.25, 127.25, 127.25, 127.25, 127.25, 127.25, 127.25, 127.25, 127.25, 127.25, 127.25, 127.25, 127.25, 127.25, 127.25, 127.25, 127.25, 127.25, 127.25, 127.25, 127.25, 127.25, 127.25, 127.25, 127.25, 127.25, 127.25, 127.25, 127.25, 127.25, 127.25, 127.25, 127.25, 127.25, 127.25, 127.25, 127.25, 127.25, 127.25, 127.25, 127.25, 127.25, 127.25, 127.25, 127.25, 127.25, 127.25, 127.25, 127.25, 127.25, 127.25, 127.25, 127.25, 127.25, 127.25, 127.25, 127.25, 127.25, 127.25, 127.25, 127.25, 127.25, 127.25, 127.25, 127.25, 127.25, 127.25, 127.25, 127.25]

Execution 2:
Parametros: Y=0.997
Start Time (hh:mm:ss.ms) 2023-07-16 20:46:33.098397
generations	MaxGenenerations	Populationk1	Populationk	PopulationElite	PopulationMutant	fitnessElite	alpha	min    	max    	avg    	std     
0          	0               	0           	0          	0              	0               	0           	0    	133.875	138.625	136.566	0.816212
1          	203.041         	997         	1000       	100            	200             	135.3       	0.3  	133.312	138.375	135.931	0.871118
2          	202.036         	994         	997        	101            	199             	134.826     	0.299	133.062	138.812	135.718	0.965369
3          	201.922         	991         	994        	101            	197             	134.776     	0.298	133    	138.5  	135.526	0.98788 
4          	201.638         	988         	991        	102            	196             	134.634     	0.297	132.688	138.812	135.484	1.10064 
6          	201.202         	982         	985        	102            	193             	134.421     	0.295	132.625	138.625	135.236	1.14263 
7          	201.145         	979         	982        	103            	192             	134.389     	0.294	132.562	138.75 	135.166	1.17715 
8          	201.126         	976         	979        	103            	191             	134.376     	0.293	131.938	138.75 	135.078	1.2123  
9          	200.177         	973         	976        	104            	189             	133.927     	0.292	131.812	138.75 	134.967	1.27665 
11         	200.063         	967         	970        	104            	187             	133.861     	0.290	131.688	138.562	134.744	1.36203 
13         	199.648         	961         	964        	105            	184             	133.649     	0.287	130.875	138.812	134.62 	1.43058 
16         	198.454         	952         	955        	106            	180             	133.065     	0.284	130.75 	138.688	134.247	1.5821  
21         	198.301         	937         	940        	108            	174             	132.954     	0.279	130.562	138.438	133.832	1.79084 
23         	197.905         	931         	934        	109            	171             	132.75      	0.277	130.5  	138.5  	133.566	1.8783  
24         	197.848         	928         	931        	109            	170             	132.714     	0.276	130.375	138.688	133.46 	1.94928 
26         	197.732         	922         	925        	110            	167             	132.641     	0.274	130.312	138.375	133.234	1.99977 
27         	197.489         	919         	922        	111            	166             	132.519     	0.273	130    	139    	133.206	2.0442  
29         	197.127         	913         	916        	111            	164             	132.326     	0.271	129.938	138.562	133.048	2.12657 
31         	196.884         	907         	910        	112            	161             	132.195     	0.269	129.875	138.375	132.906	2.16661 
32         	196.826         	904         	907        	112            	160             	132.157     	0.268	129.562	138.375	132.844	2.23056 
33         	196.353         	901         	904        	113            	159             	131.919     	0.267	129.438	139.062	132.784	2.2631  
39         	196.384         	883         	886        	114            	151             	131.871     	0.261	129.188	138.938	132.514	2.30291 
46         	195.784         	862         	865        	116            	143             	131.521     	0.254	129.062	138.25 	132.291	2.45284 
47         	195.521         	859         	862        	117            	142             	131.386     	0.252	128.812	138.688	132.246	2.49973 
54         	195.436         	838         	841        	118            	134             	131.255     	0.245	128.75 	138.25 	132.077	2.56189 
55         	195.048         	835         	838        	119            	133             	131.074     	0.244	128.625	138.125	131.776	2.56674 
58         	194.859         	826         	829        	119            	129             	130.949     	0.241	128.312	138.5  	131.732	2.64425 
67         	194.458         	799         	802        	121            	120             	130.648     	0.232	128.25 	138.312	131.469	2.7693  
72         	194.51          	784         	787        	122            	114             	130.605     	0.226	128.125	138.375	131.265	2.77791 
75         	194.211         	775         	778        	122            	111             	130.433     	0.223	128    	138.125	131.251	2.77908 
79         	193.948         	763         	766        	123            	107             	130.264     	0.219	127.938	138.312	131.129	2.87196 
81         	193.963         	757         	760        	123            	105             	130.235     	0.217	127.875	138.375	131.037	2.77672 
85         	193.795         	745         	748        	123            	101             	130.115     	0.213	127.812	138.562	131.093	2.8883  
98         	193.81          	706         	709        	124            	89              	129.961     	0.199	127.75 	137.938	130.664	2.87063 
113        	193.824         	662         	664        	124            	76              	129.779     	0.184	127.688	138    	130.455	2.90487 
125        	193.62          	638         	640        	126            	67              	129.557     	0.171	127.625	138.562	130.24 	2.87845 
130        	193.598         	628         	630        	126            	63              	129.469     	0.166	127.562	138.125	130.251	2.87682 
End Time (hh:mm:ss.ms) 2023-07-16 20:46:52.057396
Total Time (hh:mm:ss.ms) 0:00:18.958999
Individuo: [[12, 1, 3, 4, 25, 5, 21, 16, 14, 8, 0, 2, 28, 17, 19, 7, 24, 6, 10, 22, 18, 9, 27, 26, 15, 23, 20, 13, 11], [1, 1, 1, 1, 0, 0, 0, 1, 1, 1, 1, 1, 1, 0, 0, 1, 1, 0, 0, 0, 0, 0, 0, 0, 1, 1, 1, 1, 1]]
Fitness:  127.5625
Gens:  [0, 1, 2, 3, 4, 5, 6, 7, 8, 9, 10, 11, 12, 13, 14, 15, 16, 17, 18, 19, 20, 21, 22, 23, 24, 25, 26, 27, 28, 29, 30, 31, 32, 33, 34, 35, 36, 37, 38, 39, 40, 41, 42, 43, 44, 45, 46, 47, 48, 49, 50, 51, 52, 53, 54, 55, 56, 57, 58, 59, 60, 61, 62, 63, 64, 65, 66, 67, 68, 69, 70, 71, 72, 73, 74, 75, 76, 77, 78, 79, 80, 81, 82, 83, 84, 85, 86, 87, 88, 89, 90, 91, 92, 93, 94, 95, 96, 97, 98, 99, 100, 101, 102, 103, 104, 105, 106, 107, 108, 109, 110, 111, 112, 113, 114, 115, 116, 117, 118, 119, 120, 121, 122, 123, 124, 125, 126, 127, 128, 129, 130, 131, 132, 133, 134, 135, 136, 137, 138, 139, 140, 141, 142, 143, 144, 145, 146, 147, 148, 149, 150, 151, 152, 153, 154, 155, 156, 157, 158, 159, 160, 161, 162, 163, 164, 165, 166, 167, 168, 169, 170, 171, 172, 173, 174, 175, 176, 177, 178, 179, 180, 181, 182, 183, 184, 185, 186, 187, 188, 189, 190, 191, 192, 193]
Inds:  [133.875, 133.3125, 133.0625, 133.0, 132.6875, 132.6875, 132.625, 132.5625, 131.9375, 131.8125, 131.8125, 131.6875, 131.6875, 130.875, 130.875, 130.875, 130.75, 130.75, 130.75, 130.75, 130.75, 130.5625, 130.5625, 130.5, 130.375, 130.375, 130.3125, 130.0, 130.0, 129.9375, 129.9375, 129.875, 129.5625, 129.4375, 129.4375, 129.4375, 129.4375, 129.4375, 129.4375, 129.1875, 129.1875, 129.1875, 129.1875, 129.1875, 129.1875, 129.1875, 129.0625, 128.8125, 128.8125, 128.8125, 128.8125, 128.8125, 128.8125, 128.8125, 128.75, 128.625, 128.625, 128.625, 128.3125, 128.3125, 128.3125, 128.3125, 128.3125, 128.3125, 128.3125, 128.3125, 128.3125, 128.25, 128.25, 128.25, 128.25, 128.25, 128.125, 128.125, 128.125, 128.0, 128.0, 128.0, 128.0, 127.9375, 127.9375, 127.875, 127.875, 127.875, 127.875, 127.8125, 127.8125, 127.8125, 127.8125, 127.8125, 127.8125, 127.8125, 127.8125, 127.8125, 127.8125, 127.8125, 127.8125, 127.8125, 127.75, 127.75, 127.75, 127.75, 127.75, 127.75, 127.75, 127.75, 127.75, 127.75, 127.75, 127.75, 127.75, 127.75, 127.75, 127.6875, 127.6875, 127.6875, 127.6875, 127.6875, 127.6875, 127.6875, 127.6875, 127.6875, 127.6875, 127.6875, 127.6875, 127.625, 127.625, 127.625, 127.625, 127.625, 127.5625, 127.5625, 127.5625, 127.5625, 127.5625, 127.5625, 127.5625, 127.5625, 127.5625, 127.5625, 127.5625, 127.5625, 127.5625, 127.5625, 127.5625, 127.5625, 127.5625, 127.5625, 127.5625, 127.5625, 127.5625, 127.5625, 127.5625, 127.5625, 127.5625, 127.5625, 127.5625, 127.5625, 127.5625, 127.5625, 127.5625, 127.5625, 127.5625, 127.5625, 127.5625, 127.5625, 127.5625, 127.5625, 127.5625, 127.5625, 127.5625, 127.5625, 127.5625, 127.5625, 127.5625, 127.5625, 127.5625, 127.5625, 127.5625, 127.5625, 127.5625, 127.5625, 127.5625, 127.5625, 127.5625, 127.5625, 127.5625, 127.5625, 127.5625, 127.5625, 127.5625, 127.5625, 127.5625, 127.5625]

Execution 3:
Parametros: Y=0.997
Start Time (hh:mm:ss.ms) 2023-07-16 20:46:52.780422
generations	MaxGenenerations	Populationk1	Populationk	PopulationElite	PopulationMutant	fitnessElite	alpha	min    	max  	avg   	std     
0          	0               	0           	0          	0              	0               	0           	0    	133.875	139.5	136.55	0.839918
1          	203.575         	997         	1000       	100            	200             	135.562     	0.3  	133.75 	138.625	135.979	0.845431
2          	202.851         	994         	997        	101            	199             	135.208     	0.299	133.25 	139.25 	135.766	0.963218
3          	202.473         	991         	994        	101            	197             	135.038     	0.298	132.812	138.875	135.555	0.996264
4          	201.581         	988         	991        	102            	196             	134.613     	0.297	132.625	138.125	135.401	1.05072 
5          	200.843         	985         	988        	102            	195             	134.253     	0.296	132.188	138.5  	135.315	1.15574 
6          	200.406         	982         	985        	102            	193             	134.05      	0.295	131.875	139.25 	135.188	1.18708 
9          	200.195         	973         	976        	104            	189             	133.937     	0.292	131.562	138.25 	134.814	1.30264 
18         	199.571         	946         	949        	107            	178             	133.579     	0.282	131.375	138.562	134.373	1.5264  
23         	199.212         	931         	934        	109            	171             	133.372     	0.277	131.25 	138.5  	134.147	1.54883 
27         	198.947         	919         	922        	110            	166             	133.218     	0.273	130.938	138.562	134.109	1.65839 
30         	198.474         	910         	913        	111            	163             	132.968     	0.270	130.438	138.688	133.961	1.6718  
37         	197.679         	889         	892        	114            	154             	132.53      	0.263	130.062	138.688	133.46 	1.90893 
40         	197.555         	880         	883        	115            	150             	132.423     	0.260	129.938	138.875	133.107	2.04411 
41         	197.217         	877         	880        	115            	149             	132.256     	0.259	129.75 	138.688	132.927	2.11705 
43         	196.711         	871         	874        	115            	147             	132.001     	0.257	129.438	138.375	132.851	2.21442 
44         	196.163         	868         	871        	116            	146             	131.727     	0.256	129.375	138.5  	132.663	2.22682 
46         	196.216         	862         	865        	116            	143             	131.726     	0.254	129.312	138.625	132.571	2.30341 
48         	196.158         	856         	859        	117            	141             	131.676     	0.252	129.25 	138.5  	132.395	2.41516 
49         	195.953         	853         	856        	117            	140             	131.572     	0.251	129.125	138.5  	132.258	2.43519 
50         	195.763         	850         	853        	117            	139             	131.468     	0.249	129.062	139.125	132.221	2.45737 
52         	195.521         	844         	847        	118            	136             	131.339     	0.247	128.875	138.625	132.051	2.49205 
54         	195.531         	838         	841        	118            	134             	131.302     	0.245	128.688	138.562	131.945	2.51513 
58         	195.063         	826         	829        	119            	129             	131.043     	0.241	128.312	138.625	131.829	2.6682  
64         	194.276         	808         	811        	121            	123             	130.605     	0.235	128.25 	138.188	131.374	2.77275 
65         	194.254         	805         	808        	121            	122             	130.576     	0.234	128.125	138.438	131.533	2.80527 
66         	194.211         	802         	805        	121            	121             	130.528     	0.233	128.062	138.312	131.321	2.80983 
70         	194.043         	790         	793        	122            	116             	130.409     	0.228	128    	138.5  	131.044	2.82205 
72         	193.985         	784         	787        	122            	114             	130.353     	0.226	127.875	138.438	131.226	2.90116 
80         	193.722         	760         	763        	123            	106             	130.141     	0.218	127.812	138.438	130.857	2.94998 
81         	193.737         	757         	760        	123            	105             	130.123     	0.217	127.75 	138.438	130.904	2.96768 
84         	194.334         	748         	751        	123            	102             	130.298     	0.214	127.625	138.625	130.938	2.94474 
130        	193.199         	628         	630        	126            	63              	129.352     	0.166	127.562	138.125	130.099	2.95695 
143        	193.431         	602         	604        	127            	55              	129.247     	0.153	127.375	138.75 	129.777	2.81633 
End Time (hh:mm:ss.ms) 2023-07-16 20:47:12.002394
Total Time (hh:mm:ss.ms) 0:00:19.221972
Individuo: [[12, 2, 25, 5, 20, 0, 4, 1, 3, 28, 19, 7, 24, 17, 6, 8, 13, 18, 9, 23, 14, 15, 27, 26, 16, 21, 10, 22, 11], [1, 0, 0, 0, 0, 1, 1, 1, 1, 1, 0, 1, 1, 0, 0, 1, 1, 1, 0, 0, 0, 0, 0, 0, 0, 1, 0, 0, 1]]
Fitness:  127.375
Gens:  [0, 1, 2, 3, 4, 5, 6, 7, 8, 9, 10, 11, 12, 13, 14, 15, 16, 17, 18, 19, 20, 21, 22, 23, 24, 25, 26, 27, 28, 29, 30, 31, 32, 33, 34, 35, 36, 37, 38, 39, 40, 41, 42, 43, 44, 45, 46, 47, 48, 49, 50, 51, 52, 53, 54, 55, 56, 57, 58, 59, 60, 61, 62, 63, 64, 65, 66, 67, 68, 69, 70, 71, 72, 73, 74, 75, 76, 77, 78, 79, 80, 81, 82, 83, 84, 85, 86, 87, 88, 89, 90, 91, 92, 93, 94, 95, 96, 97, 98, 99, 100, 101, 102, 103, 104, 105, 106, 107, 108, 109, 110, 111, 112, 113, 114, 115, 116, 117, 118, 119, 120, 121, 122, 123, 124, 125, 126, 127, 128, 129, 130, 131, 132, 133, 134, 135, 136, 137, 138, 139, 140, 141, 142, 143, 144, 145, 146, 147, 148, 149, 150, 151, 152, 153, 154, 155, 156, 157, 158, 159, 160, 161, 162, 163, 164, 165, 166, 167, 168, 169, 170, 171, 172, 173, 174, 175, 176, 177, 178, 179, 180, 181, 182, 183, 184, 185, 186, 187, 188, 189, 190, 191, 192, 193]
Inds:  [133.875, 133.75, 133.25, 132.8125, 132.625, 132.1875, 131.875, 131.875, 131.875, 131.5625, 131.5625, 131.5625, 131.5625, 131.5625, 131.5625, 131.5625, 131.5625, 131.5625, 131.375, 131.375, 131.375, 131.375, 131.375, 131.25, 131.25, 131.25, 131.25, 130.9375, 130.9375, 130.9375, 130.4375, 130.4375, 130.4375, 130.4375, 130.4375, 130.4375, 130.4375, 130.0625, 130.0625, 130.0625, 129.9375, 129.75, 129.75, 129.4375, 129.375, 129.375, 129.3125, 129.3125, 129.25, 129.125, 129.0625, 129.0625, 128.875, 128.875, 128.6875, 128.6875, 128.6875, 128.6875, 128.3125, 128.3125, 128.3125, 128.3125, 128.3125, 128.3125, 128.25, 128.125, 128.0625, 128.0625, 128.0625, 128.0625, 128.0, 128.0, 127.875, 127.875, 127.875, 127.875, 127.875, 127.875, 127.875, 127.875, 127.8125, 127.75, 127.75, 127.75, 127.625, 127.625, 127.625, 127.625, 127.625, 127.625, 127.625, 127.625, 127.625, 127.625, 127.625, 127.625, 127.625, 127.625, 127.625, 127.625, 127.625, 127.625, 127.625, 127.625, 127.625, 127.625, 127.625, 127.625, 127.625, 127.625, 127.625, 127.625, 127.625, 127.625, 127.625, 127.625, 127.625, 127.625, 127.625, 127.625, 127.625, 127.625, 127.625, 127.625, 127.625, 127.625, 127.625, 127.625, 127.625, 127.625, 127.5625, 127.5625, 127.5625, 127.5625, 127.5625, 127.5625, 127.5625, 127.5625, 127.5625, 127.5625, 127.5625, 127.5625, 127.5625, 127.375, 127.375, 127.375, 127.375, 127.375, 127.375, 127.375, 127.375, 127.375, 127.375, 127.375, 127.375, 127.375, 127.375, 127.375, 127.375, 127.375, 127.375, 127.375, 127.375, 127.375, 127.375, 127.375, 127.375, 127.375, 127.375, 127.375, 127.375, 127.375, 127.375, 127.375, 127.375, 127.375, 127.375, 127.375, 127.375, 127.375, 127.375, 127.375, 127.375, 127.375, 127.375, 127.375, 127.375, 127.375, 127.375, 127.375, 127.375, 127.375, 127.375, 127.375]

Execution 4:
Parametros: Y=0.997
Start Time (hh:mm:ss.ms) 2023-07-16 20:47:12.746395
generations	MaxGenenerations	Populationk1	Populationk	PopulationElite	PopulationMutant	fitnessElite	alpha	min    	max	avg    	std     
0          	0               	0           	0          	0              	0               	0           	0    	134.188	139	136.544	0.789599
1          	203.744         	997         	1000       	100            	200             	135.631     	0.3  	133.625	138.438	136.005	0.880231
2          	202.547         	994         	997        	101            	199             	135.064     	0.299	133.25 	138.625	135.801	0.934675
3          	202.093         	991         	994        	101            	197             	134.852     	0.298	132.562	138.875	135.574	1.04728 
5          	200.937         	985         	988        	102            	195             	134.302     	0.296	132.5  	138.25 	135.243	1.13479 
6          	200.729         	982         	985        	102            	193             	134.196     	0.295	132.375	138.438	135.158	1.18536 
9          	200.803         	973         	976        	104            	189             	134.218     	0.292	132.25 	139    	134.882	1.34647 
10         	200.802         	970         	973        	104            	188             	134.214     	0.291	132.062	138.5  	134.8  	1.35259 
11         	200.217         	967         	970        	104            	187             	133.929     	0.290	131.188	139    	134.611	1.36783 
14         	198.89          	958         	961        	106            	183             	133.286     	0.286	130.938	138.312	134.357	1.4826  
18         	198.772         	946         	949        	107            	178             	133.201     	0.282	130.812	138.125	133.966	1.65757 
20         	198.284         	940         	943        	108            	175             	132.954     	0.280	130.688	138.5  	133.728	1.74495 
21         	198.132         	937         	940        	108            	174             	132.874     	0.279	130.375	138.5  	133.621	1.80642 
24         	197.807         	928         	931        	109            	170             	132.693     	0.276	130.312	138.688	133.329	1.95218 
25         	197.675         	925         	928        	110            	169             	132.622     	0.275	129.938	138.312	133.309	1.97642 
27         	197.069         	919         	922        	111            	166             	132.315     	0.273	129.625	138.5  	133.067	2.08047 
28         	196.521         	916         	919        	111            	165             	132.044     	0.272	129.5  	138.875	132.95 	2.151   
31         	196.369         	907         	910        	112            	161             	131.942     	0.269	129.188	138.375	132.748	2.28643 
33         	195.895         	901         	904        	113            	159             	131.694     	0.267	129.125	138.688	132.541	2.31091 
35         	195.653         	895         	898        	113            	156             	131.562     	0.265	129.062	138.438	132.412	2.38383 
37         	195.742         	889         	892        	114            	154             	131.58      	0.263	129    	138.375	132.257	2.46942 
39         	195.647         	883         	886        	115            	151             	131.514     	0.261	128.688	138.5  	132.151	2.5062  
40         	195.1           	880         	883        	115            	150             	131.239     	0.260	128.5  	138.875	132.051	2.55456 
45         	194.669         	865         	868        	116            	144             	130.984     	0.254	128.438	138.25 	131.78 	2.64169 
46         	194.575         	862         	865        	117            	143             	130.927     	0.253	128.188	138.625	131.718	2.68549 
48         	194.415         	856         	859        	117            	141             	130.814     	0.251	128.062	138.5  	131.528	2.73176 
49         	194.152         	853         	856        	117            	139             	130.678     	0.250	127.938	138.625	131.528	2.78914 
53         	193.999         	841         	844        	118            	135             	130.555     	0.246	127.75 	138.688	131.387	2.86614 
54         	193.788         	838         	841        	119            	134             	130.433     	0.245	127.688	138.5  	131.257	2.8803  
58         	193.729         	826         	829        	120            	129             	130.355     	0.241	127.562	138    	131.04 	2.95416 
62         	193.503         	814         	817        	120            	125             	130.199     	0.236	127.438	138.562	130.95 	3.07971 
111        	193.096         	667         	670        	124            	77              	129.461     	0.186	127.312	138.25 	130.122	2.99964 
End Time (hh:mm:ss.ms) 2023-07-16 20:47:31.576395
Total Time (hh:mm:ss.ms) 0:00:18.830000
Individuo: [[12, 4, 25, 3, 24, 7, 19, 8, 20, 23, 15, 16, 21, 9, 22, 10, 27, 26, 14, 6, 17, 28, 1, 2, 0, 5, 13, 18, 11], [1, 1, 0, 0, 0, 0, 1, 1, 0, 0, 0, 0, 1, 1, 1, 1, 0, 0, 1, 1, 1, 0, 0, 0, 0, 1, 1, 0, 1]]
Fitness:  127.3125
Gens:  [0, 1, 2, 3, 4, 5, 6, 7, 8, 9, 10, 11, 12, 13, 14, 15, 16, 17, 18, 19, 20, 21, 22, 23, 24, 25, 26, 27, 28, 29, 30, 31, 32, 33, 34, 35, 36, 37, 38, 39, 40, 41, 42, 43, 44, 45, 46, 47, 48, 49, 50, 51, 52, 53, 54, 55, 56, 57, 58, 59, 60, 61, 62, 63, 64, 65, 66, 67, 68, 69, 70, 71, 72, 73, 74, 75, 76, 77, 78, 79, 80, 81, 82, 83, 84, 85, 86, 87, 88, 89, 90, 91, 92, 93, 94, 95, 96, 97, 98, 99, 100, 101, 102, 103, 104, 105, 106, 107, 108, 109, 110, 111, 112, 113, 114, 115, 116, 117, 118, 119, 120, 121, 122, 123, 124, 125, 126, 127, 128, 129, 130, 131, 132, 133, 134, 135, 136, 137, 138, 139, 140, 141, 142, 143, 144, 145, 146, 147, 148, 149, 150, 151, 152, 153, 154, 155, 156, 157, 158, 159, 160, 161, 162, 163, 164, 165, 166, 167, 168, 169, 170, 171, 172, 173, 174, 175, 176, 177, 178, 179, 180, 181, 182, 183, 184, 185, 186, 187, 188, 189, 190, 191, 192, 193]
Inds:  [134.1875, 133.625, 133.25, 132.5625, 132.5625, 132.5, 132.375, 132.375, 132.375, 132.25, 132.0625, 131.1875, 131.1875, 131.1875, 130.9375, 130.9375, 130.9375, 130.9375, 130.8125, 130.8125, 130.6875, 130.375, 130.375, 130.375, 130.3125, 129.9375, 129.9375, 129.625, 129.5, 129.5, 129.5, 129.1875, 129.1875, 129.125, 129.125, 129.0625, 129.0625, 129.0, 129.0, 128.6875, 128.5, 128.5, 128.5, 128.5, 128.5, 128.4375, 128.1875, 128.1875, 128.0625, 127.9375, 127.9375, 127.9375, 127.9375, 127.75, 127.6875, 127.6875, 127.6875, 127.6875, 127.5625, 127.5625, 127.5625, 127.5625, 127.4375, 127.4375, 127.4375, 127.4375, 127.4375, 127.4375, 127.4375, 127.4375, 127.4375, 127.4375, 127.4375, 127.4375, 127.4375, 127.4375, 127.4375, 127.4375, 127.4375, 127.4375, 127.4375, 127.4375, 127.4375, 127.4375, 127.4375, 127.4375, 127.4375, 127.4375, 127.4375, 127.4375, 127.4375, 127.4375, 127.4375, 127.4375, 127.4375, 127.4375, 127.4375, 127.4375, 127.4375, 127.4375, 127.4375, 127.4375, 127.4375, 127.4375, 127.4375, 127.4375, 127.4375, 127.4375, 127.4375, 127.4375, 127.4375, 127.3125, 127.3125, 127.3125, 127.3125, 127.3125, 127.3125, 127.3125, 127.3125, 127.3125, 127.3125, 127.3125, 127.3125, 127.3125, 127.3125, 127.3125, 127.3125, 127.3125, 127.3125, 127.3125, 127.3125, 127.3125, 127.3125, 127.3125, 127.3125, 127.3125, 127.3125, 127.3125, 127.3125, 127.3125, 127.3125, 127.3125, 127.3125, 127.3125, 127.3125, 127.3125, 127.3125, 127.3125, 127.3125, 127.3125, 127.3125, 127.3125, 127.3125, 127.3125, 127.3125, 127.3125, 127.3125, 127.3125, 127.3125, 127.3125, 127.3125, 127.3125, 127.3125, 127.3125, 127.3125, 127.3125, 127.3125, 127.3125, 127.3125, 127.3125, 127.3125, 127.3125, 127.3125, 127.3125, 127.3125, 127.3125, 127.3125, 127.3125, 127.3125, 127.3125, 127.3125, 127.3125, 127.3125, 127.3125, 127.3125, 127.3125, 127.3125, 127.3125, 127.3125, 127.3125, 127.3125, 127.3125, 127.3125, 127.3125]

Execution 5:
Parametros: Y=0.997
Start Time (hh:mm:ss.ms) 2023-07-16 20:47:32.331430
generations	MaxGenenerations	Populationk1	Populationk	PopulationElite	PopulationMutant	fitnessElite	alpha	min   	max    	avg    	std     
0          	0               	0           	0          	0              	0               	0           	0    	133.75	138.688	136.559	0.793976
1          	202.889         	997         	1000       	100            	200             	135.231     	0.3  	132.938	138.312	135.924	0.878289
4          	201.43          	988         	991        	102            	196             	134.534     	0.297	132.625	138.562	135.281	1.11761 
5          	201.107         	985         	988        	102            	195             	134.383     	0.296	132.562	138.688	135.173	1.16737 
6          	201.088         	982         	985        	102            	193             	134.37      	0.295	132.375	138.625	135.087	1.25137 
7          	200.766         	979         	982        	103            	192             	134.213     	0.294	131.938	138.688	134.9  	1.21293 
9          	200.253         	973         	976        	104            	189             	133.963     	0.292	131.875	138.562	134.753	1.31123 
13         	200.308         	961         	964        	105            	184             	133.963     	0.288	131.438	138.625	134.49 	1.47804 
15         	199.419         	955         	958        	106            	181             	133.529     	0.285	131.312	138.438	134.283	1.50874 
16         	199.042         	952         	955        	106            	180             	133.343     	0.284	131.125	138.562	134.182	1.54183 
20         	198.87          	940         	943        	108            	175             	133.232     	0.280	130.812	138.5  	133.823	1.75167 
21         	198.322         	937         	940        	108            	174             	132.964     	0.279	130.625	138.312	133.707	1.82205 
22         	197.926         	934         	937        	109            	172             	132.768     	0.278	130.438	138.312	133.473	1.82344 
24         	198.125         	928         	931        	109            	170             	132.842     	0.276	130.125	138.75 	133.36 	1.94301 
27         	197.873         	919         	922        	111            	166             	132.691     	0.273	129.938	138.75 	133.187	2.03166 
31         	197.106         	907         	910        	112            	161             	132.296     	0.269	129.625	138.125	132.865	2.10816 
34         	196.521         	898         	901        	113            	157             	131.989     	0.266	129.188	138.562	132.688	2.23793 
40         	195.784         	880         	883        	115            	150             	131.578     	0.260	128.938	139.375	132.397	2.38892 
46         	195.369         	862         	865        	116            	143             	131.318     	0.253	128.688	138.375	132.175	2.52247 
51         	195.246         	847         	850        	118            	137             	131.191     	0.248	128.625	138.625	131.972	2.58    
58         	194.895         	826         	829        	119            	129             	130.965     	0.241	128.5  	138    	131.702	2.63959 
61         	194.962         	817         	820        	120            	126             	130.944     	0.238	128.438	138    	131.496	2.66408 
62         	194.429         	814         	817        	120            	125             	130.706     	0.237	128.25 	138.375	131.551	2.79411 
67         	194.583         	799         	802        	121            	120             	130.688     	0.232	128.125	138.5  	131.372	2.7566  
68         	194.247         	796         	799        	121            	119             	130.522     	0.231	128    	138.75 	131.333	2.79963 
73         	193.875         	781         	784        	122            	113             	130.3       	0.225	127.875	138.688	130.994	2.88024 
74         	193.977         	778         	781        	122            	112             	130.305     	0.224	127.75 	138.312	131.172	2.89666 
79         	193.679         	763         	766        	123            	107             	130.109     	0.219	127.625	138.188	130.777	2.93287 
86         	193.562         	742         	745        	124            	100             	129.959     	0.212	127.5  	138.75 	130.699	2.9544  
98         	193.3           	706         	709        	124            	89              	129.696     	0.199	127.375	138.125	130.56 	3.02455 
End Time (hh:mm:ss.ms) 2023-07-16 20:47:51.024396
Total Time (hh:mm:ss.ms) 0:00:18.692966
Individuo: [[11, 13, 3, 17, 19, 7, 24, 28, 1, 2, 4, 0, 20, 21, 8, 6, 27, 26, 15, 14, 23, 9, 18, 22, 10, 16, 5, 25, 12], [0, 0, 0, 0, 0, 1, 1, 0, 0, 0, 0, 0, 0, 0, 0, 1, 0, 0, 1, 0, 1, 1, 0, 1, 1, 1, 1, 1, 0]]
Fitness:  127.375
Gens:  [0, 1, 2, 3, 4, 5, 6, 7, 8, 9, 10, 11, 12, 13, 14, 15, 16, 17, 18, 19, 20, 21, 22, 23, 24, 25, 26, 27, 28, 29, 30, 31, 32, 33, 34, 35, 36, 37, 38, 39, 40, 41, 42, 43, 44, 45, 46, 47, 48, 49, 50, 51, 52, 53, 54, 55, 56, 57, 58, 59, 60, 61, 62, 63, 64, 65, 66, 67, 68, 69, 70, 71, 72, 73, 74, 75, 76, 77, 78, 79, 80, 81, 82, 83, 84, 85, 86, 87, 88, 89, 90, 91, 92, 93, 94, 95, 96, 97, 98, 99, 100, 101, 102, 103, 104, 105, 106, 107, 108, 109, 110, 111, 112, 113, 114, 115, 116, 117, 118, 119, 120, 121, 122, 123, 124, 125, 126, 127, 128, 129, 130, 131, 132, 133, 134, 135, 136, 137, 138, 139, 140, 141, 142, 143, 144, 145, 146, 147, 148, 149, 150, 151, 152, 153, 154, 155, 156, 157, 158, 159, 160, 161, 162, 163, 164, 165, 166, 167, 168, 169, 170, 171, 172, 173, 174, 175, 176, 177, 178, 179, 180, 181, 182, 183, 184, 185, 186, 187, 188, 189, 190, 191, 192, 193]
Inds:  [133.75, 132.9375, 132.9375, 132.9375, 132.625, 132.5625, 132.375, 131.9375, 131.9375, 131.875, 131.875, 131.875, 131.875, 131.4375, 131.4375, 131.3125, 131.125, 131.125, 131.125, 131.125, 130.8125, 130.625, 130.4375, 130.4375, 130.125, 130.125, 130.125, 129.9375, 129.9375, 129.9375, 129.9375, 129.625, 129.625, 129.625, 129.1875, 129.1875, 129.1875, 129.1875, 129.1875, 129.1875, 128.9375, 128.9375, 128.9375, 128.9375, 128.9375, 128.9375, 128.6875, 128.6875, 128.6875, 128.6875, 128.6875, 128.625, 128.625, 128.625, 128.625, 128.625, 128.625, 128.625, 128.5, 128.5, 128.5, 128.4375, 128.25, 128.25, 128.25, 128.25, 128.25, 128.125, 128.0, 128.0, 128.0, 128.0, 128.0, 127.875, 127.75, 127.75, 127.75, 127.75, 127.75, 127.625, 127.625, 127.625, 127.625, 127.625, 127.625, 127.625, 127.5, 127.5, 127.5, 127.5, 127.5, 127.5, 127.5, 127.5, 127.5, 127.5, 127.5, 127.5, 127.375, 127.375, 127.375, 127.375, 127.375, 127.375, 127.375, 127.375, 127.375, 127.375, 127.375, 127.375, 127.375, 127.375, 127.375, 127.375, 127.375, 127.375, 127.375, 127.375, 127.375, 127.375, 127.375, 127.375, 127.375, 127.375, 127.375, 127.375, 127.375, 127.375, 127.375, 127.375, 127.375, 127.375, 127.375, 127.375, 127.375, 127.375, 127.375, 127.375, 127.375, 127.375, 127.375, 127.375, 127.375, 127.375, 127.375, 127.375, 127.375, 127.375, 127.375, 127.375, 127.375, 127.375, 127.375, 127.375, 127.375, 127.375, 127.375, 127.375, 127.375, 127.375, 127.375, 127.375, 127.375, 127.375, 127.375, 127.375, 127.375, 127.375, 127.375, 127.375, 127.375, 127.375, 127.375, 127.375, 127.375, 127.375, 127.375, 127.375, 127.375, 127.375, 127.375, 127.375, 127.375, 127.375, 127.375, 127.375, 127.375, 127.375, 127.375, 127.375, 127.375, 127.375, 127.375, 127.375]

Execution 6:
Parametros: Y=0.997
Start Time (hh:mm:ss.ms) 2023-07-16 20:47:51.862433
generations	MaxGenenerations	Populationk1	Populationk	PopulationElite	PopulationMutant	fitnessElite	alpha	min    	max    	avg    	std     
0          	0               	0           	0          	0              	0               	0           	0    	134.062	139.312	136.553	0.799833
1          	203.746         	997         	1000       	100            	200             	135.637     	0.3  	133.5  	138.812	135.944	0.825946
2          	202.586         	994         	997        	101            	199             	135.089     	0.299	132.938	138.438	135.723	0.934428
5          	201.695         	985         	988        	102            	195             	134.658     	0.296	132.375	138.688	135.349	1.12382 
10         	200.69          	970         	973        	104            	188             	134.158     	0.291	132.125	138.688	134.886	1.31328 
12         	200.613         	964         	967        	105            	185             	134.112     	0.289	131.625	138.312	134.781	1.3617  
14         	199.553         	958         	961        	106            	183             	133.598     	0.286	131.5  	138.125	134.629	1.39173 
20         	199.476         	940         	943        	108            	175             	133.519     	0.280	130.875	138.625	134.307	1.58685 
23         	198.416         	931         	934        	109            	171             	132.993     	0.277	130.75 	138.625	134.139	1.66126 
25         	198.487         	925         	928        	110            	169             	133.008     	0.275	130.5  	138.688	134.007	1.68162 
31         	197.848         	907         	910        	112            	161             	132.657     	0.269	130.375	138.312	133.624	1.88604 
32         	197.547         	904         	907        	112            	160             	132.507     	0.268	130.125	138.375	133.556	1.89285 
34         	197.427         	898         	901        	113            	158             	132.424     	0.266	129.812	139    	133.439	1.9958  
42         	196.953         	874         	877        	115            	148             	132.122     	0.258	129.625	138.438	133.043	2.14237 
50         	196.521         	850         	853        	117            	139             	131.845     	0.250	129.438	139.25 	132.798	2.27625 
52         	196.237         	844         	847        	118            	136             	131.685     	0.248	129.312	138.25 	132.636	2.32383 
55         	196.121         	835         	838        	118            	133             	131.593     	0.244	129    	138.25 	132.342	2.38549 
61         	195.427         	817         	820        	120            	126             	131.207     	0.238	128.75 	138.188	131.84 	2.48783 
65         	195.158         	805         	808        	121            	122             	131.021     	0.234	128.625	138.562	131.688	2.65182 
67         	195.078         	799         	802        	121            	120             	130.948     	0.232	128.375	138.375	131.642	2.6621  
71         	194.443         	787         	790        	122            	115             	130.612     	0.227	128.312	138.688	131.366	2.67564 
72         	194.641         	784         	787        	122            	114             	130.668     	0.227	128.25 	138.5  	131.343	2.73649 
80         	194.218         	760         	763        	123            	106             	130.409     	0.218	128.125	138.938	131.022	2.85649 
81         	194.503         	757         	760        	123            	105             	130.479     	0.217	128    	138.188	131.085	2.89122 
99         	193.766         	703         	706        	124            	88              	129.988     	0.198	127.875	138.25 	130.657	2.9062  
136        	193.759         	616         	618        	126            	59              	129.552     	0.160	127.75 	138    	130.235	2.77148 
194        	193.933         	500         	502        	125            	26              	128.88      	0.100	127.625	138.312	129.431	2.50313 
End Time (hh:mm:ss.ms) 2023-07-16 20:48:10.821400
Total Time (hh:mm:ss.ms) 0:00:18.958967
Individuo: [[11, 18, 25, 4, 3, 28, 17, 27, 26, 23, 5, 20, 21, 10, 22, 9, 13, 2, 0, 8, 14, 15, 16, 6, 19, 7, 24, 1, 12], [0, 1, 1, 0, 0, 1, 0, 0, 0, 1, 0, 0, 0, 0, 0, 0, 1, 0, 0, 0, 0, 0, 0, 1, 0, 1, 1, 0, 0]]
Fitness:  127.625
Gens:  [0, 1, 2, 3, 4, 5, 6, 7, 8, 9, 10, 11, 12, 13, 14, 15, 16, 17, 18, 19, 20, 21, 22, 23, 24, 25, 26, 27, 28, 29, 30, 31, 32, 33, 34, 35, 36, 37, 38, 39, 40, 41, 42, 43, 44, 45, 46, 47, 48, 49, 50, 51, 52, 53, 54, 55, 56, 57, 58, 59, 60, 61, 62, 63, 64, 65, 66, 67, 68, 69, 70, 71, 72, 73, 74, 75, 76, 77, 78, 79, 80, 81, 82, 83, 84, 85, 86, 87, 88, 89, 90, 91, 92, 93, 94, 95, 96, 97, 98, 99, 100, 101, 102, 103, 104, 105, 106, 107, 108, 109, 110, 111, 112, 113, 114, 115, 116, 117, 118, 119, 120, 121, 122, 123, 124, 125, 126, 127, 128, 129, 130, 131, 132, 133, 134, 135, 136, 137, 138, 139, 140, 141, 142, 143, 144, 145, 146, 147, 148, 149, 150, 151, 152, 153, 154, 155, 156, 157, 158, 159, 160, 161, 162, 163, 164, 165, 166, 167, 168, 169, 170, 171, 172, 173, 174, 175, 176, 177, 178, 179, 180, 181, 182, 183, 184, 185, 186, 187, 188, 189, 190, 191, 192, 193, 194]
Inds:  [134.0625, 133.5, 132.9375, 132.9375, 132.9375, 132.375, 132.375, 132.375, 132.375, 132.375, 132.125, 132.125, 131.625, 131.625, 131.5, 131.5, 131.5, 131.5, 131.5, 131.5, 130.875, 130.875, 130.875, 130.75, 130.75, 130.5, 130.5, 130.5, 130.5, 130.5, 130.5, 130.375, 130.125, 130.125, 129.8125, 129.8125, 129.8125, 129.8125, 129.8125, 129.8125, 129.8125, 129.8125, 129.625, 129.625, 129.625, 129.625, 129.625, 129.625, 129.625, 129.625, 129.4375, 129.4375, 129.3125, 129.3125, 129.3125, 129.0, 129.0, 129.0, 129.0, 129.0, 129.0, 128.75, 128.75, 128.75, 128.75, 128.625, 128.625, 128.375, 128.375, 128.375, 128.375, 128.3125, 128.25, 128.25, 128.25, 128.25, 128.25, 128.25, 128.25, 128.25, 128.125, 128.0, 128.0, 128.0, 128.0, 128.0, 128.0, 128.0, 128.0, 128.0, 128.0, 128.0, 128.0, 128.0, 128.0, 128.0, 128.0, 128.0, 128.0, 127.875, 127.875, 127.875, 127.875, 127.875, 127.875, 127.875, 127.875, 127.875, 127.875, 127.875, 127.875, 127.875, 127.875, 127.875, 127.875, 127.875, 127.875, 127.875, 127.875, 127.875, 127.875, 127.875, 127.875, 127.875, 127.875, 127.875, 127.875, 127.875, 127.875, 127.875, 127.875, 127.875, 127.875, 127.875, 127.875, 127.875, 127.75, 127.75, 127.75, 127.75, 127.75, 127.75, 127.75, 127.75, 127.75, 127.75, 127.75, 127.75, 127.75, 127.75, 127.75, 127.75, 127.75, 127.75, 127.75, 127.75, 127.75, 127.75, 127.75, 127.75, 127.75, 127.75, 127.75, 127.75, 127.75, 127.75, 127.75, 127.75, 127.75, 127.75, 127.75, 127.75, 127.75, 127.75, 127.75, 127.75, 127.75, 127.75, 127.75, 127.75, 127.75, 127.75, 127.75, 127.75, 127.75, 127.75, 127.75, 127.75, 127.75, 127.75, 127.75, 127.75, 127.75, 127.75, 127.625]

Execution 7:
Parametros: Y=0.997
Start Time (hh:mm:ss.ms) 2023-07-16 20:48:11.563401
generations	MaxGenenerations	Populationk1	Populationk	PopulationElite	PopulationMutant	fitnessElite	alpha	min    	max    	avg    	std    
0          	0               	0           	0          	0              	0               	0           	0    	133.812	139.062	136.545	0.80283
1          	203.213         	997         	1000       	100            	200             	135.387     	0.3  	132.938	138.812	136.04 	0.886135
4          	201.43          	988         	991        	102            	196             	134.534     	0.297	132.75 	138.75 	135.443	1.0492  
6          	201.183         	982         	985        	102            	193             	134.41      	0.295	132.562	138.312	135.289	1.16488 
7          	200.861         	979         	982        	103            	192             	134.253     	0.294	132.125	138.312	135.192	1.16327 
8          	200.199         	976         	979        	103            	191             	133.938     	0.293	131.5  	139.25 	135.142	1.2344  
22         	199.289         	934         	937        	109            	173             	133.418     	0.278	131.312	138.125	134.242	1.6096  
23         	198.855         	931         	934        	109            	171             	133.206     	0.277	131.188	138.125	134.143	1.63531 
24         	198.666         	928         	931        	109            	170             	133.108     	0.276	131    	138.562	134.037	1.68939 
25         	198.643         	925         	928        	110            	169             	133.086     	0.275	130.625	138.688	133.873	1.70978 
28         	198.186         	916         	919        	111            	165             	132.841     	0.272	130.438	138.5  	133.554	1.89632 
32         	197.827         	904         	907        	112            	160             	132.637     	0.268	130.312	138.688	133.169	1.96814 
33         	197.675         	901         	904        	112            	159             	132.554     	0.267	129.75 	138.75 	133.138	2.03122 
34         	196.858         	898         	901        	113            	158             	132.148     	0.266	129.562	138.375	133.004	2.07375 
39         	196.426         	883         	886        	114            	151             	131.898     	0.261	129.188	138.5  	132.791	2.25466 
45         	196.005         	865         	868        	116            	144             	131.627     	0.255	129.062	139.312	132.374	2.42976 
49         	195.558         	853         	856        	117            	140             	131.383     	0.250	128.812	138.375	132.112	2.55483 
52         	195.289         	844         	847        	118            	136             	131.213     	0.247	128.688	138.25 	131.917	2.60901 
53         	194.953         	841         	844        	118            	135             	131.046     	0.246	128.562	138.562	131.783	2.63586 
60         	195.13          	820         	823        	120            	127             	131.033     	0.239	128.438	138.375	131.753	2.69406 
65         	194.684         	805         	808        	121            	122             	130.78      	0.234	128.25 	138.125	131.491	2.71146 
73         	194.51          	781         	784        	122            	113             	130.594     	0.225	128.188	138.75 	131.24 	2.87677 
74         	194.488         	778         	781        	122            	112             	130.563     	0.224	128.062	138.625	131.339	2.80036 
82         	194.371         	754         	757        	123            	104             	130.405     	0.216	128    	138.188	130.969	2.87862 
87         	193.73          	739         	742        	124            	99              	130.099     	0.211	127.875	138.5  	130.951	2.91862 
90         	193.795         	730         	733        	124            	96              	130.061     	0.208	127.688	138.062	130.687	2.91975 
100        	193.547         	700         	703        	124            	87              	129.813     	0.197	127.562	138    	130.51 	2.97979 
107        	193.576         	679         	682        	124            	81              	129.705     	0.190	127.5  	138.5  	130.351	3.01659 
End Time (hh:mm:ss.ms) 2023-07-16 20:48:30.478404
Total Time (hh:mm:ss.ms) 0:00:18.915003
Individuo: [[11, 1, 3, 28, 24, 7, 19, 6, 14, 23, 10, 22, 20, 9, 18, 13, 5, 0, 4, 8, 17, 27, 26, 15, 16, 21, 25, 2, 12], [0, 1, 1, 1, 0, 0, 1, 0, 0, 1, 0, 0, 0, 1, 0, 0, 0, 1, 1, 0, 1, 0, 0, 1, 0, 1, 1, 1, 0]]
Fitness:  127.5
Gens:  [0, 1, 2, 3, 4, 5, 6, 7, 8, 9, 10, 11, 12, 13, 14, 15, 16, 17, 18, 19, 20, 21, 22, 23, 24, 25, 26, 27, 28, 29, 30, 31, 32, 33, 34, 35, 36, 37, 38, 39, 40, 41, 42, 43, 44, 45, 46, 47, 48, 49, 50, 51, 52, 53, 54, 55, 56, 57, 58, 59, 60, 61, 62, 63, 64, 65, 66, 67, 68, 69, 70, 71, 72, 73, 74, 75, 76, 77, 78, 79, 80, 81, 82, 83, 84, 85, 86, 87, 88, 89, 90, 91, 92, 93, 94, 95, 96, 97, 98, 99, 100, 101, 102, 103, 104, 105, 106, 107, 108, 109, 110, 111, 112, 113, 114, 115, 116, 117, 118, 119, 120, 121, 122, 123, 124, 125, 126, 127, 128, 129, 130, 131, 132, 133, 134, 135, 136, 137, 138, 139, 140, 141, 142, 143, 144, 145, 146, 147, 148, 149, 150, 151, 152, 153, 154, 155, 156, 157, 158, 159, 160, 161, 162, 163, 164, 165, 166, 167, 168, 169, 170, 171, 172, 173, 174, 175, 176, 177, 178, 179, 180, 181, 182, 183, 184, 185, 186, 187, 188, 189, 190, 191, 192, 193]
Inds:  [133.8125, 132.9375, 132.9375, 132.9375, 132.75, 132.75, 132.5625, 132.125, 131.5, 131.5, 131.5, 131.5, 131.5, 131.5, 131.5, 131.5, 131.5, 131.5, 131.5, 131.5, 131.5, 131.5, 131.3125, 131.1875, 131.0, 130.625, 130.625, 130.625, 130.4375, 130.4375, 130.4375, 130.4375, 130.3125, 129.75, 129.5625, 129.5625, 129.5625, 129.5625, 129.5625, 129.1875, 129.1875, 129.1875, 129.1875, 129.1875, 129.1875, 129.0625, 129.0625, 129.0625, 129.0625, 128.8125, 128.8125, 128.8125, 128.6875, 128.5625, 128.5625, 128.5625, 128.5625, 128.5625, 128.5625, 128.5625, 128.4375, 128.4375, 128.4375, 128.4375, 128.4375, 128.25, 128.25, 128.25, 128.25, 128.25, 128.25, 128.25, 128.25, 128.1875, 128.0625, 128.0625, 128.0625, 128.0625, 128.0625, 128.0625, 128.0625, 128.0625, 128.0, 128.0, 128.0, 128.0, 128.0, 127.875, 127.875, 127.875, 127.6875, 127.6875, 127.6875, 127.6875, 127.6875, 127.6875, 127.6875, 127.6875, 127.6875, 127.6875, 127.5625, 127.5625, 127.5625, 127.5625, 127.5625, 127.5625, 127.5625, 127.5, 127.5, 127.5, 127.5, 127.5, 127.5, 127.5, 127.5, 127.5, 127.5, 127.5, 127.5, 127.5, 127.5, 127.5, 127.5, 127.5, 127.5, 127.5, 127.5, 127.5, 127.5, 127.5, 127.5, 127.5, 127.5, 127.5, 127.5, 127.5, 127.5, 127.5, 127.5, 127.5, 127.5, 127.5, 127.5, 127.5, 127.5, 127.5, 127.5, 127.5, 127.5, 127.5, 127.5, 127.5, 127.5, 127.5, 127.5, 127.5, 127.5, 127.5, 127.5, 127.5, 127.5, 127.5, 127.5, 127.5, 127.5, 127.5, 127.5, 127.5, 127.5, 127.5, 127.5, 127.5, 127.5, 127.5, 127.5, 127.5, 127.5, 127.5, 127.5, 127.5, 127.5, 127.5, 127.5, 127.5, 127.5, 127.5, 127.5, 127.5, 127.5, 127.5, 127.5, 127.5, 127.5, 127.5]

Execution 8:
Parametros: Y=0.997
Start Time (hh:mm:ss.ms) 2023-07-16 20:48:31.241428
generations	MaxGenenerations	Populationk1	Populationk	PopulationElite	PopulationMutant	fitnessElite	alpha	min    	max    	avg    	std     
0          	0               	0           	0          	0              	0               	0           	0    	134.188	138.938	136.527	0.808794
1          	203.706         	997         	1000       	100            	200             	135.613     	0.3  	132.812	138.625	135.976	0.834992
3          	201.278         	991         	994        	101            	197             	134.47      	0.298	132.75 	138.188	135.422	1.07138 
5          	201.335         	985         	988        	102            	195             	134.489     	0.296	132.312	138.312	135.114	1.14928 
7          	200.822         	979         	982        	103            	192             	134.242     	0.294	131.938	138.5  	134.961	1.22136 
10         	199.99          	970         	973        	104            	188             	133.829     	0.290	131.812	138.75 	134.679	1.38448 
11         	199.988         	967         	970        	104            	187             	133.824     	0.289	131.438	138.625	134.527	1.43299 
12         	199.344         	964         	967        	105            	185             	133.514     	0.288	131.25 	139.125	134.323	1.52732 
14         	199.097         	958         	961        	106            	183             	133.384     	0.286	130.75 	138.562	133.999	1.67509 
18         	198.301         	946         	949        	107            	178             	132.977     	0.282	130.5  	138.875	133.567	1.85379 
19         	198.071         	943         	946        	108            	176             	132.86      	0.281	130.375	138.562	133.494	1.88536 
20         	197.695         	940         	943        	108            	175             	132.674     	0.280	129.875	139.125	133.32 	1.93435 
24         	197.122         	928         	931        	110            	170             	132.365     	0.276	129.75 	138.562	133.08 	2.08441 
28         	196.711         	916         	919        	111            	165             	132.135     	0.272	129.688	139.188	132.732	2.25472 
29         	197.022         	913         	916        	111            	164             	132.267     	0.271	129.625	138.875	132.741	2.27862 
30         	196.743         	910         	913        	112            	162             	132.127     	0.270	129.25 	138.438	132.583	2.28447 
32         	196.026         	904         	907        	112            	160             	131.766     	0.268	128.938	138.438	132.482	2.36934 
33         	195.442         	901         	904        	113            	159             	131.476     	0.267	128.875	139.188	132.346	2.39998 
42         	195.494         	874         	877        	115            	148             	131.407     	0.258	128.625	138.438	131.944	2.52482 
43         	194.968         	871         	874        	116            	147             	131.146     	0.256	128.562	138.625	131.931	2.58732 
44         	194.984         	868         	871        	116            	145             	131.137     	0.255	128.375	138.375	131.85 	2.58223 
51         	194.699         	847         	850        	118            	137             	130.924     	0.248	128.25 	138.5  	131.535	2.72647 
54         	194.4           	838         	841        	119            	134             	130.751     	0.245	128    	138.312	131.469	2.81977 
57         	193.875         	829         	832        	119            	130             	130.468     	0.242	127.875	138.75 	131.281	2.82464 
69         	193.868         	793         	796        	122            	117             	130.317     	0.229	127.75 	138.75 	131.043	2.98328 
78         	193.606         	766         	769        	123            	108             	130.092     	0.220	127.625	138.312	130.903	3.02362 
84         	193.525         	748         	751        	123            	102             	129.968     	0.214	127.375	138.062	130.77 	2.96005 
End Time (hh:mm:ss.ms) 2023-07-16 20:48:50.689403
Total Time (hh:mm:ss.ms) 0:00:19.447975
Individuo: [[12, 3, 0, 5, 4, 25, 13, 18, 22, 10, 16, 14, 6, 17, 19, 23, 21, 20, 8, 15, 26, 27, 7, 24, 28, 1, 2, 9, 11], [1, 1, 0, 1, 1, 0, 1, 1, 1, 1, 1, 1, 1, 0, 0, 1, 0, 1, 0, 0, 1, 1, 1, 1, 0, 0, 0, 1, 1]]
Fitness:  127.375
Gens:  [0, 1, 2, 3, 4, 5, 6, 7, 8, 9, 10, 11, 12, 13, 14, 15, 16, 17, 18, 19, 20, 21, 22, 23, 24, 25, 26, 27, 28, 29, 30, 31, 32, 33, 34, 35, 36, 37, 38, 39, 40, 41, 42, 43, 44, 45, 46, 47, 48, 49, 50, 51, 52, 53, 54, 55, 56, 57, 58, 59, 60, 61, 62, 63, 64, 65, 66, 67, 68, 69, 70, 71, 72, 73, 74, 75, 76, 77, 78, 79, 80, 81, 82, 83, 84, 85, 86, 87, 88, 89, 90, 91, 92, 93, 94, 95, 96, 97, 98, 99, 100, 101, 102, 103, 104, 105, 106, 107, 108, 109, 110, 111, 112, 113, 114, 115, 116, 117, 118, 119, 120, 121, 122, 123, 124, 125, 126, 127, 128, 129, 130, 131, 132, 133, 134, 135, 136, 137, 138, 139, 140, 141, 142, 143, 144, 145, 146, 147, 148, 149, 150, 151, 152, 153, 154, 155, 156, 157, 158, 159, 160, 161, 162, 163, 164, 165, 166, 167, 168, 169, 170, 171, 172, 173, 174, 175, 176, 177, 178, 179, 180, 181, 182, 183, 184, 185, 186, 187, 188, 189, 190, 191, 192, 193, 194]
Inds:  [134.1875, 132.8125, 132.8125, 132.75, 132.75, 132.3125, 132.3125, 131.9375, 131.9375, 131.9375, 131.8125, 131.4375, 131.25, 131.25, 130.75, 130.75, 130.75, 130.75, 130.5, 130.375, 129.875, 129.875, 129.875, 129.875, 129.75, 129.75, 129.75, 129.75, 129.6875, 129.625, 129.25, 129.25, 128.9375, 128.875, 128.875, 128.875, 128.875, 128.875, 128.875, 128.875, 128.875, 128.875, 128.625, 128.5625, 128.375, 128.375, 128.375, 128.375, 128.375, 128.375, 128.375, 128.25, 128.25, 128.25, 128.0, 128.0, 128.0, 127.875, 127.875, 127.875, 127.875, 127.875, 127.875, 127.875, 127.875, 127.875, 127.875, 127.875, 127.875, 127.75, 127.75, 127.75, 127.75, 127.75, 127.75, 127.75, 127.75, 127.75, 127.625, 127.625, 127.625, 127.625, 127.625, 127.625, 127.375, 127.375, 127.375, 127.375, 127.375, 127.375, 127.375, 127.375, 127.375, 127.375, 127.375, 127.375, 127.375, 127.375, 127.375, 127.375, 127.375, 127.375, 127.375, 127.375, 127.375, 127.375, 127.375, 127.375, 127.375, 127.375, 127.375, 127.375, 127.375, 127.375, 127.375, 127.375, 127.375, 127.375, 127.375, 127.375, 127.375, 127.375, 127.375, 127.375, 127.375, 127.375, 127.375, 127.375, 127.375, 127.375, 127.375, 127.375, 127.375, 127.375, 127.375, 127.375, 127.375, 127.375, 127.375, 127.375, 127.375, 127.375, 127.375, 127.375, 127.375, 127.375, 127.375, 127.375, 127.375, 127.375, 127.375, 127.375, 127.375, 127.375, 127.375, 127.375, 127.375, 127.375, 127.375, 127.375, 127.375, 127.375, 127.375, 127.375, 127.375, 127.375, 127.375, 127.375, 127.375, 127.375, 127.375, 127.375, 127.375, 127.375, 127.375, 127.375, 127.375, 127.375, 127.375, 127.375, 127.375, 127.375, 127.375, 127.375, 127.375, 127.375, 127.375, 127.375, 127.375, 127.375, 127.375, 127.375, 127.375, 127.375, 127.375]

Execution 9:
Parametros: Y=0.997
Start Time (hh:mm:ss.ms) 2023-07-16 20:48:51.438400
generations	MaxGenenerations	Populationk1	Populationk	PopulationElite	PopulationMutant	fitnessElite	alpha	min    	max   	avg    	std     
0          	0               	0           	0          	0              	0               	0           	0    	133.312	138.75	136.587	0.814043
1          	202.264         	997         	1000       	100            	200             	134.944     	0.3  	133.188	138.375	135.868	0.911199
2          	201.846         	994         	997        	101            	199             	134.739     	0.299	132.938	138.5  	135.599	0.992829
3          	201.543         	991         	994        	101            	197             	134.595     	0.298	132.75 	138.312	135.375	1.05275 
5          	201.335         	985         	988        	102            	195             	134.489     	0.296	132.562	138.875	135.171	1.17874 
6          	201.201         	982         	985        	102            	193             	134.425     	0.295	132.25 	138.75 	135.059	1.24733 
7          	200.652         	979         	982        	103            	192             	134.161     	0.294	132    	138.5  	134.951	1.25232 
9          	200.197         	973         	976        	104            	189             	133.935     	0.292	131.938	138.812	134.821	1.37581 
10         	200.215         	970         	973        	104            	188             	133.938     	0.291	131.75 	139    	134.752	1.43529 
11         	200.043         	967         	970        	104            	187             	133.853     	0.290	131.312	138.875	134.648	1.39698 
14         	199.454         	958         	961        	106            	183             	133.554     	0.286	131    	138.562	134.331	1.52014 
15         	198.643         	955         	958        	106            	181             	133.162     	0.285	130.875	138.938	134.174	1.54022 
16         	198.677         	952         	955        	106            	180             	133.172     	0.284	130.75 	138    	134.079	1.64495 
21         	198.227         	937         	940        	108            	174             	132.919     	0.279	130.688	138.75 	133.527	1.88523 
22         	198.281         	934         	937        	109            	172             	132.935     	0.278	130.375	138.75 	133.408	1.89773 
24         	197.732         	928         	931        	109            	170             	132.658     	0.276	130.312	138.562	133.298	2.02656 
25         	197.601         	925         	928        	110            	169             	132.587     	0.275	130.188	138.625	133.203	2.01322 
27         	197.634         	919         	922        	111            	166             	132.582     	0.273	129.938	138.562	133.107	2.06893 
29         	197.18          	913         	916        	111            	164             	132.348     	0.271	129.875	138.625	132.959	2.12744 
35         	196.789         	895         	898        	113            	156             	132.115     	0.265	129.75 	138.25 	132.687	2.21225 
38         	196.748         	886         	889        	114            	153             	132.062     	0.262	129.562	138.562	132.62 	2.32597 
39         	196.463         	883         	886        	114            	151             	131.914     	0.261	129.5  	139    	132.549	2.34316 
40         	196.627         	880         	883        	115            	150             	131.973     	0.260	129.375	138.5  	132.529	2.34598 
41         	196.142         	877         	880        	115            	149             	131.74      	0.259	129.25 	138.312	132.359	2.35882 
47         	195.879         	859         	862        	117            	142             	131.559     	0.253	129    	138.5  	132.093	2.46846 
49         	195.574         	853         	856        	117            	140             	131.384     	0.250	128.938	138.062	131.98 	2.54964 
52         	195.369         	844         	847        	118            	136             	131.261     	0.247	128.875	138.312	131.995	2.55951 
53         	195.274         	841         	844        	118            	135             	131.204     	0.246	128.688	138.688	131.784	2.60126 
56         	195.1           	832         	835        	119            	132             	131.078     	0.243	128.625	138.812	131.801	2.65317 
58         	195.042         	826         	829        	119            	129             	131.025     	0.241	128.562	138.5  	131.644	2.6668  
69         	194.91          	793         	796        	121            	118             	130.85      	0.230	128.5  	138.875	131.309	2.76889 
72         	194.669         	784         	787        	122            	114             	130.714     	0.227	128.438	138.625	131.381	2.76899 
73         	194.794         	781         	784        	122            	113             	130.741     	0.226	128.312	138.562	131.296	2.79261 
85         	194.422         	745         	748        	123            	101             	130.448     	0.213	128.188	138.375	131.001	2.78465 
103        	194.123         	691         	694        	124            	84              	130.124     	0.194	128.125	138.188	130.784	2.84068 
133        	194.32          	622         	624        	126            	62              	129.848     	0.164	128    	138.312	130.469	2.73929 
145        	194.386         	598         	600        	127            	54              	129.68      	0.151	127.875	139    	130.188	2.63166 
End Time (hh:mm:ss.ms) 2023-07-16 20:49:10.271412
Total Time (hh:mm:ss.ms) 0:00:18.833012
Individuo: [[12, 18, 9, 20, 25, 4, 21, 10, 22, 13, 5, 8, 14, 26, 27, 7, 24, 19, 6, 17, 28, 2, 1, 3, 0, 16, 15, 23, 11], [1, 1, 0, 1, 1, 0, 0, 0, 0, 0, 0, 0, 0, 1, 1, 1, 1, 1, 0, 1, 0, 1, 1, 1, 0, 1, 1, 1, 1]]
Fitness:  127.875
Gens:  [0, 1, 2, 3, 4, 5, 6, 7, 8, 9, 10, 11, 12, 13, 14, 15, 16, 17, 18, 19, 20, 21, 22, 23, 24, 25, 26, 27, 28, 29, 30, 31, 32, 33, 34, 35, 36, 37, 38, 39, 40, 41, 42, 43, 44, 45, 46, 47, 48, 49, 50, 51, 52, 53, 54, 55, 56, 57, 58, 59, 60, 61, 62, 63, 64, 65, 66, 67, 68, 69, 70, 71, 72, 73, 74, 75, 76, 77, 78, 79, 80, 81, 82, 83, 84, 85, 86, 87, 88, 89, 90, 91, 92, 93, 94, 95, 96, 97, 98, 99, 100, 101, 102, 103, 104, 105, 106, 107, 108, 109, 110, 111, 112, 113, 114, 115, 116, 117, 118, 119, 120, 121, 122, 123, 124, 125, 126, 127, 128, 129, 130, 131, 132, 133, 134, 135, 136, 137, 138, 139, 140, 141, 142, 143, 144, 145, 146, 147, 148, 149, 150, 151, 152, 153, 154, 155, 156, 157, 158, 159, 160, 161, 162, 163, 164, 165, 166, 167, 168, 169, 170, 171, 172, 173, 174, 175, 176, 177, 178, 179, 180, 181, 182, 183, 184, 185, 186, 187, 188, 189, 190, 191, 192, 193, 194]
Inds:  [133.3125, 133.1875, 132.9375, 132.75, 132.75, 132.5625, 132.25, 132.0, 132.0, 131.9375, 131.75, 131.3125, 131.3125, 131.3125, 131.0, 130.875, 130.75, 130.75, 130.75, 130.75, 130.75, 130.6875, 130.375, 130.375, 130.3125, 130.1875, 130.1875, 129.9375, 129.9375, 129.875, 129.875, 129.875, 129.875, 129.875, 129.875, 129.75, 129.75, 129.75, 129.5625, 129.5, 129.375, 129.25, 129.25, 129.25, 129.25, 129.25, 129.25, 129.0, 129.0, 128.9375, 128.9375, 128.9375, 128.875, 128.6875, 128.6875, 128.6875, 128.625, 128.625, 128.5625, 128.5625, 128.5625, 128.5625, 128.5625, 128.5625, 128.5625, 128.5625, 128.5625, 128.5625, 128.5625, 128.5, 128.5, 128.5, 128.4375, 128.3125, 128.3125, 128.3125, 128.3125, 128.3125, 128.3125, 128.3125, 128.3125, 128.3125, 128.3125, 128.3125, 128.3125, 128.1875, 128.1875, 128.1875, 128.1875, 128.1875, 128.1875, 128.1875, 128.1875, 128.1875, 128.1875, 128.1875, 128.1875, 128.1875, 128.1875, 128.1875, 128.1875, 128.1875, 128.1875, 128.125, 128.125, 128.125, 128.125, 128.125, 128.125, 128.125, 128.125, 128.125, 128.125, 128.125, 128.125, 128.125, 128.125, 128.125, 128.125, 128.125, 128.125, 128.125, 128.125, 128.125, 128.125, 128.125, 128.125, 128.125, 128.125, 128.125, 128.125, 128.125, 128.125, 128.0, 128.0, 128.0, 128.0, 128.0, 128.0, 128.0, 128.0, 128.0, 128.0, 128.0, 128.0, 127.875, 127.875, 127.875, 127.875, 127.875, 127.875, 127.875, 127.875, 127.875, 127.875, 127.875, 127.875, 127.875, 127.875, 127.875, 127.875, 127.875, 127.875, 127.875, 127.875, 127.875, 127.875, 127.875, 127.875, 127.875, 127.875, 127.875, 127.875, 127.875, 127.875, 127.875, 127.875, 127.875, 127.875, 127.875, 127.875, 127.875, 127.875, 127.875, 127.875, 127.875, 127.875, 127.875, 127.875, 127.875, 127.875, 127.875, 127.875, 127.875, 127.875]

Execution 10:
Parametros: Y=0.997
Start Time (hh:mm:ss.ms) 2023-07-16 20:49:10.998403
generations	MaxGenenerations	Populationk1	Populationk	PopulationElite	PopulationMutant	fitnessElite	alpha	min    	max    	avg    	std    
0          	0               	0           	0          	0              	0               	0           	0    	133.938	138.625	136.543	0.79788
1          	203.136         	997         	1000       	100            	200             	135.344     	0.3  	133.625	138.875	135.965	0.833308
2          	202.814         	994         	997        	101            	199             	135.195     	0.299	132.812	138.562	135.778	0.951718
5          	201.467         	985         	988        	102            	195             	134.552     	0.296	132.188	138.438	135.305	1.11013 
10         	200.444         	970         	973        	104            	188             	134.043     	0.291	132.062	138.625	134.932	1.30118 
12         	200.066         	964         	967        	105            	185             	133.851     	0.289	131.938	138.562	134.722	1.3593  
13         	200.065         	961         	964        	105            	184             	133.846     	0.288	131.75 	138.312	134.702	1.36493 
14         	199.63          	958         	961        	106            	183             	133.633     	0.286	131.562	138.438	134.63 	1.41556 
16         	199.533         	952         	955        	106            	180             	133.575     	0.284	131.375	138.812	134.404	1.52218 
18         	199.287         	946         	949        	107            	178             	133.444     	0.282	131.25 	138.625	134.216	1.61792 
19         	199.06          	943         	946        	108            	176             	133.329     	0.281	130.938	139    	134.098	1.6682  
20         	198.809         	940         	943        	108            	175             	133.202     	0.280	130.75 	138.438	133.917	1.6731  
22         	198.227         	934         	937        	109            	172             	132.911     	0.278	130.625	138.5  	133.644	1.82684 
23         	198.037         	931         	934        	109            	171             	132.813     	0.277	129.938	138.562	133.48 	1.85936 
29         	196.995         	913         	916        	111            	164             	132.263     	0.271	129.688	138.75 	132.903	2.12937 
34         	196.727         	898         	901        	113            	158             	132.086     	0.266	129.562	138.375	132.667	2.20916 
35         	196.353         	895         	898        	113            	156             	131.901     	0.265	129.5  	138.688	132.527	2.25916 
36         	196.442         	892         	895        	114            	155             	131.929     	0.264	129.438	138.75 	132.569	2.32915 
37         	196.384         	889         	892        	114            	154             	131.89      	0.263	129.188	138.75 	132.533	2.28588 
38         	196.005         	886         	889        	114            	153             	131.695     	0.262	129.062	138.875	132.468	2.34267 
42         	195.668         	874         	877        	115            	148             	131.498     	0.258	128.938	138.125	132.238	2.41498 
43         	195.259         	871         	874        	116            	147             	131.299     	0.256	128.688	138.812	132.141	2.4755  
46         	195.173         	862         	865        	117            	143             	131.211     	0.253	128.312	138.375	131.946	2.55366 
51         	194.422         	847         	850        	118            	137             	130.798     	0.248	128.188	138.125	131.731	2.67532 
54         	194.524         	838         	841        	119            	134             	130.796     	0.245	127.938	139    	131.54 	2.78969 
60         	194.072         	820         	823        	120            	127             	130.509     	0.239	127.812	138.625	131.349	2.84828 
63         	193.919         	811         	814        	120            	124             	130.394     	0.236	127.688	138.438	130.969	2.88147 
69         	193.402         	793         	796        	122            	117             	130.099     	0.229	127.562	138.625	130.874	2.9882  
80         	193.54          	760         	763        	123            	106             	130.005     	0.218	127.438	138.5  	130.729	2.99903 
85         	193.314         	745         	748        	124            	101             	129.835     	0.213	127.312	138.5  	130.486	3.04531 
96         	192.979         	712         	715        	124            	90              	129.555     	0.201	127.25 	138.625	130.292	3.04736 
107        	192.522         	679         	682        	124            	80              	129.256     	0.189	127.125	138.75 	130.059	3.10192 
123        	192.659         	642         	644        	126            	68              	129.075     	0.173	127    	138    	129.744	2.99775 
End Time (hh:mm:ss.ms) 2023-07-16 20:49:30.131401
Total Time (hh:mm:ss.ms) 0:00:19.132998
Individuo: [[11, 18, 13, 25, 2, 1, 28, 24, 7, 27, 26, 23, 5, 8, 17, 19, 6, 14, 15, 16, 10, 22, 9, 21, 20, 0, 3, 4, 12], [0, 0, 0, 1, 1, 1, 1, 0, 0, 0, 0, 1, 0, 0, 1, 1, 0, 0, 0, 0, 0, 0, 0, 1, 1, 1, 1, 1, 0]]
Fitness:  127.0
Gens:  [0, 1, 2, 3, 4, 5, 6, 7, 8, 9, 10, 11, 12, 13, 14, 15, 16, 17, 18, 19, 20, 21, 22, 23, 24, 25, 26, 27, 28, 29, 30, 31, 32, 33, 34, 35, 36, 37, 38, 39, 40, 41, 42, 43, 44, 45, 46, 47, 48, 49, 50, 51, 52, 53, 54, 55, 56, 57, 58, 59, 60, 61, 62, 63, 64, 65, 66, 67, 68, 69, 70, 71, 72, 73, 74, 75, 76, 77, 78, 79, 80, 81, 82, 83, 84, 85, 86, 87, 88, 89, 90, 91, 92, 93, 94, 95, 96, 97, 98, 99, 100, 101, 102, 103, 104, 105, 106, 107, 108, 109, 110, 111, 112, 113, 114, 115, 116, 117, 118, 119, 120, 121, 122, 123, 124, 125, 126, 127, 128, 129, 130, 131, 132, 133, 134, 135, 136, 137, 138, 139, 140, 141, 142, 143, 144, 145, 146, 147, 148, 149, 150, 151, 152, 153, 154, 155, 156, 157, 158, 159, 160, 161, 162, 163, 164, 165, 166, 167, 168, 169, 170, 171, 172, 173, 174, 175, 176, 177, 178, 179, 180, 181, 182, 183, 184, 185, 186, 187, 188, 189, 190, 191, 192, 193]
Inds:  [133.9375, 133.625, 132.8125, 132.8125, 132.8125, 132.1875, 132.1875, 132.1875, 132.1875, 132.1875, 132.0625, 132.0625, 131.9375, 131.75, 131.5625, 131.5625, 131.375, 131.375, 131.25, 130.9375, 130.75, 130.75, 130.625, 129.9375, 129.9375, 129.9375, 129.9375, 129.9375, 129.9375, 129.6875, 129.6875, 129.6875, 129.6875, 129.6875, 129.5625, 129.5, 129.4375, 129.1875, 129.0625, 129.0625, 129.0625, 129.0625, 128.9375, 128.6875, 128.6875, 128.6875, 128.3125, 128.3125, 128.3125, 128.3125, 128.3125, 128.1875, 128.1875, 128.1875, 127.9375, 127.9375, 127.9375, 127.9375, 127.9375, 127.9375, 127.8125, 127.8125, 127.8125, 127.6875, 127.6875, 127.6875, 127.6875, 127.6875, 127.6875, 127.5625, 127.5625, 127.5625, 127.5625, 127.5625, 127.5625, 127.5625, 127.5625, 127.5625, 127.5625, 127.5625, 127.4375, 127.4375, 127.4375, 127.4375, 127.4375, 127.3125, 127.3125, 127.3125, 127.3125, 127.3125, 127.3125, 127.3125, 127.3125, 127.3125, 127.3125, 127.3125, 127.25, 127.25, 127.25, 127.25, 127.25, 127.25, 127.25, 127.25, 127.25, 127.25, 127.25, 127.125, 127.125, 127.125, 127.125, 127.125, 127.125, 127.125, 127.125, 127.125, 127.125, 127.125, 127.125, 127.125, 127.125, 127.125, 127.125, 127.0, 127.0, 127.0, 127.0, 127.0, 127.0, 127.0, 127.0, 127.0, 127.0, 127.0, 127.0, 127.0, 127.0, 127.0, 127.0, 127.0, 127.0, 127.0, 127.0, 127.0, 127.0, 127.0, 127.0, 127.0, 127.0, 127.0, 127.0, 127.0, 127.0, 127.0, 127.0, 127.0, 127.0, 127.0, 127.0, 127.0, 127.0, 127.0, 127.0, 127.0, 127.0, 127.0, 127.0, 127.0, 127.0, 127.0, 127.0, 127.0, 127.0, 127.0, 127.0, 127.0, 127.0, 127.0, 127.0, 127.0, 127.0, 127.0, 127.0, 127.0, 127.0, 127.0, 127.0, 127.0, 127.0, 127.0, 127.0, 127.0, 127.0, 127.0]

