A-BRKGA-Heuristic:

Execution 1:
Parametros: Y=0.997
Start Time (hh:mm:ss.ms) 2023-07-16 20:55:10.147223
generations	MaxGenenerations	Populationk1	Populationk	PopulationElite	PopulationMutant	fitnessElite	alpha	min   	max  	avg    	std     
0          	0               	0           	0          	0              	0               	0           	0    	82.755	87.93	85.5361	0.772601
1          	107.778         	997         	1000       	100            	200             	84.3075     	0.3  	82.68 	87.93	84.9543	0.841917
2          	107.68          	994         	997        	101            	198             	84.2452     	0.298	82.455	87.855	84.6988	0.888273
4          	107.314         	988         	991        	103            	194             	84.0006     	0.294	82.0525	87.405	84.5072	1.01354 
5          	106.694         	985         	988        	105            	192             	83.6181     	0.292	81.9025	87.78 	84.2839	1.00954 
7          	106.523         	979         	982        	107            	188             	83.5129     	0.288	81.7525	87.3775	84.1389	1.09761 
9          	106.304         	973         	976        	109            	184             	83.3632     	0.284	81.555 	87.4525	83.9685	1.19316 
11         	106.063         	967         	970        	111            	180             	83.213      	0.281	81.33  	87.6025	83.7882	1.26586 
12         	105.818         	964         	967        	112            	178             	83.0813     	0.279	81.33  	87.105 	83.6219	1.24481 
13         	105.66          	961         	964        	113            	176             	82.9313     	0.277	80.88  	87.63  	83.5184	1.3417  
15         	105.137         	955         	958        	115            	172             	82.6357     	0.273	80.58  	87.6025	83.2889	1.43498 
17         	104.874         	949         	952        	117            	169             	82.5001     	0.269	80.355 	87.63  	83.0003	1.48307 
20         	104.549         	940         	943        	120            	163             	82.2658     	0.263	79.83  	88.305 	82.6602	1.66939 
26         	103.921         	922         	925        	126            	152             	81.8325     	0.251	79.83  	87.0025	82.2715	1.80482 
27         	103.679         	919         	922        	127            	150             	81.622      	0.249	79.755 	87.1525	82.1377	1.82023 
28         	103.628         	916         	919        	128            	148             	81.5888     	0.247	79.605 	87.405 	82.1206	1.89233 
29         	103.512         	913         	916        	129            	146             	81.523      	0.245	79.53  	87.93  	82.0589	1.87109 
31         	103.499         	907         	910        	131            	142             	81.5019     	0.242	79.38  	87.275 	81.9458	1.93039 
34         	103.289         	898         	901        	133            	137             	81.3278     	0.236	79.23  	87.5275	81.7511	1.9654  
37         	102.978         	889         	892        	136            	132             	81.0764     	0.230	79.155 	87.6025	81.5632	2.06087 
38         	102.988         	886         	889        	137            	130             	81.0823     	0.228	79.155 	87.555 	81.6327	2.04888 
40         	102.996         	880         	883        	138            	127             	81.0557     	0.224	79.005 	87.0775	81.4577	2.07097 
42         	102.847         	874         	877        	140            	123             	80.9379     	0.220	78.78  	87.705 	81.311 	2.06411 
44         	102.462         	868         	871        	142            	119             	80.6598     	0.216	78.78  	87.6775	81.2863	2.13774 
48         	102.393         	856         	859        	145            	113             	80.5445     	0.208	78.48  	87.405 	81.109 	2.14563 
51         	101.995         	847         	850        	147            	108             	80.2466     	0.201	78.48  	87.9025	80.9006	2.1471  
52         	102.202         	844         	847        	148            	106             	80.3664     	0.200	78.33  	87.4525	80.8756	2.18113 
57         	101.923         	829         	832        	152            	98              	80.0981     	0.190	78.18  	87.105 	80.643 	2.20615 
59         	101.536         	823         	826        	153            	95              	79.8188     	0.185	77.955 	87.6775	80.4369	2.24275 
67         	101.404         	799         	802        	158            	82              	79.5807     	0.169	77.955 	87.3025	80.158 	2.31353 
68         	101.335         	796         	799        	159            	81              	79.5232     	0.167	77.88  	87.18  	80.0601	2.27285 
70         	101.101         	790         	793        	160            	78              	79.347      	0.163	77.805 	87.3025	79.8908	2.33221 
72         	101.109         	784         	787        	161            	75              	79.304      	0.159	77.73  	87.255 	79.8865	2.36498 
75         	101.088         	775         	778        	163            	70              	79.2233     	0.153	77.655 	87.3775	79.5922	2.28552 
76         	100.968         	772         	775        	164            	69              	79.1274     	0.151	77.655 	87.63  	79.7051	2.29406 
77         	101.045         	769         	772        	164            	68              	79.147      	0.149	77.58  	86.9275	79.5937	2.29629 
82         	100.907         	754         	757        	167            	61              	78.9634     	0.139	77.505 	87.105 	79.4089	2.26593 
83         	100.69          	751         	754        	167            	59              	78.8214     	0.137	77.43  	86.8525	79.2889	2.28408 
84         	100.517         	748         	751        	168            	57              	78.7007     	0.134	77.43  	87.18  	79.2694	2.30041 
89         	100.729         	733         	736        	170            	51              	78.6984     	0.125	77.355 	87.0775	79.086 	2.24576 
92         	100.683         	724         	727        	171            	47              	78.5915     	0.119	77.28  	87.0775	79.0231	2.22546 
98         	100.443         	706         	709        	173            	39              	78.3459     	0.106	77.28  	87.275 	78.8844	2.13603 
End Time (hh:mm:ss.ms) 2023-07-16 20:55:26.818225
Total Time (hh:mm:ss.ms) 0:00:16.671002
Individuo: [[39, 12, 15, 6, 8, 25, 13, 10, 29, 18, 20, 0, 7, 31, 37, 22, 11, 21, 32, 40, 33, 14, 16, 36, 35, 19, 17, 24, 2, 23, 38, 9, 27, 34, 5, 4, 3, 26, 30, 28, 41, 1], [1, 0, 1, 1, 1, 1, 1, 1, 0, 1, 1, 0, 0, 0, 0, 0, 0, 1, 0, 0, 1, 1, 1, 1, 0, 1, 1, 0, 0, 1, 1, 1, 0, 1, 0, 1, 1, 0, 0, 0, 0, 0]]
Fitness:  77.27999999999994
Gens:  [0, 1, 2, 3, 4, 5, 6, 7, 8, 9, 10, 11, 12, 13, 14, 15, 16, 17, 18, 19, 20, 21, 22, 23, 24, 25, 26, 27, 28, 29, 30, 31, 32, 33, 34, 35, 36, 37, 38, 39, 40, 41, 42, 43, 44, 45, 46, 47, 48, 49, 50, 51, 52, 53, 54, 55, 56, 57, 58, 59, 60, 61, 62, 63, 64, 65, 66, 67, 68, 69, 70, 71, 72, 73, 74, 75, 76, 77, 78, 79, 80, 81, 82, 83, 84, 85, 86, 87, 88, 89, 90, 91, 92, 93, 94, 95, 96, 97, 98, 99, 100, 101]
Inds:  [82.75500000000001, 82.68000000000002, 82.45500000000001, 82.45500000000001, 82.05250000000001, 81.9025, 81.9025, 81.7525, 81.7525, 81.555, 81.555, 81.33, 81.32999999999998, 80.88000000000001, 80.88000000000001, 80.58, 80.58, 80.35499999999999, 80.35499999999999, 80.35499999999999, 79.83, 79.83, 79.83, 79.83, 79.83, 79.83, 79.82999999999998, 79.755, 79.60499999999999, 79.52999999999997, 79.52999999999997, 79.38000000000001, 79.38000000000001, 79.38000000000001, 79.22999999999999, 79.22999999999999, 79.22999999999999, 79.15499999999999, 79.15499999999997, 79.15499999999997, 79.00499999999998, 79.00499999999998, 78.77999999999999, 78.77999999999999, 78.77999999999997, 78.77999999999997, 78.77999999999997, 78.77999999999997, 78.47999999999999, 78.47999999999999, 78.47999999999999, 78.47999999999998, 78.32999999999997, 78.32999999999997, 78.32999999999997, 78.32999999999997, 78.32999999999997, 78.17999999999996, 78.17999999999996, 77.95499999999997, 77.95499999999997, 77.95499999999997, 77.95499999999997, 77.95499999999997, 77.95499999999997, 77.95499999999997, 77.95499999999997, 77.95499999999996, 77.87999999999995, 77.87999999999995, 77.80499999999996, 77.80499999999996, 77.72999999999996, 77.72999999999996, 77.72999999999996, 77.65499999999996, 77.65499999999994, 77.57999999999996, 77.57999999999996, 77.57999999999996, 77.57999999999996, 77.57999999999996, 77.50499999999997, 77.42999999999996, 77.42999999999995, 77.42999999999995, 77.42999999999995, 77.42999999999995, 77.42999999999995, 77.35499999999995, 77.35499999999995, 77.35499999999995, 77.27999999999996, 77.27999999999996, 77.27999999999996, 77.27999999999996, 77.27999999999996, 77.27999999999996, 77.27999999999994, 77.27999999999994, 77.27999999999994, 77.27999999999994]

Execution 2:
Parametros: Y=0.997
Start Time (hh:mm:ss.ms) 2023-07-16 20:55:27.593251
generations	MaxGenenerations	Populationk1	Populationk	PopulationElite	PopulationMutant	fitnessElite	alpha	min   	max   	avg    	std     
0          	0               	0           	0          	0              	0               	0           	0    	83.055	87.705	85.5332	0.767755
1          	108.095         	997         	1000       	100            	200             	84.45       	0.3  	82.83 	87.6775	84.9817	0.806386
2          	107.794         	994         	997        	101            	198             	84.2753     	0.298	82.455	87.48  	84.7868	0.891175
3          	107.242         	991         	994        	102            	196             	83.9438     	0.296	81.78 	87.5   	84.5939	0.961728
5          	106.379         	985         	988        	105            	192             	83.461      	0.292	81.555	87.63  	84.2226	1.05237 
8          	106.047         	976         	979        	108            	186             	83.2328     	0.286	80.955	87.7525	83.9616	1.20997 
11         	105.235         	967         	970        	111            	180             	82.7386     	0.280	80.88 	87.95  	83.5504	1.31758 
13         	105.288         	961         	964        	113            	176             	82.7927     	0.277	80.7025	87.5275	83.3939	1.38304 
15         	105.025         	955         	958        	115            	172             	82.609      	0.273	80.58  	87.725 	83.1981	1.46685 
17         	104.709         	949         	952        	117            	169             	82.3583     	0.269	80.43  	87.555 	82.9695	1.52566 
18         	104.632         	946         	949        	118            	167             	82.336      	0.267	80.2525	87.48  	82.8434	1.52252 
20         	104.322         	940         	943        	120            	163             	82.1107     	0.263	80.205 	87.255 	82.6981	1.61345 
21         	104.245         	937         	940        	121            	161             	82.0495     	0.261	80.15  	87.63  	82.6466	1.64426 
23         	104.127         	931         	934        	123            	157             	81.9426     	0.257	80.055 	87.03  	82.5035	1.69309 
25         	104.191         	925         	928        	125            	154             	81.9976     	0.253	79.8775	87.5275	82.4261	1.74807 
26         	103.904         	922         	925        	126            	152             	81.8044     	0.251	79.755 	87.7525	82.3251	1.77423 
27         	103.815         	919         	922        	127            	150             	81.7537     	0.249	79.7275	87.8275	82.3606	1.83156 
29         	103.686         	913         	916        	129            	146             	81.6278     	0.245	79.68  	87.3775	82.1393	1.81557 
32         	103.741         	904         	907        	131            	141             	81.6373     	0.240	79.53  	87.405 	82.0415	1.83913 
34         	103.438         	898         	901        	133            	137             	81.4077     	0.236	79.5025	87.2275	81.9414	1.87158 
37         	103.487         	889         	892        	136            	132             	81.4035     	0.230	79.455 	87.33  	81.8282	1.88965 
39         	103.425         	883         	886        	137            	128             	81.3345     	0.226	79.455 	87.3775	81.8224	1.88002 
41         	103.439         	877         	880        	139            	125             	81.3131     	0.222	79.305 	87.8275	81.7026	1.91387 
44         	103.113         	868         	871        	142            	120             	81.0535     	0.216	79.1275	87.4525	81.5909	1.98304 
48         	102.906         	856         	859        	145            	113             	80.8645     	0.208	79.08  	87.9025	81.4307	2.02154 
49         	102.983         	853         	856        	145            	111             	80.9043     	0.206	78.9025	87.405 	81.371 	1.99299 
52         	102.567         	844         	847        	148            	106             	80.5871     	0.200	78.8275	87.255 	81.1807	2.00579 
58         	102.608         	826         	829        	152            	97              	80.5134     	0.188	78.78  	86.8525	80.9215	1.99371 
64         	102.269         	808         	811        	156            	87              	80.2072     	0.176	78.7525	87.1525	80.712 	2.08066 
66         	102.464         	802         	805        	157            	85              	80.2847     	0.173	78.705 	87.18  	80.7469	2.05308 
67         	102.272         	799         	802        	158            	83              	80.1537     	0.170	78.6775	87.725 	80.6964	2.04871 
70         	102.251         	790         	793        	159            	79              	80.0886     	0.165	78.6025	87.0775	80.6256	2.04135 
71         	102.108         	787         	790        	160            	77              	79.983      	0.162	78.555 	87.18  	80.5159	2.02219 
73         	102.253         	781         	784        	161            	74              	80.019      	0.159	78.48  	87.105 	80.4638	1.993   
74         	101.957         	778         	781        	162            	73              	79.8324     	0.156	78.3775	86.9   	80.3189	2.00969 
75         	101.761         	775         	778        	163            	71              	79.6947     	0.154	78.3025	87.6025	80.3005	2.03814 
78         	101.672         	766         	769        	164            	67              	79.5836     	0.148	78.0025	87.18  	80.1306	2.06406 
82         	101.351         	754         	757        	166            	61              	79.285      	0.140	77.955 	87.405 	79.8967	2.01918 
86         	101.435         	742         	745        	168            	56              	79.236      	0.132	77.9275	86.955 	79.8223	2.04034 
91         	101.171         	727         	730        	170            	49              	79.0204     	0.122	77.8525	87.63  	79.5787	2.08805 
92         	101.301         	724         	727        	170            	48              	79.0291     	0.120	77.805 	87.03  	79.5512	2.02933 
93         	101.057         	721         	724        	171            	46              	78.8929     	0.117	77.805 	86.955 	79.4601	2.02561 
95         	101.383         	715         	718        	171            	44              	78.9844     	0.114	77.7775	87.2275	79.3992	2.04127 
97         	101.022         	709         	712        	172            	41              	78.7947     	0.109	77.6275	86.7775	79.2884	2.01095 
100        	100.765         	700         	703        	174            	37              	78.5795     	0.103	77.58  	86.73  	79.1136	1.96173 
101        	100.674         	697         	700        	174            	36              	78.5073     	0.101	77.5525	87.1525	79.064 	1.92384 
End Time (hh:mm:ss.ms) 2023-07-16 20:55:44.318257
Total Time (hh:mm:ss.ms) 0:00:16.725006
Individuo: [[0, 7, 34, 10, 4, 6, 26, 30, 28, 8, 41, 1, 3, 25, 13, 15, 29, 27, 5, 39, 12, 18, 11, 20, 21, 38, 37, 32, 16, 31, 23, 22, 2, 24, 40, 14, 33, 17, 19, 35, 9, 36], [0, 1, 0, 0, 1, 1, 1, 0, 0, 0, 0, 0, 0, 1, 1, 1, 1, 1, 1, 1, 0, 1, 1, 1, 1, 0, 0, 1, 1, 0, 0, 1, 1, 1, 0, 0, 0, 0, 0, 0, 1, 1]]
Fitness:  77.55249999999995
Gens:  [0, 1, 2, 3, 4, 5, 6, 7, 8, 9, 10, 11, 12, 13, 14, 15, 16, 17, 18, 19, 20, 21, 22, 23, 24, 25, 26, 27, 28, 29, 30, 31, 32, 33, 34, 35, 36, 37, 38, 39, 40, 41, 42, 43, 44, 45, 46, 47, 48, 49, 50, 51, 52, 53, 54, 55, 56, 57, 58, 59, 60, 61, 62, 63, 64, 65, 66, 67, 68, 69, 70, 71, 72, 73, 74, 75, 76, 77, 78, 79, 80, 81, 82, 83, 84, 85, 86, 87, 88, 89, 90, 91, 92, 93, 94, 95, 96, 97, 98, 99, 100, 101]
Inds:  [83.05499999999999, 82.83000000000001, 82.45500000000001, 81.78, 81.78, 81.55499999999999, 81.55499999999999, 81.55499999999999, 80.95500000000001, 80.95500000000001, 80.95500000000001, 80.88000000000002, 80.88000000000002, 80.7025, 80.7025, 80.58, 80.58, 80.43, 80.25249999999998, 80.25249999999998, 80.205, 80.14999999999999, 80.14999999999999, 80.05499999999999, 80.05499999999999, 79.8775, 79.755, 79.72749999999998, 79.72749999999998, 79.68, 79.68, 79.68, 79.53, 79.53, 79.5025, 79.5025, 79.5025, 79.455, 79.455, 79.45499999999998, 79.45499999999998, 79.305, 79.305, 79.305, 79.12749999999997, 79.12749999999997, 79.12749999999997, 79.12749999999997, 79.08, 78.90249999999996, 78.90249999999996, 78.90249999999996, 78.82749999999997, 78.82749999999997, 78.82749999999997, 78.82749999999997, 78.82749999999997, 78.82749999999997, 78.77999999999999, 78.77999999999999, 78.77999999999999, 78.77999999999999, 78.77999999999999, 78.77999999999999, 78.75249999999998, 78.75249999999998, 78.70499999999998, 78.6775, 78.6775, 78.6775, 78.60249999999998, 78.55499999999998, 78.55499999999998, 78.47999999999998, 78.37749999999998, 78.30249999999998, 78.30249999999998, 78.30249999999998, 78.00249999999997, 78.00249999999997, 78.00249999999997, 78.00249999999997, 77.95499999999997, 77.95499999999997, 77.95499999999997, 77.95499999999997, 77.92749999999997, 77.92749999999997, 77.92749999999997, 77.92749999999997, 77.92749999999997, 77.85249999999996, 77.80499999999996, 77.80499999999995, 77.80499999999995, 77.77749999999997, 77.77749999999997, 77.62749999999996, 77.62749999999996, 77.62749999999996, 77.57999999999996, 77.55249999999995]

Execution 3:
Parametros: Y=0.997
Start Time (hh:mm:ss.ms) 2023-07-16 20:55:45.089256
generations	MaxGenenerations	Populationk1	Populationk	PopulationElite	PopulationMutant	fitnessElite	alpha	min   	max    	avg    	std     
0          	0               	0           	0          	0              	0               	0           	0    	82.605	87.5275	85.5328	0.760024
1          	107.452         	997         	1000       	100            	200             	84.0817     	0.3  	82.305	87.33  	84.8738	0.837462
3          	107.038         	991         	994        	102            	196             	83.83       	0.296	81.855	87.6775	84.5125	0.979995
5          	106.405         	985         	988        	105            	192             	83.4483     	0.292	81.705	87.3025	84.2408	1.06846 
6          	106.21          	982         	985        	106            	190             	83.3315     	0.290	81.63 	87.405 	84.1799	1.11942 
9          	106.112         	973         	976        	109            	184             	83.2462     	0.284	81.18 	87.8275	83.9398	1.22844 
13         	105.441         	961         	964        	113            	176             	82.8018     	0.277	81.0775	88.2775	83.5028	1.35465 
16         	105.427         	952         	955        	116            	171             	82.7957     	0.271	80.955 	87.5275	83.2341	1.40143 
17         	105.306         	949         	952        	117            	169             	82.727      	0.269	80.73  	87.6025	83.26  	1.50526 
19         	105.132         	943         	946        	119            	165             	82.6361     	0.265	80.355 	87.3025	83.0872	1.48212 
20         	104.455         	940         	943        	120            	163             	82.1865     	0.263	80.28  	87.5275	82.9324	1.51328 
24         	104.46          	928         	931        	124            	155             	82.1613     	0.255	80.13  	87.255 	82.7272	1.53649 
28         	104.218         	916         	919        	128            	148             	81.9542     	0.248	80.055 	87.8   	82.5539	1.63296 
31         	104.544         	907         	910        	130            	143             	82.1839     	0.242	80.055 	87.125 	82.5257	1.60749 
32         	104.009         	904         	907        	131            	141             	81.7546     	0.240	79.605 	87.1525	82.3475	1.67409 
40         	103.503         	880         	883        	138            	127             	81.351      	0.224	79.53  	87.3025	81.9995	1.85545 
44         	103.438         	868         	871        	141            	120             	81.254      	0.216	79.38  	87.5275	81.6721	1.92623 
47         	103.304         	859         	862        	144            	115             	81.1303     	0.210	79.305 	88.175 	81.6621	1.942   
51         	103.012         	847         	850        	147            	108             	80.8766     	0.202	79.23  	87.705 	81.2999	1.96674 
52         	103.117         	844         	847        	148            	107             	80.9342     	0.201	79.08  	87.18  	81.3773	1.99419 
53         	102.76          	841         	844        	148            	105             	80.6902     	0.198	78.93  	87.3025	81.228 	2.01203 
56         	102.649         	832         	835        	151            	100             	80.5735     	0.192	78.855 	87.35  	81.0846	2.04832 
57         	102.52          	829         	832        	151            	98              	80.4754     	0.190	78.78  	87.4525	81.0427	2.05501 
59         	102.361         	823         	826        	153            	95              	80.3429     	0.186	78.78  	87.95  	81.0516	2.11278 
61         	102.5           	817         	820        	154            	92              	80.3939     	0.182	78.63  	87.555 	80.8066	2.03755 
62         	102.29          	814         	817        	155            	90              	80.243      	0.180	78.48  	87.6025	80.8003	2.12556 
67         	101.995         	799         	802        	158            	83              	79.9722     	0.170	78.405 	87.125 	80.5303	2.15122 
70         	101.928         	790         	793        	160            	78              	79.8742     	0.164	78.405 	87.7525	80.3577	2.14679 
72         	102.089         	784         	787        	161            	76              	79.9256     	0.160	78.33  	87.0025	80.4047	2.15233 
73         	101.731         	781         	784        	162            	74              	79.7042     	0.158	78.255 	88.1275	80.1861	2.10397 
74         	101.978         	778         	781        	162            	73              	79.8033     	0.156	78.18  	87.8275	80.3251	2.16088 
75         	101.788         	775         	778        	163            	71              	79.6715     	0.154	78.105 	87.7525	80.1733	2.1631  
78         	101.507         	766         	769        	164            	67              	79.4577     	0.148	78.03  	87.48  	79.9572	2.17359 
81         	101.447         	757         	760        	166            	62              	79.3561     	0.142	77.88  	87.48  	79.972 	2.23244 
83         	101.161         	751         	754        	167            	59              	79.1444     	0.137	77.88  	87.0025	79.7071	2.09681 
88         	101.215         	736         	739        	169            	53              	79.0773     	0.128	77.805 	87.1525	79.5585	2.1203  
94         	101.012         	718         	721        	171            	45              	78.8565     	0.115	77.73  	87.2275	79.4079	2.18729 
101        	101.103         	697         	700        	174            	36              	78.7283     	0.102	77.655 	87.125 	78.9909	1.97133 
End Time (hh:mm:ss.ms) 2023-07-16 20:56:01.651225
Total Time (hh:mm:ss.ms) 0:00:16.561969
Individuo: [[12, 18, 22, 37, 14, 33, 31, 36, 38, 9, 34, 21, 11, 20, 27, 6, 30, 25, 28, 3, 15, 13, 10, 29, 16, 32, 19, 24, 40, 17, 2, 23, 35, 7, 0, 4, 5, 39, 8, 41, 26, 1], [0, 1, 1, 0, 0, 0, 1, 1, 1, 1, 1, 0, 0, 1, 1, 1, 0, 0, 0, 0, 0, 1, 1, 1, 0, 0, 0, 1, 0, 0, 0, 1, 1, 1, 1, 0, 1, 1, 1, 0, 1, 1]]
Fitness:  77.65499999999996
Gens:  [0, 1, 2, 3, 4, 5, 6, 7, 8, 9, 10, 11, 12, 13, 14, 15, 16, 17, 18, 19, 20, 21, 22, 23, 24, 25, 26, 27, 28, 29, 30, 31, 32, 33, 34, 35, 36, 37, 38, 39, 40, 41, 42, 43, 44, 45, 46, 47, 48, 49, 50, 51, 52, 53, 54, 55, 56, 57, 58, 59, 60, 61, 62, 63, 64, 65, 66, 67, 68, 69, 70, 71, 72, 73, 74, 75, 76, 77, 78, 79, 80, 81, 82, 83, 84, 85, 86, 87, 88, 89, 90, 91, 92, 93, 94, 95, 96, 97, 98, 99, 100, 101, 102]
Inds:  [82.605, 82.30499999999998, 82.30499999999998, 81.85499999999999, 81.85499999999999, 81.705, 81.63000000000001, 81.63000000000001, 81.63000000000001, 81.17999999999999, 81.17999999999999, 81.17999999999999, 81.17999999999999, 81.0775, 81.0775, 81.0775, 80.95499999999998, 80.72999999999999, 80.72999999999999, 80.355, 80.27999999999999, 80.27999999999999, 80.27999999999999, 80.27999999999999, 80.13, 80.13, 80.13, 80.13, 80.055, 80.055, 80.055, 80.05499999999999, 79.60499999999998, 79.60499999999998, 79.60499999999998, 79.60499999999998, 79.60499999999998, 79.60499999999998, 79.60499999999998, 79.60499999999998, 79.52999999999999, 79.52999999999999, 79.52999999999999, 79.52999999999999, 79.37999999999997, 79.37999999999997, 79.37999999999997, 79.30499999999996, 79.30499999999996, 79.30499999999996, 79.30499999999996, 79.22999999999998, 79.07999999999998, 78.92999999999998, 78.92999999999998, 78.92999999999998, 78.85499999999998, 78.77999999999997, 78.77999999999997, 78.77999999999996, 78.77999999999996, 78.62999999999998, 78.47999999999998, 78.47999999999998, 78.47999999999998, 78.47999999999998, 78.47999999999998, 78.40499999999997, 78.40499999999997, 78.40499999999997, 78.40499999999996, 78.40499999999996, 78.32999999999997, 78.25499999999997, 78.17999999999996, 78.10499999999996, 78.10499999999996, 78.10499999999996, 78.02999999999996, 78.02999999999996, 78.02999999999996, 77.87999999999997, 77.87999999999997, 77.87999999999995, 77.87999999999995, 77.87999999999995, 77.87999999999995, 77.87999999999995, 77.80499999999996, 77.80499999999996, 77.80499999999996, 77.80499999999996, 77.80499999999996, 77.80499999999996, 77.72999999999996, 77.72999999999996, 77.72999999999996, 77.72999999999996, 77.72999999999996, 77.72999999999996, 77.72999999999996, 77.65499999999996, 77.65499999999996]

Execution 4:
Parametros: Y=0.997
Start Time (hh:mm:ss.ms) 2023-07-16 20:56:02.435258
generations	MaxGenenerations	Populationk1	Populationk	PopulationElite	PopulationMutant	fitnessElite	alpha	min   	max  	avg    	std     
0          	0               	0           	0          	0              	0               	0           	0    	82.775	87.63	85.5316	0.774366
1          	107.707         	997         	1000       	100            	200             	84.2315     	0.3  	82.605	87.7525	84.939 	0.840612
2          	107.525         	994         	997        	101            	198             	84.1397     	0.298	82.08 	87.3775	84.6774	0.911113
5          	106.793         	985         	988        	105            	192             	83.6954     	0.292	81.575	87.48  	84.2463	1.08249 
8          	106.032         	976         	979        	108            	186             	83.2097     	0.286	81.48 	87.705 	83.9477	1.20027 
9          	106.045         	973         	976        	109            	184             	83.2536     	0.284	81.2275	87.7525	83.8441	1.22481 
11         	105.645         	967         	970        	111            	180             	82.9849     	0.281	81.0025	88.08  	83.607 	1.27909 
13         	105.329         	961         	964        	113            	176             	82.7774     	0.277	80.9275	88.155 	83.3842	1.36715 
16         	105.255         	952         	955        	116            	171             	82.7065     	0.271	80.88  	87.6775	83.1175	1.46814 
17         	105.256         	949         	952        	117            	169             	82.7126     	0.269	80.7025	87.3025	83.0543	1.47907 
18         	104.907         	946         	949        	118            	167             	82.4686     	0.267	80.505 	87.405 	82.9453	1.51549 
19         	104.682         	943         	946        	119            	165             	82.3377     	0.265	80.1025	87.48  	82.8694	1.58016 
22         	104.244         	934         	937        	122            	159             	82.0698     	0.259	79.98  	87.4525	82.6683	1.65743 
24         	103.999         	928         	931        	124            	155             	81.8791     	0.255	79.8025	87.33  	82.4339	1.70186 
30         	103.76          	910         	913        	130            	144             	81.6516     	0.244	79.755 	87.5275	82.1674	1.85138 
33         	103.698         	901         	904        	132            	139             	81.5713     	0.238	79.605 	87.78  	82.0046	1.87135 
34         	103.629         	898         	901        	133            	137             	81.5368     	0.236	79.53  	87.2275	81.9584	1.93156 
35         	103.359         	895         	898        	134            	135             	81.3328     	0.234	79.455 	87.405 	81.8786	1.87877 
36         	103.317         	892         	895        	135            	134             	81.3014     	0.232	79.08  	87.7525	81.8869	1.8969  
40         	102.798         	880         	883        	139            	126             	80.9228     	0.224	79.08  	87.33  	81.5864	2.00615 
41         	102.806         	877         	880        	139            	125             	80.913      	0.222	78.855 	87.6775	81.5873	2.00815 
47         	102.459         	859         	862        	144            	114             	80.5992     	0.210	78.705 	87.6025	81.2218	2.12889 
51         	102.287         	847         	850        	147            	108             	80.4286     	0.202	78.63  	87.2275	80.9725	2.18393 
53         	102.42          	841         	844        	149            	105             	80.4851     	0.198	78.405 	87.0025	81.0279	2.16601 
56         	102.012         	832         	835        	151            	100             	80.1725     	0.192	78.33  	87.105 	80.7664	2.17418 
61         	101.923         	817         	820        	154            	92              	80.0251     	0.182	78.18  	86.75  	80.53  	2.20926 
62         	101.459         	814         	817        	155            	90              	79.7205     	0.179	78.105 	87.0025	80.3213	2.22308 
63         	101.439         	811         	814        	156            	88              	79.6866     	0.177	78.105 	87.1525	80.3521	2.21823 
68         	101.507         	796         	799        	159            	81              	79.6375     	0.167	77.88  	87.03  	80.1471	2.20624 
77         	101.36          	769         	772        	164            	68              	79.3541     	0.150	77.805 	87.2   	79.9118	2.28919 
78         	101.109         	766         	769        	165            	66              	79.1925     	0.147	77.73  	87.555 	79.6619	2.21173 
84         	101.028         	748         	751        	167            	58              	79.0224     	0.135	77.655 	87.33  	79.5846	2.28617 
88         	100.831         	736         	739        	169            	52              	78.8366     	0.127	77.58  	87.555 	79.3842	2.22198 
90         	100.72          	730         	733        	170            	50              	78.7264     	0.123	77.58  	86.73  	79.3131	2.2612  
97         	100.901         	709         	712        	173            	41              	78.6662     	0.109	77.505 	87.18  	78.9662	2.06586 
End Time (hh:mm:ss.ms) 2023-07-16 20:56:19.000095
Total Time (hh:mm:ss.ms) 0:00:16.564837
Individuo: [[0, 12, 4, 29, 13, 25, 28, 30, 10, 7, 36, 31, 37, 32, 16, 38, 22, 11, 20, 5, 27, 34, 35, 23, 2, 40, 24, 19, 17, 33, 14, 21, 9, 18, 8, 41, 1, 26, 6, 15, 3, 39], [1, 0, 0, 0, 0, 0, 0, 0, 1, 0, 0, 0, 0, 1, 1, 0, 0, 0, 1, 0, 0, 1, 0, 0, 1, 1, 0, 1, 1, 1, 1, 1, 1, 0, 1, 0, 0, 0, 0, 0, 0, 0]]
Fitness:  77.50499999999995
Gens:  [0, 1, 2, 3, 4, 5, 6, 7, 8, 9, 10, 11, 12, 13, 14, 15, 16, 17, 18, 19, 20, 21, 22, 23, 24, 25, 26, 27, 28, 29, 30, 31, 32, 33, 34, 35, 36, 37, 38, 39, 40, 41, 42, 43, 44, 45, 46, 47, 48, 49, 50, 51, 52, 53, 54, 55, 56, 57, 58, 59, 60, 61, 62, 63, 64, 65, 66, 67, 68, 69, 70, 71, 72, 73, 74, 75, 76, 77, 78, 79, 80, 81, 82, 83, 84, 85, 86, 87, 88, 89, 90, 91, 92, 93, 94, 95, 96, 97, 98, 99, 100, 101]
Inds:  [82.77500000000003, 82.60500000000002, 82.08, 82.08, 82.08, 81.57500000000002, 81.57500000000002, 81.57500000000002, 81.48000000000002, 81.22749999999999, 81.22749999999999, 81.00250000000001, 81.00250000000001, 80.9275, 80.9275, 80.9275, 80.88000000000001, 80.70250000000001, 80.50500000000001, 80.10249999999998, 80.10249999999998, 80.10249999999998, 79.98, 79.98, 79.80249999999997, 79.80249999999997, 79.80249999999997, 79.80249999999997, 79.80249999999997, 79.80249999999997, 79.755, 79.755, 79.755, 79.60499999999999, 79.52999999999999, 79.45499999999998, 79.07999999999998, 79.07999999999998, 79.07999999999998, 79.07999999999998, 79.07999999999997, 78.85499999999998, 78.85499999999998, 78.85499999999998, 78.85499999999998, 78.85499999999998, 78.85499999999998, 78.70499999999997, 78.70499999999997, 78.70499999999997, 78.70499999999997, 78.62999999999997, 78.62999999999997, 78.40499999999997, 78.40499999999997, 78.40499999999997, 78.32999999999997, 78.32999999999997, 78.32999999999997, 78.32999999999997, 78.32999999999997, 78.17999999999996, 78.10499999999998, 78.10499999999996, 78.10499999999996, 78.10499999999996, 78.10499999999996, 78.10499999999996, 77.87999999999995, 77.87999999999995, 77.87999999999995, 77.87999999999995, 77.87999999999995, 77.87999999999995, 77.87999999999995, 77.87999999999995, 77.87999999999995, 77.80499999999996, 77.72999999999996, 77.72999999999996, 77.72999999999996, 77.72999999999996, 77.72999999999996, 77.72999999999996, 77.65499999999996, 77.65499999999996, 77.65499999999996, 77.65499999999996, 77.57999999999996, 77.57999999999996, 77.57999999999994, 77.57999999999994, 77.57999999999994, 77.57999999999994, 77.57999999999994, 77.57999999999994, 77.57999999999994, 77.50499999999995, 77.50499999999995, 77.50499999999995, 77.50499999999995, 77.50499999999995]

Execution 5:
Parametros: Y=0.997
Start Time (hh:mm:ss.ms) 2023-07-16 20:56:19.760123
generations	MaxGenenerations	Populationk1	Populationk	PopulationElite	PopulationMutant	fitnessElite	alpha	min  	max  	avg    	std     
0          	0               	0           	0          	0              	0               	0           	0    	82.98	87.78	85.5556	0.802933
1          	108.022         	997         	1000       	100            	200             	84.42       	0.3  	82.8775	87.9025	84.9394	0.832749
2          	107.928         	994         	997        	101            	198             	84.3757     	0.298	82.38  	87.5275	84.7059	0.938921
3          	107.16          	991         	994        	102            	196             	83.905      	0.296	82.2025	87.855 	84.5608	0.997615
4          	107.034         	988         	991        	103            	194             	83.8666     	0.294	82.08  	87.3025	84.4352	1.02867 
5          	106.697         	985         	988        	105            	192             	83.6076     	0.292	81.8275	87.7525	84.3423	1.08264 
6          	106.513         	982         	985        	106            	190             	83.5494     	0.290	81.6775	87.555 	84.2574	1.09698 
7          	106.255         	979         	982        	107            	188             	83.3744     	0.288	81.63  	88.0525	84.1735	1.12877 
8          	106.352         	976         	979        	108            	186             	83.4722     	0.286	81.5275	87.555 	84.0691	1.17428 
9          	106.059         	973         	976        	109            	184             	83.2448     	0.284	81.18  	87.05  	83.9288	1.18876 
10         	105.447         	970         	973        	110            	182             	82.8408     	0.282	80.805 	87.48  	83.85  	1.21904 
17         	105.173         	949         	952        	117            	169             	82.6705     	0.269	80.6275	87.33  	82.9403	1.58577 
18         	104.818         	946         	949        	118            	167             	82.4208     	0.267	80.355 	87.93  	82.8153	1.6377  
19         	104.652         	943         	946        	119            	165             	82.3669     	0.265	80.355 	87.2275	82.7718	1.62752 
21         	104.534         	937         	940        	121            	161             	82.2395     	0.261	80.28  	87.3775	82.633 	1.68251 
22         	104.381         	934         	937        	122            	159             	82.1237     	0.259	80.2525	87.255 	82.5493	1.69948 
23         	104.307         	931         	934        	123            	157             	82.0579     	0.257	80.13  	87.9025	82.4476	1.78168 
25         	104.265         	925         	928        	125            	154             	82.0347     	0.253	80.055 	87.3025	82.3846	1.80133 
26         	104.065         	922         	925        	126            	152             	81.881      	0.251	79.755 	87.35  	82.2668	1.84889 
28         	103.8           	916         	919        	128            	148             	81.7264     	0.247	79.53  	87.9025	82.2154	1.89803 
31         	103.368         	907         	910        	131            	142             	81.3991     	0.241	79.455 	87.555 	81.8926	1.98429 
33         	103.145         	901         	904        	133            	139             	81.2152     	0.237	79.2775	87.8275	81.7003	1.95682 
36         	103.162         	892         	895        	135            	134             	81.2211     	0.232	79.2025	87.95  	81.6324	2.0308  
39         	103.035         	883         	886        	138            	128             	81.0922     	0.226	79.155 	87.9775	81.6035	2.08628 
41         	102.918         	877         	880        	139            	125             	80.9826     	0.222	79.1275	87.6775	81.494 	2.08841 
42         	102.975         	874         	877        	140            	123             	81.0117     	0.220	79.1275	87.5275	81.417 	2.0712  
43         	102.929         	871         	874        	141            	121             	80.962      	0.218	79.0525	87.3775	81.3887	2.10669 
44         	102.785         	868         	871        	142            	120             	80.8534     	0.216	78.855 	87.5275	81.3294	2.10646 
48         	102.574         	856         	859        	145            	113             	80.662      	0.208	78.78  	88.1275	81.1179	2.1352  
54         	102.399         	838         	841        	149            	103             	80.4491     	0.196	78.6025	88.0525	80.9397	2.16266 
57         	102.122         	829         	832        	152            	98              	80.2246     	0.190	78.4525	87.48  	80.8217	2.20922 
64         	102.036         	808         	811        	156            	87              	80.046      	0.176	78.33  	87.2275	80.5607	2.19808 
66         	102.029         	802         	805        	157            	84              	79.995      	0.172	78.2275	87.3775	80.5534	2.21796 
70         	101.644         	790         	793        	160            	78              	79.6933     	0.164	78.18  	87.35  	80.2509	2.18599 
73         	101.605         	781         	784        	162            	74              	79.612      	0.158	78.105 	87.0025	80.1353	2.17597 
74         	101.439         	778         	781        	162            	72              	79.4936     	0.156	78.105 	87.03  	79.9465	2.15528 
76         	101.736         	772         	775        	163            	70              	79.6111     	0.152	78.0775	87.18  	80.0943	2.23548 
77         	101.457         	769         	772        	164            	68              	79.4445     	0.150	77.955 	86.7025	79.9296	2.15733 
81         	101.289         	757         	760        	166            	62              	79.2614     	0.142	77.88  	87.3025	79.8129	2.20106 
82         	101.238         	754         	757        	166            	61              	79.199      	0.139	77.805 	86.9275	79.7196	2.20745 
85         	101.155         	745         	748        	168            	57              	79.0832     	0.133	77.73  	87.3775	79.5783	2.19655 
89         	101.202         	733         	736        	169            	51              	79.0032     	0.126	77.655 	87.125 	79.344 	2.12187 
96         	100.863         	712         	715        	172            	42              	78.7015     	0.111	77.6275	87.0025	79.1117	2.11585 
101        	100.864         	697         	700        	174            	36              	78.5963     	0.101	77.58  	87.8275	78.8999	2.04896 
End Time (hh:mm:ss.ms) 2023-07-16 20:56:36.185124
Total Time (hh:mm:ss.ms) 0:00:16.425001
Individuo: [[30, 8, 28, 13, 10, 29, 5, 0, 34, 27, 20, 39, 26, 6, 4, 11, 22, 23, 38, 9, 18, 15, 25, 41, 1, 3, 12, 36, 16, 32, 31, 37, 24, 40, 33, 14, 17, 19, 2, 21, 7, 35], [0, 1, 1, 1, 1, 1, 1, 0, 0, 1, 1, 1, 0, 0, 0, 1, 1, 1, 1, 1, 0, 0, 0, 0, 0, 0, 0, 0, 0, 0, 0, 0, 1, 0, 1, 1, 0, 0, 0, 1, 0, 0]]
Fitness:  77.57999999999997
Gens:  [0, 1, 2, 3, 4, 5, 6, 7, 8, 9, 10, 11, 12, 13, 14, 15, 16, 17, 18, 19, 20, 21, 22, 23, 24, 25, 26, 27, 28, 29, 30, 31, 32, 33, 34, 35, 36, 37, 38, 39, 40, 41, 42, 43, 44, 45, 46, 47, 48, 49, 50, 51, 52, 53, 54, 55, 56, 57, 58, 59, 60, 61, 62, 63, 64, 65, 66, 67, 68, 69, 70, 71, 72, 73, 74, 75, 76, 77, 78, 79, 80, 81, 82, 83, 84, 85, 86, 87, 88, 89, 90, 91, 92, 93, 94, 95, 96, 97, 98, 99, 100, 101]
Inds:  [82.98, 82.8775, 82.38000000000001, 82.2025, 82.08000000000001, 81.8275, 81.6775, 81.63000000000001, 81.5275, 81.18, 80.80499999999999, 80.80499999999999, 80.80499999999999, 80.80499999999999, 80.80499999999999, 80.80499999999999, 80.80499999999999, 80.62749999999998, 80.35499999999999, 80.35499999999998, 80.35499999999998, 80.27999999999999, 80.25249999999998, 80.12999999999998, 80.12999999999998, 80.05499999999999, 79.755, 79.755, 79.53, 79.53, 79.53, 79.45499999999997, 79.45499999999997, 79.27749999999997, 79.27749999999997, 79.27749999999997, 79.20249999999999, 79.20249999999999, 79.20249999999999, 79.15499999999997, 79.15499999999997, 79.12749999999998, 79.12749999999997, 79.05249999999998, 78.85499999999999, 78.85499999999999, 78.85499999999999, 78.85499999999999, 78.77999999999999, 78.77999999999999, 78.77999999999999, 78.77999999999999, 78.77999999999999, 78.77999999999999, 78.60249999999996, 78.60249999999996, 78.60249999999996, 78.45249999999997, 78.45249999999997, 78.45249999999997, 78.45249999999997, 78.45249999999997, 78.45249999999997, 78.45249999999997, 78.32999999999997, 78.32999999999997, 78.22749999999996, 78.22749999999996, 78.22749999999996, 78.22749999999996, 78.17999999999998, 78.17999999999998, 78.17999999999998, 78.10499999999998, 78.10499999999996, 78.10499999999996, 78.07749999999997, 77.95499999999997, 77.95499999999997, 77.95499999999997, 77.95499999999997, 77.87999999999997, 77.80499999999996, 77.80499999999996, 77.80499999999996, 77.72999999999996, 77.72999999999996, 77.72999999999996, 77.72999999999996, 77.65499999999996, 77.65499999999996, 77.65499999999996, 77.65499999999996, 77.65499999999996, 77.65499999999996, 77.65499999999996, 77.62749999999997, 77.62749999999997, 77.62749999999997, 77.62749999999997, 77.62749999999997, 77.57999999999997]

Execution 6:
Parametros: Y=0.997
Start Time (hh:mm:ss.ms) 2023-07-16 20:56:36.944128
generations	MaxGenenerations	Populationk1	Populationk	PopulationElite	PopulationMutant	fitnessElite	alpha	min    	max    	avg    	std     
0          	0               	0           	0          	0              	0               	0           	0    	83.3275	87.9025	85.5311	0.786236
1          	108.514         	997         	1000       	100            	200             	84.7        	0.3  	82.68  	87.7525	84.9933	0.810241
2          	107.623         	994         	997        	101            	198             	84.1923     	0.298	82.2775	87.4525	84.7202	0.898603
4          	107.011         	988         	991        	103            	194             	83.8091     	0.294	81.48  	87.48  	84.4898	0.988257
8          	106.093         	976         	979        	108            	186             	83.3084     	0.286	81.33  	87.33  	83.964 	1.18341 
12         	105.842         	964         	967        	112            	178             	83.1023     	0.279	81.255 	87.5275	83.5577	1.34715 
13         	105.696         	961         	964        	113            	176             	82.9943     	0.277	80.6275	87.6775	83.4042	1.27026 
16         	105.031         	952         	955        	116            	171             	82.63       	0.271	80.28  	87.9775	83.1684	1.46378 
25         	104.366         	925         	928        	125            	154             	82.0708     	0.254	79.98  	87.705 	82.4932	1.68327 
29         	103.991         	913         	916        	129            	146             	81.8009     	0.246	79.905 	87.555 	82.392 	1.75965 
30         	103.949         	910         	913        	130            	144             	81.7732     	0.244	79.68  	87.255 	82.2657	1.74566 
38         	103.764         	886         	889        	136            	130             	81.5604     	0.228	79.53  	87.4525	81.9914	1.89515 
42         	103.321         	874         	877        	140            	123             	81.2013     	0.220	79.53  	87.9025	81.7831	1.87543 
44         	103.592         	868         	871        	141            	120             	81.363      	0.216	79.38  	87.5275	81.7482	1.84379 
46         	103.35          	862         	865        	143            	117             	81.1786     	0.212	79.23  	87.8275	81.6854	1.9133  
48         	103.14          	856         	859        	145            	113             	81.0158     	0.208	79.23  	87.6775	81.5767	1.95818 
53         	102.938         	841         	844        	148            	105             	80.8009     	0.198	79.08  	87.03  	81.4224	1.95972 
57         	102.928         	829         	832        	151            	99              	80.7328     	0.191	79.005 	87.63  	81.2582	2.02227 
61         	102.807         	817         	820        	154            	92              	80.5894     	0.183	78.78  	87.6025	81.0641	1.98391 
64         	102.416         	808         	811        	156            	88              	80.2931     	0.176	78.705 	87.18  	80.8411	1.98913 
69         	102.402         	793         	796        	159            	80              	80.1926     	0.167	78.63  	87.18  	80.7242	2.01625 
71         	102.282         	787         	790        	160            	77              	80.0814     	0.163	78.48  	87.5   	80.5647	2.06953 
75         	101.934         	775         	778        	162            	71              	79.8036     	0.154	78.48  	87.3025	80.4169	2.07067 
76         	102.018         	772         	775        	163            	70              	79.8295     	0.152	78.405 	86.45  	80.2732	1.93177 
79         	101.906         	763         	766        	164            	65              	79.7052     	0.146	78.255 	87.255 	80.1665	2.01308 
83         	101.748         	751         	754        	166            	60              	79.5214     	0.138	78.18  	87.0775	80.0158	2.03226 
84         	101.559         	748         	751        	167            	58              	79.3949     	0.136	78.105 	86.825 	79.8897	1.96849 
86         	101.516         	742         	745        	168            	56              	79.3177     	0.132	77.955 	87.3775	79.8555	2.01908 
88         	101.289         	736         	739        	169            	53              	79.1343     	0.128	77.955 	87.405 	79.6296	1.95378 
89         	101.366         	733         	736        	169            	52              	79.1492     	0.126	77.805 	87.2275	79.6584	2.02411 
91         	100.995         	727         	730        	170            	49              	78.9034     	0.121	77.655 	87.33  	79.564 	2.04773 
98         	101.051         	706         	709        	173            	40              	78.7346     	0.108	77.505 	87.0775	79.1984	1.96463 
End Time (hh:mm:ss.ms) 2023-07-16 20:56:53.650095
Total Time (hh:mm:ss.ms) 0:00:16.705967
Individuo: [[12, 3, 39, 27, 20, 38, 23, 24, 31, 16, 14, 32, 36, 7, 34, 10, 13, 8, 41, 1, 26, 30, 25, 28, 6, 15, 29, 18, 21, 35, 37, 40, 33, 17, 19, 2, 22, 11, 9, 4, 5, 0], [0, 0, 0, 1, 1, 0, 0, 1, 1, 0, 0, 1, 1, 1, 0, 0, 0, 1, 0, 0, 0, 0, 0, 0, 0, 0, 1, 1, 1, 1, 0, 0, 1, 0, 0, 0, 0, 0, 1, 0, 1, 0]]
Fitness:  77.50499999999995
Gens:  [0, 1, 2, 3, 4, 5, 6, 7, 8, 9, 10, 11, 12, 13, 14, 15, 16, 17, 18, 19, 20, 21, 22, 23, 24, 25, 26, 27, 28, 29, 30, 31, 32, 33, 34, 35, 36, 37, 38, 39, 40, 41, 42, 43, 44, 45, 46, 47, 48, 49, 50, 51, 52, 53, 54, 55, 56, 57, 58, 59, 60, 61, 62, 63, 64, 65, 66, 67, 68, 69, 70, 71, 72, 73, 74, 75, 76, 77, 78, 79, 80, 81, 82, 83, 84, 85, 86, 87, 88, 89, 90, 91, 92, 93, 94, 95, 96, 97, 98, 99, 100, 101]
Inds:  [83.32750000000003, 82.67999999999999, 82.27749999999999, 82.27749999999999, 81.48, 81.48, 81.48, 81.48, 81.32999999999998, 81.32999999999998, 81.32999999999998, 81.32999999999998, 81.255, 80.62750000000001, 80.62750000000001, 80.62750000000001, 80.28, 80.28, 80.28, 80.28, 80.28, 80.28, 80.28, 80.28, 80.28, 79.97999999999999, 79.97999999999999, 79.97999999999999, 79.97999999999999, 79.90499999999999, 79.67999999999999, 79.67999999999999, 79.67999999999999, 79.67999999999999, 79.67999999999999, 79.67999999999999, 79.67999999999999, 79.67999999999999, 79.52999999999999, 79.52999999999999, 79.52999999999999, 79.52999999999999, 79.52999999999997, 79.52999999999997, 79.37999999999998, 79.37999999999998, 79.22999999999999, 79.22999999999999, 79.22999999999998, 79.22999999999998, 79.22999999999998, 79.22999999999998, 79.22999999999998, 79.07999999999998, 79.07999999999998, 79.07999999999998, 79.07999999999998, 79.00499999999998, 79.00499999999998, 79.00499999999998, 79.00499999999998, 78.77999999999999, 78.77999999999999, 78.77999999999999, 78.70499999999998, 78.70499999999998, 78.70499999999998, 78.70499999999998, 78.70499999999998, 78.62999999999997, 78.62999999999997, 78.47999999999998, 78.47999999999998, 78.47999999999998, 78.47999999999998, 78.47999999999996, 78.40499999999997, 78.40499999999997, 78.40499999999997, 78.25499999999998, 78.25499999999998, 78.25499999999998, 78.25499999999998, 78.17999999999996, 78.10499999999998, 78.10499999999998, 77.95499999999998, 77.95499999999998, 77.95499999999996, 77.80499999999996, 77.80499999999996, 77.65499999999994, 77.65499999999994, 77.65499999999994, 77.65499999999994, 77.65499999999994, 77.65499999999994, 77.65499999999994, 77.50499999999995, 77.50499999999995, 77.50499999999995, 77.50499999999995]

Execution 7:
Parametros: Y=0.997
Start Time (hh:mm:ss.ms) 2023-07-16 20:56:54.516095
generations	MaxGenenerations	Populationk1	Populationk	PopulationElite	PopulationMutant	fitnessElite	alpha	min  	max    	avg    	std    
0          	0               	0           	0          	0              	0               	0           	0    	82.68	87.7525	85.5434	0.80913
1          	107.623         	997         	1000       	100            	200             	84.2018     	0.3  	82.305	87.5   	84.9321	0.855091
2          	107.053         	994         	997        	101            	198             	83.8538     	0.298	82.08 	87.255 	84.7183	0.944498
5          	106.754         	985         	988        	105            	192             	83.6595     	0.292	81.9025	87.5275	84.3654	1.07176 
6          	106.539         	982         	985        	106            	190             	83.5372     	0.290	81.63  	87.9775	84.2503	1.0785  
10         	106.352         	970         	973        	110            	182             	83.448      	0.283	81.255 	87.63  	84.0778	1.16951 
15         	105.657         	955         	958        	115            	173             	82.937      	0.273	80.9275	87.855 	83.7157	1.29265 
23         	105.365         	931         	934        	123            	158             	82.7094     	0.258	80.88  	87.63  	83.1603	1.4323  
24         	105.241         	928         	931        	124            	156             	82.61       	0.256	80.73  	87.35  	83.1028	1.48602 
26         	105.108         	922         	925        	126            	152             	82.5216     	0.252	80.505 	87.3775	83.0197	1.50372 
30         	104.635         	910         	913        	129            	145             	82.1558     	0.244	80.4025	87.48  	82.847 	1.56496 
34         	104.587         	898         	901        	133            	138             	82.0904     	0.236	80.355 	87.6775	82.6698	1.62728 
35         	104.573         	895         	898        	134            	136             	82.0756     	0.234	80.055 	87.3775	82.649 	1.65956 
43         	104.041         	871         	874        	140            	122             	81.6277     	0.219	79.905 	87.6775	82.2451	1.69865 
44         	103.987         	868         	871        	141            	120             	81.5939     	0.217	79.83  	87.05  	82.2476	1.74636 
49         	103.828         	853         	856        	145            	112             	81.4177     	0.207	79.7275	87.4525	81.7772	1.83366 
50         	103.686         	850         	853        	146            	110             	81.3149     	0.205	79.53  	87.855 	81.7836	1.83864 
52         	103.359         	844         	847        	147            	107             	81.0796     	0.201	79.38  	87.6775	81.631 	1.83969 
57         	103.01          	829         	832        	151            	99              	80.7859     	0.191	79.305 	87.93  	81.4314	1.93882 
60         	103.052         	820         	823        	153            	94              	80.7658     	0.185	79.23  	87.425 	81.25  	1.89645 
62         	103.094         	814         	817        	154            	91              	80.756      	0.181	79.005 	87.4525	81.2358	1.93368 
64         	102.685         	808         	811        	156            	88              	80.4677     	0.177	79.005 	87.3775	81.0168	1.86612 
67         	102.7           	799         	802        	157            	83              	80.4278     	0.171	78.93  	87.105 	81.0736	2.0034  
69         	102.649         	793         	796        	159            	80              	80.3576     	0.167	78.78  	87.1525	80.9121	1.98221 
74         	102.5           	778         	781        	161            	73              	80.1701     	0.157	78.705 	87.0025	80.7512	2.01083 
76         	102.226         	772         	775        	163            	70              	79.9809     	0.153	78.48  	87.18  	80.5852	1.97592 
82         	102.003         	754         	757        	166            	61              	79.7189     	0.141	78.48  	87.855 	80.2333	2.01622 
83         	102.187         	751         	754        	166            	60              	79.7879     	0.139	78.405 	87.6025	80.2153	1.94944 
84         	102.012         	748         	751        	167            	59              	79.6676     	0.137	78.33  	88.08  	80.1692	1.99331 
89         	101.67          	733         	736        	169            	52              	79.4054     	0.126	78.33  	87.255 	79.8825	1.99555 
90         	101.808         	730         	733        	169            	51              	79.4471     	0.125	78.18  	87.0025	79.8927	1.98446 
92         	101.476         	724         	727        	170            	48              	79.2206     	0.120	78.105 	87.0775	79.7429	2.02538 
95         	101.439         	715         	718        	171            	44              	79.1252     	0.114	78.03  	86.955 	79.694 	1.99994 
98         	101.441         	706         	709        	172            	40              	79.0414     	0.108	77.955 	87.0025	79.394 	1.89831 
End Time (hh:mm:ss.ms) 2023-07-16 20:57:11.021126
Total Time (hh:mm:ss.ms) 0:00:16.505031
Individuo: [[41, 26, 6, 15, 7, 32, 40, 2, 21, 11, 18, 28, 25, 30, 8, 13, 4, 12, 0, 23, 22, 31, 14, 33, 17, 19, 24, 37, 38, 20, 5, 39, 3, 1, 10, 29, 27, 16, 36, 35, 9, 34], [1, 0, 0, 0, 0, 0, 1, 0, 0, 0, 0, 1, 1, 1, 1, 1, 1, 1, 0, 0, 0, 1, 0, 0, 0, 0, 1, 1, 1, 1, 1, 1, 1, 1, 1, 1, 0, 1, 1, 0, 1, 1]]
Fitness:  77.95499999999996
Gens:  [0, 1, 2, 3, 4, 5, 6, 7, 8, 9, 10, 11, 12, 13, 14, 15, 16, 17, 18, 19, 20, 21, 22, 23, 24, 25, 26, 27, 28, 29, 30, 31, 32, 33, 34, 35, 36, 37, 38, 39, 40, 41, 42, 43, 44, 45, 46, 47, 48, 49, 50, 51, 52, 53, 54, 55, 56, 57, 58, 59, 60, 61, 62, 63, 64, 65, 66, 67, 68, 69, 70, 71, 72, 73, 74, 75, 76, 77, 78, 79, 80, 81, 82, 83, 84, 85, 86, 87, 88, 89, 90, 91, 92, 93, 94, 95, 96, 97, 98, 99, 100, 101, 102]
Inds:  [82.68, 82.30499999999999, 82.08, 82.08, 82.08, 81.90249999999999, 81.63, 81.63, 81.63, 81.63, 81.255, 81.255, 81.255, 81.255, 81.255, 80.92750000000001, 80.92750000000001, 80.92750000000001, 80.92750000000001, 80.92750000000001, 80.92750000000001, 80.92750000000001, 80.92750000000001, 80.88, 80.73, 80.73, 80.50500000000001, 80.50500000000001, 80.50500000000001, 80.50500000000001, 80.40249999999999, 80.40249999999999, 80.40249999999999, 80.40249999999999, 80.355, 80.055, 80.055, 80.055, 80.055, 80.055, 80.055, 80.055, 80.055, 79.905, 79.82999999999998, 79.82999999999998, 79.82999999999998, 79.82999999999998, 79.82999999999998, 79.7275, 79.52999999999997, 79.52999999999997, 79.37999999999997, 79.37999999999997, 79.37999999999997, 79.37999999999997, 79.37999999999997, 79.30499999999999, 79.30499999999999, 79.30499999999999, 79.23, 79.23, 79.00499999999998, 79.00499999999998, 79.00499999999997, 79.00499999999997, 79.00499999999997, 78.92999999999996, 78.92999999999996, 78.77999999999996, 78.77999999999996, 78.77999999999996, 78.77999999999996, 78.77999999999996, 78.70499999999997, 78.70499999999997, 78.47999999999998, 78.47999999999998, 78.47999999999998, 78.47999999999998, 78.47999999999998, 78.47999999999998, 78.47999999999995, 78.40499999999997, 78.32999999999996, 78.32999999999996, 78.32999999999996, 78.32999999999996, 78.32999999999996, 78.32999999999994, 78.17999999999996, 78.17999999999996, 78.10499999999995, 78.10499999999995, 78.10499999999995, 78.02999999999994, 78.02999999999994, 78.02999999999994, 77.95499999999996, 77.95499999999996, 77.95499999999996, 77.95499999999996, 77.95499999999996]

Execution 8:
Parametros: Y=0.997
Start Time (hh:mm:ss.ms) 2023-07-16 20:57:11.815160
generations	MaxGenenerations	Populationk1	Populationk	PopulationElite	PopulationMutant	fitnessElite	alpha	min    	max    	avg    	std     
0          	0               	0           	0          	0              	0               	0           	0    	82.8775	87.9775	85.5383	0.792319
1          	107.953         	997         	1000       	100            	200             	84.4075     	0.3  	82.625 	87.7525	84.9606	0.823891
2          	107.551         	994         	997        	101            	198             	84.1537     	0.298	82.2025	87.48  	84.7122	0.929368
4          	107.073         	988         	991        	103            	194             	83.9026     	0.294	81.93  	87.8   	84.4049	1.03983 
7          	106.662         	979         	982        	107            	188             	83.625      	0.288	81.78  	87.5275	84.0752	1.13061 
8          	106.379         	976         	979        	108            	186             	83.4286     	0.286	81.705 	87.405 	83.9934	1.15617 
10         	106.29          	970         	973        	110            	182             	83.3609     	0.283	81.255 	87.1525	83.842 	1.21928 
14         	105.768         	958         	961        	114            	174             	83.0445     	0.275	80.88  	87.48  	83.5166	1.36361 
17         	105.161         	949         	952        	117            	169             	82.6315     	0.269	80.6275	88.1275	83.2129	1.44862 
21         	104.809         	937         	940        	121            	161             	82.3753     	0.261	80.58  	87.555 	82.8969	1.49713 
22         	104.827         	934         	937        	122            	159             	82.393      	0.259	80.43  	88.08  	82.8941	1.55723 
24         	104.647         	928         	931        	124            	156             	82.2665     	0.256	80.13  	87.3775	82.7641	1.62993 
28         	104.186         	916         	919        	128            	148             	81.9286     	0.248	80.055 	87.78  	82.4326	1.70268 
30         	104.191         	910         	913        	129            	145             	81.9241     	0.244	79.905 	87.555 	82.3681	1.73655 
33         	103.87          	901         	904        	132            	139             	81.6684     	0.238	79.83  	87.33  	82.2099	1.79068 
34         	103.781         	898         	901        	133            	137             	81.603      	0.236	79.68  	87.6025	82.142 	1.77104 
37         	103.554         	889         	892        	136            	132             	81.4195     	0.230	79.605 	87.405 	81.9785	1.78891 
39         	103.512         	883         	886        	137            	128             	81.3723     	0.226	79.605 	87.255 	81.897 	1.81818 
42         	103.582         	874         	877        	140            	123             	81.3772     	0.220	79.455 	87.9775	81.8616	1.87145 
48         	103.346         	856         	859        	144            	113             	81.1368     	0.209	79.305 	87.5275	81.6223	1.89033 
49         	103.16          	853         	856        	145            	112             	81.0066     	0.206	79.23  	87.6025	81.5323	1.92496 
51         	103.187         	847         	850        	147            	108             	80.9969     	0.203	79.08  	87.5275	81.4905	1.98231 
54         	102.705         	838         	841        	149            	103             	80.6391     	0.196	78.93  	87.33  	81.2419	1.97465 
57         	102.611         	829         	832        	151            	98              	80.5331     	0.190	78.63  	87.3025	81.1408	1.98568 
62         	102.181         	814         	817        	155            	90              	80.1778     	0.180	78.555 	87.03  	80.7899	1.99536 
63         	102.031         	811         	814        	156            	89              	80.0675     	0.178	78.555 	87.3775	80.6683	2.01731 
64         	102.138         	808         	811        	156            	87              	80.1134     	0.176	78.405 	87.1525	80.7267	2.10094 
67         	101.951         	799         	802        	158            	83              	79.9397     	0.170	78.33  	87.0775	80.5121	2.10656 
68         	101.754         	796         	799        	159            	81              	79.8023     	0.168	78.255 	86.975 	80.4197	2.09384 
69         	101.625         	793         	796        	159            	80              	79.704      	0.166	78.18  	87.405 	80.4265	2.16507 
72         	101.696         	784         	787        	161            	75              	79.679      	0.160	78.105 	87.5275	80.2639	2.18837 
76         	101.63          	772         	775        	163            	69              	79.5567     	0.152	77.955 	87.48  	80.1201	2.22715 
77         	101.389         	769         	772        	164            	68              	79.3845     	0.150	77.88  	87.33  	80.1062	2.20199 
79         	101.178         	763         	766        	165            	65              	79.2251     	0.145	77.805 	87.2   	79.8035	2.17504 
81         	101.026         	757         	760        	166            	62              	79.097      	0.141	77.73  	87.4525	79.7986	2.23184 
82         	101.088         	754         	757        	167            	61              	79.0887     	0.139	77.58  	87.48  	79.5838	2.13778 
86         	100.779         	742         	745        	169            	55              	78.8272     	0.131	77.505 	87.105 	79.3446	2.16506 
88         	100.637         	736         	739        	170            	52              	78.7026     	0.127	77.505 	87.78  	79.2852	2.19685 
90         	100.818         	730         	733        	170            	50              	78.7422     	0.123	77.43  	87.9775	79.3216	2.18494 
97         	100.593         	709         	712        	173            	41              	78.4858     	0.109	77.43  	87.33  	78.9256	2.05702 
101        	100.797         	697         	700        	174            	36              	78.4814     	0.101	77.355 	87.48  	78.8745	2.07324 
End Time (hh:mm:ss.ms) 2023-07-16 20:57:28.789158
Total Time (hh:mm:ss.ms) 0:00:16.973998
Individuo: [[26, 4, 6, 30, 25, 28, 13, 18, 11, 21, 22, 2, 38, 35, 27, 29, 10, 9, 16, 17, 19, 24, 37, 23, 40, 33, 14, 32, 31, 36, 7, 5, 0, 34, 20, 3, 1, 41, 8, 15, 12, 39], [0, 0, 1, 0, 0, 0, 1, 1, 1, 0, 1, 1, 1, 1, 1, 0, 0, 0, 0, 0, 0, 1, 1, 0, 0, 1, 1, 0, 1, 1, 1, 1, 0, 0, 0, 1, 1, 1, 0, 1, 1, 0]]
Fitness:  77.35499999999996
Gens:  [0, 1, 2, 3, 4, 5, 6, 7, 8, 9, 10, 11, 12, 13, 14, 15, 16, 17, 18, 19, 20, 21, 22, 23, 24, 25, 26, 27, 28, 29, 30, 31, 32, 33, 34, 35, 36, 37, 38, 39, 40, 41, 42, 43, 44, 45, 46, 47, 48, 49, 50, 51, 52, 53, 54, 55, 56, 57, 58, 59, 60, 61, 62, 63, 64, 65, 66, 67, 68, 69, 70, 71, 72, 73, 74, 75, 76, 77, 78, 79, 80, 81, 82, 83, 84, 85, 86, 87, 88, 89, 90, 91, 92, 93, 94, 95, 96, 97, 98, 99, 100, 101]
Inds:  [82.8775, 82.62500000000001, 82.20250000000001, 82.20250000000001, 81.92999999999999, 81.92999999999999, 81.92999999999999, 81.77999999999999, 81.705, 81.705, 81.255, 81.255, 81.255, 81.255, 80.88, 80.88, 80.88, 80.6275, 80.6275, 80.6275, 80.6275, 80.58, 80.42999999999999, 80.42999999999999, 80.13, 80.13, 80.13, 80.13, 80.05499999999998, 80.05499999999998, 79.90499999999997, 79.90499999999997, 79.90499999999997, 79.82999999999998, 79.67999999999998, 79.67999999999998, 79.67999999999998, 79.60499999999998, 79.60499999999998, 79.60499999999996, 79.60499999999996, 79.60499999999996, 79.45499999999997, 79.45499999999997, 79.45499999999997, 79.45499999999997, 79.45499999999997, 79.45499999999997, 79.30499999999999, 79.22999999999998, 79.22999999999998, 79.07999999999996, 79.07999999999996, 79.07999999999996, 78.92999999999996, 78.92999999999996, 78.92999999999996, 78.62999999999995, 78.62999999999995, 78.62999999999995, 78.62999999999995, 78.62999999999995, 78.55499999999998, 78.55499999999996, 78.40499999999997, 78.40499999999997, 78.40499999999997, 78.32999999999996, 78.25499999999997, 78.17999999999996, 78.17999999999996, 78.17999999999996, 78.10499999999996, 78.10499999999996, 78.10499999999996, 78.10499999999996, 77.95499999999996, 77.87999999999997, 77.87999999999997, 77.80499999999996, 77.80499999999996, 77.72999999999996, 77.57999999999996, 77.57999999999996, 77.57999999999996, 77.57999999999996, 77.50499999999997, 77.50499999999997, 77.50499999999995, 77.50499999999995, 77.42999999999996, 77.42999999999996, 77.42999999999996, 77.42999999999996, 77.42999999999996, 77.42999999999996, 77.42999999999996, 77.42999999999995, 77.42999999999995, 77.42999999999995, 77.42999999999995, 77.35499999999996]

Execution 9:
Parametros: Y=0.997
Start Time (hh:mm:ss.ms) 2023-07-16 20:57:29.622125
generations	MaxGenenerations	Populationk1	Populationk	PopulationElite	PopulationMutant	fitnessElite	alpha	min   	max    	avg    	std     
0          	0               	0           	0          	0              	0               	0           	0    	82.905	87.5275	85.5692	0.781652
1          	107.843         	997         	1000       	100            	200             	84.2918     	0.3  	82.83 	87.255 	84.9493	0.802453
2          	107.657         	994         	997        	101            	198             	84.1493     	0.298	82.5775	87.3025	84.7341	0.907171
3          	107.344         	991         	994        	102            	196             	83.9774     	0.296	82.2775	87.9775	84.6236	0.965586
4          	107.171         	988         	991        	103            	194             	83.9556     	0.294	82.2025	87.5275	84.4881	1.01287 
5          	106.929         	985         	988        	105            	192             	83.7602     	0.292	81.93  	87.18  	84.3878	1.03086 
6          	106.463         	982         	985        	106            	190             	83.4557     	0.290	81.5275	87.8275	84.3174	1.10565 
12         	106.146         	964         	967        	112            	178             	83.2869     	0.279	81.5275	87.705 	83.9498	1.2252  
15         	105.988         	955         	958        	115            	173             	83.115      	0.273	81.0775	87.8275	83.8645	1.27738 
16         	105.56          	952         	955        	116            	171             	82.9107     	0.271	81.0025	88.3525	83.7327	1.28368 
20         	105.439         	940         	943        	120            	163             	82.7842     	0.263	80.7775	87.4525	83.6204	1.41576 
21         	105.051         	937         	940        	121            	161             	82.5258     	0.261	80.655 	87.6025	83.5244	1.43439 
23         	104.924         	931         	934        	123            	157             	82.4356     	0.258	80.58  	87.4525	83.335 	1.46184 
29         	104.709         	913         	916        	128            	146             	82.207      	0.246	80.13  	87.93  	82.8301	1.59492 
34         	104.139         	898         	901        	133            	137             	81.8094     	0.236	80.13  	87.405 	82.514 	1.65673 
37         	104.233         	889         	892        	135            	132             	81.8383     	0.230	80.0275	87.8275	82.3715	1.68738 
41         	104.202         	877         	880        	139            	125             	81.7748     	0.223	79.98  	87.0775	82.2292	1.74148 
43         	104.123         	871         	874        	140            	122             	81.6951     	0.219	79.7275	87.705 	82.1477	1.7832  
49         	103.593         	853         	856        	145            	112             	81.2669     	0.207	79.7275	87.6025	81.8281	1.82775 
50         	103.733         	850         	853        	146            	110             	81.346      	0.205	79.5775	86.9275	81.7151	1.7218  
54         	103.444         	838         	841        	149            	104             	81.1034     	0.197	79.53  	87.78  	81.6001	1.87112 
55         	103.531         	835         	838        	149            	102             	81.1444     	0.195	79.4275	87.33  	81.5787	1.89298 
56         	103.258         	832         	835        	150            	100             	80.9564     	0.193	79.305 	87.9775	81.4564	1.89851 
59         	103.238         	823         	826        	152            	96              	80.8952     	0.187	79.2775	87.48  	81.403 	1.86118 
60         	103.109         	820         	823        	153            	94              	80.7995     	0.185	79.2025	87.33  	81.3268	1.94014 
64         	102.849         	808         	811        	156            	88              	80.5785     	0.177	79.0525	86.7775	81.1318	1.93652 
66         	102.831         	802         	805        	157            	85              	80.5236     	0.173	78.9025	87.0775	81.0882	1.98183 
67         	102.497         	799         	802        	158            	83              	80.3022     	0.171	78.7525	87.3025	80.986 	1.98745 
71         	102.626         	787         	790        	160            	77              	80.2861     	0.163	78.6775	86.8525	80.7865	1.98187 
72         	102.136         	784         	787        	161            	76              	79.9934     	0.160	78.6025	87.2275	80.6583	1.99622 
73         	102.154         	781         	784        	161            	74              	79.9742     	0.159	78.5275	87.6025	80.691 	2.04106 
77         	102.079         	769         	772        	163            	68              	79.8534     	0.151	78.3025	87.18  	80.4747	1.99063 
79         	101.626         	763         	766        	165            	65              	79.5441     	0.146	78.3025	87.03  	80.2431	2.01634 
83         	101.695         	751         	754        	166            	60              	79.5095     	0.138	78.2275	86.88  	80.1081	2.07146 
84         	101.56          	748         	751        	167            	58              	79.409      	0.136	78.1525	87.2275	79.964 	2.02078 
89         	101.477         	733         	736        	169            	52              	79.2631     	0.126	78.0775	87.3025	79.8122	2.10501 
90         	101.494         	730         	733        	170            	50              	79.2271     	0.124	78.0775	87.18  	79.818 	2.07206 
91         	101.457         	727         	730        	170            	49              	79.1933     	0.122	77.9275	87.03  	79.608 	2.01726 
94         	101.185         	718         	721        	171            	45              	78.9731     	0.116	77.9275	87.4525	79.4838	1.99845 
97         	101.14          	709         	712        	172            	41              	78.9024     	0.110	77.7775	87.1525	79.3462	1.98511 
End Time (hh:mm:ss.ms) 2023-07-16 20:57:46.395125
Total Time (hh:mm:ss.ms) 0:00:16.773000
Individuo: [[19, 17, 33, 40, 37, 38, 31, 7, 34, 36, 16, 14, 32, 23, 11, 9, 24, 2, 22, 21, 35, 5, 10, 30, 41, 8, 6, 3, 1, 26, 28, 25, 13, 15, 4, 27, 20, 18, 29, 12, 39, 0], [1, 1, 1, 1, 1, 1, 0, 1, 0, 0, 0, 1, 0, 1, 0, 0, 0, 0, 0, 1, 1, 0, 0, 0, 0, 0, 0, 1, 1, 0, 1, 1, 1, 1, 0, 0, 0, 0, 1, 1, 0, 0]]
Fitness:  77.77749999999996
Gens:  [0, 1, 2, 3, 4, 5, 6, 7, 8, 9, 10, 11, 12, 13, 14, 15, 16, 17, 18, 19, 20, 21, 22, 23, 24, 25, 26, 27, 28, 29, 30, 31, 32, 33, 34, 35, 36, 37, 38, 39, 40, 41, 42, 43, 44, 45, 46, 47, 48, 49, 50, 51, 52, 53, 54, 55, 56, 57, 58, 59, 60, 61, 62, 63, 64, 65, 66, 67, 68, 69, 70, 71, 72, 73, 74, 75, 76, 77, 78, 79, 80, 81, 82, 83, 84, 85, 86, 87, 88, 89, 90, 91, 92, 93, 94, 95, 96, 97, 98, 99, 100, 101]
Inds:  [82.905, 82.83000000000001, 82.57750000000001, 82.2775, 82.2025, 81.93000000000004, 81.52750000000002, 81.52750000000002, 81.52750000000002, 81.52750000000002, 81.52750000000002, 81.52750000000002, 81.5275, 81.5275, 81.5275, 81.07749999999999, 81.00250000000001, 81.00250000000001, 81.00250000000001, 81.00250000000001, 80.77750000000002, 80.655, 80.655, 80.58, 80.58, 80.58, 80.58, 80.58, 80.58, 80.13000000000001, 80.13000000000001, 80.13000000000001, 80.13000000000001, 80.13000000000001, 80.12999999999998, 80.12999999999998, 80.12999999999998, 80.0275, 80.0275, 80.0275, 80.0275, 79.97999999999999, 79.97999999999999, 79.72749999999999, 79.72749999999999, 79.72749999999999, 79.72749999999999, 79.72749999999999, 79.72749999999999, 79.72749999999998, 79.57749999999999, 79.57749999999999, 79.57749999999999, 79.57749999999999, 79.52999999999999, 79.42749999999998, 79.30499999999998, 79.30499999999998, 79.30499999999998, 79.27749999999997, 79.20249999999999, 79.20249999999999, 79.20249999999999, 79.20249999999999, 79.05249999999998, 79.05249999999998, 78.90249999999999, 78.75249999999998, 78.75249999999998, 78.75249999999998, 78.75249999999998, 78.6775, 78.60249999999998, 78.52749999999997, 78.52749999999997, 78.52749999999997, 78.52749999999997, 78.30249999999998, 78.30249999999998, 78.30249999999997, 78.30249999999997, 78.30249999999997, 78.30249999999997, 78.22749999999998, 78.15249999999996, 78.15249999999996, 78.15249999999996, 78.15249999999996, 78.15249999999996, 78.07749999999997, 78.07749999999996, 77.92749999999997, 77.92749999999997, 77.92749999999997, 77.92749999999995, 77.92749999999995, 77.92749999999995, 77.77749999999996, 77.77749999999996, 77.77749999999996, 77.77749999999996, 77.77749999999996]

Execution 10:
Parametros: Y=0.997
Start Time (hh:mm:ss.ms) 2023-07-16 20:57:47.182161
generations	MaxGenenerations	Populationk1	Populationk	PopulationElite	PopulationMutant	fitnessElite	alpha	min    	max    	avg    	std     
0          	0               	0           	0          	0              	0               	0           	0    	82.8025	87.9025	85.5402	0.767524
2          	107.782         	994         	997        	101            	198             	84.2783     	0.298	82.455 	87.3775	84.7548	0.902699
3          	107.209         	991         	994        	102            	196             	83.9134     	0.296	82.38  	87.5   	84.5588	0.949795
5          	107.072         	985         	988        	105            	192             	83.8061     	0.292	81.78  	87.3025	84.3915	1.02549 
8          	106.34          	976         	979        	108            	186             	83.3934     	0.286	81.705 	87.7525	84.1404	1.12757 
9          	106.353         	973         	976        	109            	184             	83.4283     	0.284	81.63  	87.4525	84.0955	1.13673 
10         	106.16          	970         	973        	110            	182             	83.278      	0.283	81.18  	87.555 	83.9206	1.16394 
13         	105.885         	961         	964        	113            	176             	83.19       	0.277	81.105 	87.78  	83.6068	1.27068 
16         	105.572         	952         	955        	116            	171             	82.9104     	0.271	81.0775	87.705 	83.3028	1.35803 
18         	105.498         	946         	949        	118            	167             	82.8321     	0.267	80.88  	87.275 	83.1779	1.47479 
19         	105.129         	943         	946        	119            	165             	82.5795     	0.265	80.7775	87.1525	83.0445	1.47498 
20         	104.957         	940         	943        	120            	163             	82.4592     	0.263	80.4775	87.8275	82.974 	1.51692 
21         	104.779         	937         	940        	121            	161             	82.4019     	0.261	80.205 	87.63  	82.8822	1.54024 
28         	104.339         	916         	919        	128            	148             	82.0296     	0.248	80.0275	87.2275	82.4326	1.72482 
29         	104.006         	913         	916        	129            	146             	81.7998     	0.246	79.905 	88.005 	82.3044	1.71767 
30         	104.089         	910         	913        	130            	144             	81.8837     	0.244	79.2775	88.2025	82.2862	1.75551 
41         	103.031         	877         	880        	139            	125             	81.0452     	0.222	78.9775	87.6775	81.6463	2.00295 
48         	102.664         	856         	859        	145            	113             	80.7128     	0.208	78.93  	87.2275	81.2358	2.03812 
49         	102.579         	853         	856        	146            	111             	80.6427     	0.206	78.705 	87.405 	81.2732	2.08899 
54         	102.272         	838         	841        	149            	103             	80.3691     	0.196	78.63  	87.33  	80.952 	2.08904 
55         	102.221         	835         	838        	150            	101             	80.3208     	0.194	78.5275	87.105 	80.9617	2.09924 
57         	102.148         	829         	832        	152            	98              	80.2407     	0.190	78.405 	87.405 	80.8865	2.08406 
59         	101.974         	823         	826        	153            	95              	80.0952     	0.186	78.405 	86.75  	80.7091	2.15218 
61         	101.897         	817         	820        	154            	92              	80.0128     	0.182	78.33  	87.2275	80.5728	2.07439 
66         	101.808         	802         	805        	158            	84              	79.8679     	0.172	78.255 	87.7525	80.4059	2.18179 
70         	101.596         	790         	793        	160            	78              	79.6709     	0.164	78.255 	87.405 	80.2492	2.17704 
71         	101.756         	787         	790        	160            	77              	79.7411     	0.162	78.18  	87.3025	80.2126	2.15022 
73         	101.605         	781         	784        	162            	74              	79.612      	0.158	78.105 	87.1525	80.1368	2.16327 
75         	101.63          	775         	778        	163            	71              	79.5754     	0.154	78.03  	87.1525	80.0516	2.19539 
76         	101.387         	772         	775        	163            	69              	79.4171     	0.152	77.955 	87.63  	79.9472	2.20802 
78         	101.412         	766         	769        	164            	66              	79.3772     	0.148	77.88  	87.1525	79.779 	2.11951 
79         	101.192         	763         	766        	165            	65              	79.2323     	0.145	77.88  	87.18  	79.6803	2.15743 
87         	101.383         	739         	742        	168            	54              	79.1704     	0.130	77.73  	87.5275	79.4351	2.06103 
89         	101.157         	733         	736        	169            	51              	78.9835     	0.126	77.73  	87.48  	79.3864	2.08876 
94         	100.898         	718         	721        	172            	45              	78.7819     	0.115	77.655 	87.63  	79.2451	2.08838 
100        	100.817         	700         	703        	174            	37              	78.6108     	0.103	77.58  	87.3025	79.0194	2.07087 
End Time (hh:mm:ss.ms) 2023-07-16 20:58:04.316125
Total Time (hh:mm:ss.ms) 0:00:17.133964
Individuo: [[7, 35, 24, 40, 17, 19, 2, 32, 14, 33, 16, 31, 23, 11, 22, 37, 36, 38, 21, 20, 9, 34, 0, 29, 5, 39, 15, 6, 30, 13, 10, 18, 27, 4, 12, 26, 8, 41, 25, 28, 1, 3], [0, 0, 1, 0, 0, 0, 0, 1, 0, 0, 1, 0, 0, 1, 1, 0, 1, 1, 0, 1, 1, 1, 1, 1, 1, 1, 0, 1, 0, 1, 1, 1, 1, 1, 1, 0, 1, 1, 0, 0, 0, 0]]
Fitness:  77.57999999999996
Gens:  [0, 1, 2, 3, 4, 5, 6, 7, 8, 9, 10, 11, 12, 13, 14, 15, 16, 17, 18, 19, 20, 21, 22, 23, 24, 25, 26, 27, 28, 29, 30, 31, 32, 33, 34, 35, 36, 37, 38, 39, 40, 41, 42, 43, 44, 45, 46, 47, 48, 49, 50, 51, 52, 53, 54, 55, 56, 57, 58, 59, 60, 61, 62, 63, 64, 65, 66, 67, 68, 69, 70, 71, 72, 73, 74, 75, 76, 77, 78, 79, 80, 81, 82, 83, 84, 85, 86, 87, 88, 89, 90, 91, 92, 93, 94, 95, 96, 97, 98, 99, 100, 101]
Inds:  [82.80250000000001, 82.80250000000001, 82.455, 82.38, 82.38, 81.77999999999999, 81.77999999999999, 81.77999999999999, 81.70499999999998, 81.63, 81.17999999999998, 81.17999999999998, 81.17999999999998, 81.10499999999999, 81.10499999999999, 81.10499999999999, 81.07749999999999, 81.07749999999999, 80.88000000000001, 80.77750000000002, 80.47749999999999, 80.205, 80.205, 80.205, 80.205, 80.205, 80.205, 80.205, 80.02749999999997, 79.905, 79.27749999999997, 79.27749999999997, 79.27749999999997, 79.27749999999997, 79.27749999999997, 79.27749999999997, 79.27749999999997, 79.27749999999997, 79.27749999999997, 79.27749999999997, 79.27749999999997, 78.97749999999998, 78.97749999999998, 78.97749999999998, 78.97749999999998, 78.97749999999998, 78.97749999999998, 78.97749999999998, 78.93, 78.70499999999998, 78.70499999999998, 78.70499999999998, 78.70499999999998, 78.70499999999998, 78.62999999999998, 78.52749999999999, 78.52749999999999, 78.40499999999999, 78.40499999999999, 78.40499999999997, 78.40499999999997, 78.32999999999998, 78.32999999999998, 78.32999999999998, 78.32999999999998, 78.32999999999998, 78.25499999999998, 78.25499999999998, 78.25499999999998, 78.25499999999998, 78.25499999999997, 78.17999999999996, 78.17999999999996, 78.10499999999998, 78.10499999999998, 78.02999999999997, 77.95499999999997, 77.95499999999997, 77.87999999999998, 77.87999999999997, 77.87999999999997, 77.87999999999997, 77.87999999999997, 77.87999999999997, 77.87999999999997, 77.87999999999997, 77.87999999999997, 77.72999999999998, 77.72999999999998, 77.72999999999996, 77.72999999999996, 77.72999999999996, 77.72999999999996, 77.72999999999996, 77.65499999999996, 77.65499999999996, 77.65499999999996, 77.65499999999996, 77.65499999999996, 77.65499999999996, 77.57999999999996, 77.57999999999996]

