A-BRKGA-Heuristic:

Execution 1:
Parametros: Y=0.998
Start Time (hh:mm:ss.ms) 2023-07-16 20:02:16.667016
generations	MaxGenenerations	Populationk1	Populationk	PopulationElite	PopulationMutant	fitnessElite	alpha	min   	max   	avg    	std    
0          	0               	0           	0          	0              	0               	0           	0    	70.625	83.875	81.4557	1.56598
8          	83.4336         	984         	986        	111            	185             	74.2007     	0.283	70.375	83.5  	75.1744	3.78019
20         	83.3257         	960         	962        	129            	160             	73.9365     	0.254	70.25 	83.625	74.2001	3.94957
27         	83.0113         	946         	948        	140            	145             	73.3653     	0.237	70.125	83.5  	73.8909	3.97799
End Time (hh:mm:ss.ms) 2023-07-16 20:02:28.509699
Total Time (hh:mm:ss.ms) 0:00:11.842683
Individuo: [[4, 13, 1, 10, 12, 9, 18, 3, 17, 16, 6, 5, 15, 11, 2, 14, 0, 7, 8], [1, 1, 0, 0, 0, 0, 1, 1, 1, 1, 1, 1, 0, 0, 0, 0, 1, 0, 1]]
Fitness:  70.125
Gens:  [0, 1, 2, 3, 4, 5, 6, 7, 8, 9, 10, 11, 12, 13, 14, 15, 16, 17, 18, 19, 20, 21, 22, 23, 24, 25, 26, 27, 28, 29, 30, 31, 32, 33, 34, 35, 36, 37, 38, 39, 40, 41, 42, 43, 44, 45, 46, 47, 48, 49, 50, 51, 52, 53, 54, 55, 56, 57, 58, 59, 60, 61, 62, 63, 64, 65, 66, 67, 68, 69, 70, 71, 72, 73, 74, 75, 76, 77, 78, 79, 80, 81, 82, 83]
Inds:  [70.625, 70.625, 70.625, 70.625, 70.625, 70.625, 70.625, 70.625, 70.375, 70.375, 70.375, 70.375, 70.375, 70.375, 70.375, 70.375, 70.375, 70.375, 70.375, 70.375, 70.25, 70.25, 70.25, 70.25, 70.25, 70.25, 70.25, 70.125, 70.125, 70.125, 70.125, 70.125, 70.125, 70.125, 70.125, 70.125, 70.125, 70.125, 70.125, 70.125, 70.125, 70.125, 70.125, 70.125, 70.125, 70.125, 70.125, 70.125, 70.125, 70.125, 70.125, 70.125, 70.125, 70.125, 70.125, 70.125, 70.125, 70.125, 70.125, 70.125, 70.125, 70.125, 70.125, 70.125, 70.125, 70.125, 70.125, 70.125, 70.125, 70.125, 70.125, 70.125, 70.125, 70.125, 70.125, 70.125, 70.125, 70.125, 70.125, 70.125, 70.125, 70.125, 70.125, 70.125]

Execution 2:
Parametros: Y=0.998
Start Time (hh:mm:ss.ms) 2023-07-16 20:02:29.269699
generations	MaxGenenerations	Populationk1	Populationk	PopulationElite	PopulationMutant	fitnessElite	alpha	min  	max  	avg   	std    
0          	0               	0           	0          	0              	0               	0           	0    	73.25	83.75	81.375	1.50546
1          	86.6213         	998         	1000       	100            	200             	76.4        	0.3  	70.75	85.125	76.5251	3.56602
8          	83.8536         	984         	986        	111            	185             	74.7517     	0.283	70.625	84    	75.0102	3.71083
10         	83.4336         	980         	982        	114            	181             	74.1401     	0.278	70.375	83.125	74.6943	3.63193
19         	83.1382         	962         	964        	128            	162             	73.68       	0.256	70.25 	83.375	74.0755	3.84478
22         	83.0113         	956         	958        	132            	155             	73.5234     	0.249	70.125	83.375	73.7296	3.82841
End Time (hh:mm:ss.ms) 2023-07-16 20:02:40.994571
Total Time (hh:mm:ss.ms) 0:00:11.724872
Individuo: [[4, 13, 9, 12, 10, 1, 17, 18, 3, 16, 14, 0, 7, 8, 5, 15, 11, 2, 6], [1, 1, 1, 1, 1, 1, 0, 1, 1, 1, 0, 1, 1, 1, 1, 0, 0, 0, 1]]
Fitness:  70.125
Gens:  [0, 1, 2, 3, 4, 5, 6, 7, 8, 9, 10, 11, 12, 13, 14, 15, 16, 17, 18, 19, 20, 21, 22, 23, 24, 25, 26, 27, 28, 29, 30, 31, 32, 33, 34, 35, 36, 37, 38, 39, 40, 41, 42, 43, 44, 45, 46, 47, 48, 49, 50, 51, 52, 53, 54, 55, 56, 57, 58, 59, 60, 61, 62, 63, 64, 65, 66, 67, 68, 69, 70, 71, 72, 73, 74, 75, 76, 77, 78, 79, 80, 81, 82, 83]
Inds:  [73.25, 70.75, 70.75, 70.75, 70.75, 70.75, 70.75, 70.75, 70.625, 70.625, 70.375, 70.375, 70.375, 70.375, 70.375, 70.375, 70.375, 70.375, 70.375, 70.25, 70.25, 70.25, 70.125, 70.125, 70.125, 70.125, 70.125, 70.125, 70.125, 70.125, 70.125, 70.125, 70.125, 70.125, 70.125, 70.125, 70.125, 70.125, 70.125, 70.125, 70.125, 70.125, 70.125, 70.125, 70.125, 70.125, 70.125, 70.125, 70.125, 70.125, 70.125, 70.125, 70.125, 70.125, 70.125, 70.125, 70.125, 70.125, 70.125, 70.125, 70.125, 70.125, 70.125, 70.125, 70.125, 70.125, 70.125, 70.125, 70.125, 70.125, 70.125, 70.125, 70.125, 70.125, 70.125, 70.125, 70.125, 70.125, 70.125, 70.125, 70.125, 70.125, 70.125, 70.125]

Execution 3:
Parametros: Y=0.998
Start Time (hh:mm:ss.ms) 2023-07-16 20:02:41.733601
generations	MaxGenenerations	Populationk1	Populationk	PopulationElite	PopulationMutant	fitnessElite	alpha	min   	max   	avg   	std    
0          	0               	0           	0          	0              	0               	0           	0    	70.625	83.625	81.429	1.46142
1          	83.4962         	998         	1000       	100            	200             	74.525      	0.3  	70.5  	84.625	75.8548	3.54432
11         	83.2651         	978         	980        	116            	178             	73.9843     	0.275	70.375	83.375	74.4712	3.85637
18         	83.2007         	964         	966        	126            	164             	73.8085     	0.259	70.25 	83.625	74.1448	3.92963
21         	82.9906         	958         	960        	131            	157             	73.5234     	0.251	70.125	83.5  	73.986 	3.92521
46         	82.8429         	908         	910        	165            	108             	72.6366     	0.191	70    	84    	73.1034	3.86467
End Time (hh:mm:ss.ms) 2023-07-16 20:02:52.997572
Total Time (hh:mm:ss.ms) 0:00:11.263971
Individuo: [[5, 6, 2, 11, 15, 4, 13, 1, 10, 12, 9, 17, 3, 16, 14, 0, 18, 7, 8], [0, 0, 1, 1, 1, 1, 1, 0, 0, 0, 0, 1, 0, 1, 0, 1, 0, 1, 1]]
Fitness:  70.0
Gens:  [0, 1, 2, 3, 4, 5, 6, 7, 8, 9, 10, 11, 12, 13, 14, 15, 16, 17, 18, 19, 20, 21, 22, 23, 24, 25, 26, 27, 28, 29, 30, 31, 32, 33, 34, 35, 36, 37, 38, 39, 40, 41, 42, 43, 44, 45, 46, 47, 48, 49, 50, 51, 52, 53, 54, 55, 56, 57, 58, 59, 60, 61, 62, 63, 64, 65, 66, 67, 68, 69, 70, 71, 72, 73, 74, 75, 76, 77, 78, 79, 80, 81, 82, 83]
Inds:  [70.625, 70.5, 70.5, 70.5, 70.5, 70.5, 70.5, 70.5, 70.5, 70.5, 70.5, 70.375, 70.375, 70.375, 70.375, 70.375, 70.375, 70.375, 70.25, 70.25, 70.25, 70.125, 70.125, 70.125, 70.125, 70.125, 70.125, 70.125, 70.125, 70.125, 70.125, 70.125, 70.125, 70.125, 70.125, 70.125, 70.125, 70.125, 70.125, 70.125, 70.125, 70.125, 70.125, 70.125, 70.125, 70.125, 70.0, 70.0, 70.0, 70.0, 70.0, 70.0, 70.0, 70.0, 70.0, 70.0, 70.0, 70.0, 70.0, 70.0, 70.0, 70.0, 70.0, 70.0, 70.0, 70.0, 70.0, 70.0, 70.0, 70.0, 70.0, 70.0, 70.0, 70.0, 70.0, 70.0, 70.0, 70.0, 70.0, 70.0, 70.0, 70.0, 70.0, 70.0]

Execution 4:
Parametros: Y=0.998
Start Time (hh:mm:ss.ms) 2023-07-16 20:02:53.751607
generations	MaxGenenerations	Populationk1	Populationk	PopulationElite	PopulationMutant	fitnessElite	alpha	min  	max   	avg    	std    
0          	0               	0           	0          	0              	0               	0           	0    	71.25	83.625	81.4254	1.42135
1          	84.2351         	998         	1000       	100            	200             	74.9625     	0.3  	71   	85.75 	75.4251	3.56219
4          	83.9186         	992         	994        	105            	194             	74.6606     	0.292	70.875	84    	74.943 	3.81634
6          	83.9177         	988         	990        	108            	189             	74.7641     	0.288	70.75 	83.625	74.8567	3.8354 
9          	83.6231         	982         	984        	113            	183             	74.331      	0.280	70.625	83.5  	74.6758	3.91354
13         	83.5171         	974         	976        	119            	174             	74.1853     	0.271	70.5  	84.125	74.4923	3.89246
19         	83.3276         	962         	964        	128            	162             	73.8384     	0.256	70.375	83.625	74.2377	3.94801
34         	83.3049         	932         	934        	149            	132             	73.4382     	0.220	70.25 	83.375	73.4556	3.82289
75         	83.0113         	850         	852        	199            	57              	71.8475     	0.121	70.125	82.875	72.1822	3.04244
End Time (hh:mm:ss.ms) 2023-07-16 20:03:05.048573
Total Time (hh:mm:ss.ms) 0:00:11.296966
Individuo: [[15, 7, 1, 10, 12, 9, 13, 4, 5, 8, 0, 14, 2, 11, 17, 3, 18, 16, 6], [1, 0, 0, 0, 0, 0, 0, 0, 0, 0, 0, 1, 1, 1, 1, 0, 1, 1, 1]]
Fitness:  70.125
Gens:  [0, 1, 2, 3, 4, 5, 6, 7, 8, 9, 10, 11, 12, 13, 14, 15, 16, 17, 18, 19, 20, 21, 22, 23, 24, 25, 26, 27, 28, 29, 30, 31, 32, 33, 34, 35, 36, 37, 38, 39, 40, 41, 42, 43, 44, 45, 46, 47, 48, 49, 50, 51, 52, 53, 54, 55, 56, 57, 58, 59, 60, 61, 62, 63, 64, 65, 66, 67, 68, 69, 70, 71, 72, 73, 74, 75, 76, 77, 78, 79, 80, 81, 82, 83]
Inds:  [71.25, 71.0, 71.0, 71.0, 70.875, 70.875, 70.75, 70.75, 70.75, 70.625, 70.625, 70.625, 70.625, 70.5, 70.5, 70.5, 70.5, 70.5, 70.5, 70.375, 70.375, 70.375, 70.375, 70.375, 70.375, 70.375, 70.375, 70.375, 70.375, 70.375, 70.375, 70.375, 70.375, 70.375, 70.25, 70.25, 70.25, 70.25, 70.25, 70.25, 70.25, 70.25, 70.25, 70.25, 70.25, 70.25, 70.25, 70.25, 70.25, 70.25, 70.25, 70.25, 70.25, 70.25, 70.25, 70.25, 70.25, 70.25, 70.25, 70.25, 70.25, 70.25, 70.25, 70.25, 70.25, 70.25, 70.25, 70.25, 70.25, 70.25, 70.25, 70.25, 70.25, 70.25, 70.25, 70.125, 70.125, 70.125, 70.125, 70.125, 70.125, 70.125, 70.125, 70.125]

Execution 5:
Parametros: Y=0.998
Start Time (hh:mm:ss.ms) 2023-07-16 20:03:05.803605
generations	MaxGenenerations	Populationk1	Populationk	PopulationElite	PopulationMutant	fitnessElite	alpha	min   	max   	avg    	std   
0          	0               	0           	0          	0              	0               	0           	0    	73.625	83.625	81.3676	1.4952
1          	87.043          	998         	1000       	100            	200             	76.625      	0.3  	71.125	85.375	76.6539	3.45914
2          	84.3825         	996         	998        	102            	198             	75.3662     	0.297	70.625	84.625	75.4961	3.58667
8          	83.6426         	984         	986        	111            	185             	74.5553     	0.283	70.5  	83.5  	75.0769	3.65203
16         	83.5782         	968         	970        	123            	168             	74.3295     	0.264	70.375	85.5  	74.7575	3.75402
20         	83.1799         	960         	962        	129            	160             	73.7129     	0.254	70.25 	83.375	74.2947	3.84   
31         	83.0529         	938         	940        	145            	137             	73.2962     	0.227	70.125	83.25 	73.6179	3.92104
End Time (hh:mm:ss.ms) 2023-07-16 20:03:16.895571
Total Time (hh:mm:ss.ms) 0:00:11.091966
Individuo: [[5, 6, 2, 11, 15, 4, 13, 1, 10, 12, 9, 17, 8, 18, 7, 0, 3, 16, 14], [0, 0, 1, 1, 1, 1, 1, 0, 0, 0, 0, 0, 0, 0, 1, 0, 0, 0, 1]]
Fitness:  70.125
Gens:  [0, 1, 2, 3, 4, 5, 6, 7, 8, 9, 10, 11, 12, 13, 14, 15, 16, 17, 18, 19, 20, 21, 22, 23, 24, 25, 26, 27, 28, 29, 30, 31, 32, 33, 34, 35, 36, 37, 38, 39, 40, 41, 42, 43, 44, 45, 46, 47, 48, 49, 50, 51, 52, 53, 54, 55, 56, 57, 58, 59, 60, 61, 62, 63, 64, 65, 66, 67, 68, 69, 70, 71, 72, 73, 74, 75, 76, 77, 78, 79, 80, 81, 82, 83]
Inds:  [73.625, 71.125, 70.625, 70.625, 70.625, 70.625, 70.625, 70.625, 70.5, 70.5, 70.5, 70.5, 70.5, 70.5, 70.5, 70.5, 70.375, 70.375, 70.375, 70.375, 70.25, 70.25, 70.25, 70.25, 70.25, 70.25, 70.25, 70.25, 70.25, 70.25, 70.25, 70.125, 70.125, 70.125, 70.125, 70.125, 70.125, 70.125, 70.125, 70.125, 70.125, 70.125, 70.125, 70.125, 70.125, 70.125, 70.125, 70.125, 70.125, 70.125, 70.125, 70.125, 70.125, 70.125, 70.125, 70.125, 70.125, 70.125, 70.125, 70.125, 70.125, 70.125, 70.125, 70.125, 70.125, 70.125, 70.125, 70.125, 70.125, 70.125, 70.125, 70.125, 70.125, 70.125, 70.125, 70.125, 70.125, 70.125, 70.125, 70.125, 70.125, 70.125, 70.125, 70.125]

Execution 6:
Parametros: Y=0.998
Start Time (hh:mm:ss.ms) 2023-07-16 20:03:17.627570
generations	MaxGenenerations	Populationk1	Populationk	PopulationElite	PopulationMutant	fitnessElite	alpha	min	max   	avg    	std    
0          	0               	0           	0          	0              	0               	0           	0    	71 	83.625	81.4509	1.49562
2          	84.0868         	996         	998        	102            	198             	75.0179     	0.297	70.375	83.5  	75.3891	3.49488
41         	83.3257         	918         	920        	158            	118             	73.2309     	0.203	70.25 	83    	73.497 	3.64338
54         	82.9698         	892         	894        	175            	93              	72.4676     	0.172	70.125	82.875	72.9156	3.45333
End Time (hh:mm:ss.ms) 2023-07-16 20:03:28.728604
Total Time (hh:mm:ss.ms) 0:00:11.101034
Individuo: [[5, 13, 1, 10, 12, 3, 0, 8, 16, 2, 11, 15, 4, 7, 18, 9, 17, 14, 6], [0, 1, 0, 0, 0, 1, 1, 1, 1, 1, 1, 1, 1, 1, 1, 0, 1, 1, 1]]
Fitness:  70.125
Gens:  [0, 1, 2, 3, 4, 5, 6, 7, 8, 9, 10, 11, 12, 13, 14, 15, 16, 17, 18, 19, 20, 21, 22, 23, 24, 25, 26, 27, 28, 29, 30, 31, 32, 33, 34, 35, 36, 37, 38, 39, 40, 41, 42, 43, 44, 45, 46, 47, 48, 49, 50, 51, 52, 53, 54, 55, 56, 57, 58, 59, 60, 61, 62, 63, 64, 65, 66, 67, 68, 69, 70, 71, 72, 73, 74, 75, 76, 77, 78, 79, 80, 81, 82, 83]
Inds:  [71.0, 71.0, 70.375, 70.375, 70.375, 70.375, 70.375, 70.375, 70.375, 70.375, 70.375, 70.375, 70.375, 70.375, 70.375, 70.375, 70.375, 70.375, 70.375, 70.375, 70.375, 70.375, 70.375, 70.375, 70.375, 70.375, 70.375, 70.375, 70.375, 70.375, 70.375, 70.375, 70.375, 70.375, 70.375, 70.375, 70.375, 70.375, 70.375, 70.375, 70.375, 70.25, 70.25, 70.25, 70.25, 70.25, 70.25, 70.25, 70.25, 70.25, 70.25, 70.25, 70.25, 70.25, 70.125, 70.125, 70.125, 70.125, 70.125, 70.125, 70.125, 70.125, 70.125, 70.125, 70.125, 70.125, 70.125, 70.125, 70.125, 70.125, 70.125, 70.125, 70.125, 70.125, 70.125, 70.125, 70.125, 70.125, 70.125, 70.125, 70.125, 70.125, 70.125, 70.125]

Execution 7:
Parametros: Y=0.998
Start Time (hh:mm:ss.ms) 2023-07-16 20:03:29.459573
generations	MaxGenenerations	Populationk1	Populationk	PopulationElite	PopulationMutant	fitnessElite	alpha	min  	max 	avg    	std    
0          	0               	0           	0          	0              	0               	0           	0    	70.75	83.5	81.4292	1.52998
8          	83.6231         	984         	986        	111            	185             	74.3615     	0.283	70.625	83.5  	74.997 	3.70386
15         	83.4336         	970         	972        	122            	170             	73.9888     	0.266	70.375	85.375	74.422 	3.78667
17         	83.1799         	966         	968        	125            	166             	73.8076     	0.261	70.25 	83.125	74.2535	3.81962
21         	83.1153         	958         	960        	131            	158             	73.7133     	0.251	70.125	83.5  	74.0515	3.96521
24         	82.9466         	952         	954        	135            	151             	73.4875     	0.244	70    	83.375	73.7257	3.90383
32         	82.7159         	936         	938        	147            	135             	73.01       	0.225	69.875	83.375	73.4999	4.06862
End Time (hh:mm:ss.ms) 2023-07-16 20:03:40.895598
Total Time (hh:mm:ss.ms) 0:00:11.436025
Individuo: [[11, 2, 6, 5, 4, 13, 9, 12, 10, 1, 17, 3, 16, 18, 7, 8, 0, 14, 15], [0, 0, 1, 1, 1, 1, 1, 1, 1, 1, 1, 0, 1, 0, 1, 0, 0, 1, 0]]
Fitness:  69.875
Gens:  [0, 1, 2, 3, 4, 5, 6, 7, 8, 9, 10, 11, 12, 13, 14, 15, 16, 17, 18, 19, 20, 21, 22, 23, 24, 25, 26, 27, 28, 29, 30, 31, 32, 33, 34, 35, 36, 37, 38, 39, 40, 41, 42, 43, 44, 45, 46, 47, 48, 49, 50, 51, 52, 53, 54, 55, 56, 57, 58, 59, 60, 61, 62, 63, 64, 65, 66, 67, 68, 69, 70, 71, 72, 73, 74, 75, 76, 77, 78, 79, 80, 81, 82, 83]
Inds:  [70.75, 70.75, 70.75, 70.75, 70.75, 70.75, 70.75, 70.75, 70.625, 70.625, 70.625, 70.625, 70.625, 70.625, 70.625, 70.375, 70.375, 70.25, 70.25, 70.25, 70.25, 70.125, 70.125, 70.125, 70.0, 70.0, 70.0, 70.0, 70.0, 70.0, 70.0, 70.0, 69.875, 69.875, 69.875, 69.875, 69.875, 69.875, 69.875, 69.875, 69.875, 69.875, 69.875, 69.875, 69.875, 69.875, 69.875, 69.875, 69.875, 69.875, 69.875, 69.875, 69.875, 69.875, 69.875, 69.875, 69.875, 69.875, 69.875, 69.875, 69.875, 69.875, 69.875, 69.875, 69.875, 69.875, 69.875, 69.875, 69.875, 69.875, 69.875, 69.875, 69.875, 69.875, 69.875, 69.875, 69.875, 69.875, 69.875, 69.875, 69.875, 69.875, 69.875, 69.875]

Execution 8:
Parametros: Y=0.998
Start Time (hh:mm:ss.ms) 2023-07-16 20:03:41.673572
generations	MaxGenenerations	Populationk1	Populationk	PopulationElite	PopulationMutant	fitnessElite	alpha	min  	max 	avg    	std  
0          	0               	0           	0          	0              	0               	0           	0    	70.75	83.5	81.4319	1.537
1          	83.6231         	998         	1000       	100            	200             	74.575      	0.3  	70.625	84.125	75.9855	3.48174
5          	83.8522         	990         	992        	107            	191             	75.0182     	0.290	70.5  	83.875	75.2018	3.62873
21         	83.3902         	958         	960        	131            	158             	73.8709     	0.252	70.25 	84.5  	74.4131	3.71849
26         	83.407          	948         	950        	138            	147             	73.9708     	0.240	70    	83.25 	74.216 	3.69924
33         	82.6745         	934         	936        	148            	133             	72.9215     	0.222	69.75 	83    	73.6159	3.72924
80         	82.3381         	840         	842        	205            	48              	71.1689     	0.108	69.625	83    	71.331 	2.90192
End Time (hh:mm:ss.ms) 2023-07-16 20:03:53.122571
Total Time (hh:mm:ss.ms) 0:00:11.448999
Individuo: [[11, 2, 14, 0, 7, 13, 9, 3, 18, 12, 10, 1, 17, 5, 4, 16, 6, 8, 15], [0, 0, 0, 1, 0, 1, 1, 1, 1, 1, 1, 1, 0, 1, 1, 1, 1, 0, 0]]
Fitness:  69.625
Gens:  [0, 1, 2, 3, 4, 5, 6, 7, 8, 9, 10, 11, 12, 13, 14, 15, 16, 17, 18, 19, 20, 21, 22, 23, 24, 25, 26, 27, 28, 29, 30, 31, 32, 33, 34, 35, 36, 37, 38, 39, 40, 41, 42, 43, 44, 45, 46, 47, 48, 49, 50, 51, 52, 53, 54, 55, 56, 57, 58, 59, 60, 61, 62, 63, 64, 65, 66, 67, 68, 69, 70, 71, 72, 73, 74, 75, 76, 77, 78, 79, 80, 81, 82, 83]
Inds:  [70.75, 70.625, 70.625, 70.625, 70.625, 70.5, 70.5, 70.5, 70.5, 70.5, 70.5, 70.5, 70.5, 70.5, 70.5, 70.5, 70.5, 70.5, 70.5, 70.5, 70.5, 70.25, 70.25, 70.25, 70.25, 70.25, 70.0, 70.0, 70.0, 70.0, 70.0, 70.0, 70.0, 69.75, 69.75, 69.75, 69.75, 69.75, 69.75, 69.75, 69.75, 69.75, 69.75, 69.75, 69.75, 69.75, 69.75, 69.75, 69.75, 69.75, 69.75, 69.75, 69.75, 69.75, 69.75, 69.75, 69.75, 69.75, 69.75, 69.75, 69.75, 69.75, 69.75, 69.75, 69.75, 69.75, 69.75, 69.75, 69.75, 69.75, 69.75, 69.75, 69.75, 69.75, 69.75, 69.75, 69.75, 69.75, 69.75, 69.75, 69.625, 69.625, 69.625, 69.625]

Execution 9:
Parametros: Y=0.998
Start Time (hh:mm:ss.ms) 2023-07-16 20:03:53.826571
generations	MaxGenenerations	Populationk1	Populationk	PopulationElite	PopulationMutant	fitnessElite	alpha	min  	max  	avg    	std    
0          	0               	0           	0          	0              	0               	0           	0    	73.25	83.75	81.5071	1.43224
1          	86.6213         	998         	1000       	100            	200             	76.4        	0.3  	70.625	85.25	76.4666	3.40372
3          	83.4962         	994         	996        	103            	196             	74.4627     	0.295	70.375	83.5  	75.1875	3.63006
19         	83.3466         	962         	964        	128            	162             	74.0024     	0.256	70.25 	83.5  	74.5738	3.83553
20         	83.0321         	960         	962        	129            	160             	73.6186     	0.254	70.125	83.25 	74.4264	3.77682
32         	82.9882         	936         	938        	147            	135             	73.2791     	0.225	69.875	83.5  	73.9651	3.7941 
49         	82.6096         	902         	904        	169            	102             	72.4021     	0.183	69.75 	83.25 	73.14  	3.67998
End Time (hh:mm:ss.ms) 2023-07-16 20:04:04.974571
Total Time (hh:mm:ss.ms) 0:00:11.148000
Individuo: [[15, 5, 8, 7, 4, 13, 1, 10, 12, 9, 16, 17, 6, 18, 3, 0, 14, 2, 11], [1, 0, 0, 0, 1, 1, 0, 0, 0, 0, 0, 0, 0, 1, 1, 1, 1, 1, 1]]
Fitness:  69.75
Gens:  [0, 1, 2, 3, 4, 5, 6, 7, 8, 9, 10, 11, 12, 13, 14, 15, 16, 17, 18, 19, 20, 21, 22, 23, 24, 25, 26, 27, 28, 29, 30, 31, 32, 33, 34, 35, 36, 37, 38, 39, 40, 41, 42, 43, 44, 45, 46, 47, 48, 49, 50, 51, 52, 53, 54, 55, 56, 57, 58, 59, 60, 61, 62, 63, 64, 65, 66, 67, 68, 69, 70, 71, 72, 73, 74, 75, 76, 77, 78, 79, 80, 81, 82, 83]
Inds:  [73.25, 70.625, 70.625, 70.375, 70.375, 70.375, 70.375, 70.375, 70.375, 70.375, 70.375, 70.375, 70.375, 70.375, 70.375, 70.375, 70.375, 70.375, 70.375, 70.25, 70.125, 70.125, 70.125, 70.125, 70.125, 70.125, 70.125, 70.125, 70.125, 70.125, 70.125, 70.125, 69.875, 69.875, 69.875, 69.875, 69.875, 69.875, 69.875, 69.875, 69.875, 69.875, 69.875, 69.875, 69.875, 69.875, 69.875, 69.875, 69.875, 69.75, 69.75, 69.75, 69.75, 69.75, 69.75, 69.75, 69.75, 69.75, 69.75, 69.75, 69.75, 69.75, 69.75, 69.75, 69.75, 69.75, 69.75, 69.75, 69.75, 69.75, 69.75, 69.75, 69.75, 69.75, 69.75, 69.75, 69.75, 69.75, 69.75, 69.75, 69.75, 69.75, 69.75, 69.75]

Execution 10:
Parametros: Y=0.998
Start Time (hh:mm:ss.ms) 2023-07-16 20:04:05.703573
generations	MaxGenenerations	Populationk1	Populationk	PopulationElite	PopulationMutant	fitnessElite	alpha	min	max 	avg    	std    
0          	0               	0           	0          	0              	0               	0           	0    	71 	83.5	81.4573	1.48093
1          	83.9186         	998         	1000       	100            	200             	74.75       	0.3  	70.875	83.625	76.1368	3.43578
9          	84.0859         	982         	984        	113            	183             	74.9491     	0.280	70.75 	84.25 	74.9124	3.7016 
11         	83.6231         	978         	980        	116            	179             	74.2701     	0.276	70.625	82.875	74.6654	3.70753
14         	83.6426         	972         	974        	120            	172             	74.3562     	0.268	70.375	83.25 	74.3111	3.80826
22         	83.284          	956         	958        	132            	156             	73.8066     	0.249	70.25 	84    	73.9928	3.88537
26         	83.0321         	948         	950        	138            	147             	73.4271     	0.239	70.125	85.375	73.6949	3.86935
28         	82.9051         	944         	946        	141            	143             	73.2957     	0.234	70    	83.625	73.6438	3.8883 
End Time (hh:mm:ss.ms) 2023-07-16 20:04:16.812571
Total Time (hh:mm:ss.ms) 0:00:11.108998
Individuo: [[15, 4, 13, 9, 12, 10, 1, 16, 14, 3, 17, 6, 2, 11, 18, 7, 5, 8, 0], [1, 1, 1, 1, 1, 1, 1, 1, 0, 0, 0, 0, 1, 1, 0, 1, 0, 0, 0]]
Fitness:  70.0
Gens:  [0, 1, 2, 3, 4, 5, 6, 7, 8, 9, 10, 11, 12, 13, 14, 15, 16, 17, 18, 19, 20, 21, 22, 23, 24, 25, 26, 27, 28, 29, 30, 31, 32, 33, 34, 35, 36, 37, 38, 39, 40, 41, 42, 43, 44, 45, 46, 47, 48, 49, 50, 51, 52, 53, 54, 55, 56, 57, 58, 59, 60, 61, 62, 63, 64, 65, 66, 67, 68, 69, 70, 71, 72, 73, 74, 75, 76, 77, 78, 79, 80, 81, 82, 83]
Inds:  [71.0, 70.875, 70.875, 70.875, 70.875, 70.875, 70.875, 70.875, 70.875, 70.75, 70.75, 70.625, 70.625, 70.625, 70.375, 70.375, 70.375, 70.375, 70.375, 70.375, 70.375, 70.375, 70.25, 70.25, 70.25, 70.25, 70.125, 70.125, 70.0, 70.0, 70.0, 70.0, 70.0, 70.0, 70.0, 70.0, 70.0, 70.0, 70.0, 70.0, 70.0, 70.0, 70.0, 70.0, 70.0, 70.0, 70.0, 70.0, 70.0, 70.0, 70.0, 70.0, 70.0, 70.0, 70.0, 70.0, 70.0, 70.0, 70.0, 70.0, 70.0, 70.0, 70.0, 70.0, 70.0, 70.0, 70.0, 70.0, 70.0, 70.0, 70.0, 70.0, 70.0, 70.0, 70.0, 70.0, 70.0, 70.0, 70.0, 70.0, 70.0, 70.0, 70.0, 70.0]

