A-BRKGA-Heuristic:

Execution 1:
Parametros: Y=0.999
Start Time (hh:mm:ss.ms) 2023-07-16 20:49:30.837436
generations	MaxGenenerations	Populationk1	Populationk	PopulationElite	PopulationMutant	fitnessElite	alpha	min  	max    	avg    	std     
0          	0               	0           	0          	0              	0               	0           	0    	82.98	87.7525	85.5444	0.789732
1          	90.5947         	999         	1000       	100            	200             	84.4117     	0.3  	82.68	87.555 	84.942 	0.855913
3          	90.2426         	997         	998        	104            	197             	84.0987     	0.295	82.5025	87.5275	84.5568	0.961427
4          	90.0531         	996         	997        	105            	195             	83.9765     	0.293	82.155 	87.93  	84.4917	1.02536 
5          	89.71           	995         	996        	107            	193             	83.836      	0.291	82.1275	87.725 	84.3299	1.03078 
7          	89.6909         	993         	994        	110            	189             	83.8257     	0.286	81.18  	87.4525	84.133 	1.10877 
11         	88.6096         	989         	990        	116            	182             	82.941      	0.277	81.03  	87.855 	83.6407	1.27882 
12         	88.4749         	988         	989        	118            	180             	82.9078     	0.275	80.805 	87.5275	83.5277	1.33627 
14         	88.2027         	986         	987        	121            	176             	82.631      	0.270	80.73  	87.555 	83.2428	1.41697 
16         	88.0788         	984         	985        	124            	172             	82.4181     	0.265	80.505 	87.33  	83.0009	1.50852 
17         	87.8555         	983         	984        	126            	170             	82.3039     	0.263	80.205 	87.9775	82.8159	1.54685 
19         	87.5454         	981         	982        	129            	166             	82.1006     	0.258	80.205 	88.2025	82.6938	1.62376 
20         	87.6045         	980         	981        	130            	165             	82.2573     	0.256	79.98  	87.6025	82.6548	1.65554 
21         	87.3063         	979         	980        	132            	163             	81.9175     	0.254	79.905 	87.3775	82.4922	1.7071  
23         	87.2661         	977         	978        	135            	159             	81.9453     	0.249	79.53  	87.405 	82.3655	1.78279 
28         	86.7825         	972         	973        	143            	150             	81.3603     	0.237	79.4275	87.7525	81.9349	1.95631 
29         	86.7162         	971         	972        	145            	148             	81.3874     	0.235	79.38  	87.4525	81.8816	1.94179 
30         	86.6384         	970         	971        	146            	146             	81.2613     	0.233	79.305 	87.78  	81.7971	1.97669 
31         	86.5849         	969         	970        	148            	144             	81.2602     	0.230	79.23  	87.575 	81.6762	1.96447 
32         	86.4852         	968         	969        	149            	142             	81.1353     	0.228	79.005 	87.705 	81.7249	2.01155 
36         	86.2314         	964         	965        	156            	135             	80.8595     	0.218	79.005 	87.8   	81.3518	2.04574 
39         	86.2226         	961         	962        	160            	129             	80.7788     	0.211	78.855 	87.7525	81.2882	2.09886 
40         	86.0912         	960         	961        	162            	127             	80.7181     	0.209	78.705 	87.63  	81.2515	2.09537 
45         	85.8823         	955         	956        	169            	118             	80.3885     	0.197	78.63  	87.4525	80.9917	2.17871 
47         	85.8479         	953         	954        	172            	115             	80.3944     	0.192	78.63  	87.2275	80.961 	2.12652 
49         	85.8303         	951         	952        	175            	111             	80.313      	0.188	78.555 	86.7025	80.8389	2.16512 
51         	85.7122         	949         	950        	178            	107             	80.1312     	0.183	78.33  	87.105 	80.6758	2.14945 
53         	85.4819         	947         	948        	182            	103             	79.935      	0.178	78.18  	87.6025	80.5853	2.17626 
54         	85.3414         	946         	947        	183            	102             	79.8364     	0.175	78.18  	87.3775	80.5143	2.14954 
57         	85.3094         	943         	944        	188            	96              	79.7064     	0.168	78.105 	87.875 	80.3104	2.17791 
60         	85.2044         	940         	941        	192            	91              	79.5344     	0.161	78.03  	87.0025	80.1565	2.15747 
63         	85.1266         	937         	938        	197            	86              	79.4148     	0.154	78.03  	87.5275	79.9757	2.21529 
64         	85.1713         	936         	937        	198            	84              	79.4742     	0.152	77.955 	87.18  	79.9629	2.18968 
66         	85.0535         	934         	935        	201            	80              	79.3015     	0.147	77.88  	87.405 	79.7273	2.14682 
67         	84.9972         	933         	934        	202            	78              	79.2583     	0.144	77.805 	87.33  	79.7794	2.17982 
74         	84.9066         	926         	927        	213            	66              	79.0211     	0.128	77.655 	87.705 	79.5509	2.18877 
77         	84.7493         	923         	924        	217            	61              	78.828      	0.120	77.655 	87.33  	79.3707	2.13087 
79         	84.7429         	921         	922        	220            	58              	78.7733     	0.115	77.43  	87.405 	79.2647	2.15546 
End Time (hh:mm:ss.ms) 2023-07-16 20:49:46.437402
Total Time (hh:mm:ss.ms) 0:00:15.599966
Individuo: [[0, 7, 38, 9, 20, 11, 22, 21, 35, 36, 31, 23, 19, 2, 40, 14, 33, 17, 24, 32, 37, 16, 34, 27, 5, 12, 4, 29, 18, 10, 15, 3, 41, 8, 30, 13, 25, 28, 1, 26, 6, 39], [0, 0, 1, 1, 0, 1, 0, 1, 1, 0, 0, 0, 0, 0, 0, 0, 0, 0, 1, 1, 1, 1, 0, 1, 1, 0, 0, 0, 0, 0, 1, 1, 1, 0, 0, 0, 0, 0, 0, 0, 0, 0]]
Fitness:  77.42999999999996
Gens:  [0, 1, 2, 3, 4, 5, 6, 7, 8, 9, 10, 11, 12, 13, 14, 15, 16, 17, 18, 19, 20, 21, 22, 23, 24, 25, 26, 27, 28, 29, 30, 31, 32, 33, 34, 35, 36, 37, 38, 39, 40, 41, 42, 43, 44, 45, 46, 47, 48, 49, 50, 51, 52, 53, 54, 55, 56, 57, 58, 59, 60, 61, 62, 63, 64, 65, 66, 67, 68, 69, 70, 71, 72, 73, 74, 75, 76, 77, 78, 79, 80, 81, 82, 83, 84, 85]
Inds:  [82.97999999999999, 82.68000000000002, 82.68000000000002, 82.50250000000003, 82.155, 82.1275, 82.1275, 81.17999999999999, 81.17999999999999, 81.17999999999999, 81.17999999999999, 81.03, 80.80499999999999, 80.80499999999999, 80.72999999999996, 80.72999999999996, 80.505, 80.205, 80.205, 80.20499999999998, 79.97999999999998, 79.90499999999999, 79.90499999999999, 79.52999999999999, 79.52999999999999, 79.52999999999999, 79.52999999999999, 79.52999999999999, 79.42749999999997, 79.38, 79.30499999999999, 79.22999999999999, 79.005, 79.005, 79.005, 79.005, 79.00499999999998, 79.00499999999998, 79.00499999999998, 78.85499999999999, 78.70499999999998, 78.70499999999998, 78.70499999999998, 78.70499999999998, 78.70499999999998, 78.62999999999998, 78.62999999999998, 78.62999999999997, 78.62999999999997, 78.55499999999998, 78.55499999999998, 78.32999999999997, 78.32999999999997, 78.17999999999998, 78.17999999999996, 78.17999999999996, 78.17999999999996, 78.10499999999998, 78.10499999999998, 78.10499999999998, 78.02999999999997, 78.02999999999997, 78.02999999999997, 78.02999999999996, 77.95499999999997, 77.95499999999997, 77.87999999999997, 77.80499999999996, 77.80499999999996, 77.80499999999996, 77.80499999999996, 77.80499999999996, 77.80499999999996, 77.80499999999996, 77.65499999999997, 77.65499999999997, 77.65499999999997, 77.65499999999996, 77.65499999999996, 77.42999999999996, 77.42999999999996, 77.42999999999996, 77.42999999999996, 77.42999999999996, 77.42999999999996, 77.42999999999996]

Execution 2:
Parametros: Y=0.999
Start Time (hh:mm:ss.ms) 2023-07-16 20:49:47.231403
generations	MaxGenenerations	Populationk1	Populationk	PopulationElite	PopulationMutant	fitnessElite	alpha	min   	max    	avg    	std     
0          	0               	0           	0          	0              	0               	0           	0    	83.055	88.0525	85.5851	0.793355
1          	90.7038         	999         	1000       	100            	200             	84.5543     	0.3  	82.475	87.5275	84.9593	0.814615
3          	90.0324         	997         	998        	104            	197             	83.9986     	0.295	81.9775	87.9025	84.5224	0.950957
4          	89.5137         	996         	997        	105            	195             	83.7153     	0.293	81.4525	87.0775	84.4466	1.0221  
9          	88.9271         	991         	992        	113            	185             	83.2291     	0.282	81.1525	87.705 	84.0119	1.19472 
15         	88.5729         	985         	986        	122            	174             	82.8433     	0.268	80.58  	87.4525	83.582 	1.32338 
23         	87.9241         	977         	978        	135            	159             	82.2297     	0.249	80.355 	87.48  	82.7786	1.56682 
25         	87.6852         	975         	976        	138            	155             	82.0473     	0.245	80.28  	88.23  	82.6051	1.62762 
29         	87.6099         	971         	972        	144            	148             	81.9444     	0.236	79.8775	87.93  	82.4574	1.74562 
31         	87.1838         	969         	970        	147            	144             	81.635      	0.231	79.83  	87.255 	82.2174	1.7635  
35         	87.1271         	965         	966        	153            	137             	81.5157     	0.221	79.53  	88.005 	82.1202	1.88722 
39         	86.8281         	961         	962        	160            	130             	81.277      	0.212	79.53  	87.63  	81.8241	1.87755 
41         	86.798          	959         	960        	163            	126             	81.1667     	0.207	79.305 	87.555 	81.721 	1.88275 
49         	86.55           	951         	952        	175            	112             	80.8314     	0.189	79.155 	87.405 	81.3015	1.91351 
50         	86.3887         	950         	951        	176            	110             	80.6941     	0.186	79.155 	87.1525	81.3174	1.96222 
51         	86.3669         	949         	950        	178            	108             	80.6283     	0.184	79.005 	88.005 	81.1993	1.92487 
53         	86.225          	947         	948        	181            	104             	80.5118     	0.179	79.005 	87.8   	81.0849	1.93709 
56         	86.2355         	944         	945        	185            	99              	80.4746     	0.172	78.93  	87.48  	80.9882	1.94891 
57         	86.1496         	943         	944        	187            	97              	80.3834     	0.169	78.9025	87.3775	80.8904	1.95097 
61         	86.1883         	939         	940        	192            	90              	80.4097     	0.160	78.8275	87.5275	80.7935	1.97557 
62         	86.0418         	938         	939        	194            	88              	80.2039     	0.158	78.78  	87.105 	80.6801	1.9586  
64         	85.9665         	936         	937        	197            	85              	80.0803     	0.153	78.63  	87.4525	80.6785	2.00915 
66         	85.8157         	934         	935        	200            	81              	79.9332     	0.148	78.405 	86.8525	80.441 	1.91302 
73         	85.5678         	927         	928        	210            	69              	79.5868     	0.131	78.33  	87.1525	80.1295	1.94677 
79         	85.4924         	921         	922        	219            	59              	79.4021     	0.117	78.33  	87.2275	79.8374	1.93545 
80         	85.4731         	920         	921        	220            	57              	79.3545     	0.115	78.255 	87.4525	79.7931	1.88736 
84         	85.3849         	916         	917        	226            	50              	79.1945     	0.105	78.18  	87.6775	79.6289	1.88768 
End Time (hh:mm:ss.ms) 2023-07-16 20:50:03.056404
Total Time (hh:mm:ss.ms) 0:00:15.825001
Individuo: [[1, 13, 25, 28, 8, 30, 41, 3, 39, 0, 21, 11, 16, 33, 40, 14, 32, 37, 23, 17, 19, 24, 18, 15, 12, 6, 26, 38, 2, 22, 9, 34, 5, 4, 10, 29, 27, 20, 35, 36, 31, 7], [0, 0, 0, 0, 0, 0, 0, 0, 0, 0, 0, 1, 0, 0, 1, 1, 0, 1, 0, 0, 0, 1, 0, 1, 1, 1, 1, 0, 0, 0, 1, 1, 0, 1, 1, 1, 0, 0, 1, 0, 1, 1]]
Fitness:  78.17999999999996
Gens:  [0, 1, 2, 3, 4, 5, 6, 7, 8, 9, 10, 11, 12, 13, 14, 15, 16, 17, 18, 19, 20, 21, 22, 23, 24, 25, 26, 27, 28, 29, 30, 31, 32, 33, 34, 35, 36, 37, 38, 39, 40, 41, 42, 43, 44, 45, 46, 47, 48, 49, 50, 51, 52, 53, 54, 55, 56, 57, 58, 59, 60, 61, 62, 63, 64, 65, 66, 67, 68, 69, 70, 71, 72, 73, 74, 75, 76, 77, 78, 79, 80, 81, 82, 83, 84, 85, 86]
Inds:  [83.05500000000002, 82.475, 82.475, 81.97750000000002, 81.4525, 81.4525, 81.4525, 81.4525, 81.4525, 81.15250000000002, 81.15250000000002, 81.15250000000002, 81.15250000000002, 81.15250000000002, 81.15250000000002, 80.58, 80.58, 80.58, 80.58, 80.58, 80.58, 80.58, 80.58, 80.35499999999999, 80.35499999999999, 80.27999999999999, 80.27999999999999, 80.27999999999999, 80.27999999999999, 79.87749999999998, 79.87749999999998, 79.83, 79.83, 79.83, 79.83, 79.53, 79.53, 79.53, 79.53, 79.52999999999999, 79.52999999999999, 79.30499999999999, 79.30499999999999, 79.30499999999999, 79.30499999999999, 79.30499999999999, 79.30499999999999, 79.30499999999999, 79.30499999999999, 79.15499999999999, 79.15499999999997, 79.005, 79.005, 79.00499999999998, 79.00499999999998, 79.00499999999998, 78.92999999999998, 78.90249999999999, 78.90249999999999, 78.90249999999999, 78.90249999999999, 78.82749999999999, 78.77999999999999, 78.77999999999999, 78.62999999999997, 78.62999999999997, 78.40499999999997, 78.40499999999997, 78.40499999999997, 78.40499999999997, 78.40499999999997, 78.40499999999997, 78.40499999999997, 78.32999999999997, 78.32999999999997, 78.32999999999997, 78.32999999999997, 78.32999999999997, 78.32999999999997, 78.32999999999996, 78.25499999999995, 78.25499999999995, 78.25499999999995, 78.25499999999995, 78.17999999999996, 78.17999999999996, 78.17999999999996]

Execution 3:
Parametros: Y=0.999
Start Time (hh:mm:ss.ms) 2023-07-16 20:50:03.867437
generations	MaxGenenerations	Populationk1	Populationk	PopulationElite	PopulationMutant	fitnessElite	alpha	min    	max 	avg    	std     
0          	0               	0           	0          	0              	0               	0           	0    	83.1775	88.1	85.5356	0.787666
1          	90.8419         	999         	1000       	100            	200             	84.6543     	0.3  	82.3525	87.2275	84.9396	0.821365
2          	89.8624         	998         	999        	102            	198             	83.8042     	0.297	82.2775	88.005 	84.6753	0.921811
3          	89.8505         	997         	998        	104            	197             	83.9703     	0.295	81.7525	87.555 	84.505 	0.982691
5          	89.2169         	995         	996        	107            	193             	83.3757     	0.291	81.705 	87.5275	84.2959	1.05695 
7          	89.252          	993         	994        	110            	189             	83.5963     	0.286	81.6775	87.425 	84.1118	1.14815 
8          	89.1435         	992         	993        	111            	187             	83.3115     	0.284	81.63  	87.1525	83.9703	1.1615  
10         	89.1744         	990         	991        	114            	184             	83.5111     	0.279	81.405 	87.555 	83.8948	1.21328 
12         	88.8619         	988         	989        	118            	180             	83.1108     	0.275	81.03  	87.6025	83.6989	1.27956 
14         	88.4284         	986         	987        	121            	176             	82.7348     	0.270	80.955 	87.63  	83.5065	1.2966  
15         	88.3731         	985         	986        	122            	174             	82.746      	0.268	80.8525	87.7525	83.4943	1.35722 
17         	88.2389         	983         	984        	126            	170             	82.5734     	0.263	80.805 	87.33  	83.2873	1.40383 
19         	88.2027         	981         	982        	129            	167             	82.5545     	0.259	80.805 	87.875 	83.1813	1.44998 
21         	88.24           	979         	980        	132            	163             	82.6316     	0.254	79.905 	87.8275	83.0441	1.4526  
27         	87.1811         	973         	974        	141            	152             	81.6355     	0.240	79.83  	87.4525	82.4593	1.68834 
30         	87.1384         	970         	971        	146            	146             	81.6333     	0.233	79.755 	87.3775	82.1508	1.79602 
31         	87.0411         	969         	970        	147            	144             	81.5163     	0.231	79.605 	88.2025	82.097 	1.81713 
33         	86.8733         	967         	968        	151            	140             	81.3534     	0.226	79.455 	87.3775	81.9237	1.84892 
35         	86.7504         	965         	966        	154            	137             	81.3044     	0.221	79.005 	87.555 	81.7685	1.83791 
43         	86.2291         	957         	958        	166            	122             	80.7163     	0.202	78.93  	87.3775	81.2343	2.0156  
45         	86.1561         	955         	956        	169            	118             	80.6365     	0.197	78.93  	87.6025	81.0982	2.00035 
46         	86.1601         	954         	955        	171            	117             	80.6258     	0.195	78.78  	87.0025	81.1651	1.9873  
50         	85.99           	950         	951        	177            	109             	80.4073     	0.186	78.705 	87.575 	80.8653	2.02955 
52         	85.8911         	948         	949        	180            	106             	80.2682     	0.181	78.63  	87.4525	80.7339	2.07234 
54         	85.8157         	946         	947        	183            	102             	80.1786     	0.176	78.48  	87.2275	80.7352	2.08999 
55         	85.6368         	945         	946        	184            	100             	80.0011     	0.173	78.48  	87.35  	80.6483	2.1521  
57         	85.6649         	943         	944        	187            	97              	80.016      	0.169	78.405 	87.48  	80.521 	2.05731 
58         	85.5766         	942         	943        	189            	95              	79.9186     	0.166	78.33  	87.555 	80.4793	2.07399 
61         	85.4859         	939         	940        	193            	89              	79.7742     	0.159	78.255 	87.48  	80.3664	2.14593 
62         	85.4128         	938         	939        	195            	88              	79.7048     	0.157	78.18  	87.4525	80.257 	2.12757 
63         	85.3286         	937         	938        	196            	86              	79.6143     	0.154	78.105 	87.405 	80.139 	2.14933 
65         	85.2491         	935         	936        	199            	82              	79.5099     	0.149	77.88  	87.33  	80.0396	2.13096 
66         	84.9908         	934         	935        	201            	80              	79.2695     	0.147	77.805 	87.6025	79.984 	2.15651 
70         	84.8962         	930         	931        	207            	73              	79.0936     	0.137	77.73  	87.5   	79.6948	2.10645 
72         	84.863          	928         	929        	210            	70              	79.0597     	0.132	77.655 	87.555 	79.6728	2.18961 
79         	84.7389         	921         	922        	220            	58              	78.7677     	0.115	77.655 	86.7775	79.2593	2.08431 
80         	84.6984         	920         	921        	221            	56              	78.69       	0.113	77.505 	87.3025	79.134 	2.013   
81         	84.5792         	919         	920        	223            	54              	78.5908     	0.110	77.505 	87.6775	79.0414	2.03386 
83         	84.6387         	917         	918        	225            	51              	78.6205     	0.106	77.355 	87.6025	78.9977	2.05185 
85         	84.3925         	915         	916        	229            	47              	78.3315     	0.100	77.355 	88.005 	78.8492	1.94486 
End Time (hh:mm:ss.ms) 2023-07-16 20:50:19.906402
Total Time (hh:mm:ss.ms) 0:00:16.038965
Individuo: [[39, 5, 12, 3, 1, 30, 25, 28, 13, 4, 20, 34, 35, 38, 23, 2, 19, 24, 37, 31, 36, 7, 0, 29, 18, 27, 9, 21, 16, 32, 14, 33, 17, 40, 22, 11, 10, 15, 6, 26, 8, 41], [0, 0, 1, 1, 1, 0, 0, 0, 1, 0, 1, 1, 0, 0, 0, 1, 1, 1, 1, 1, 1, 1, 1, 0, 0, 0, 0, 0, 0, 0, 0, 0, 1, 1, 0, 0, 0, 1, 1, 0, 1, 0]]
Fitness:  77.35499999999995
Gens:  [0, 1, 2, 3, 4, 5, 6, 7, 8, 9, 10, 11, 12, 13, 14, 15, 16, 17, 18, 19, 20, 21, 22, 23, 24, 25, 26, 27, 28, 29, 30, 31, 32, 33, 34, 35, 36, 37, 38, 39, 40, 41, 42, 43, 44, 45, 46, 47, 48, 49, 50, 51, 52, 53, 54, 55, 56, 57, 58, 59, 60, 61, 62, 63, 64, 65, 66, 67, 68, 69, 70, 71, 72, 73, 74, 75, 76, 77, 78, 79, 80, 81, 82, 83, 84, 85]
Inds:  [83.17750000000002, 82.3525, 82.27750000000003, 81.7525, 81.7525, 81.70500000000001, 81.70500000000001, 81.6775, 81.63000000000002, 81.63000000000002, 81.40500000000002, 81.40500000000002, 81.03000000000002, 81.03000000000002, 80.95500000000001, 80.8525, 80.8525, 80.80500000000002, 80.80500000000002, 80.805, 80.805, 79.90500000000002, 79.90500000000002, 79.90500000000002, 79.90500000000002, 79.90500000000002, 79.90500000000002, 79.83, 79.83, 79.83, 79.755, 79.60499999999999, 79.60499999999999, 79.455, 79.455, 79.005, 79.005, 79.005, 79.005, 79.005, 79.005, 79.005, 79.005, 78.92999999999999, 78.92999999999999, 78.92999999999998, 78.77999999999997, 78.77999999999997, 78.77999999999997, 78.77999999999997, 78.70499999999998, 78.70499999999998, 78.62999999999998, 78.62999999999998, 78.47999999999998, 78.47999999999996, 78.47999999999996, 78.40499999999997, 78.32999999999997, 78.32999999999997, 78.32999999999997, 78.25499999999998, 78.17999999999998, 78.10499999999996, 78.10499999999996, 77.87999999999997, 77.80499999999996, 77.80499999999996, 77.80499999999996, 77.80499999999996, 77.72999999999996, 77.72999999999996, 77.65499999999997, 77.65499999999997, 77.65499999999997, 77.65499999999997, 77.65499999999997, 77.65499999999997, 77.65499999999997, 77.65499999999996, 77.50499999999997, 77.50499999999995, 77.50499999999995, 77.35499999999996, 77.35499999999996, 77.35499999999995]

Execution 4:
Parametros: Y=0.999
Start Time (hh:mm:ss.ms) 2023-07-16 20:50:20.696401
generations	MaxGenenerations	Populationk1	Populationk	PopulationElite	PopulationMutant	fitnessElite	alpha	min  	max    	avg    	std     
0          	0               	0           	0          	0              	0               	0           	0    	82.85	87.6025	85.5462	0.809124
1          	90.4392         	999         	1000       	100            	200             	84.2758     	0.3  	82.5775	87.35  	84.8909	0.823864
3          	90.1596         	997         	998        	104            	197             	84.1211     	0.295	82.455 	87.48  	84.5677	0.973825
4          	89.997          	996         	997        	105            	195             	83.929      	0.293	82.2025	87.33  	84.4566	1.00551 
5          	89.708          	995         	996        	107            	193             	83.695      	0.291	81.9775	87.555 	84.4055	1.04906 
6          	89.4825         	994         	995        	108            	191             	83.5884     	0.288	81.78  	87.6025	84.2799	1.07253 
9          	89.3047         	991         	992        	113            	185             	83.5282     	0.282	81.48  	87.255 	84.0295	1.1537  
10         	88.9128         	990         	991        	115            	183             	83.0956     	0.279	81.4525	87.9775	83.9982	1.2033  
11         	88.9471         	989         	990        	116            	182             	83.2633     	0.277	81.105 	87.6775	83.9195	1.21357 
13         	88.5211         	987         	988        	119            	178             	82.8372     	0.272	81.0025	87.3775	83.675 	1.28857 
14         	88.4026         	986         	987        	121            	176             	82.7275     	0.270	80.88  	87.9775	83.4885	1.33701 
17         	88.2713         	983         	984        	126            	170             	82.601      	0.263	80.58  	87.5275	83.1553	1.44295 
19         	87.9505         	981         	982        	129            	167             	82.3676     	0.259	80.3275	87.5   	82.8915	1.51487 
21         	87.6947         	979         	980        	132            	163             	82.2042     	0.254	80.055 	87.65  	82.7053	1.57575 
24         	87.3792         	976         	977        	137            	157             	81.8966     	0.247	80.055 	87.6025	82.4838	1.69825 
25         	87.3882         	975         	976        	138            	155             	81.9047     	0.245	79.8775	87.705 	82.3874	1.7242  
26         	87.2034         	974         	975        	140            	153             	81.7769     	0.242	79.8025	87.3775	82.2795	1.74275 
27         	87.093          	973         	974        	141            	152             	81.6227     	0.240	79.7275	87.9025	82.1987	1.72045 
30         	86.9874         	970         	971        	146            	146             	81.4488     	0.233	79.605 	87.3775	81.964 	1.81527 
32         	86.8579         	968         	969        	149            	142             	81.3305     	0.228	79.53  	87.6025	81.8917	1.8321  
35         	86.7784         	965         	966        	154            	137             	81.2255     	0.221	79.4275	87.0775	81.7601	1.85799 
37         	86.6642         	963         	964        	157            	133             	81.1032     	0.216	79.3525	87.3775	81.614 	1.91641 
42         	86.6367         	958         	959        	164            	124             	81.0831     	0.205	79.1275	87.5275	81.4984	1.91211 
45         	86.3652         	955         	956        	169            	119             	80.7822     	0.198	79.0525	87.5   	81.2961	1.9698  
46         	86.285          	954         	955        	171            	117             	80.7056     	0.195	78.9775	87.3775	81.2784	1.97566 
49         	86.2032         	951         	952        	175            	111             	80.5851     	0.188	78.93  	87.255 	81.0878	1.96684 
50         	86.1302         	950         	951        	177            	109             	80.4803     	0.186	78.6775	87.855 	81.0838	2.02678 
55         	85.8675         	945         	946        	184            	100             	80.198      	0.174	78.6025	87.875 	80.7593	2.03981 
57         	85.7664         	943         	944        	187            	97              	80.0556     	0.169	78.5275	88.005 	80.6531	2.07089 
61         	85.736          	939         	940        	193            	90              	80.0082     	0.160	78.3775	87.705 	80.4868	2.07986 
63         	85.5675         	937         	938        	196            	86              	79.8272     	0.155	78.3775	87.6025	80.3499	2.064   
64         	85.557          	936         	937        	197            	84              	79.7864     	0.152	78.3025	87.105 	80.2974	2.05591 
69         	85.4367         	931         	932        	205            	76              	79.5487     	0.140	78.3025	87.5275	79.9897	2.0438  
70         	85.4688         	930         	931        	206            	74              	79.5805     	0.138	78.2275	87.105 	80.075 	2.04198 
72         	85.3805         	928         	929        	209            	70              	79.4608     	0.133	78.2275	87.93  	79.9083	2.00481 
73         	85.4213         	927         	928        	210            	69              	79.5026     	0.131	78.0775	87.03  	79.9608	2.07034 
74         	85.1807         	926         	927        	212            	67              	79.2288     	0.128	78.0025	86.88  	79.7928	1.97927 
76         	85.1157         	924         	925        	215            	63              	79.1443     	0.123	77.8525	87.4525	79.73  	2.02716 
79         	84.9648         	921         	922        	219            	58              	78.9612     	0.116	77.7025	88.1275	79.4516	1.9971  
End Time (hh:mm:ss.ms) 2023-07-16 20:50:36.455401
Total Time (hh:mm:ss.ms) 0:00:15.759000
Individuo: [[36, 16, 14, 19, 40, 17, 33, 32, 37, 31, 7, 34, 5, 6, 29, 4, 26, 30, 28, 25, 13, 39, 0, 27, 9, 35, 24, 2, 23, 38, 21, 11, 22, 20, 18, 10, 15, 12, 3, 8, 41, 1], [0, 0, 0, 1, 0, 1, 1, 0, 1, 1, 1, 0, 0, 1, 1, 1, 0, 0, 1, 1, 1, 0, 0, 0, 0, 1, 0, 0, 1, 1, 0, 0, 0, 0, 0, 0, 1, 1, 1, 1, 0, 0]]
Fitness:  77.70249999999996
Gens:  [0, 1, 2, 3, 4, 5, 6, 7, 8, 9, 10, 11, 12, 13, 14, 15, 16, 17, 18, 19, 20, 21, 22, 23, 24, 25, 26, 27, 28, 29, 30, 31, 32, 33, 34, 35, 36, 37, 38, 39, 40, 41, 42, 43, 44, 45, 46, 47, 48, 49, 50, 51, 52, 53, 54, 55, 56, 57, 58, 59, 60, 61, 62, 63, 64, 65, 66, 67, 68, 69, 70, 71, 72, 73, 74, 75, 76, 77, 78, 79, 80, 81, 82, 83, 84, 85]
Inds:  [82.85000000000001, 82.57749999999999, 82.57749999999999, 82.455, 82.2025, 81.97749999999999, 81.78, 81.78, 81.78, 81.48000000000002, 81.4525, 81.105, 81.105, 81.0025, 80.88, 80.88, 80.88, 80.58000000000001, 80.58000000000001, 80.3275, 80.3275, 80.055, 80.055, 80.055, 80.05499999999998, 79.87750000000001, 79.8025, 79.72749999999999, 79.72749999999999, 79.72749999999999, 79.60499999999999, 79.60499999999999, 79.53, 79.53, 79.53, 79.42749999999998, 79.42749999999998, 79.35249999999999, 79.35249999999999, 79.35249999999999, 79.35249999999999, 79.35249999999999, 79.12749999999998, 79.12749999999998, 79.12749999999998, 79.0525, 78.97749999999996, 78.97749999999996, 78.97749999999996, 78.92999999999998, 78.67749999999997, 78.67749999999997, 78.67749999999997, 78.67749999999997, 78.67749999999997, 78.60249999999998, 78.60249999999998, 78.52749999999997, 78.52749999999997, 78.52749999999997, 78.52749999999997, 78.37749999999998, 78.37749999999998, 78.37749999999997, 78.30249999999998, 78.30249999999998, 78.30249999999998, 78.30249999999998, 78.30249999999998, 78.30249999999997, 78.22749999999998, 78.22749999999998, 78.22749999999996, 78.07749999999997, 78.00249999999997, 78.00249999999997, 77.85249999999996, 77.85249999999996, 77.85249999999996, 77.70249999999996, 77.70249999999996, 77.70249999999996, 77.70249999999996, 77.70249999999996, 77.70249999999996, 77.70249999999996]

Execution 5:
Parametros: Y=0.999
Start Time (hh:mm:ss.ms) 2023-07-16 20:50:37.254402
generations	MaxGenenerations	Populationk1	Populationk	PopulationElite	PopulationMutant	fitnessElite	alpha	min    	max    	avg    	std     
0          	0               	0           	0          	0              	0               	0           	0    	82.9525	87.9025	85.5606	0.780897
1          	90.5783         	999         	1000       	100            	200             	84.4375     	0.3  	82.7275	87.63  	84.9624	0.830653
2          	90.308          	998         	999        	102            	198             	84.1874     	0.297	82.53  	87.48  	84.7487	0.883912
3          	90.0789         	997         	998        	104            	197             	83.993      	0.295	82.305 	87.4525	84.6054	0.961578
5          	89.8713         	995         	996        	107            	193             	83.9344     	0.291	81.78  	87.3025	84.3349	1.00051 
6          	89.2444         	994         	995        	108            	191             	83.3749     	0.288	81.705 	87.4525	84.305 	1.07154 
7          	89.176          	993         	994        	110            	189             	83.3519     	0.286	81.33  	87.555 	84.1658	1.12811 
8          	88.7758         	992         	993        	111            	187             	83.0993     	0.284	81.2   	87.33  	84.1115	1.19178 
9          	88.6139         	991         	992        	113            	185             	82.9283     	0.281	81.03  	87.405 	83.9653	1.21511 
12         	88.4525         	988         	989        	118            	180             	82.8383     	0.275	80.805 	87.3775	83.388 	1.37665 
13         	88.187          	987         	988        	119            	178             	82.5979     	0.272	80.655 	87.18  	83.1307	1.44025 
15         	88.0522         	985         	986        	122            	174             	82.5458     	0.268	80.505 	87.9025	83.0532	1.57575 
16         	87.9058         	984         	985        	124            	172             	82.4718     	0.265	80.43  	87.5275	82.9454	1.5994  
17         	87.791          	983         	984        	126            	170             	82.3005     	0.263	80.355 	87.9775	82.8023	1.62262 
18         	87.7486         	982         	983        	127            	168             	82.3464     	0.261	80.205 	87.3775	82.7357	1.62084 
19         	87.5322         	981         	982        	129            	166             	82.0618     	0.258	80.13  	87.2275	82.5523	1.67466 
22         	87.4963         	978         	979        	134            	161             	82.0887     	0.251	80.055 	87.48  	82.4523	1.72515 
23         	87.3775         	977         	978        	135            	159             	81.9086     	0.249	79.905 	87.4525	82.3631	1.78694 
24         	87.2114         	976         	977        	137            	157             	81.7712     	0.247	79.68  	87.9775	82.279 	1.75194 
25         	87.0115         	975         	976        	138            	155             	81.7115     	0.244	79.605 	87.575 	82.1695	1.78917 
26         	86.8946         	974         	975        	140            	153             	81.5374     	0.242	79.53  	87.705 	82.0933	1.81263 
29         	86.8672         	971         	972        	145            	148             	81.5727     	0.235	79.005 	87.78  	82.1052	1.8889  
36         	86.2379         	964         	965        	156            	135             	80.876      	0.218	78.93  	87.555 	81.5032	2.04999 
43         	86.1472         	957         	958        	166            	122             	80.6557     	0.202	78.705 	87.0025	81.272 	2.07463 
47         	85.8911         	953         	954        	172            	115             	80.3687     	0.192	78.555 	87.3025	80.9783	2.03031 
49         	85.7081         	951         	952        	175            	111             	80.1623     	0.187	78.33  	87.2   	80.8634	2.04199 
59         	85.469          	941         	942        	190            	93              	79.7839     	0.164	78.33  	87.7525	80.4615	2.12044 
63         	85.514          	937         	938        	196            	86              	79.7831     	0.154	78.255 	87.3025	80.3257	2.12354 
70         	85.4361         	930         	931        	206            	74              	79.5702     	0.138	78.105 	87.9025	80.0402	2.05097 
73         	85.2572         	927         	928        	211            	68              	79.3465     	0.131	78.03  	87.3025	79.8369	2.06305 
74         	85.1521         	926         	927        	212            	67              	79.2219     	0.128	77.955 	87.7525	79.7377	1.99261 
81         	85.0599         	919         	920        	222            	55              	78.9873     	0.111	77.805 	87.125 	79.4861	2.05992 
83         	84.913          	917         	918        	225            	51              	78.8279     	0.106	77.73  	87.105 	79.2768	1.91825 
85         	84.8884         	915         	916        	228            	48              	78.7839     	0.102	77.505 	87.0025	79.2299	1.92681 
End Time (hh:mm:ss.ms) 2023-07-16 20:50:53.301430
Total Time (hh:mm:ss.ms) 0:00:16.047028
Individuo: [[41, 8, 13, 25, 28, 1, 3, 6, 26, 30, 12, 39, 15, 29, 4, 10, 18, 22, 2, 23, 37, 32, 14, 33, 40, 17, 19, 24, 16, 31, 38, 21, 11, 20, 27, 5, 0, 7, 36, 35, 9, 34], [1, 0, 0, 0, 0, 0, 0, 0, 0, 1, 1, 0, 1, 0, 1, 1, 1, 1, 0, 1, 0, 1, 0, 0, 0, 0, 0, 1, 0, 0, 1, 0, 0, 1, 1, 1, 0, 0, 0, 1, 0, 1]]
Fitness:  77.50499999999995
Gens:  [0, 1, 2, 3, 4, 5, 6, 7, 8, 9, 10, 11, 12, 13, 14, 15, 16, 17, 18, 19, 20, 21, 22, 23, 24, 25, 26, 27, 28, 29, 30, 31, 32, 33, 34, 35, 36, 37, 38, 39, 40, 41, 42, 43, 44, 45, 46, 47, 48, 49, 50, 51, 52, 53, 54, 55, 56, 57, 58, 59, 60, 61, 62, 63, 64, 65, 66, 67, 68, 69, 70, 71, 72, 73, 74, 75, 76, 77, 78, 79, 80, 81, 82, 83, 84, 85]
Inds:  [82.9525, 82.72749999999999, 82.53000000000002, 82.30500000000002, 82.30500000000002, 81.78000000000002, 81.705, 81.33000000000003, 81.2, 81.03, 81.03, 81.03, 80.80500000000002, 80.655, 80.655, 80.50500000000001, 80.43000000000002, 80.355, 80.205, 80.12999999999998, 80.12999999999998, 80.12999999999998, 80.055, 79.905, 79.67999999999999, 79.60499999999999, 79.52999999999999, 79.52999999999999, 79.52999999999999, 79.00499999999997, 79.00499999999997, 79.00499999999997, 79.00499999999997, 79.00499999999997, 79.00499999999997, 79.00499999999997, 78.92999999999998, 78.92999999999998, 78.92999999999998, 78.92999999999998, 78.92999999999998, 78.92999999999998, 78.92999999999998, 78.70499999999997, 78.70499999999997, 78.70499999999997, 78.70499999999997, 78.55499999999998, 78.55499999999998, 78.32999999999997, 78.32999999999997, 78.32999999999997, 78.32999999999997, 78.32999999999997, 78.32999999999997, 78.32999999999997, 78.32999999999997, 78.32999999999997, 78.32999999999997, 78.32999999999996, 78.32999999999996, 78.32999999999996, 78.32999999999996, 78.25499999999995, 78.25499999999995, 78.25499999999995, 78.25499999999995, 78.25499999999995, 78.25499999999995, 78.25499999999995, 78.10499999999996, 78.10499999999996, 78.10499999999996, 78.02999999999996, 77.95499999999996, 77.95499999999996, 77.95499999999996, 77.95499999999996, 77.95499999999996, 77.95499999999996, 77.95499999999996, 77.80499999999995, 77.80499999999995, 77.72999999999995, 77.72999999999995, 77.50499999999995]

Execution 6:
Parametros: Y=0.999
Start Time (hh:mm:ss.ms) 2023-07-16 20:50:54.194435
generations	MaxGenenerations	Populationk1	Populationk	PopulationElite	PopulationMutant	fitnessElite	alpha	min   	max    	avg    	std     
0          	0               	0           	0          	0              	0               	0           	0    	83.355	88.0525	85.5676	0.780192
1          	91.0315         	999         	1000       	100            	200             	84.7642     	0.3  	83.055	87.9025	85.03  	0.808369
2          	90.6902         	998         	999        	102            	198             	84.4986     	0.297	82.305	87.8275	84.7739	0.861061
3          	89.8645         	997         	998        	104            	197             	83.9372     	0.295	82.2775	87.405 	84.6306	0.926779
4          	89.7965         	996         	997        	105            	195             	83.7815     	0.293	82.155 	87.8275	84.487 	0.975289
5          	89.7008         	995         	996        	107            	193             	83.8062     	0.291	81.8275	87.2275	84.3567	1.00628 
8          	89.3097         	992         	993        	111            	187             	83.4268     	0.284	81.78  	87.705 	84.1991	1.11433 
9          	89.2804         	991         	992        	113            	185             	83.4513     	0.282	81.63  	87.3025	84.1091	1.12724 
11         	89.1075         	989         	990        	116            	182             	83.2877     	0.277	81.3025	87.78  	83.9688	1.15862 
13         	88.71           	987         	988        	119            	178             	82.8992     	0.272	81.105 	87.855 	83.8042	1.24566 
18         	88.5277         	982         	983        	127            	169             	82.7851     	0.261	80.955 	87.8275	83.2669	1.38889 
20         	88.4014         	980         	981        	130            	165             	82.7528     	0.257	80.7025	87.6775	83.1558	1.48555 
23         	88.0554         	977         	978        	135            	159             	82.3152     	0.250	80.505 	87.555 	82.8605	1.52088 
24         	87.8752         	976         	977        	136            	157             	82.251      	0.247	80.43  	87.93  	82.7531	1.51245 
25         	87.8263         	975         	976        	138            	156             	82.2701     	0.245	80.43  	87.255 	82.6798	1.55458 
28         	87.8066         	972         	973        	143            	150             	82.1651     	0.238	80.13  	87.255 	82.5598	1.61586 
30         	87.4987         	970         	971        	146            	146             	81.953      	0.233	79.905 	87.03  	82.409 	1.63645 
31         	87.1745         	969         	970        	147            	144             	81.5521     	0.231	79.53  	87.5275	82.3069	1.69447 
38         	86.8086         	962         	963        	158            	131             	81.2475     	0.214	79.53  	87.405 	81.7705	1.83803 
42         	86.811          	958         	959        	164            	124             	81.1795     	0.205	79.23  	87.03  	81.5621	1.84158 
45         	86.4876         	955         	956        	169            	119             	80.8899     	0.198	79.155 	88.1275	81.4144	1.88601 
46         	86.4512         	954         	955        	170            	117             	80.9127     	0.195	79.08  	87.6025	81.3382	1.90141 
48         	86.298          	952         	953        	173            	113             	80.6511     	0.191	79.005 	87.255 	81.2117	1.9255  
49         	86.212          	951         	952        	175            	111             	80.5613     	0.188	78.93  	88.2025	81.1414	1.92491 
54         	86.1989         	946         	947        	182            	102             	80.5449     	0.177	78.78  	87.63  	80.9357	1.95958 
57         	85.9964         	943         	944        	187            	97              	80.2777     	0.169	78.705 	87.4525	80.6972	1.9169  
59         	85.8525         	941         	942        	190            	93              	80.0529     	0.164	78.63  	87.05  	80.6888	2.00314 
61         	85.79           	939         	940        	193            	90              	79.987      	0.160	78.555 	87.125 	80.5875	1.97039 
65         	85.721          	935         	936        	199            	83              	79.8659     	0.150	78.48  	87.18  	80.413 	2.01482 
67         	85.6496         	933         	934        	202            	79              	79.778      	0.145	78.405 	87.0025	80.2322	1.95641 
68         	85.5357         	932         	933        	203            	77              	79.6374     	0.143	78.33  	87.255 	80.1727	1.96285 
70         	85.4924         	930         	931        	206            	74              	79.5942     	0.138	78.33  	87.125 	80.0745	1.96559 
71         	85.4643         	929         	930        	208            	72              	79.5278     	0.136	78.18  	86.9275	80.0787	1.98813 
74         	85.3118         	926         	927        	212            	67              	79.3494     	0.128	78.18  	87.105 	79.9814	1.96902 
75         	85.299          	925         	926        	213            	65              	79.3089     	0.126	78.105 	87.2275	79.8198	1.92149 
77         	85.2555         	923         	924        	216            	62              	79.2552     	0.121	78.105 	86.88  	79.6753	1.92603 
78         	85.198          	922         	923        	218            	60              	79.1514     	0.119	77.955 	87.4525	79.6919	1.94048 
81         	85.0703         	919         	920        	222            	55              	79.0012     	0.111	77.88  	86.805 	79.4458	1.90269 
86         	84.9908         	914         	915        	229            	46              	78.8248     	0.099	77.73  	87.3775	79.2412	1.82523 
End Time (hh:mm:ss.ms) 2023-07-16 20:51:10.164400
Total Time (hh:mm:ss.ms) 0:00:15.969965
Individuo: [[12, 6, 8, 41, 1, 3, 15, 10, 29, 4, 34, 7, 31, 23, 24, 2, 22, 21, 38, 36, 35, 9, 0, 39, 26, 30, 28, 25, 13, 20, 16, 14, 33, 40, 17, 37, 19, 32, 11, 18, 27, 5], [0, 1, 1, 0, 0, 0, 0, 1, 1, 1, 1, 0, 1, 0, 0, 0, 0, 1, 0, 1, 0, 1, 1, 1, 0, 0, 1, 1, 1, 0, 0, 0, 0, 1, 1, 0, 1, 1, 0, 0, 1, 1]]
Fitness:  77.72999999999998
Gens:  [0, 1, 2, 3, 4, 5, 6, 7, 8, 9, 10, 11, 12, 13, 14, 15, 16, 17, 18, 19, 20, 21, 22, 23, 24, 25, 26, 27, 28, 29, 30, 31, 32, 33, 34, 35, 36, 37, 38, 39, 40, 41, 42, 43, 44, 45, 46, 47, 48, 49, 50, 51, 52, 53, 54, 55, 56, 57, 58, 59, 60, 61, 62, 63, 64, 65, 66, 67, 68, 69, 70, 71, 72, 73, 74, 75, 76, 77, 78, 79, 80, 81, 82, 83, 84, 85, 86]
Inds:  [83.35499999999999, 83.05500000000002, 82.305, 82.27750000000003, 82.15500000000003, 81.8275, 81.8275, 81.8275, 81.78, 81.63, 81.63, 81.3025, 81.3025, 81.10499999999999, 81.10499999999999, 81.10499999999999, 81.10499999999999, 81.10499999999999, 80.95500000000001, 80.95500000000001, 80.70250000000001, 80.70250000000001, 80.70250000000001, 80.50500000000001, 80.43, 80.42999999999998, 80.42999999999998, 80.42999999999998, 80.13000000000001, 80.13000000000001, 79.905, 79.53, 79.53, 79.53, 79.53, 79.53, 79.53, 79.53, 79.52999999999999, 79.52999999999999, 79.52999999999999, 79.52999999999999, 79.23, 79.23, 79.23, 79.15499999999999, 79.07999999999998, 79.07999999999998, 79.005, 78.92999999999999, 78.92999999999999, 78.92999999999999, 78.92999999999999, 78.92999999999999, 78.77999999999999, 78.77999999999999, 78.77999999999999, 78.70499999999998, 78.70499999999998, 78.62999999999998, 78.62999999999998, 78.55499999999998, 78.55499999999998, 78.55499999999998, 78.55499999999998, 78.47999999999998, 78.47999999999998, 78.40499999999999, 78.33, 78.33, 78.32999999999997, 78.17999999999999, 78.17999999999999, 78.17999999999999, 78.17999999999998, 78.10499999999999, 78.10499999999999, 78.10499999999998, 77.95499999999998, 77.95499999999998, 77.95499999999998, 77.87999999999997, 77.87999999999997, 77.87999999999997, 77.87999999999997, 77.87999999999997, 77.72999999999998]

Execution 7:
Parametros: Y=0.999
Start Time (hh:mm:ss.ms) 2023-07-16 20:51:11.002400
generations	MaxGenenerations	Populationk1	Populationk	PopulationElite	PopulationMutant	fitnessElite	alpha	min   	max    	avg    	std     
0          	0               	0           	0          	0              	0               	0           	0    	83.055	87.9775	85.5579	0.772693
1          	90.697          	999         	1000       	100            	200             	84.5318     	0.3  	82.9525	87.48  	85.0094	0.80236 
2          	90.54           	998         	999        	102            	198             	84.3007     	0.297	82.455 	87.2275	84.7485	0.905121
3          	89.9743         	997         	998        	104            	197             	83.8655     	0.295	82.1275	87.8275	84.631 	0.946566
4          	89.6707         	996         	997        	105            	195             	83.7994     	0.293	81.855 	87.63  	84.4843	1.01119 
5          	89.3555         	995         	996        	107            	193             	83.5358     	0.291	81.78  	88.005 	84.3885	1.06242 
7          	89.267          	993         	994        	110            	189             	83.4349     	0.286	81.78  	87.4525	84.1384	1.10485 
8          	89.2578         	992         	993        	111            	187             	83.3928     	0.284	81.63  	87.63  	84.0724	1.17337 
10         	89.074          	990         	991        	115            	183             	83.1961     	0.279	81.18  	87.9025	83.9199	1.24804 
11         	88.6429         	989         	990        	116            	182             	83.0451     	0.277	81.105 	87.6025	83.7161	1.25173 
12         	88.5344         	988         	989        	118            	180             	82.8928     	0.275	81.105 	87.48  	83.6317	1.27642 
14         	88.5543         	986         	987        	121            	176             	82.9244     	0.270	81.03  	87.255 	83.4551	1.37512 
15         	88.4218         	985         	986        	122            	174             	82.7004     	0.268	80.805 	87.7525	83.3386	1.38939 
17         	88.2027         	983         	984        	126            	170             	82.5851     	0.263	80.58  	87.6775	83.0491	1.47647 
20         	87.9589         	980         	981        	130            	165             	82.3763     	0.256	80.505 	87.63  	82.7937	1.60075 
22         	87.8489         	978         	979        	133            	161             	82.2073     	0.252	80.43  	87.7525	82.6362	1.60231 
23         	87.8107         	977         	978        	135            	159             	82.2598     	0.249	80.205 	87.4525	82.5952	1.61945 
25         	87.5257         	975         	976        	138            	155             	81.945      	0.245	80.055 	87.5275	82.3794	1.67234 
26         	87.3816         	974         	975        	140            	154             	81.8692     	0.242	79.755 	87.7525	82.3596	1.68546 
34         	87.0435         	966         	967        	152            	139             	81.4699     	0.224	79.605 	87.78  	81.9345	1.85199 
35         	86.9124         	965         	966        	154            	137             	81.4179     	0.221	79.455 	87.4525	81.8875	1.83262 
37         	86.7137         	963         	964        	157            	133             	81.1739     	0.216	79.38  	87.3025	81.7003	1.87803 
38         	86.6254         	962         	963        	158            	131             	81.08       	0.214	79.38  	87.6025	81.6901	1.90529 
41         	86.6603         	959         	960        	163            	126             	81.109      	0.207	79.08  	87.855 	81.525 	1.94248 
47         	86.3198         	953         	954        	172            	115             	80.7192     	0.193	78.93  	87.48  	81.2037	1.96087 
50         	86.1319         	950         	951        	177            	109             	80.484      	0.186	78.78  	87.555 	81.0341	1.94034 
54         	85.9665         	946         	947        	183            	102             	80.2775     	0.176	78.63  	87.7525	80.8162	1.96216 
56         	85.8198         	944         	945        	186            	99              	80.1459     	0.171	78.48  	86.805 	80.7922	2.03347 
57         	85.6006         	943         	944        	187            	97              	79.8883     	0.169	78.48  	87.93  	80.5938	2.03224 
60         	85.6391         	940         	941        	192            	91              	79.9034     	0.162	78.405 	87.35  	80.4654	2.04326 
61         	85.5654         	939         	940        	193            	90              	79.834      	0.159	78.33  	87.4525	80.486 	2.08758 
63         	85.5028         	937         	938        	196            	86              	79.7627     	0.154	78.18  	87.2275	80.2897	2.05516 
67         	85.3054         	933         	934        	202            	79              	79.4874     	0.145	78.105 	87.0775	80.0439	2.10313 
69         	85.2532         	931         	932        	205            	75              	79.4286     	0.140	78.105 	87.3775	80.055 	2.13473 
70         	85.2404         	930         	931        	206            	74              	79.3856     	0.138	78.03  	87.6025	79.964 	2.09148 
71         	85.1777         	929         	930        	208            	72              	79.3284     	0.135	77.805 	87.2   	79.8634	2.1053  
75         	84.8707         	925         	926        	214            	65              	78.945      	0.125	77.805 	86.975 	79.4162	2.04377 
76         	84.8788         	924         	925        	215            	63              	78.9355     	0.123	77.73  	87.2   	79.5401	2.06762 
77         	84.8161         	923         	924        	217            	61              	78.8739     	0.120	77.655 	87.48  	79.466 	2.11193 
80         	84.758          	920         	921        	221            	56              	78.771      	0.113	77.655 	87.6775	79.3402	2.11141 
81         	84.7747         	919         	920        	222            	54              	78.7701     	0.111	77.58  	87.405 	79.2046	1.99134 
84         	84.6674         	916         	917        	227            	49              	78.5983     	0.103	77.43  	88.1275	78.9673	1.92779 
85         	84.5672         	915         	916        	228            	47              	78.5141     	0.101	77.43  	86.955 	78.9024	1.97864 
End Time (hh:mm:ss.ms) 2023-07-16 20:51:26.631434
Total Time (hh:mm:ss.ms) 0:00:15.629034
Individuo: [[1, 41, 28, 25, 30, 15, 4, 20, 18, 11, 21, 35, 31, 37, 32, 14, 33, 40, 24, 23, 2, 22, 9, 5, 39, 12, 6, 0, 34, 36, 16, 17, 19, 38, 7, 27, 29, 10, 13, 26, 8, 3], [1, 1, 1, 1, 1, 1, 0, 1, 1, 1, 1, 1, 0, 0, 1, 0, 0, 1, 0, 0, 0, 0, 1, 1, 1, 0, 1, 0, 0, 0, 0, 0, 0, 1, 1, 1, 0, 0, 0, 0, 1, 0]]
Fitness:  77.42999999999996
Gens:  [0, 1, 2, 3, 4, 5, 6, 7, 8, 9, 10, 11, 12, 13, 14, 15, 16, 17, 18, 19, 20, 21, 22, 23, 24, 25, 26, 27, 28, 29, 30, 31, 32, 33, 34, 35, 36, 37, 38, 39, 40, 41, 42, 43, 44, 45, 46, 47, 48, 49, 50, 51, 52, 53, 54, 55, 56, 57, 58, 59, 60, 61, 62, 63, 64, 65, 66, 67, 68, 69, 70, 71, 72, 73, 74, 75, 76, 77, 78, 79, 80, 81, 82, 83, 84, 85]
Inds:  [83.055, 82.9525, 82.455, 82.1275, 81.85499999999999, 81.78000000000003, 81.78000000000003, 81.77999999999999, 81.63000000000001, 81.63000000000001, 81.18, 81.105, 81.10499999999999, 81.10499999999999, 81.03, 80.805, 80.805, 80.58000000000001, 80.58000000000001, 80.58000000000001, 80.505, 80.505, 80.42999999999999, 80.20500000000001, 80.20500000000001, 80.055, 79.755, 79.755, 79.755, 79.755, 79.755, 79.755, 79.755, 79.755, 79.60499999999998, 79.455, 79.455, 79.38000000000001, 79.38, 79.38, 79.38, 79.07999999999998, 79.07999999999998, 79.07999999999998, 79.07999999999998, 79.07999999999998, 79.07999999999998, 78.92999999999998, 78.92999999999998, 78.92999999999998, 78.77999999999997, 78.77999999999997, 78.77999999999997, 78.77999999999997, 78.62999999999998, 78.62999999999998, 78.47999999999999, 78.47999999999998, 78.47999999999998, 78.47999999999998, 78.40499999999997, 78.32999999999997, 78.32999999999997, 78.17999999999998, 78.17999999999998, 78.17999999999998, 78.17999999999998, 78.10499999999998, 78.10499999999998, 78.10499999999996, 78.02999999999997, 77.80499999999998, 77.80499999999998, 77.80499999999998, 77.80499999999998, 77.80499999999996, 77.72999999999996, 77.65499999999996, 77.65499999999996, 77.65499999999996, 77.65499999999994, 77.57999999999996, 77.57999999999996, 77.57999999999996, 77.42999999999998, 77.42999999999996]

Execution 8:
Parametros: Y=0.999
Start Time (hh:mm:ss.ms) 2023-07-16 20:51:27.440401
generations	MaxGenenerations	Populationk1	Populationk	PopulationElite	PopulationMutant	fitnessElite	alpha	min    	max    	avg    	std     
0          	0               	0           	0          	0              	0               	0           	0    	82.8025	87.8275	85.5668	0.795031
1          	90.4077         	999         	1000       	100            	200             	84.31       	0.3  	82.605 	87.8275	84.9308	0.825623
2          	90.1921         	998         	999        	102            	198             	84.1602     	0.297	82.5025	87.5275	84.7153	0.914264
3          	90.0531         	997         	998        	104            	197             	83.9877     	0.295	82.0525	87.5   	84.5971	0.966927
4          	89.5595         	996         	997        	105            	195             	83.6503     	0.293	81.855 	87.93  	84.4646	1.01753 
6          	89.3019         	994         	995        	108            	191             	83.3496     	0.288	81.3775	87.6775	84.1414	1.12619 
9          	88.8343         	991         	992        	113            	185             	83.1406     	0.281	81.255 	87.555 	83.8061	1.23406 
10         	88.6939         	990         	991        	115            	183             	83.0171     	0.279	81.0025	87.8275	83.6325	1.26066 
11         	88.4424         	989         	990        	116            	182             	82.8957     	0.277	80.8525	87.555 	83.4513	1.34575 
12         	88.2546         	988         	989        	118            	180             	82.6962     	0.275	80.7775	87.4525	83.3114	1.38036 
15         	88.1636         	985         	986        	122            	174             	82.568      	0.268	80.4025	87.405 	82.9437	1.48855 
18         	87.7544         	982         	983        	127            	168             	82.2444     	0.261	80.355 	87.425 	82.7424	1.66267 
19         	87.7001         	981         	982        	129            	166             	82.1858     	0.258	80.205 	87.95  	82.6271	1.6441  
21         	87.5806         	979         	980        	132            	163             	82.1697     	0.254	80.1775	87.2275	82.5116	1.65734 
22         	87.4891         	978         	979        	134            	161             	81.9541     	0.251	79.7275	87.855 	82.4743	1.71511 
30         	87.0242         	970         	971        	146            	146             	81.5476     	0.233	79.7275	87.855 	82.049 	1.82851 
31         	87.0527         	969         	970        	147            	144             	81.6056     	0.231	79.4   	87.4525	82.0406	1.83038 
38         	86.6472         	962         	963        	158            	131             	81.0958     	0.214	79.1275	87.2275	81.6699	1.91078 
40         	86.3628         	960         	961        	162            	127             	80.8731     	0.209	79.0525	88.08  	81.5197	1.96972 
46         	86.2509         	954         	955        	171            	117             	80.628      	0.195	78.9775	87.4525	81.3366	2.0219  
48         	86.195          	952         	953        	174            	113             	80.5867     	0.190	78.93  	87.6025	81.1569	1.98761 
51         	86.1214         	949         	950        	178            	108             	80.442      	0.183	78.6775	88.155 	81.0727	2.01891 
53         	85.8353         	947         	948        	181            	104             	80.1712     	0.178	78.6775	87.6775	80.8727	2.04631 
59         	85.8804         	941         	942        	190            	93              	80.1417     	0.164	78.4525	87.555 	80.628 	1.96984 
61         	85.5916         	939         	940        	193            	90              	79.8264     	0.159	78.3775	87.855 	80.4396	2.04333 
64         	85.5209         	936         	937        	198            	84              	79.7214     	0.152	78.3775	87.255 	80.2913	2.06121 
65         	85.5273         	935         	936        	199            	83              	79.7121     	0.150	78.3025	87.33  	80.3313	2.05555 
66         	85.4519         	934         	935        	200            	81              	79.6374     	0.147	78.0025	87.555 	80.2103	2.03211 
74         	85.1309         	926         	927        	212            	67              	79.2107     	0.128	77.88  	87.2275	79.7432	2.04665 
77         	84.9908         	923         	924        	217            	61              	79.0249     	0.121	77.8525	86.805 	79.5639	2.00439 
79         	84.9927         	921         	922        	219            	58              	78.9999     	0.116	77.75  	86.7775	79.4775	1.96117 
80         	84.802          	920         	921        	221            	56              	78.7763     	0.113	77.73  	87.0025	79.3859	1.98536 
81         	84.7993         	919         	920        	222            	54              	78.7622     	0.111	77.7025	87.0775	79.2784	1.93922 
End Time (hh:mm:ss.ms) 2023-07-16 20:51:43.105403
Total Time (hh:mm:ss.ms) 0:00:15.665002
Individuo: [[0, 5, 4, 12, 3, 18, 20, 22, 2, 23, 37, 40, 33, 32, 16, 21, 7, 34, 35, 38, 11, 39, 8, 28, 26, 1, 41, 30, 25, 13, 15, 6, 10, 29, 27, 9, 14, 17, 19, 24, 31, 36], [1, 0, 1, 1, 1, 1, 1, 1, 0, 1, 0, 0, 1, 1, 1, 0, 1, 0, 0, 0, 0, 1, 1, 1, 1, 1, 1, 0, 1, 1, 1, 1, 1, 1, 0, 0, 0, 0, 0, 1, 1, 1]]
Fitness:  77.70249999999997
Gens:  [0, 1, 2, 3, 4, 5, 6, 7, 8, 9, 10, 11, 12, 13, 14, 15, 16, 17, 18, 19, 20, 21, 22, 23, 24, 25, 26, 27, 28, 29, 30, 31, 32, 33, 34, 35, 36, 37, 38, 39, 40, 41, 42, 43, 44, 45, 46, 47, 48, 49, 50, 51, 52, 53, 54, 55, 56, 57, 58, 59, 60, 61, 62, 63, 64, 65, 66, 67, 68, 69, 70, 71, 72, 73, 74, 75, 76, 77, 78, 79, 80, 81, 82, 83, 84, 85]
Inds:  [82.80249999999997, 82.60500000000002, 82.5025, 82.05249999999998, 81.855, 81.855, 81.37750000000001, 81.37750000000001, 81.37750000000001, 81.25500000000002, 81.00250000000001, 80.8525, 80.7775, 80.7775, 80.7775, 80.40249999999999, 80.40249999999999, 80.40249999999999, 80.35499999999999, 80.205, 80.205, 80.17750000000001, 79.72750000000002, 79.72750000000002, 79.72750000000002, 79.72750000000002, 79.72750000000002, 79.72750000000002, 79.72750000000002, 79.72750000000002, 79.72749999999999, 79.4, 79.4, 79.4, 79.4, 79.4, 79.4, 79.4, 79.12749999999997, 79.12749999999997, 79.0525, 79.0525, 79.0525, 79.0525, 79.0525, 79.0525, 78.97749999999999, 78.97749999999999, 78.92999999999999, 78.92999999999999, 78.92999999999999, 78.6775, 78.6775, 78.67749999999998, 78.67749999999998, 78.67749999999998, 78.67749999999998, 78.67749999999998, 78.67749999999998, 78.45249999999999, 78.45249999999999, 78.37749999999998, 78.37749999999998, 78.37749999999998, 78.37749999999997, 78.30249999999998, 78.00249999999997, 78.00249999999997, 78.00249999999997, 78.00249999999997, 78.00249999999997, 78.00249999999997, 78.00249999999997, 78.00249999999997, 77.87999999999998, 77.87999999999998, 77.87999999999998, 77.85249999999996, 77.85249999999996, 77.74999999999996, 77.72999999999998, 77.70249999999997, 77.70249999999997, 77.70249999999997, 77.70249999999997, 77.70249999999997]

Execution 9:
Parametros: Y=0.999
Start Time (hh:mm:ss.ms) 2023-07-16 20:51:43.914427
generations	MaxGenenerations	Populationk1	Populationk	PopulationElite	PopulationMutant	fitnessElite	alpha	min    	max   	avg    	std     
0          	0               	0           	0          	0              	0               	0           	0    	82.9525	87.855	85.5131	0.820659
1          	90.574          	999         	1000       	100            	200             	84.4233     	0.3  	82.8775	87.6775	84.9243	0.80528 
2          	90.476          	998         	999        	102            	198             	84.3069     	0.297	82.38  	87.7525	84.7182	0.871959
3          	89.9397         	997         	998        	104            	197             	83.9679     	0.295	82.2775	87.555 	84.5556	0.962958
4          	89.81           	996         	997        	105            	195             	83.8255     	0.293	81.93  	87.0775	84.4369	1.00744 
5          	89.388          	995         	996        	107            	193             	83.4282     	0.291	81.8275	87.555 	84.3215	1.0447  
6          	89.3188         	994         	995        	108            	191             	83.4816     	0.288	81.4525	87.555 	84.1991	1.10064 
8          	88.9137         	992         	993        	111            	187             	83.2007     	0.284	81.125 	87.3775	84.0267	1.19002 
14         	88.5454         	986         	987        	121            	176             	82.8449     	0.270	80.8525	87.48  	83.4917	1.36625 
16         	88.2479         	984         	985        	124            	172             	82.6154     	0.266	80.4025	87.425 	83.375 	1.39074 
25         	87.7412         	975         	976        	138            	155             	82.095      	0.245	80.3275	87.6025	82.5266	1.64853 
26         	87.6857         	974         	975        	140            	154             	82.0952     	0.242	80.055 	87.18  	82.5511	1.68974 
28         	87.362          	972         	973        	143            	150             	81.7813     	0.238	80     	87.5   	82.3122	1.68658 
29         	87.3192         	971         	972        	144            	148             	81.769      	0.235	79.98  	87.33  	82.3288	1.75537 
30         	87.2825         	970         	971        	146            	146             	81.6966     	0.233	79.8025	87.78  	82.1431	1.73671 
32         	87.093          	968         	969        	149            	142             	81.5357     	0.228	79.7275	87.78  	82.0067	1.82139 
35         	87.0462         	965         	966        	154            	137             	81.5142     	0.221	79.605 	87.5   	81.9158	1.86774 
37         	86.9165         	963         	964        	157            	133             	81.3906     	0.217	79.5775	87.35  	81.8263	1.86316 
39         	86.8279         	961         	962        	160            	130             	81.187      	0.212	79.38  	87.575 	81.6827	1.88487 
40         	86.649          	960         	961        	161            	128             	81.1008     	0.209	79.305 	87.3775	81.6309	1.92777 
42         	86.5524         	958         	959        	164            	124             	80.9676     	0.205	79.155 	87.555 	81.4355	1.89176 
46         	86.3993         	954         	955        	170            	117             	80.7946     	0.195	78.93  	87.63  	81.3109	2.00144 
52         	86.1343         	948         	949        	179            	106             	80.4503     	0.181	78.8   	88.475 	81.0159	2.03854 
56         	86.0206         	944         	945        	185            	99              	80.3199     	0.172	78.6025	87.48  	80.7841	2.00871 
63         	85.7447         	937         	938        	196            	86              	79.8961     	0.155	78.5275	87.8275	80.4113	1.951   
64         	85.7401         	936         	937        	197            	85              	79.9508     	0.153	78.3025	87.3025	80.3888	2.00768 
67         	85.4968         	933         	934        	202            	79              	79.6934     	0.145	78.2275	86.88  	80.1993	2.02043 
68         	85.3316         	932         	933        	203            	77              	79.4645     	0.142	78.18  	87.255 	80.1851	2.04493 
69         	85.3118         	931         	932        	205            	75              	79.4558     	0.140	78.18  	87.7525	80.126 	2.02291 
73         	85.3671         	927         	928        	210            	69              	79.4567     	0.131	78.0775	87.255 	79.9557	2.07111 
75         	85.1976         	925         	926        	214            	65              	79.233      	0.126	78.0025	87.125 	79.7775	2.0189  
78         	85.0925         	922         	923        	218            	60              	79.068      	0.119	77.9275	87.1525	79.5911	2.02905 
79         	85.0275         	921         	922        	219            	58              	79.0025     	0.116	77.8525	87.5275	79.5233	1.99576 
81         	84.9584         	919         	920        	222            	54              	78.9078     	0.111	77.8525	86.9   	79.3756	1.92856 
82         	84.9242         	918         	919        	224            	53              	78.8409     	0.109	77.7775	87.3775	79.2728	1.91925 
83         	84.883          	917         	918        	225            	51              	78.8027     	0.106	77.7775	87.255 	79.2464	1.94169 
84         	84.8726         	916         	917        	226            	49              	78.7671     	0.104	77.6275	87.4525	79.2938	1.97972 
End Time (hh:mm:ss.ms) 2023-07-16 20:51:59.921402
Total Time (hh:mm:ss.ms) 0:00:16.006975
Individuo: [[7, 36, 16, 31, 23, 2, 19, 24, 32, 14, 33, 17, 40, 37, 38, 21, 22, 9, 20, 11, 5, 12, 3, 8, 1, 26, 4, 29, 15, 13, 30, 6, 0, 27, 34, 39, 41, 28, 25, 10, 18, 35], [0, 0, 0, 1, 0, 1, 0, 1, 1, 0, 0, 1, 1, 1, 1, 0, 1, 1, 0, 1, 1, 1, 1, 1, 0, 0, 0, 0, 0, 0, 1, 0, 0, 1, 1, 1, 1, 1, 1, 1, 1, 1]]
Fitness:  77.62749999999997
Gens:  [0, 1, 2, 3, 4, 5, 6, 7, 8, 9, 10, 11, 12, 13, 14, 15, 16, 17, 18, 19, 20, 21, 22, 23, 24, 25, 26, 27, 28, 29, 30, 31, 32, 33, 34, 35, 36, 37, 38, 39, 40, 41, 42, 43, 44, 45, 46, 47, 48, 49, 50, 51, 52, 53, 54, 55, 56, 57, 58, 59, 60, 61, 62, 63, 64, 65, 66, 67, 68, 69, 70, 71, 72, 73, 74, 75, 76, 77, 78, 79, 80, 81, 82, 83, 84, 85]
Inds:  [82.95250000000001, 82.87749999999998, 82.38000000000002, 82.27750000000003, 81.93000000000002, 81.82749999999999, 81.45249999999999, 81.45249999999999, 81.125, 81.125, 81.125, 81.125, 81.125, 81.125, 80.8525, 80.8525, 80.40249999999997, 80.40249999999997, 80.40249999999997, 80.40249999999997, 80.40249999999997, 80.40249999999997, 80.40249999999997, 80.40249999999997, 80.40249999999997, 80.3275, 80.05499999999999, 80.05499999999999, 80.00000000000001, 79.97999999999999, 79.8025, 79.8025, 79.7275, 79.7275, 79.7275, 79.605, 79.605, 79.5775, 79.5775, 79.38000000000001, 79.30499999999999, 79.30499999999999, 79.155, 79.155, 79.155, 79.155, 78.93, 78.93, 78.93, 78.93, 78.93, 78.93, 78.79999999999998, 78.79999999999998, 78.79999999999998, 78.79999999999998, 78.60249999999998, 78.60249999999998, 78.60249999999998, 78.60249999999998, 78.60249999999998, 78.60249999999998, 78.60249999999998, 78.52749999999999, 78.30249999999998, 78.30249999999998, 78.30249999999998, 78.22749999999998, 78.17999999999999, 78.17999999999998, 78.17999999999998, 78.17999999999998, 78.17999999999998, 78.07749999999997, 78.07749999999997, 78.00249999999997, 78.00249999999997, 78.00249999999997, 77.92749999999997, 77.85249999999998, 77.85249999999998, 77.85249999999996, 77.77749999999997, 77.77749999999996, 77.62749999999997, 77.62749999999997]

Execution 10:
Parametros: Y=0.999
Start Time (hh:mm:ss.ms) 2023-07-16 20:52:00.746403
generations	MaxGenenerations	Populationk1	Populationk	PopulationElite	PopulationMutant	fitnessElite	alpha	min    	max    	avg    	std     
0          	0               	0           	0          	0              	0               	0           	0    	82.8025	87.7525	85.5402	0.792416
1          	90.4009         	999         	1000       	100            	200             	84.2875     	0.3  	82.155 	87.93  	84.8882	0.83827 
3          	89.6628         	997         	998        	104            	197             	83.7066     	0.295	82.08  	87.1525	84.5344	0.962361
4          	89.5584         	996         	997        	105            	195             	83.5678     	0.293	82.005 	87.6025	84.4447	0.998741
6          	89.5193         	994         	995        	108            	191             	83.6297     	0.288	81.93  	87.3775	84.2074	1.06961 
8          	89.4685         	992         	993        	111            	187             	83.6496     	0.284	81.7525	87.78  	84.0864	1.13533 
9          	89.257          	991         	992        	113            	185             	83.4527     	0.282	81.6775	87.6775	84.0538	1.19503 
10         	89.166          	990         	991        	114            	184             	83.3564     	0.279	81.575 	87.9025	83.9629	1.20515 
11         	89.0742         	989         	990        	116            	182             	83.3312     	0.277	81.3775	87.93  	83.87  	1.22083 
13         	88.8676         	987         	988        	119            	178             	83.1868     	0.272	81.03  	87.555 	83.7958	1.27903 
17         	88.4791         	983         	984        	125            	170             	82.8432     	0.263	80.8525	87.255 	83.4384	1.36388 
18         	88.2281         	982         	983        	127            	169             	82.5265     	0.261	80.4775	87.855 	83.3945	1.41088 
22         	87.8452         	978         	979        	133            	161             	82.2624     	0.252	80.4025	87.5275	82.9305	1.52524 
25         	87.7568         	975         	976        	138            	156             	82.1386     	0.245	80.2525	87.555 	82.7121	1.60213 
29         	87.5602         	971         	972        	144            	148             	81.87       	0.236	79.8775	87.405 	82.3635	1.64741 
30         	87.1772         	970         	971        	146            	146             	81.6349     	0.233	79.755 	87.18  	82.2695	1.68818 
38         	87.0672         	962         	963        	158            	132             	81.4584     	0.215	79.7275	87.4525	81.9275	1.80264 
41         	87.0372         	959         	960        	163            	126             	81.3818     	0.208	79.5775	87.3025	81.8086	1.8168  
44         	86.8279         	956         	957        	167            	121             	81.0997     	0.200	79.4275	87.78  	81.6159	1.83727 
45         	86.7186         	955         	956        	169            	119             	81.0857     	0.198	79.305 	87.35  	81.5487	1.83632 
48         	86.576          	952         	953        	173            	113             	80.9077     	0.191	79.305 	88.53  	81.4473	1.89912 
52         	86.5695         	948         	949        	179            	106             	80.8166     	0.182	79.2025	87.9025	81.3111	1.8777  
53         	86.4836         	947         	948        	181            	104             	80.7663     	0.179	79.2025	87.7525	81.2758	1.89717 
56         	86.3992         	944         	945        	185            	99              	80.5365     	0.172	79.1275	87.3025	81.1036	1.91615 
57         	86.3498         	943         	944        	187            	97              	80.5197     	0.170	79.0525	87.4525	80.996 	1.86147 
60         	86.2421         	940         	941        	191            	92              	80.3497     	0.163	78.9775	87.05  	80.8945	1.86145 
63         	86.2079         	937         	938        	195            	87              	80.317      	0.156	78.9775	87.8275	80.7904	1.84725 
64         	86.2314         	936         	937        	197            	85              	80.3394     	0.153	78.8275	87.18  	80.717 	1.89263 
67         	86.0119         	933         	934        	201            	80              	80.0514     	0.146	78.7525	86.805 	80.5549	1.82544 
70         	85.9148         	930         	931        	206            	74              	79.9023     	0.139	78.725 	87.18  	80.3795	1.8291  
71         	85.9            	929         	930        	207            	73              	79.8835     	0.137	78.65  	87.48  	80.4095	1.93826 
74         	85.8311         	926         	927        	211            	68              	79.7775     	0.129	78.48  	87.93  	80.2199	1.906   
75         	85.697          	925         	926        	213            	66              	79.683      	0.127	78.4525	87.33  	80.2108	1.90766 
76         	85.6156         	924         	925        	214            	64              	79.5604     	0.124	78.425 	87.125 	80.1151	1.87403 
78         	85.5639         	922         	923        	217            	60              	79.4635     	0.120	78.33  	87.0775	79.9705	1.80852 
82         	85.4603         	918         	919        	223            	54              	79.2961     	0.110	78.1525	87.5275	79.8026	1.83015 
85         	85.2434         	915         	916        	227            	48              	79.043      	0.102	77.9275	87.3775	79.5603	1.74257 
End Time (hh:mm:ss.ms) 2023-07-16 20:52:16.857402
Total Time (hh:mm:ss.ms) 0:00:16.110999
Individuo: [[39, 34, 0, 5, 12, 3, 26, 6, 27, 29, 4, 15, 10, 11, 22, 21, 2, 31, 38, 37, 40, 33, 14, 16, 36, 35, 9, 20, 18, 25, 30, 1, 41, 28, 8, 13, 7, 23, 24, 19, 17, 32], [0, 1, 1, 0, 1, 1, 1, 0, 0, 1, 1, 0, 1, 1, 1, 1, 1, 1, 0, 0, 0, 1, 1, 1, 1, 0, 1, 0, 0, 0, 1, 1, 1, 1, 1, 1, 0, 0, 0, 1, 1, 1]]
Fitness:  77.92749999999997
Gens:  [0, 1, 2, 3, 4, 5, 6, 7, 8, 9, 10, 11, 12, 13, 14, 15, 16, 17, 18, 19, 20, 21, 22, 23, 24, 25, 26, 27, 28, 29, 30, 31, 32, 33, 34, 35, 36, 37, 38, 39, 40, 41, 42, 43, 44, 45, 46, 47, 48, 49, 50, 51, 52, 53, 54, 55, 56, 57, 58, 59, 60, 61, 62, 63, 64, 65, 66, 67, 68, 69, 70, 71, 72, 73, 74, 75, 76, 77, 78, 79, 80, 81, 82, 83, 84, 85, 86]
Inds:  [82.8025, 82.15500000000002, 82.15500000000002, 82.08000000000001, 82.005, 82.005, 81.93, 81.93, 81.75249999999998, 81.67750000000001, 81.57500000000002, 81.37749999999998, 81.37749999999998, 81.03000000000002, 81.03000000000002, 81.03000000000002, 81.03000000000002, 80.85249999999999, 80.4775, 80.4775, 80.4775, 80.4775, 80.4025, 80.4025, 80.4025, 80.2525, 80.2525, 80.2525, 80.2525, 79.87749999999998, 79.75499999999998, 79.75499999999998, 79.75499999999998, 79.75499999999998, 79.75499999999998, 79.75499999999998, 79.75499999999998, 79.75499999999998, 79.72749999999999, 79.72749999999999, 79.72749999999999, 79.57749999999999, 79.57749999999999, 79.57749999999999, 79.42750000000001, 79.30499999999998, 79.30499999999998, 79.30499999999998, 79.30499999999995, 79.30499999999995, 79.30499999999995, 79.30499999999995, 79.2025, 79.20249999999999, 79.20249999999999, 79.20249999999999, 79.1275, 79.0525, 79.0525, 79.0525, 78.97749999999999, 78.97749999999999, 78.97749999999999, 78.97749999999998, 78.82749999999997, 78.82749999999997, 78.82749999999997, 78.75249999999998, 78.75249999999998, 78.75249999999998, 78.72499999999997, 78.64999999999996, 78.64999999999996, 78.64999999999996, 78.47999999999998, 78.45249999999997, 78.42499999999998, 78.42499999999998, 78.32999999999997, 78.32999999999997, 78.32999999999997, 78.32999999999997, 78.15249999999996, 78.15249999999996, 78.15249999999996, 77.92749999999997, 77.92749999999997]

