A-BRKGA-Heuristic:

Execution 1:
Parametros: Y=0.998
Start Time (hh:mm:ss.ms) 2023-07-16 20:52:17.654403
generations	MaxGenenerations	Populationk1	Populationk	PopulationElite	PopulationMutant	fitnessElite	alpha	min    	max  	avg    	std     
0          	0               	0           	0          	0              	0               	0           	0    	82.9525	87.78	85.4902	0.789677
1          	98.8896         	998         	1000       	100            	200             	84.4008     	0.3  	82.455 	87.705	84.9419	0.841811
4          	98.2468         	992         	994        	104            	194             	83.9458     	0.293	82.2025	87.5   	84.4083	1.00627 
5          	97.9406         	990         	992        	106            	192             	83.7485     	0.291	81.9025	87.6025	84.3294	1.04574 
6          	97.6032         	988         	990        	107            	191             	83.5541     	0.289	81.7525	87.5275	84.2196	1.07639 
7          	97.4098         	986         	988        	108            	189             	83.4139     	0.287	81.2275	87.555 	84.1437	1.10392 
8          	96.7896         	984         	986        	110            	187             	83.0342     	0.285	81.2275	88.005 	83.9995	1.14038 
12         	96.7697         	976         	978        	115            	179             	82.9535     	0.277	81.105 	87.725 	83.7028	1.29227 
14         	96.7307         	972         	974        	117            	175             	82.9895     	0.273	81.03  	87.48  	83.5812	1.28728 
15         	96.5397         	970         	972        	119            	173             	82.7779     	0.270	80.88  	88.38  	83.5382	1.36942 
17         	96.3557         	966         	968        	121            	170             	82.6335     	0.266	80.7775	87.425 	83.3155	1.41182 
18         	96.2283         	964         	966        	122            	168             	82.5369     	0.264	80.505 	87.555 	83.2236	1.46499 
20         	95.8893         	960         	962        	125            	164             	82.2872     	0.260	80.43  	87.555 	82.988 	1.50676 
22         	95.8            	956         	958        	128            	160             	82.2026     	0.256	80.28  	87.3025	82.8635	1.57571 
24         	95.6462         	952         	954        	130            	157             	82.0937     	0.251	80.13  	86.9275	82.5633	1.63393 
26         	95.5483         	948         	950        	133            	153             	82.055      	0.247	79.98  	87.48  	82.4908	1.68885 
30         	95.3121         	940         	942        	137            	146             	81.8029     	0.239	79.455 	87.405 	82.1954	1.76483 
37         	94.6438         	926         	928        	146            	133             	81.229      	0.223	79.38  	87.255 	81.8309	1.82767 
40         	94.5829         	920         	922        	149            	128             	81.1523     	0.217	79.23  	87.3025	81.6647	1.899   
43         	94.3527         	914         	916        	153            	122             	80.9231     	0.210	79.08  	87.0775	81.4421	1.9093  
49         	94.2537         	902         	904        	160            	112             	80.7836     	0.198	78.93  	87.4525	81.3108	2.03688 
53         	94.0378         	894         	896        	164            	105             	80.5494     	0.189	78.705 	86.8525	81.0943	1.95572 
54         	93.652          	892         	894        	165            	103             	80.2271     	0.186	78.555 	87.105 	81.0298	2.03965 
61         	93.5526         	878         	880        	173            	92              	80.0525     	0.171	78.48  	87.5275	80.6558	2.04867 
62         	93.5105         	876         	878        	174            	90              	80.0139     	0.169	78.33  	87.405 	80.6143	2.05394 
63         	93.3089         	874         	876        	175            	88              	79.8465     	0.167	78.255 	87.2275	80.5262	2.07053 
64         	93.1865         	872         	874        	176            	86              	79.7336     	0.164	78.18  	88.0525	80.5031	2.05972 
72         	93.0603         	856         	858        	184            	74              	79.4846     	0.147	78.03  	87.405 	80.0379	2.10514 
73         	92.9516         	854         	856        	185            	72              	79.3901     	0.145	77.955 	87.33  	80.0392	2.14478 
78         	92.8204         	844         	846        	190            	64              	79.192      	0.134	77.88  	87.33  	79.7724	2.14946 
80         	92.8147         	840         	842        	192            	61              	79.1452     	0.129	77.88  	87.63  	79.682 	2.09579 
81         	92.8147         	838         	840        	193            	60              	79.1242     	0.127	77.655 	86.88  	79.6297	2.03634 
End Time (hh:mm:ss.ms) 2023-07-16 20:52:34.101402
Total Time (hh:mm:ss.ms) 0:00:16.446999
Individuo: [[3, 39, 5, 10, 4, 15, 13, 12, 26, 30, 25, 28, 41, 1, 8, 6, 34, 18, 20, 27, 29, 9, 38, 19, 17, 23, 35, 11, 22, 21, 2, 24, 37, 40, 32, 14, 33, 16, 31, 36, 7, 0], [0, 0, 0, 1, 1, 0, 0, 1, 0, 0, 0, 0, 0, 0, 0, 0, 0, 0, 1, 1, 0, 0, 0, 1, 1, 1, 0, 1, 1, 1, 1, 1, 0, 0, 1, 0, 0, 1, 0, 1, 1, 1]]
Fitness:  77.65499999999996
Gens:  [0, 1, 2, 3, 4, 5, 6, 7, 8, 9, 10, 11, 12, 13, 14, 15, 16, 17, 18, 19, 20, 21, 22, 23, 24, 25, 26, 27, 28, 29, 30, 31, 32, 33, 34, 35, 36, 37, 38, 39, 40, 41, 42, 43, 44, 45, 46, 47, 48, 49, 50, 51, 52, 53, 54, 55, 56, 57, 58, 59, 60, 61, 62, 63, 64, 65, 66, 67, 68, 69, 70, 71, 72, 73, 74, 75, 76, 77, 78, 79, 80, 81, 82, 83, 84, 85, 86, 87, 88, 89, 90, 91, 92, 93]
Inds:  [82.9525, 82.45499999999998, 82.45499999999998, 82.45499999999998, 82.2025, 81.9025, 81.75249999999998, 81.2275, 81.22749999999998, 81.22749999999998, 81.22749999999998, 81.22749999999998, 81.10500000000002, 81.10500000000002, 81.03, 80.88, 80.88, 80.77749999999999, 80.50500000000001, 80.50500000000001, 80.43, 80.43, 80.28000000000003, 80.28000000000003, 80.13000000000001, 80.13000000000001, 79.98, 79.98, 79.98, 79.98, 79.45499999999998, 79.45499999999998, 79.45499999999998, 79.45499999999998, 79.45499999999998, 79.45499999999998, 79.45499999999998, 79.38000000000001, 79.38000000000001, 79.38000000000001, 79.22999999999998, 79.22999999999998, 79.22999999999998, 79.08, 79.08, 79.08, 79.08, 79.08, 79.08, 78.92999999999996, 78.92999999999996, 78.92999999999996, 78.92999999999996, 78.70499999999997, 78.55499999999996, 78.55499999999996, 78.55499999999996, 78.55499999999996, 78.55499999999996, 78.55499999999996, 78.55499999999996, 78.47999999999998, 78.32999999999998, 78.25499999999998, 78.17999999999996, 78.17999999999996, 78.17999999999996, 78.17999999999996, 78.17999999999996, 78.17999999999996, 78.17999999999996, 78.17999999999996, 78.02999999999997, 77.95499999999997, 77.95499999999997, 77.95499999999997, 77.95499999999997, 77.95499999999997, 77.87999999999998, 77.87999999999998, 77.87999999999997, 77.65499999999996, 77.65499999999996, 77.65499999999996, 77.65499999999996, 77.65499999999996, 77.65499999999996, 77.65499999999996, 77.65499999999996, 77.65499999999996, 77.65499999999996, 77.65499999999996, 77.65499999999996, 77.65499999999996]

Execution 2:
Parametros: Y=0.998
Start Time (hh:mm:ss.ms) 2023-07-16 20:52:34.864402
generations	MaxGenenerations	Populationk1	Populationk	PopulationElite	PopulationMutant	fitnessElite	alpha	min  	max    	avg    	std     
0          	0               	0           	0          	0              	0               	0           	0    	83.13	88.2775	85.5607	0.814401
1          	99.1999         	998         	1000       	100            	200             	84.6743     	0.3  	82.5025	87.9775	84.9544	0.831732
2          	98.392          	996         	998        	102            	198             	84.1339     	0.297	82.2775	87.275 	84.7204	0.882858
4          	98.0594         	992         	994        	104            	194             	83.8564     	0.293	82.0525	87.5   	84.5142	0.988763
5          	97.7619         	990         	992        	106            	192             	83.6422     	0.291	82.005 	87.405 	84.383 	1.05378 
6          	97.6867         	988         	990        	107            	191             	83.5697     	0.289	81.8275	87.78  	84.221 	1.09764 
8          	97.5484         	984         	986        	109            	187             	83.5278     	0.285	81.255 	87.48  	84.0088	1.16619 
11         	96.866          	978         	980        	113            	181             	83.0778     	0.279	81.03  	87.725 	83.7076	1.26353 
13         	96.4909         	974         	976        	116            	177             	82.7351     	0.275	80.88  	87.705 	83.5599	1.31044 
16         	96.39           	968         	970        	120            	172             	82.6949     	0.268	80.805 	87.3775	83.3069	1.36368 
21         	96.2572         	958         	960        	126            	162             	82.5107     	0.258	80.6275	87.9775	83.0017	1.49588 
25         	96.1073         	950         	952        	131            	155             	82.4023     	0.250	80.505 	87.78  	82.9289	1.57387 
28         	95.909          	944         	946        	135            	149             	82.1981     	0.243	80.1025	87.405 	82.7352	1.59186 
35         	95.4634         	930         	932        	143            	137             	81.8246     	0.228	79.98  	87.6775	82.299 	1.77773 
37         	95.2406         	926         	928        	146            	133             	81.6064     	0.224	79.755 	87.4525	82.1412	1.75733 
38         	95.0155         	924         	926        	147            	131             	81.4648     	0.222	79.755 	87.33  	82.0479	1.75927 
39         	94.9922         	922         	924        	148            	130             	81.4214     	0.219	79.53  	87.405 	81.9467	1.82856 
43         	94.7953         	914         	916        	153            	123             	81.2581     	0.211	79.455 	87.2   	81.7918	1.87834 
45         	94.6154         	910         	912        	155            	119             	81.0638     	0.206	79.4275	87.3025	81.6346	1.88351 
46         	94.5969         	908         	910        	156            	117             	81.0408     	0.204	79.38  	87.8275	81.5725	1.94307 
47         	94.6397         	906         	908        	157            	116             	81.0931     	0.202	79.3525	87.18  	81.6104	1.9099  
49         	94.527          	902         	904        	159            	112             	80.9505     	0.198	79.2775	87.7525	81.4055	1.95598 
51         	94.4234         	898         	900        	162            	109             	80.8404     	0.194	79.1275	87.8275	81.3837	1.94292 
53         	94.282          	894         	896        	164            	105             	80.7209     	0.189	78.9775	87.33  	81.181 	1.97602 
57         	94.1033         	886         	888        	168            	99              	80.5249     	0.180	78.855 	87.7525	81.0478	2.00334 
61         	93.9574         	878         	880        	172            	92              	80.3491     	0.172	78.7525	87.48  	80.8717	2.02313 
62         	93.8263         	876         	878        	174            	90              	80.2359     	0.169	78.705 	87.03  	80.7302	1.99054 
64         	93.7082         	872         	874        	176            	87              	80.1034     	0.165	78.6775	87.105 	80.6881	2.06198 
67         	93.6525         	866         	868        	179            	82              	80.006      	0.159	78.6775	87.63  	80.5181	2.03909 
68         	93.7651         	864         	866        	180            	81              	80.0838     	0.157	78.63  	87.48  	80.6033	2.07747 
70         	93.596          	860         	862        	182            	77              	79.9115     	0.152	78.6025	87.555 	80.3603	2.0213  
71         	93.6617         	858         	860        	182            	76              	79.9501     	0.150	78.405 	87.275 	80.3613	1.99738 
73         	93.4492         	854         	856        	185            	73              	79.7579     	0.145	78.3775	87.705 	80.3319	2.06507 
81         	93.4585         	838         	840        	192            	61              	79.6043     	0.128	78.2275	87.2275	79.9896	1.95818 
84         	93.2045         	832         	834        	195            	56              	79.3578     	0.121	78.2275	87.3775	79.822 	1.95642 
87         	93.0889         	826         	828        	198            	51              	79.2245     	0.115	78.1525	86.88  	79.7046	1.92969 
88         	92.9997         	824         	826        	199            	50              	79.1379     	0.112	78.0775	87.5   	79.6957	2.00701 
92         	92.9802         	816         	818        	202            	44              	79.0343     	0.104	78.0775	86.955 	79.4617	1.88262 
93         	92.9244         	814         	816        	203            	42              	78.9829     	0.101	77.9275	86.955 	79.4069	1.81889 
End Time (hh:mm:ss.ms) 2023-07-16 20:52:50.907252
Total Time (hh:mm:ss.ms) 0:00:16.042850
Individuo: [[35, 38, 32, 23, 2, 40, 21, 11, 20, 5, 4, 29, 18, 31, 37, 24, 19, 17, 33, 14, 16, 9, 10, 15, 6, 30, 41, 8, 28, 25, 13, 26, 1, 12, 39, 27, 34, 22, 36, 7, 0, 3], [0, 0, 0, 1, 1, 1, 0, 0, 1, 0, 1, 0, 1, 1, 0, 0, 1, 1, 1, 1, 1, 1, 0, 1, 1, 0, 0, 1, 1, 1, 1, 1, 1, 1, 0, 0, 1, 0, 1, 1, 1, 1]]
Fitness:  77.92749999999997
Gens:  [0, 1, 2, 3, 4, 5, 6, 7, 8, 9, 10, 11, 12, 13, 14, 15, 16, 17, 18, 19, 20, 21, 22, 23, 24, 25, 26, 27, 28, 29, 30, 31, 32, 33, 34, 35, 36, 37, 38, 39, 40, 41, 42, 43, 44, 45, 46, 47, 48, 49, 50, 51, 52, 53, 54, 55, 56, 57, 58, 59, 60, 61, 62, 63, 64, 65, 66, 67, 68, 69, 70, 71, 72, 73, 74, 75, 76, 77, 78, 79, 80, 81, 82, 83, 84, 85, 86, 87, 88, 89, 90, 91, 92, 93]
Inds:  [83.13000000000001, 82.50250000000001, 82.2775, 82.2775, 82.05249999999998, 82.00500000000001, 81.8275, 81.8275, 81.25500000000001, 81.25500000000001, 81.25500000000001, 81.03, 81.03, 80.88000000000001, 80.88000000000001, 80.88000000000001, 80.805, 80.805, 80.805, 80.805, 80.805, 80.62750000000001, 80.62750000000001, 80.62750000000001, 80.62750000000001, 80.50500000000001, 80.50500000000001, 80.50500000000001, 80.10249999999999, 80.10249999999999, 80.10249999999999, 80.10249999999999, 80.10249999999999, 80.10249999999999, 80.10249999999999, 79.98, 79.98, 79.75500000000001, 79.75499999999998, 79.52999999999999, 79.52999999999999, 79.52999999999999, 79.52999999999999, 79.455, 79.455, 79.4275, 79.38, 79.35249999999998, 79.35249999999998, 79.27749999999997, 79.27749999999997, 79.12749999999998, 79.12749999999998, 78.97749999999998, 78.97749999999998, 78.97749999999998, 78.97749999999998, 78.85499999999998, 78.85499999999998, 78.85499999999998, 78.85499999999998, 78.75249999999997, 78.70499999999997, 78.70499999999997, 78.67749999999998, 78.67749999999998, 78.67749999999998, 78.67749999999997, 78.62999999999998, 78.62999999999998, 78.60249999999999, 78.40499999999997, 78.40499999999997, 78.37749999999997, 78.37749999999997, 78.37749999999997, 78.37749999999997, 78.37749999999997, 78.37749999999997, 78.37749999999997, 78.37749999999997, 78.22749999999998, 78.22749999999998, 78.22749999999998, 78.22749999999996, 78.22749999999996, 78.22749999999996, 78.15249999999997, 78.07749999999997, 78.07749999999997, 78.07749999999997, 78.07749999999997, 78.07749999999996, 77.92749999999997]

Execution 3:
Parametros: Y=0.998
Start Time (hh:mm:ss.ms) 2023-07-16 20:52:51.701259
generations	MaxGenenerations	Populationk1	Populationk	PopulationElite	PopulationMutant	fitnessElite	alpha	min  	max   	avg    	std     
0          	0               	0           	0          	0              	0               	0           	0    	82.98	87.725	85.5076	0.813362
1          	98.9115         	998         	1000       	100            	200             	84.4035     	0.3  	82.83	87.6775	84.9112	0.825866
2          	98.7233         	996         	998        	102            	198             	84.2744     	0.297	82.455	87.555 	84.6918	0.89297 
4          	98.2911         	992         	994        	104            	194             	84.0119     	0.293	81.555	87.33  	84.4009	1.01323 
7          	97.1944         	986         	988        	108            	189             	83.3025     	0.287	81.105	87.95  	84.1223	1.15997 
17         	96.6528         	966         	968        	121            	170             	82.8391     	0.266	81.03 	87.705 	83.5834	1.33327 
20         	96.5344         	960         	962        	125            	164             	82.7039     	0.260	81.0025	87.855 	83.4769	1.35843 
21         	96.5794         	958         	960        	126            	162             	82.7744     	0.258	80.955 	87.405 	83.4629	1.37987 
23         	96.4214         	954         	956        	129            	159             	82.5766     	0.254	80.8525	87.255 	83.3767	1.41225 
27         	96.3374         	946         	948        	133            	151             	82.4947     	0.246	80.805 	87.5275	83.1813	1.43674 
28         	96.2808         	944         	946        	135            	150             	82.4447     	0.243	80.73  	87.6025	83.1842	1.47093 
29         	96.2059         	942         	944        	136            	148             	82.3917     	0.241	80.655 	87.4525	83.084 	1.49486 
31         	96.0208         	938         	940        	138            	144             	82.187      	0.237	80.58  	87.8275	82.9976	1.48602 
33         	95.9642         	934         	936        	141            	141             	82.142      	0.233	80.4775	87.6025	82.9425	1.57516 
36         	95.833          	928         	930        	144            	135             	82.0095     	0.226	80.2525	87.4525	82.7391	1.56235 
37         	95.6081         	926         	928        	145            	133             	81.8703     	0.224	80.1025	87.8275	82.6366	1.58391 
39         	95.4385         	922         	924        	148            	130             	81.7327     	0.220	79.9525	87.33  	82.4442	1.62827 
40         	95.2274         	920         	922        	149            	128             	81.5615     	0.218	79.8775	87.855 	82.3132	1.63977 
45         	95.2276         	910         	912        	155            	119             	81.5221     	0.207	79.53  	87.2275	81.9364	1.75599 
48         	94.6815         	904         	906        	158            	114             	81.0505     	0.200	79.53  	87.4525	81.6481	1.82365 
49         	94.7474         	902         	904        	159            	112             	81.104      	0.198	79.4275	87.2275	81.626 	1.86169 
51         	94.6821         	898         	900        	161            	109             	81.0457     	0.194	79.3525	87.705 	81.5311	1.90091 
52         	94.5837         	896         	898        	163            	107             	80.9575     	0.192	79.23  	87.555 	81.4306	1.89785 
55         	94.4094         	890         	892        	166            	102             	80.7752     	0.185	79.005 	87.8275	81.2552	1.9321  
58         	94.1219         	884         	886        	169            	97              	80.5161     	0.178	78.93  	86.955 	81.112 	1.93642 
60         	93.9531         	880         	882        	171            	94              	80.3427     	0.174	78.9025	87.275 	81.0357	2.01083 
62         	93.9293         	876         	878        	173            	90              	80.2932     	0.170	78.855 	87.275 	80.8354	1.99161 
64         	93.892          	872         	874        	175            	87              	80.2353     	0.165	78.8275	87.4525	80.7647	2.00723 
66         	93.8348         	868         	870        	177            	84              	80.1551     	0.161	78.705 	87.63  	80.6476	2.05902 
68         	93.7556         	864         	866        	180            	81              	80.0716     	0.157	78.63  	87.555 	80.5755	2.00874 
71         	93.6804         	858         	860        	182            	76              	79.9624     	0.150	78.555 	87.405 	80.4391	2.00608 
72         	93.5769         	856         	858        	184            	74              	79.867      	0.148	78.405 	87.18  	80.3533	2.00382 
81         	93.2759         	838         	840        	192            	60              	79.477      	0.128	78.1525	87.255 	80.0106	1.92727 
83         	93.0644         	834         	836        	194            	57              	79.2758     	0.123	78.105 	86.88  	79.8856	1.98279 
84         	92.9432         	832         	834        	195            	55              	79.1703     	0.121	78.0775	87.6775	79.7715	1.94915 
86         	93.1428         	828         	830        	197            	53              	79.2582     	0.117	78.03  	86.805 	79.677 	1.94916 
88         	92.7842         	824         	826        	199            	49              	78.9832     	0.112	77.9275	87.405 	79.4795	1.86679 
89         	92.8295         	822         	824        	200            	48              	78.9739     	0.110	77.8525	86.7775	79.4204	1.92013 
92         	92.6793         	816         	818        	202            	44              	78.8084     	0.103	77.805 	86.805 	79.3382	1.93944 
End Time (hh:mm:ss.ms) 2023-07-16 20:53:08.225225
Total Time (hh:mm:ss.ms) 0:00:16.523966
Individuo: [[3, 6, 8, 30, 13, 15, 28, 25, 26, 1, 41, 12, 39, 0, 20, 31, 16, 32, 37, 38, 35, 36, 21, 11, 27, 4, 5, 29, 10, 18, 2, 17, 33, 14, 40, 24, 19, 22, 23, 7, 34, 9], [0, 1, 1, 0, 1, 1, 1, 1, 1, 1, 1, 1, 0, 0, 0, 1, 0, 0, 1, 1, 1, 0, 0, 0, 1, 1, 0, 0, 0, 1, 1, 1, 1, 1, 1, 0, 0, 0, 1, 1, 0, 0]]
Fitness:  77.80499999999996
Gens:  [0, 1, 2, 3, 4, 5, 6, 7, 8, 9, 10, 11, 12, 13, 14, 15, 16, 17, 18, 19, 20, 21, 22, 23, 24, 25, 26, 27, 28, 29, 30, 31, 32, 33, 34, 35, 36, 37, 38, 39, 40, 41, 42, 43, 44, 45, 46, 47, 48, 49, 50, 51, 52, 53, 54, 55, 56, 57, 58, 59, 60, 61, 62, 63, 64, 65, 66, 67, 68, 69, 70, 71, 72, 73, 74, 75, 76, 77, 78, 79, 80, 81, 82, 83, 84, 85, 86, 87, 88, 89, 90, 91, 92, 93]
Inds:  [82.98000000000002, 82.83, 82.45500000000001, 82.45500000000001, 81.555, 81.555, 81.555, 81.105, 81.105, 81.105, 81.105, 81.105, 81.105, 81.105, 81.105, 81.105, 81.105, 81.03, 81.03, 81.03, 81.00250000000001, 80.955, 80.955, 80.8525, 80.8525, 80.8525, 80.8525, 80.805, 80.73000000000002, 80.65500000000002, 80.65500000000002, 80.58000000000001, 80.58000000000001, 80.47749999999999, 80.47749999999999, 80.47749999999999, 80.2525, 80.10249999999999, 80.10249999999999, 79.95249999999999, 79.8775, 79.8775, 79.8775, 79.8775, 79.8775, 79.53, 79.53, 79.53, 79.52999999999999, 79.42749999999998, 79.42749999999998, 79.35249999999999, 79.22999999999999, 79.22999999999999, 79.22999999999999, 79.00499999999998, 79.00499999999998, 79.00499999999998, 78.92999999999998, 78.92999999999998, 78.90249999999997, 78.90249999999997, 78.85499999999998, 78.85499999999998, 78.82749999999997, 78.82749999999997, 78.70499999999997, 78.70499999999997, 78.62999999999998, 78.62999999999998, 78.62999999999998, 78.55499999999998, 78.40499999999997, 78.40499999999997, 78.40499999999997, 78.40499999999997, 78.40499999999997, 78.40499999999997, 78.40499999999997, 78.40499999999997, 78.40499999999997, 78.15249999999996, 78.15249999999996, 78.10499999999996, 78.07749999999996, 78.07749999999996, 78.02999999999996, 78.02999999999996, 77.92749999999997, 77.85249999999996, 77.85249999999996, 77.85249999999996, 77.80499999999996, 77.80499999999996]

Execution 4:
Parametros: Y=0.998
Start Time (hh:mm:ss.ms) 2023-07-16 20:53:09.021252
generations	MaxGenenerations	Populationk1	Populationk	PopulationElite	PopulationMutant	fitnessElite	alpha	min    	max    	avg    	std     
0          	0               	0           	0          	0              	0               	0           	0    	82.6525	88.0525	85.5562	0.793078
1          	98.5857         	998         	1000       	100            	200             	84.2725     	0.3  	82.605 	87.555 	84.9616	0.846367
2          	98.431          	996         	998        	102            	198             	84.0799     	0.297	82.5775	87.6025	84.6764	0.95097 
3          	98.4076         	994         	996        	103            	196             	84.0646     	0.295	82.08  	87.6775	84.4732	0.986855
4          	97.8294         	992         	994        	104            	194             	83.7249     	0.293	81.855 	87.425 	84.3557	1.02373 
5          	97.5119         	990         	992        	106            	192             	83.4803     	0.291	80.88  	87.6775	84.2474	1.08741 
13         	96.3466         	974         	976        	116            	177             	82.675      	0.275	80.73  	87.63  	83.1945	1.47309 
15         	96.2545         	970         	972        	119            	173             	82.6602     	0.270	80.58  	87.3775	83.0416	1.52895 
16         	95.9839         	968         	970        	120            	171             	82.4068     	0.268	80.3275	88.3525	82.9518	1.56487 
20         	95.7028         	960         	962        	125            	164             	82.1893     	0.260	80.055 	87.35  	82.6755	1.70901 
22         	95.4641         	956         	958        	128            	160             	82.071      	0.256	79.83  	87.33  	82.5285	1.73674 
26         	95.1529         	948         	950        	133            	153             	81.7787     	0.247	79.6525	87.0025	82.2779	1.78491 
32         	94.8791         	936         	938        	140            	142             	81.4652     	0.234	79.605 	87.18  	81.9636	1.87199 
33         	94.785          	934         	936        	141            	140             	81.366      	0.232	79.455 	87.78  	81.9117	1.93218 
36         	94.6723         	928         	930        	145            	135             	81.2799     	0.226	79.455 	87.3775	81.8402	1.91196 
38         	94.6154         	924         	926        	147            	131             	81.1789     	0.221	79.305 	87.63  	81.6725	1.96209 
41         	94.4987         	918         	920        	151            	126             	81.0816     	0.215	79.305 	87.255 	81.6015	1.95909 
43         	94.4846         	914         	916        	153            	122             	81.0307     	0.211	79.155 	87.35  	81.5532	1.99517 
47         	94.3342         	906         	908        	157            	115             	80.871      	0.202	78.855 	87.48  	81.3797	1.98561 
56         	93.9432         	888         	890        	167            	100             	80.4276     	0.182	78.705 	87.65  	80.9134	2.04754 
58         	93.7223         	884         	886        	170            	97              	80.2251     	0.178	78.6775	87.0025	80.8116	2.04587 
61         	93.7651         	878         	880        	173            	92              	80.2175     	0.172	78.63  	87.855 	80.855 	2.10109 
63         	93.6663         	874         	876        	175            	89              	80.1008     	0.167	78.6025	87.18  	80.6028	2.05394 
64         	93.5914         	872         	874        	176            	87              	80.021      	0.165	78.4525	87.18  	80.5833	2.07843 
65         	93.4128         	870         	872        	177            	85              	79.8749     	0.162	78.4525	87.405 	80.5258	2.08183 
67         	93.3987         	866         	868        	179            	82              	79.8254     	0.158	78.3775	86.88  	80.3567	2.08033 
68         	93.2674         	864         	866        	180            	80              	79.7067     	0.156	78.3025	87.0775	80.3666	2.16547 
72         	93.3131         	856         	858        	184            	74              	79.6773     	0.147	78.2275	87.65  	80.176 	2.12021 
74         	93.2237         	852         	854        	186            	71              	79.5718     	0.143	78.105 	87.63  	80.0968	2.11969 
77         	92.985          	846         	848        	189            	66              	79.3338     	0.136	78.03  	87.3025	79.8329	2.03824 
78         	92.9325         	844         	846        	190            	64              	79.2752     	0.134	78.0025	87.48  	79.7824	2.10221 
79         	92.9327         	842         	844        	191            	63              	79.2548     	0.132	77.9275	87.2   	79.7687	2.09816 
82         	92.8243         	836         	838        	194            	58              	79.1133     	0.125	77.8525	86.955 	79.5199	2.01504 
83         	92.6566         	834         	836        	195            	57              	78.9721     	0.123	77.7775	87.9025	79.4915	2.11998 
87         	92.6178         	826         	828        	198            	51              	78.8575     	0.114	77.7025	87.705 	79.25  	2.00372 
88         	92.617          	824         	826        	199            	49              	78.8241     	0.112	77.6275	87.8   	79.2388	2.06668 
91         	92.4721         	818         	820        	202            	45              	78.6575     	0.105	77.5525	86.975 	79.1119	2.02334 
End Time (hh:mm:ss.ms) 2023-07-16 20:53:24.973225
Total Time (hh:mm:ss.ms) 0:00:15.951973
Individuo: [[36, 38, 22, 23, 35, 7, 0, 5, 29, 10, 13, 15, 12, 1, 41, 8, 6, 3, 26, 30, 25, 28, 4, 18, 11, 21, 9, 20, 31, 37, 32, 16, 14, 33, 40, 17, 19, 24, 2, 34, 27, 39], [0, 0, 1, 1, 1, 1, 1, 0, 0, 0, 0, 1, 1, 1, 1, 0, 0, 1, 0, 0, 0, 0, 0, 1, 1, 1, 1, 0, 1, 0, 1, 0, 0, 0, 1, 0, 0, 0, 0, 1, 1, 1]]
Fitness:  77.55249999999997
Gens:  [0, 1, 2, 3, 4, 5, 6, 7, 8, 9, 10, 11, 12, 13, 14, 15, 16, 17, 18, 19, 20, 21, 22, 23, 24, 25, 26, 27, 28, 29, 30, 31, 32, 33, 34, 35, 36, 37, 38, 39, 40, 41, 42, 43, 44, 45, 46, 47, 48, 49, 50, 51, 52, 53, 54, 55, 56, 57, 58, 59, 60, 61, 62, 63, 64, 65, 66, 67, 68, 69, 70, 71, 72, 73, 74, 75, 76, 77, 78, 79, 80, 81, 82, 83, 84, 85, 86, 87, 88, 89, 90, 91, 92, 93]
Inds:  [82.6525, 82.60500000000002, 82.57750000000001, 82.08, 81.855, 80.87999999999998, 80.87999999999998, 80.87999999999998, 80.87999999999998, 80.87999999999998, 80.87999999999998, 80.87999999999998, 80.87999999999998, 80.72999999999999, 80.72999999999999, 80.58000000000001, 80.32750000000001, 80.32750000000001, 80.32750000000001, 80.32750000000001, 80.055, 80.055, 79.82999999999998, 79.82999999999998, 79.82999999999998, 79.82999999999998, 79.65249999999997, 79.65249999999997, 79.65249999999997, 79.65249999999997, 79.65249999999997, 79.65249999999997, 79.60499999999999, 79.455, 79.455, 79.455, 79.45499999999998, 79.45499999999998, 79.30499999999999, 79.30499999999999, 79.30499999999999, 79.30499999999998, 79.30499999999998, 79.15499999999997, 79.15499999999997, 79.15499999999997, 79.15499999999997, 78.85499999999998, 78.85499999999998, 78.85499999999998, 78.85499999999998, 78.85499999999998, 78.85499999999998, 78.85499999999998, 78.85499999999998, 78.85499999999998, 78.70499999999998, 78.70499999999998, 78.67749999999998, 78.67749999999998, 78.67749999999998, 78.62999999999998, 78.62999999999998, 78.60249999999998, 78.45249999999999, 78.45249999999997, 78.45249999999997, 78.37749999999997, 78.30249999999997, 78.30249999999997, 78.30249999999997, 78.30249999999997, 78.22749999999996, 78.22749999999996, 78.10499999999998, 78.10499999999998, 78.10499999999998, 78.02999999999997, 78.00249999999997, 77.92749999999997, 77.92749999999997, 77.92749999999997, 77.85249999999998, 77.77749999999996, 77.77749999999996, 77.77749999999996, 77.77749999999996, 77.70249999999997, 77.62749999999997, 77.62749999999997, 77.62749999999997, 77.55249999999997, 77.55249999999997, 77.55249999999997]

Execution 5:
Parametros: Y=0.998
Start Time (hh:mm:ss.ms) 2023-07-16 20:53:25.783250
generations	MaxGenenerations	Populationk1	Populationk	PopulationElite	PopulationMutant	fitnessElite	alpha	min  	max    	avg    	std     
0          	0               	0           	0          	0              	0               	0           	0    	82.53	87.6025	85.4933	0.801182
1          	98.351          	998         	1000       	100            	200             	84.0518     	0.3  	81.78	87.7525	84.7954	0.849184
8          	97.3602         	984         	986        	110            	187             	83.3009     	0.285	81.63	87.78  	84.0675	1.20007 
10         	97.3223         	980         	982        	112            	183             	83.3746     	0.281	81.405	87.33  	83.9387	1.2312  
12         	97.0103         	976         	978        	115            	179             	83.1237     	0.277	81.3025	87.4525	83.7466	1.25545 
15         	96.8935         	970         	972        	119            	173             	83.0179     	0.271	81.105 	87.33  	83.5666	1.29682 
17         	96.6818         	966         	968        	121            	170             	82.8792     	0.266	81.105 	87.6025	83.3745	1.36693 
18         	96.6528         	964         	966        	122            	168             	82.8257     	0.264	81.0025	87.93  	83.208 	1.37369 
19         	96.594          	962         	964        	124            	166             	82.8226     	0.262	80.73  	87.48  	83.1774	1.48472 
20         	96.1823         	960         	962        	125            	164             	82.4883     	0.260	80.505 	87.7525	83.0491	1.5054  
23         	95.9431         	954         	956        	129            	158             	82.3157     	0.254	80.4775	87.5275	82.7781	1.54635 
24         	95.8906         	952         	954        	130            	157             	82.2543     	0.252	80.355 	87.78  	82.6744	1.59766 
26         	95.8938         	948         	950        	132            	153             	82.3255     	0.247	80.355 	87.875 	82.6065	1.65004 
27         	95.8113         	946         	948        	134            	151             	82.2029     	0.245	80.205 	87.6025	82.544 	1.63461 
29         	95.5803         	942         	944        	136            	148             	81.9908     	0.241	80.055 	87.3025	82.4044	1.72236 
33         	95.3729         	934         	936        	141            	140             	81.7778     	0.232	79.905 	87.2275	82.1837	1.78651 
34         	95.1513         	932         	934        	142            	138             	81.5938     	0.230	79.83  	87.6775	82.1467	1.81476 
35         	95.1477         	930         	932        	143            	137             	81.6234     	0.228	79.755 	87.275 	82.1144	1.81456 
38         	94.9584         	924         	926        	147            	131             	81.3978     	0.222	79.455 	87.3775	81.9255	1.88022 
40         	94.578          	920         	922        	149            	128             	81.1028     	0.217	79.2775	87.405 	81.6989	1.92312 
43         	94.4518         	914         	916        	153            	122             	81.0088     	0.211	79.0525	87.6025	81.6108	1.93157 
48         	94.2068         	904         	906        	159            	114             	80.7644     	0.200	79.005 	87.705 	81.2736	2.07829 
51         	94.0141         	898         	900        	162            	108             	80.5299     	0.193	78.93  	87.855 	81.1149	2.07831 
53         	93.9992         	894         	896        	164            	105             	80.5102     	0.189	78.855 	87.6775	81.0766	2.05428 
54         	93.9856         	892         	894        	165            	103             	80.5067     	0.187	78.855 	87.1525	81.0909	2.088   
55         	93.8868         	890         	892        	166            	102             	80.3898     	0.184	78.705 	87.05  	80.9046	2.11554 
59         	93.7697         	882         	884        	171            	95              	80.252      	0.176	78.6775	87.1525	80.7251	2.12918 
60         	93.6755         	880         	882        	172            	93              	80.1524     	0.174	78.555 	87.9025	80.7313	2.09584 
62         	93.5156         	876         	878        	174            	90              	79.9999     	0.169	78.5275	87.2275	80.5564	2.07151 
65         	93.474          	870         	872        	177            	85              	79.9139     	0.163	78.33  	87.63  	80.563 	2.14648 
70         	93.2198         	860         	862        	182            	77              	79.6365     	0.151	78.255 	87.3775	80.238 	2.13642 
75         	93.3456         	850         	852        	187            	69              	79.6447     	0.141	78.1525	87.63  	80.1272	2.11169 
78         	92.9997         	844         	846        	190            	64              	79.3255     	0.134	78.105 	87.78  	79.9205	2.08045 
79         	93.1108         	842         	844        	191            	63              	79.3865     	0.132	78.0025	87.2275	79.8691	2.09222 
85         	92.9607         	830         	832        	196            	54              	79.1509     	0.119	77.955 	87.3775	79.6507	2.09459 
87         	92.8571         	826         	828        	198            	51              	79.0364     	0.114	77.8525	87.105 	79.5029	2.09133 
88         	92.6844         	824         	826        	199            	49              	78.8912     	0.112	77.8525	86.9   	79.384 	1.99476 
End Time (hh:mm:ss.ms) 2023-07-16 20:53:42.336224
Total Time (hh:mm:ss.ms) 0:00:16.552974
Individuo: [[1, 3, 12, 5, 39, 6, 8, 13, 27, 20, 34, 21, 2, 24, 40, 17, 19, 16, 38, 31, 36, 0, 4, 29, 10, 25, 28, 41, 26, 30, 15, 7, 23, 37, 32, 14, 33, 22, 11, 18, 9, 35], [0, 0, 0, 0, 1, 1, 1, 1, 0, 1, 1, 0, 1, 1, 0, 0, 0, 1, 0, 1, 1, 1, 0, 0, 0, 0, 0, 0, 0, 0, 0, 0, 0, 0, 1, 0, 0, 0, 0, 0, 0, 1]]
Fitness:  77.85249999999996
Gens:  [0, 1, 2, 3, 4, 5, 6, 7, 8, 9, 10, 11, 12, 13, 14, 15, 16, 17, 18, 19, 20, 21, 22, 23, 24, 25, 26, 27, 28, 29, 30, 31, 32, 33, 34, 35, 36, 37, 38, 39, 40, 41, 42, 43, 44, 45, 46, 47, 48, 49, 50, 51, 52, 53, 54, 55, 56, 57, 58, 59, 60, 61, 62, 63, 64, 65, 66, 67, 68, 69, 70, 71, 72, 73, 74, 75, 76, 77, 78, 79, 80, 81, 82, 83, 84, 85, 86, 87, 88, 89, 90, 91, 92, 93]
Inds:  [82.53000000000002, 81.78000000000002, 81.78000000000002, 81.78000000000002, 81.78000000000002, 81.78000000000002, 81.78000000000002, 81.78000000000002, 81.63000000000001, 81.63000000000001, 81.40500000000002, 81.40500000000002, 81.30250000000001, 81.30250000000001, 81.30250000000001, 81.10500000000003, 81.10500000000003, 81.105, 81.00250000000001, 80.72999999999999, 80.50500000000002, 80.50500000000002, 80.50500000000002, 80.4775, 80.35500000000002, 80.35500000000002, 80.355, 80.20500000000001, 80.20500000000001, 80.055, 80.055, 80.055, 80.055, 79.905, 79.83000000000001, 79.75500000000001, 79.75500000000001, 79.75500000000001, 79.455, 79.455, 79.27749999999999, 79.27749999999999, 79.27749999999999, 79.05250000000001, 79.05250000000001, 79.05250000000001, 79.05250000000001, 79.05250000000001, 79.005, 79.005, 79.005, 78.92999999999999, 78.92999999999999, 78.85499999999999, 78.85499999999998, 78.70499999999998, 78.70499999999998, 78.70499999999998, 78.70499999999998, 78.6775, 78.55499999999998, 78.55499999999998, 78.52749999999997, 78.52749999999997, 78.52749999999997, 78.32999999999998, 78.32999999999998, 78.32999999999998, 78.32999999999998, 78.32999999999998, 78.25499999999998, 78.25499999999998, 78.25499999999998, 78.25499999999998, 78.25499999999998, 78.15249999999997, 78.15249999999997, 78.15249999999997, 78.10499999999998, 78.00249999999997, 78.00249999999997, 78.00249999999997, 78.00249999999997, 78.00249999999997, 78.00249999999997, 77.95499999999998, 77.95499999999998, 77.85249999999998, 77.85249999999996, 77.85249999999996, 77.85249999999996, 77.85249999999996, 77.85249999999996, 77.85249999999996]

Execution 6:
Parametros: Y=0.998
Start Time (hh:mm:ss.ms) 2023-07-16 20:53:43.137257
generations	MaxGenenerations	Populationk1	Populationk	PopulationElite	PopulationMutant	fitnessElite	alpha	min   	max    	avg   	std     
0          	0               	0           	0          	0              	0               	0           	0    	82.905	87.7525	85.546	0.782425
1          	98.8275         	998         	1000       	100            	200             	84.3593     	0.3  	82.605	87.6025	84.9555	0.82621 
3          	98.5789         	994         	996        	103            	196             	84.2919     	0.295	82.0525	87.255 	84.5775	0.960332
4          	97.7139         	992         	994        	104            	194             	83.5813     	0.293	81.8275	87.18  	84.4164	1.00733 
8          	97.4552         	984         	986        	110            	187             	83.3913     	0.285	81.63  	87.405 	83.9823	1.14391 
10         	97.1962         	980         	982        	112            	183             	83.1922     	0.281	81.5275	87.35  	83.7781	1.24168 
11         	97.1072         	978         	980        	113            	181             	83.1543     	0.279	81.0025	87.705 	83.6713	1.29346 
13         	96.6085         	974         	976        	116            	177             	82.9293     	0.275	80.9275	87.2   	83.4733	1.34497 
14         	96.3636         	972         	974        	117            	175             	82.64       	0.273	80.6275	87.5   	83.2636	1.39173 
18         	96.0405         	964         	966        	122            	168             	82.4135     	0.264	80.5525	87.8275	82.8171	1.5735  
19         	96.0376         	962         	964        	124            	166             	82.4623     	0.262	80.43  	87.6775	82.7921	1.60719 
20         	95.8628         	960         	962        	125            	164             	82.317      	0.260	80.1025	87.3775	82.6879	1.65529 
22         	95.3917         	956         	958        	128            	160             	81.9333     	0.255	79.8775	87.48  	82.4948	1.69693 
27         	95.1381         	946         	948        	134            	151             	81.7059     	0.245	79.8025	87.35  	82.3369	1.78775 
31         	95.0435         	938         	940        	139            	144             	81.579      	0.236	79.6525	87.8275	82.002 	1.8022  
34         	94.9218         	932         	934        	142            	138             	81.4847     	0.230	79.4275	87.63  	81.8883	1.8428  
35         	94.6589         	930         	932        	144            	136             	81.299      	0.228	79.3525	87.6025	81.8655	1.91685 
39         	94.5785         	922         	924        	148            	129             	81.181      	0.219	79.3525	87.555 	81.7508	1.94521 
43         	94.4792         	914         	916        	153            	122             	80.999      	0.211	79.1275	87.275 	81.5002	1.98797 
45         	94.2448         	910         	912        	155            	119             	80.8224     	0.206	78.9025	87.405 	81.5028	2.02194 
47         	94.0756         	906         	908        	158            	115             	80.7128     	0.202	78.8275	87.2275	81.2678	1.99065 
51         	93.8964         	898         	900        	162            	108             	80.4819     	0.193	78.8275	87.5275	81.0804	2.06519 
53         	93.8734         	894         	896        	164            	105             	80.4221     	0.189	78.7525	87.275 	80.9437	2.03896 
56         	93.8301         	888         	890        	167            	100             	80.3513     	0.182	78.6775	87.3775	80.8254	2.04551 
57         	93.7177         	886         	888        	169            	98              	80.2478     	0.180	78.6025	87.855 	80.7745	2.07296 
58         	93.7179         	884         	886        	170            	97              	80.2528     	0.178	78.5275	87.05  	80.8012	2.10528 
62         	93.6515         	876         	878        	174            	90              	80.1314     	0.169	78.4525	87.425 	80.6266	2.11881 
66         	93.4689         	868         	870        	178            	84              	79.9052     	0.160	78.3025	87.255 	80.4594	2.13665 
68         	93.2342         	864         	866        	180            	80              	79.6898     	0.156	78.1525	87.8275	80.2802	2.12886 
69         	93.1763         	862         	864        	181            	79              	79.6428     	0.154	78.1525	87.275 	80.2196	2.13019 
73         	93.0644         	854         	856        	185            	72              	79.4708     	0.145	78.0775	87.2275	79.9789	2.08935 
75         	92.9421         	850         	852        	187            	69              	79.3405     	0.140	78.0775	87.35  	79.9858	2.11177 
79         	93.0729         	842         	844        	191            	63              	79.3584     	0.132	78.0025	87.35  	79.7569	2.07198 
81         	93.0305         	838         	840        	192            	60              	79.283      	0.128	77.9275	87.4525	79.8135	2.11597 
83         	92.922          	834         	836        	194            	57              	79.1595     	0.123	77.8525	87.2275	79.7673	2.13428 
86         	92.7768         	828         	830        	197            	52              	78.991      	0.116	77.7775	87.18  	79.4357	2.08112 
87         	92.609          	826         	828        	198            	51              	78.852      	0.114	77.7025	87.0775	79.3482	1.99157 
90         	92.5475         	820         	822        	201            	46              	78.7391     	0.107	77.7025	87.05  	79.2448	1.98147 
End Time (hh:mm:ss.ms) 2023-07-16 20:53:59.683223
Total Time (hh:mm:ss.ms) 0:00:16.545966
Individuo: [[12, 4, 29, 34, 7, 21, 22, 23, 31, 37, 24, 19, 17, 36, 35, 20, 18, 11, 27, 5, 39, 3, 1, 8, 41, 30, 25, 28, 26, 6, 15, 13, 10, 0, 9, 38, 2, 32, 14, 40, 33, 16], [0, 0, 0, 1, 1, 0, 1, 1, 0, 0, 0, 1, 1, 1, 0, 0, 0, 1, 1, 1, 1, 1, 1, 1, 0, 0, 0, 0, 0, 0, 0, 1, 1, 0, 0, 0, 0, 1, 0, 0, 1, 1]]
Fitness:  77.70249999999996
Gens:  [0, 1, 2, 3, 4, 5, 6, 7, 8, 9, 10, 11, 12, 13, 14, 15, 16, 17, 18, 19, 20, 21, 22, 23, 24, 25, 26, 27, 28, 29, 30, 31, 32, 33, 34, 35, 36, 37, 38, 39, 40, 41, 42, 43, 44, 45, 46, 47, 48, 49, 50, 51, 52, 53, 54, 55, 56, 57, 58, 59, 60, 61, 62, 63, 64, 65, 66, 67, 68, 69, 70, 71, 72, 73, 74, 75, 76, 77, 78, 79, 80, 81, 82, 83, 84, 85, 86, 87, 88, 89, 90, 91, 92, 93]
Inds:  [82.90500000000002, 82.60499999999999, 82.60499999999999, 82.0525, 81.82749999999999, 81.82749999999999, 81.82749999999999, 81.82749999999999, 81.63, 81.63, 81.5275, 81.00250000000001, 81.00250000000001, 80.9275, 80.6275, 80.6275, 80.6275, 80.6275, 80.55250000000001, 80.42999999999999, 80.10249999999999, 80.10249999999999, 79.8775, 79.8775, 79.8775, 79.8775, 79.8775, 79.8025, 79.8025, 79.8025, 79.8025, 79.6525, 79.6525, 79.6525, 79.4275, 79.3525, 79.3525, 79.3525, 79.3525, 79.35249999999999, 79.35249999999999, 79.35249999999999, 79.35249999999999, 79.1275, 79.1275, 78.90249999999999, 78.90249999999999, 78.82749999999999, 78.82749999999999, 78.82749999999999, 78.82749999999999, 78.82749999999997, 78.82749999999997, 78.75249999999998, 78.75249999999998, 78.75249999999998, 78.6775, 78.60249999999998, 78.52749999999997, 78.52749999999997, 78.52749999999997, 78.52749999999997, 78.45249999999997, 78.45249999999997, 78.45249999999997, 78.45249999999997, 78.30249999999998, 78.30249999999998, 78.15249999999997, 78.15249999999996, 78.15249999999996, 78.15249999999996, 78.15249999999996, 78.07749999999997, 78.07749999999997, 78.07749999999996, 78.07749999999996, 78.07749999999996, 78.07749999999996, 78.00249999999997, 78.00249999999997, 77.92749999999997, 77.92749999999997, 77.85249999999996, 77.85249999999996, 77.85249999999996, 77.77749999999997, 77.70249999999997, 77.70249999999997, 77.70249999999997, 77.70249999999996, 77.70249999999996, 77.70249999999996, 77.70249999999996]

Execution 7:
Parametros: Y=0.998
Start Time (hh:mm:ss.ms) 2023-07-16 20:54:00.487225
generations	MaxGenenerations	Populationk1	Populationk	PopulationElite	PopulationMutant	fitnessElite	alpha	min    	max   	avg    	std     
0          	0               	0           	0          	0              	0               	0           	0    	82.9525	87.705	85.4985	0.782548
1          	98.8747         	998         	1000       	100            	200             	84.3783     	0.3  	82.7275	87.405	84.9293	0.812155
2          	98.5473         	996         	998        	102            	198             	84.1213     	0.297	82.5025	87.33 	84.7054	0.935232
3          	98.2646         	994         	996        	103            	196             	83.9311     	0.295	82.155 	87.1525	84.5535	0.966092
5          	97.8654         	990         	992        	106            	192             	83.6871     	0.291	81.7525	87.555 	84.3536	1.08273 
8          	97.3952         	984         	986        	110            	187             	83.3806     	0.285	81.63  	87.4525	84.0626	1.11813 
9          	97.2492         	982         	984        	111            	185             	83.281      	0.283	81.405 	87.4525	83.9711	1.19692 
10         	96.9812         	980         	982        	112            	183             	83.107      	0.281	81.33  	87.33  	83.8696	1.20345 
12         	96.9408         	976         	978        	115            	179             	83.0978     	0.277	81.33  	88.005 	83.6877	1.30747 
13         	96.9991         	974         	976        	116            	177             	83.1673     	0.275	81.255 	88.005 	83.6028	1.33326 
15         	96.8025         	970         	972        	119            	173             	82.935      	0.271	81.1525	87.575 	83.4459	1.38281 
16         	96.7041         	968         	970        	120            	172             	82.88       	0.268	80.955 	87.405 	83.3434	1.34065 
17         	96.4359         	966         	968        	121            	170             	82.676      	0.266	80.73  	87.7525	83.2821	1.41554 
19         	96.1823         	962         	964        	124            	166             	82.5024     	0.262	80.355 	87.3775	83.0574	1.41337 
25         	95.7878         	950         	952        	131            	155             	82.2036     	0.249	80.28  	87.405 	82.6052	1.61419 
26         	95.6318         	948         	950        	132            	153             	82.045      	0.247	80.055 	87.6025	82.5098	1.68272 
28         	95.3963         	944         	946        	135            	149             	81.8853     	0.243	79.98  	87.9025	82.4045	1.74278 
29         	95.3694         	942         	944        	136            	147             	81.8915     	0.241	79.8775	88.1275	82.3561	1.74611 
30         	95.2901         	940         	942        	137            	146             	81.8503     	0.239	79.83  	87.9025	82.2578	1.73043 
33         	95.062          	934         	936        	141            	140             	81.5512     	0.232	79.755 	87.555 	82.0245	1.78775 
37         	95.0207         	926         	928        	146            	133             	81.4872     	0.224	79.68  	87.5   	81.924 	1.86072 
38         	94.9351         	924         	926        	147            	131             	81.4164     	0.222	79.5775	87.855 	81.866 	1.82409 
41         	94.7096         	918         	920        	150            	126             	81.1676     	0.215	79.4275	87.555 	81.6976	1.88595 
44         	94.5453         	912         	914        	154            	121             	81.0167     	0.209	79.23  	87.555 	81.5061	1.89191 
47         	94.3706         	906         	908        	157            	115             	80.8744     	0.202	79.08  	87.3025	81.4125	1.93307 
53         	94.1599         	894         	896        	164            	105             	80.6154     	0.189	79.005 	87.5   	81.1355	1.97704 
54         	94.1309         	892         	894        	165            	104             	80.5969     	0.187	78.93  	88.155 	81.1703	2.01349 
56         	93.962          	888         	890        	167            	100             	80.4204     	0.182	78.8275	88.005 	80.9976	1.99484 
57         	94.0144         	886         	888        	168            	99              	80.4874     	0.180	78.78  	87.3775	81.0096	1.98016 
58         	93.8398         	884         	886        	169            	97              	80.3148     	0.178	78.63  	87.03  	80.8732	1.9667  
62         	93.7085         	876         	878        	174            	90              	80.1583     	0.169	78.63  	87.2275	80.6957	2.01464 
63         	93.633          	874         	876        	175            	88              	80.0707     	0.167	78.5275	88.0525	80.6903	2.00587 
68         	93.5301         	864         	866        	180            	80              	79.9071     	0.156	78.4525	87.6775	80.5278	2.03152 
75         	93.3987         	850         	852        	187            	69              	79.6772     	0.141	78.3775	87.5275	80.1328	2.03185 
76         	93.3884         	848         	850        	187            	68              	79.6528     	0.139	78.18  	87.6025	80.1108	2.01067 
80         	93.1811         	840         	842        	191            	62              	79.4188     	0.130	78.18  	87.2275	79.8752	1.93226 
82         	93.195          	836         	838        	193            	59              	79.3878     	0.126	78.105 	88.2025	79.9   	1.99554 
84         	93.0828         	832         	834        	195            	56              	79.2639     	0.121	78.0775	87.9025	79.8006	1.99725 
86         	93.003          	828         	830        	197            	53              	79.1676     	0.117	78.03  	87.3775	79.6733	1.97514 
88         	92.9046         	824         	826        	199            	50              	79.0582     	0.112	77.955 	87.4525	79.5456	1.98411 
91         	92.8659         	818         	820        	201            	45              	78.9605     	0.106	77.8525	86.88  	79.3591	1.85717 
93         	92.7489         	814         	816        	203            	42              	78.828      	0.101	77.805 	87.5   	79.327 	1.90663 
End Time (hh:mm:ss.ms) 2023-07-16 20:54:16.831252
Total Time (hh:mm:ss.ms) 0:00:16.344027
Individuo: [[7, 21, 18, 29, 10, 15, 13, 8, 28, 25, 6, 0, 36, 23, 24, 40, 17, 19, 2, 37, 14, 33, 32, 16, 31, 38, 22, 11, 20, 4, 12, 3, 27, 9, 35, 34, 5, 39, 30, 26, 1, 41], [0, 1, 0, 1, 0, 1, 0, 1, 1, 1, 0, 0, 0, 0, 1, 0, 0, 0, 0, 0, 0, 0, 1, 1, 0, 1, 0, 0, 1, 1, 1, 0, 0, 0, 1, 0, 1, 1, 0, 1, 1, 0]]
Fitness:  77.80499999999996
Gens:  [0, 1, 2, 3, 4, 5, 6, 7, 8, 9, 10, 11, 12, 13, 14, 15, 16, 17, 18, 19, 20, 21, 22, 23, 24, 25, 26, 27, 28, 29, 30, 31, 32, 33, 34, 35, 36, 37, 38, 39, 40, 41, 42, 43, 44, 45, 46, 47, 48, 49, 50, 51, 52, 53, 54, 55, 56, 57, 58, 59, 60, 61, 62, 63, 64, 65, 66, 67, 68, 69, 70, 71, 72, 73, 74, 75, 76, 77, 78, 79, 80, 81, 82, 83, 84, 85, 86, 87, 88, 89, 90, 91, 92, 93]
Inds:  [82.95250000000001, 82.72750000000002, 82.50250000000001, 82.15499999999997, 82.15499999999997, 81.7525, 81.7525, 81.7525, 81.63000000000002, 81.40500000000002, 81.33000000000001, 81.33000000000001, 81.33, 81.25500000000001, 81.25500000000001, 81.15250000000002, 80.955, 80.73, 80.73, 80.35499999999998, 80.35499999999998, 80.35499999999998, 80.35499999999998, 80.35499999999998, 80.35499999999998, 80.28000000000003, 80.05499999999998, 80.05499999999998, 79.98000000000002, 79.8775, 79.83000000000001, 79.83000000000001, 79.83000000000001, 79.75499999999998, 79.75499999999998, 79.75499999999998, 79.75499999999998, 79.67999999999999, 79.5775, 79.5775, 79.5775, 79.4275, 79.4275, 79.4275, 79.22999999999999, 79.22999999999999, 79.22999999999999, 79.07999999999998, 79.07999999999998, 79.07999999999998, 79.07999999999998, 79.07999999999998, 79.07999999999998, 79.00499999999998, 78.92999999999999, 78.92999999999999, 78.82749999999999, 78.77999999999997, 78.62999999999998, 78.62999999999998, 78.62999999999998, 78.62999999999998, 78.62999999999997, 78.52749999999997, 78.52749999999997, 78.52749999999997, 78.52749999999997, 78.52749999999997, 78.45249999999997, 78.45249999999997, 78.45249999999997, 78.45249999999997, 78.45249999999997, 78.45249999999997, 78.45249999999997, 78.37749999999997, 78.17999999999998, 78.17999999999998, 78.17999999999998, 78.17999999999998, 78.17999999999996, 78.17999999999996, 78.10499999999996, 78.10499999999996, 78.07749999999997, 78.07749999999997, 78.02999999999996, 78.02999999999996, 77.95499999999996, 77.95499999999996, 77.95499999999996, 77.85249999999996, 77.85249999999996, 77.80499999999996]

Execution 8:
Parametros: Y=0.998
Start Time (hh:mm:ss.ms) 2023-07-16 20:54:17.619257
generations	MaxGenenerations	Populationk1	Populationk	PopulationElite	PopulationMutant	fitnessElite	alpha	min   	max    	avg   	std     
0          	0               	0           	0          	0              	0               	0           	0    	82.605	87.6775	85.538	0.788977
2          	98.5345         	996         	998        	102            	198             	84.2364     	0.297	82.175	87.5275	84.5992	0.941651
4          	97.9333         	992         	994        	104            	194             	83.7781     	0.293	81.93 	87.425 	84.3356	1.01986 
6          	97.6267         	988         	990        	107            	191             	83.5599     	0.289	81.9025	87.8275	84.139 	1.08316 
7          	97.6471         	986         	988        	108            	189             	83.6072     	0.287	81.8   	87.255 	84.0863	1.14092 
8          	97.4132         	984         	986        	110            	187             	83.3581     	0.285	81.78  	87.5275	84.0057	1.14833 
9          	97.4426         	982         	984        	111            	185             	83.4099     	0.283	81.705 	87.6775	83.943 	1.16882 
10         	97.3824         	980         	982        	112            	183             	83.3864     	0.281	81.6025	87.3775	83.8948	1.20781 
11         	97.2019         	978         	980        	113            	181             	83.2162     	0.279	81.555 	87.6025	83.8269	1.21828 
12         	97.1891         	976         	978        	115            	179             	83.2324     	0.277	81.255 	87.63  	83.7464	1.26651 
14         	96.8606         	972         	974        	117            	175             	83.0298     	0.273	81.03  	88.305 	83.5572	1.33033 
15         	96.6993         	970         	972        	119            	173             	83.0018     	0.271	80.975 	87.7525	83.472 	1.39649 
16         	96.5268         	968         	970        	120            	172             	82.7976     	0.268	80.955 	87.4525	83.321 	1.41578 
17         	96.4451         	966         	968        	121            	170             	82.6887     	0.266	80.8525	87.48  	83.1429	1.47115 
18         	96.3283         	964         	966        	122            	168             	82.6068     	0.264	80.805 	87.8275	83.023 	1.52975 
19         	96.3387         	962         	964        	124            	166             	82.6493     	0.262	80.58  	87.4525	82.9518	1.52518 
21         	96.0036         	958         	960        	126            	162             	82.3625     	0.258	80.43  	87.48  	82.7347	1.59754 
22         	95.8249         	956         	958        	128            	160             	82.236      	0.256	80.13  	87.6775	82.604 	1.62494 
24         	95.5248         	952         	954        	130            	157             	82.0566     	0.251	80.1025	87.705 	82.4819	1.70549 
26         	95.4581         	948         	950        	133            	153             	81.9597     	0.247	79.98  	87.555 	82.282 	1.76386 
28         	95.3408         	944         	946        	135            	149             	81.8715     	0.243	79.905 	87.6025	82.2099	1.79329 
29         	95.2227         	942         	944        	136            	147             	81.7616     	0.241	79.755 	87.0025	82.1295	1.76972 
30         	94.9299         	940         	942        	138            	145             	81.4864     	0.238	79.38  	87.8275	82.1338	1.87489 
37         	94.5597         	926         	928        	146            	133             	81.1765     	0.223	79.305 	87.48  	81.7215	1.91146 
42         	94.4368         	916         	918        	152            	124             	80.9938     	0.213	79.2025	87.4525	81.4997	1.94554 
44         	94.4423         	912         	914        	154            	121             	81.0203     	0.208	79.155 	87.275 	81.4516	2.02324 
46         	94.3573         	908         	910        	156            	117             	80.9142     	0.204	79.005 	87.3025	81.3466	1.97149 
48         	94.1413         	904         	906        	159            	114             	80.7163     	0.200	79.005 	87.105 	81.2014	2.04682 
50         	94.212          	900         	902        	161            	110             	80.7541     	0.195	78.855 	87.125 	81.2184	2.04411 
51         	93.8817         	898         	900        	162            	108             	80.4551     	0.193	78.705 	87.255 	81.0233	2.0888  
56         	93.7312         	888         	890        	167            	100             	80.2703     	0.182	78.63  	87.93  	80.8286	2.09177 
58         	93.8211         	884         	886        	169            	97              	80.3435     	0.178	78.63  	87.48  	80.7032	2.10421 
61         	93.7085         	878         	880        	173            	92              	80.1775     	0.171	78.63  	87.8275	80.6144	2.1154  
62         	93.7455         	876         	878        	174            	90              	80.1923     	0.169	78.555 	87.0025	80.5622	2.07945 
66         	93.5437         	868         	870        	178            	84              	79.9515     	0.161	78.33  	86.955 	80.3229	2.03288 
69         	93.2669         	862         	864        	181            	79              	79.6945     	0.154	78.18  	88.305 	80.2704	2.13811 
75         	93.1442         	850         	852        	187            	69              	79.4923     	0.141	78.105 	87.555 	79.9677	2.11141 
76         	93.0688         	848         	850        	188            	68              	79.4169     	0.138	78.105 	87.1525	79.9251	2.09293 
81         	92.9571         	838         	840        	192            	60              	79.2367     	0.127	78.03  	87.03  	79.7666	2.05254 
82         	92.8818         	836         	838        	193            	58              	79.1603     	0.125	77.955 	87.255 	79.5672	1.97336 
83         	92.8343         	834         	836        	194            	57              	79.1021     	0.123	77.88  	87.405 	79.5599	2.05022 
89         	92.7121         	822         	824        	200            	48              	78.8932     	0.110	77.805 	87.425 	79.2944	2.00433 
End Time (hh:mm:ss.ms) 2023-07-16 20:54:33.928225
Total Time (hh:mm:ss.ms) 0:00:16.308968
Individuo: [[0, 38, 31, 16, 36, 27, 20, 18, 6, 13, 15, 29, 5, 39, 12, 4, 34, 7, 35, 21, 37, 40, 2, 24, 32, 33, 14, 17, 19, 22, 23, 9, 11, 10, 28, 8, 30, 25, 41, 1, 26, 3], [0, 0, 1, 1, 1, 0, 0, 0, 1, 1, 1, 1, 1, 1, 0, 0, 1, 0, 0, 0, 0, 0, 1, 1, 1, 1, 1, 0, 0, 0, 0, 1, 0, 0, 1, 0, 0, 0, 0, 0, 1, 0]]
Fitness:  77.80499999999996
Gens:  [0, 1, 2, 3, 4, 5, 6, 7, 8, 9, 10, 11, 12, 13, 14, 15, 16, 17, 18, 19, 20, 21, 22, 23, 24, 25, 26, 27, 28, 29, 30, 31, 32, 33, 34, 35, 36, 37, 38, 39, 40, 41, 42, 43, 44, 45, 46, 47, 48, 49, 50, 51, 52, 53, 54, 55, 56, 57, 58, 59, 60, 61, 62, 63, 64, 65, 66, 67, 68, 69, 70, 71, 72, 73, 74, 75, 76, 77, 78, 79, 80, 81, 82, 83, 84, 85, 86, 87, 88, 89, 90, 91, 92, 93]
Inds:  [82.605, 82.605, 82.17500000000001, 82.17500000000001, 81.93, 81.93, 81.9025, 81.80000000000001, 81.77999999999999, 81.70500000000001, 81.6025, 81.555, 81.25500000000001, 81.25500000000001, 81.02999999999999, 80.97500000000002, 80.95499999999998, 80.8525, 80.80499999999999, 80.58000000000001, 80.58000000000001, 80.42999999999999, 80.13, 80.13, 80.1025, 80.1025, 79.98, 79.98, 79.90499999999999, 79.755, 79.38, 79.38, 79.38, 79.38, 79.38, 79.38, 79.38, 79.30499999999998, 79.30499999999998, 79.30499999999998, 79.30499999999998, 79.30499999999998, 79.20249999999999, 79.20249999999999, 79.155, 79.155, 79.005, 79.005, 79.00499999999998, 79.00499999999998, 78.85499999999999, 78.70499999999998, 78.70499999999998, 78.70499999999998, 78.70499999999998, 78.70499999999998, 78.63, 78.63, 78.62999999999998, 78.62999999999998, 78.62999999999998, 78.62999999999997, 78.55499999999998, 78.55499999999998, 78.55499999999998, 78.55499999999998, 78.32999999999998, 78.32999999999998, 78.32999999999998, 78.17999999999998, 78.17999999999998, 78.17999999999998, 78.17999999999998, 78.17999999999998, 78.17999999999998, 78.10499999999998, 78.10499999999996, 78.10499999999996, 78.10499999999996, 78.10499999999996, 78.10499999999996, 78.02999999999996, 77.95499999999996, 77.87999999999997, 77.87999999999997, 77.87999999999997, 77.87999999999997, 77.87999999999997, 77.87999999999997, 77.80499999999996, 77.80499999999996, 77.80499999999996, 77.80499999999996, 77.80499999999996]

Execution 9:
Parametros: Y=0.998
Start Time (hh:mm:ss.ms) 2023-07-16 20:54:34.708252
generations	MaxGenenerations	Populationk1	Populationk	PopulationElite	PopulationMutant	fitnessElite	alpha	min   	max   	avg   	std     
0          	0               	0           	0          	0              	0               	0           	0    	82.305	87.725	85.569	0.812406
1          	98.1069         	998         	1000       	100            	200             	83.931      	0.3  	81.63 	87.48 	84.8088	0.859157
8          	97.2692         	984         	986        	110            	187             	83.3222     	0.285	81.33 	87.5275	83.9133	1.1924  
9          	96.9064         	982         	984        	111            	185             	83.0869     	0.283	81.255	87.5275	83.798 	1.23017 
10         	96.817          	980         	982        	112            	183             	83.0201     	0.281	80.955	88.005 	83.7175	1.25099 
14         	96.503          	972         	974        	117            	175             	82.8111     	0.273	80.88 	87.855 	83.423 	1.35837 
16         	96.3466         	968         	970        	120            	171             	82.6343     	0.268	80.73 	87.2275	83.2295	1.43497 
18         	96.2835         	964         	966        	122            	168             	82.6556     	0.264	80.655	87.8275	83.068 	1.49957 
20         	96.0641         	960         	962        	125            	164             	82.3935     	0.260	80.43 	87.405 	82.8945	1.52998 
22         	95.8681         	956         	958        	128            	160             	82.2938     	0.256	80.13 	87.255 	82.6216	1.59528 
23         	95.4245         	954         	956        	129            	158             	81.939      	0.253	80.055	87.5275	82.4479	1.66048 
25         	95.3676         	950         	952        	131            	155             	81.8951     	0.249	79.98 	87.875 	82.3415	1.73949 
26         	95.3641         	948         	950        	133            	153             	81.9346     	0.247	79.755	87.48  	82.37  	1.75889 
30         	95.0207         	940         	942        	138            	145             	81.601      	0.238	79.53 	87.03  	82.084 	1.83881 
35         	94.7811         	930         	932        	144            	136             	81.3789     	0.228	79.53 	87.18  	81.7686	1.94167 
36         	94.6957         	928         	930        	145            	135             	81.2595     	0.226	79.08 	87.3775	81.6955	1.92998 
42         	94.2254         	916         	918        	152            	124             	80.8791     	0.212	79.005	87.3775	81.2679	2.03612 
45         	94.1168         	910         	912        	155            	119             	80.7437     	0.206	78.93 	87.405 	81.2346	2.0698  
47         	94.0608         	906         	908        	158            	115             	80.6835     	0.202	78.93 	87.33  	81.1126	2.0824  
48         	94.0095         	904         	906        	159            	114             	80.6101     	0.200	78.705	87.3025	81.0611	2.10392 
49         	93.7364         	902         	904        	160            	112             	80.4037     	0.197	78.63 	87.3775	80.9083	2.08078 
50         	93.6611         	900         	902        	161            	110             	80.339      	0.195	78.555	87.78  	80.8495	2.16507 
52         	93.6332         	896         	898        	163            	106             	80.3032     	0.191	78.48 	87.48  	80.7547	2.13807 
53         	93.5016         	894         	896        	164            	105             	80.1789     	0.188	78.48 	87.78  	80.6907	2.1861  
58         	93.4315         	884         	886        	170            	96              	80.0151     	0.177	78.405	87.4525	80.4577	2.15734 
59         	93.4071         	882         	884        	171            	95              	79.9957     	0.175	78.405	87.18  	80.6091	2.18182 
60         	93.3562         	880         	882        	172            	93              	79.9284     	0.173	78.33 	87.2   	80.4483	2.14677 
62         	93.3739         	876         	878        	174            	90              	79.9256     	0.169	78.105	87.575 	80.4386	2.19364 
69         	93.0917         	862         	864        	181            	78              	79.5783     	0.153	78.105	87.105 	80.0358	2.11689 
74         	92.9799         	852         	854        	186            	71              	79.3879     	0.142	78.03 	87.5275	79.9008	2.10587 
76         	92.9325         	848         	850        	188            	67              	79.3151     	0.138	78.03 	86.7025	79.8272	2.07234 
78         	92.8349         	844         	846        	190            	64              	79.2032     	0.134	77.955	87.0775	79.7237	2.0963  
83         	92.7178         	834         	836        	195            	57              	79.0228     	0.123	77.88 	87.725 	79.5744	2.10141 
84         	92.8323         	832         	834        	195            	55              	79.073      	0.121	77.73 	87.6775	79.4836	2.03955 
85         	92.6447         	830         	832        	196            	54              	78.9104     	0.118	77.73 	87.105 	79.3504	2.00146 
87         	92.6118         	826         	828        	198            	51              	78.8465     	0.114	77.58 	87.6775	79.3247	2.03915 
91         	92.3083         	818         	820        	202            	44              	78.5507     	0.105	77.505	86.88  	79.035 	1.93524 
End Time (hh:mm:ss.ms) 2023-07-16 20:54:52.131223
Total Time (hh:mm:ss.ms) 0:00:17.422971
Individuo: [[12, 39, 26, 1, 41, 28, 25, 8, 30, 6, 13, 15, 5, 0, 34, 27, 7, 35, 16, 32, 17, 19, 24, 37, 36, 31, 23, 22, 38, 11, 21, 2, 40, 33, 14, 9, 20, 18, 10, 29, 4, 3], [0, 1, 1, 1, 1, 1, 1, 0, 1, 0, 1, 1, 1, 0, 0, 1, 0, 0, 0, 0, 0, 0, 1, 1, 0, 0, 0, 0, 1, 1, 0, 1, 0, 1, 1, 1, 0, 0, 0, 1, 1, 1]]
Fitness:  77.50499999999997
Gens:  [0, 1, 2, 3, 4, 5, 6, 7, 8, 9, 10, 11, 12, 13, 14, 15, 16, 17, 18, 19, 20, 21, 22, 23, 24, 25, 26, 27, 28, 29, 30, 31, 32, 33, 34, 35, 36, 37, 38, 39, 40, 41, 42, 43, 44, 45, 46, 47, 48, 49, 50, 51, 52, 53, 54, 55, 56, 57, 58, 59, 60, 61, 62, 63, 64, 65, 66, 67, 68, 69, 70, 71, 72, 73, 74, 75, 76, 77, 78, 79, 80, 81, 82, 83, 84, 85, 86, 87, 88, 89, 90, 91, 92, 93]
Inds:  [82.30499999999999, 81.63000000000001, 81.63000000000001, 81.63000000000001, 81.63000000000001, 81.63000000000001, 81.63000000000001, 81.63000000000001, 81.33, 81.25500000000001, 80.95500000000001, 80.95500000000001, 80.95500000000001, 80.95500000000001, 80.88, 80.88, 80.72999999999999, 80.72999999999999, 80.655, 80.655, 80.42999999999999, 80.42999999999999, 80.13000000000001, 80.05499999999999, 80.05499999999999, 79.97999999999999, 79.755, 79.755, 79.755, 79.755, 79.53, 79.53, 79.53, 79.53, 79.53, 79.52999999999999, 79.07999999999998, 79.07999999999998, 79.07999999999998, 79.07999999999998, 79.07999999999998, 79.07999999999998, 79.00499999999998, 79.00499999999998, 79.00499999999998, 78.92999999999999, 78.92999999999999, 78.92999999999998, 78.70499999999998, 78.62999999999998, 78.55499999999998, 78.55499999999998, 78.47999999999999, 78.47999999999998, 78.47999999999998, 78.47999999999998, 78.47999999999998, 78.47999999999998, 78.40499999999999, 78.40499999999997, 78.32999999999997, 78.32999999999997, 78.10499999999998, 78.10499999999998, 78.10499999999998, 78.10499999999998, 78.10499999999998, 78.10499999999998, 78.10499999999998, 78.10499999999996, 78.10499999999996, 78.10499999999996, 78.10499999999996, 78.10499999999996, 78.02999999999997, 78.02999999999997, 78.02999999999996, 78.02999999999996, 77.95499999999997, 77.95499999999997, 77.95499999999997, 77.95499999999997, 77.95499999999997, 77.87999999999997, 77.72999999999998, 77.72999999999996, 77.72999999999996, 77.57999999999997, 77.57999999999997, 77.57999999999997, 77.57999999999997, 77.50499999999997, 77.50499999999997, 77.50499999999997]

Execution 10:
Parametros: Y=0.998
Start Time (hh:mm:ss.ms) 2023-07-16 20:54:52.921250
generations	MaxGenenerations	Populationk1	Populationk	PopulationElite	PopulationMutant	fitnessElite	alpha	min   	max    	avg    	std     
0          	0               	0           	0          	0              	0               	0           	0    	83.205	87.7525	85.5173	0.782213
1          	99.1851         	998         	1000       	100            	200             	84.5692     	0.3  	82.8025	87.425 	84.9924	0.789974
2          	98.6406         	996         	998        	102            	198             	84.1799     	0.297	82.455 	87.78  	84.769 	0.886817
3          	98.2965         	994         	996        	103            	196             	84.0308     	0.295	82.3525	87.33  	84.6081	0.941398
4          	98.0859         	992         	994        	104            	194             	83.8153     	0.293	82.0525	87.1525	84.4714	1.0222  
6          	97.8407         	988         	990        	107            	191             	83.7477     	0.289	82.0525	88.005 	84.2068	1.06372 
7          	97.8607         	986         	988        	108            	189             	83.7653     	0.287	82.0525	87.5275	84.2058	1.11061 
8          	97.7672         	984         	986        	109            	187             	83.6166     	0.285	82.005 	87.7525	84.1228	1.12981 
9          	97.7547         	982         	984        	111            	185             	83.6352     	0.283	81.5275	87.4525	84.0501	1.17445 
11         	97.0834         	978         	980        	113            	181             	83.1201     	0.279	81.405 	87.6775	83.9036	1.22226 
12         	97.0249         	976         	978        	115            	179             	83.1445     	0.277	80.805 	87.2275	83.7861	1.23341 
21         	96.3242         	958         	960        	126            	162             	82.6007     	0.258	80.205 	87.2275	83.0529	1.45596 
27         	95.5033         	946         	948        	134            	151             	81.9226     	0.245	80.13  	87.48  	82.4453	1.68599 
28         	95.4675         	944         	946        	135            	149             	81.9193     	0.243	79.755 	87.705 	82.3454	1.69106 
34         	95.0012         	932         	934        	142            	138             	81.5122     	0.230	79.755 	87.3775	82.0953	1.78732 
36         	94.9817         	928         	930        	145            	135             	81.4568     	0.226	79.68  	87.555 	82.02  	1.8765  
38         	94.9028         	924         	926        	147            	131             	81.3785     	0.222	79.605 	87.35  	81.895 	1.85493 
41         	94.7281         	918         	920        	150            	126             	81.1731     	0.215	79.53  	86.975 	81.6889	1.84068 
44         	94.7759         	912         	914        	154            	121             	81.2192     	0.209	79.455 	87.7525	81.665 	1.89158 
46         	94.6438         	908         	910        	156            	117             	81.0784     	0.204	79.23  	87.1525	81.5547	1.86555 
48         	94.3669         	904         	906        	158            	114             	80.8531     	0.200	79.155 	87.8275	81.458 	1.92348 
50         	94.253          	900         	902        	161            	110             	80.732      	0.196	79.08  	87.5275	81.3931	1.93775 
51         	94.2254         	898         	900        	162            	109             	80.7177     	0.193	79.08  	87.575 	81.2727	1.89562 
53         	94.1547         	894         	896        	164            	105             	80.6101     	0.189	78.93  	87.8   	81.1698	1.96949 
55         	94.1032         	890         	892        	166            	102             	80.5781     	0.185	78.855 	87.405 	81.1576	2.03895 
57         	93.8446         	886         	888        	168            	98              	80.3133     	0.180	78.78  	86.9275	80.9536	2.02799 
59         	93.8628         	882         	884        	170            	95              	80.3183     	0.176	78.705 	87.65  	80.9069	2.03451 
61         	93.812          	878         	880        	173            	92              	80.2538     	0.172	78.555 	87.855 	80.756 	2.08403 
62         	93.6613         	876         	878        	174            	90              	80.1336     	0.169	78.405 	87.18  	80.6838	2.03559 
68         	93.3931         	864         	866        	180            	80              	79.8094     	0.156	78.255 	87.6775	80.43  	2.14241 
73         	93.1916         	854         	856        	185            	72              	79.5643     	0.145	78.18  	87.1525	80.1154	2.08283 
74         	93.0832         	852         	854        	186            	71              	79.4644     	0.143	78.105 	87.0025	79.9412	2.09315 
75         	92.966          	850         	852        	187            	69              	79.3578     	0.140	78.03  	87.78  	79.8717	2.0645  
76         	93.0214         	848         	850        	188            	68              	79.3828     	0.138	77.88  	87.4525	79.9691	2.08718 
82         	92.7678         	836         	838        	194            	58              	79.0707     	0.125	77.805 	87.6025	79.5703	2.11878 
83         	92.7202         	834         	836        	195            	57              	79.0113     	0.123	77.73  	88.08  	79.5851	2.09183 
85         	92.5891         	830         	832        	196            	54              	78.8737     	0.118	77.505 	87.3025	79.3959	1.99846 
End Time (hh:mm:ss.ms) 2023-07-16 20:55:09.312224
Total Time (hh:mm:ss.ms) 0:00:16.390974
Individuo: [[39, 0, 7, 38, 22, 23, 31, 37, 16, 24, 2, 32, 14, 33, 19, 17, 40, 36, 35, 9, 29, 15, 5, 4, 12, 3, 1, 30, 25, 28, 8, 26, 41, 6, 13, 10, 18, 11, 21, 20, 27, 34], [0, 0, 0, 1, 1, 1, 1, 0, 1, 0, 0, 1, 0, 0, 1, 1, 1, 1, 1, 1, 0, 1, 0, 1, 1, 1, 1, 0, 0, 0, 0, 1, 0, 0, 1, 1, 1, 1, 1, 1, 1, 1]]
Fitness:  77.50499999999995
Gens:  [0, 1, 2, 3, 4, 5, 6, 7, 8, 9, 10, 11, 12, 13, 14, 15, 16, 17, 18, 19, 20, 21, 22, 23, 24, 25, 26, 27, 28, 29, 30, 31, 32, 33, 34, 35, 36, 37, 38, 39, 40, 41, 42, 43, 44, 45, 46, 47, 48, 49, 50, 51, 52, 53, 54, 55, 56, 57, 58, 59, 60, 61, 62, 63, 64, 65, 66, 67, 68, 69, 70, 71, 72, 73, 74, 75, 76, 77, 78, 79, 80, 81, 82, 83, 84, 85, 86, 87, 88, 89, 90, 91, 92, 93]
Inds:  [83.20499999999998, 82.8025, 82.455, 82.35250000000002, 82.05250000000002, 82.05250000000002, 82.05250000000001, 82.0525, 82.00500000000001, 81.5275, 81.5275, 81.405, 80.80499999999998, 80.80499999999998, 80.80499999999998, 80.80499999999998, 80.80499999999998, 80.80499999999998, 80.80499999999998, 80.80499999999998, 80.80499999999998, 80.20499999999998, 80.20499999999998, 80.20499999999998, 80.20499999999998, 80.20499999999998, 80.20499999999998, 80.13, 79.75500000000001, 79.75500000000001, 79.75500000000001, 79.75500000000001, 79.75500000000001, 79.75500000000001, 79.75499999999998, 79.75499999999998, 79.67999999999998, 79.67999999999998, 79.60499999999999, 79.60499999999999, 79.60499999999999, 79.53, 79.53, 79.53, 79.45499999999998, 79.45499999999998, 79.23, 79.23, 79.15499999999997, 79.15499999999997, 79.08000000000001, 79.07999999999998, 79.07999999999998, 78.92999999999998, 78.92999999999998, 78.85499999999996, 78.85499999999996, 78.77999999999997, 78.77999999999997, 78.70499999999997, 78.70499999999997, 78.55499999999995, 78.40499999999997, 78.40499999999997, 78.40499999999997, 78.40499999999997, 78.40499999999997, 78.40499999999997, 78.25499999999997, 78.25499999999997, 78.25499999999997, 78.25499999999997, 78.25499999999997, 78.17999999999996, 78.10499999999998, 78.02999999999999, 77.87999999999997, 77.87999999999997, 77.87999999999997, 77.87999999999997, 77.87999999999997, 77.87999999999997, 77.80499999999996, 77.72999999999996, 77.72999999999996, 77.50499999999995, 77.50499999999995, 77.50499999999995, 77.50499999999995, 77.50499999999995, 77.50499999999995, 77.50499999999995, 77.50499999999995, 77.50499999999995]

