A-BRKGA-Heuristic:

Execution 1:
Parametros: Y=0.999
Start Time (hh:mm:ss.ms) 2023-07-16 19:51:08.990695
generations	MaxGenenerations	Populationk1	Populationk	PopulationElite	PopulationMutant	fitnessElite	alpha	min 	max 	avg 	std
0          	0               	0           	0          	0              	0               	0           	0    	33.5	33.5	33.5	0  
35         	34.6418         	999         	1000       	247            	753             	33.5        	0.103	33.5	33.5	33.5	0  
End Time (hh:mm:ss.ms) 2023-07-16 19:51:13.354108
Total Time (hh:mm:ss.ms) 0:00:04.363413
Individuo: [[3, 0, 6, 7, 2, 5, 4, 1], [0, 1, 1, 1, 0, 0, 0, 0]]
Fitness:  33.5
Gens:  [0, 1, 2, 3, 4, 5, 6, 7, 8, 9, 10, 11, 12, 13, 14, 15, 16, 17, 18, 19, 20, 21, 22, 23, 24, 25, 26, 27, 28, 29, 30, 31, 32, 33, 34, 35]
Inds:  [33.5, 33.5, 33.5, 33.5, 33.5, 33.5, 33.5, 33.5, 33.5, 33.5, 33.5, 33.5, 33.5, 33.5, 33.5, 33.5, 33.5, 33.5, 33.5, 33.5, 33.5, 33.5, 33.5, 33.5, 33.5, 33.5, 33.5, 33.5, 33.5, 33.5, 33.5, 33.5, 33.5, 33.5, 33.5, 33.5]

Execution 2:
Parametros: Y=0.999
Start Time (hh:mm:ss.ms) 2023-07-16 19:51:14.080100
generations	MaxGenenerations	Populationk1	Populationk	PopulationElite	PopulationMutant	fitnessElite	alpha	min 	max 	avg 	std
0          	0               	0           	0          	0              	0               	0           	0    	33.5	33.5	33.5	0  
35         	34.6418         	999         	1000       	247            	753             	33.5        	0.103	33.5	33.5	33.5	0  
End Time (hh:mm:ss.ms) 2023-07-16 19:51:18.587550
Total Time (hh:mm:ss.ms) 0:00:04.507450
Individuo: [[3, 0, 6, 7, 2, 5, 4, 1], [0, 1, 1, 1, 0, 0, 0, 0]]
Fitness:  33.5
Gens:  [0, 1, 2, 3, 4, 5, 6, 7, 8, 9, 10, 11, 12, 13, 14, 15, 16, 17, 18, 19, 20, 21, 22, 23, 24, 25, 26, 27, 28, 29, 30, 31, 32, 33, 34, 35]
Inds:  [33.5, 33.5, 33.5, 33.5, 33.5, 33.5, 33.5, 33.5, 33.5, 33.5, 33.5, 33.5, 33.5, 33.5, 33.5, 33.5, 33.5, 33.5, 33.5, 33.5, 33.5, 33.5, 33.5, 33.5, 33.5, 33.5, 33.5, 33.5, 33.5, 33.5, 33.5, 33.5, 33.5, 33.5, 33.5, 33.5]

Execution 3:
Parametros: Y=0.999
Start Time (hh:mm:ss.ms) 2023-07-16 19:51:19.226517
generations	MaxGenenerations	Populationk1	Populationk	PopulationElite	PopulationMutant	fitnessElite	alpha	min 	max 	avg 	std
0          	0               	0           	0          	0              	0               	0           	0    	33.5	33.5	33.5	0  
35         	34.6418         	999         	1000       	247            	753             	33.5        	0.103	33.5	33.5	33.5	0  
End Time (hh:mm:ss.ms) 2023-07-16 19:51:24.408443
Total Time (hh:mm:ss.ms) 0:00:05.181926
Individuo: [[1, 4, 5, 2, 7, 6, 0, 3], [1, 1, 1, 1, 0, 0, 0, 1]]
Fitness:  33.5
Gens:  [0, 1, 2, 3, 4, 5, 6, 7, 8, 9, 10, 11, 12, 13, 14, 15, 16, 17, 18, 19, 20, 21, 22, 23, 24, 25, 26, 27, 28, 29, 30, 31, 32, 33, 34, 35]
Inds:  [33.5, 33.5, 33.5, 33.5, 33.5, 33.5, 33.5, 33.5, 33.5, 33.5, 33.5, 33.5, 33.5, 33.5, 33.5, 33.5, 33.5, 33.5, 33.5, 33.5, 33.5, 33.5, 33.5, 33.5, 33.5, 33.5, 33.5, 33.5, 33.5, 33.5, 33.5, 33.5, 33.5, 33.5, 33.5, 33.5]

Execution 4:
Parametros: Y=0.999
Start Time (hh:mm:ss.ms) 2023-07-16 19:51:25.105474
generations	MaxGenenerations	Populationk1	Populationk	PopulationElite	PopulationMutant	fitnessElite	alpha	min 	max 	avg 	std
0          	0               	0           	0          	0              	0               	0           	0    	33.5	33.5	33.5	0  
35         	34.6418         	999         	1000       	247            	753             	33.5        	0.103	33.5	33.5	33.5	0  
End Time (hh:mm:ss.ms) 2023-07-16 19:51:29.921990
Total Time (hh:mm:ss.ms) 0:00:04.816516
Individuo: [[7, 6, 0, 3, 2, 1, 4, 5], [0, 0, 0, 1, 1, 1, 1, 1]]
Fitness:  33.5
Gens:  [0, 1, 2, 3, 4, 5, 6, 7, 8, 9, 10, 11, 12, 13, 14, 15, 16, 17, 18, 19, 20, 21, 22, 23, 24, 25, 26, 27, 28, 29, 30, 31, 32, 33, 34, 35]
Inds:  [33.5, 33.5, 33.5, 33.5, 33.5, 33.5, 33.5, 33.5, 33.5, 33.5, 33.5, 33.5, 33.5, 33.5, 33.5, 33.5, 33.5, 33.5, 33.5, 33.5, 33.5, 33.5, 33.5, 33.5, 33.5, 33.5, 33.5, 33.5, 33.5, 33.5, 33.5, 33.5, 33.5, 33.5, 33.5, 33.5]

Execution 5:
Parametros: Y=0.999
Start Time (hh:mm:ss.ms) 2023-07-16 19:51:30.594080
generations	MaxGenenerations	Populationk1	Populationk	PopulationElite	PopulationMutant	fitnessElite	alpha	min 	max 	avg 	std
0          	0               	0           	0          	0              	0               	0           	0    	33.5	33.5	33.5	0  
35         	34.6418         	999         	1000       	247            	753             	33.5        	0.103	33.5	33.5	33.5	0  
End Time (hh:mm:ss.ms) 2023-07-16 19:51:35.513925
Total Time (hh:mm:ss.ms) 0:00:04.919845
Individuo: [[2, 7, 6, 0, 3, 5, 4, 1], [1, 0, 0, 0, 1, 0, 0, 0]]
Fitness:  33.5
Gens:  [0, 1, 2, 3, 4, 5, 6, 7, 8, 9, 10, 11, 12, 13, 14, 15, 16, 17, 18, 19, 20, 21, 22, 23, 24, 25, 26, 27, 28, 29, 30, 31, 32, 33, 34, 35]
Inds:  [33.5, 33.5, 33.5, 33.5, 33.5, 33.5, 33.5, 33.5, 33.5, 33.5, 33.5, 33.5, 33.5, 33.5, 33.5, 33.5, 33.5, 33.5, 33.5, 33.5, 33.5, 33.5, 33.5, 33.5, 33.5, 33.5, 33.5, 33.5, 33.5, 33.5, 33.5, 33.5, 33.5, 33.5, 33.5, 33.5]

Execution 6:
Parametros: Y=0.999
Start Time (hh:mm:ss.ms) 2023-07-16 19:51:36.166606
generations	MaxGenenerations	Populationk1	Populationk	PopulationElite	PopulationMutant	fitnessElite	alpha	min 	max 	avg 	std
0          	0               	0           	0          	0              	0               	0           	0    	33.5	33.5	33.5	0  
35         	34.6418         	999         	1000       	247            	753             	33.5        	0.103	33.5	33.5	33.5	0  
End Time (hh:mm:ss.ms) 2023-07-16 19:51:40.971586
Total Time (hh:mm:ss.ms) 0:00:04.804980
Individuo: [[2, 5, 4, 1, 7, 6, 0, 3], [0, 0, 0, 0, 0, 0, 0, 1]]
Fitness:  33.5
Gens:  [0, 1, 2, 3, 4, 5, 6, 7, 8, 9, 10, 11, 12, 13, 14, 15, 16, 17, 18, 19, 20, 21, 22, 23, 24, 25, 26, 27, 28, 29, 30, 31, 32, 33, 34, 35]
Inds:  [33.5, 33.5, 33.5, 33.5, 33.5, 33.5, 33.5, 33.5, 33.5, 33.5, 33.5, 33.5, 33.5, 33.5, 33.5, 33.5, 33.5, 33.5, 33.5, 33.5, 33.5, 33.5, 33.5, 33.5, 33.5, 33.5, 33.5, 33.5, 33.5, 33.5, 33.5, 33.5, 33.5, 33.5, 33.5, 33.5]

Execution 7:
Parametros: Y=0.999
Start Time (hh:mm:ss.ms) 2023-07-16 19:51:41.683587
generations	MaxGenenerations	Populationk1	Populationk	PopulationElite	PopulationMutant	fitnessElite	alpha	min 	max 	avg 	std
0          	0               	0           	0          	0              	0               	0           	0    	33.5	33.5	33.5	0  
35         	34.6418         	999         	1000       	247            	753             	33.5        	0.103	33.5	33.5	33.5	0  
End Time (hh:mm:ss.ms) 2023-07-16 19:51:46.934856
Total Time (hh:mm:ss.ms) 0:00:05.251269
Individuo: [[2, 3, 0, 6, 7, 1, 4, 5], [0, 0, 1, 1, 1, 1, 1, 1]]
Fitness:  33.5
Gens:  [0, 1, 2, 3, 4, 5, 6, 7, 8, 9, 10, 11, 12, 13, 14, 15, 16, 17, 18, 19, 20, 21, 22, 23, 24, 25, 26, 27, 28, 29, 30, 31, 32, 33, 34, 35]
Inds:  [33.5, 33.5, 33.5, 33.5, 33.5, 33.5, 33.5, 33.5, 33.5, 33.5, 33.5, 33.5, 33.5, 33.5, 33.5, 33.5, 33.5, 33.5, 33.5, 33.5, 33.5, 33.5, 33.5, 33.5, 33.5, 33.5, 33.5, 33.5, 33.5, 33.5, 33.5, 33.5, 33.5, 33.5, 33.5, 33.5]

Execution 8:
Parametros: Y=0.999
Start Time (hh:mm:ss.ms) 2023-07-16 19:51:47.652883
generations	MaxGenenerations	Populationk1	Populationk	PopulationElite	PopulationMutant	fitnessElite	alpha	min 	max 	avg 	std
0          	0               	0           	0          	0              	0               	0           	0    	33.5	33.5	33.5	0  
35         	34.6418         	999         	1000       	247            	753             	33.5        	0.103	33.5	33.5	33.5	0  
End Time (hh:mm:ss.ms) 2023-07-16 19:51:52.788855
Total Time (hh:mm:ss.ms) 0:00:05.135972
Individuo: [[1, 4, 5, 3, 0, 6, 7, 2], [1, 1, 1, 0, 1, 1, 1, 0]]
Fitness:  33.5
Gens:  [0, 1, 2, 3, 4, 5, 6, 7, 8, 9, 10, 11, 12, 13, 14, 15, 16, 17, 18, 19, 20, 21, 22, 23, 24, 25, 26, 27, 28, 29, 30, 31, 32, 33, 34, 35]
Inds:  [33.5, 33.5, 33.5, 33.5, 33.5, 33.5, 33.5, 33.5, 33.5, 33.5, 33.5, 33.5, 33.5, 33.5, 33.5, 33.5, 33.5, 33.5, 33.5, 33.5, 33.5, 33.5, 33.5, 33.5, 33.5, 33.5, 33.5, 33.5, 33.5, 33.5, 33.5, 33.5, 33.5, 33.5, 33.5, 33.5]

Execution 9:
Parametros: Y=0.999
Start Time (hh:mm:ss.ms) 2023-07-16 19:51:53.617854
generations	MaxGenenerations	Populationk1	Populationk	PopulationElite	PopulationMutant	fitnessElite	alpha	min 	max 	avg 	std
0          	0               	0           	0          	0              	0               	0           	0    	33.5	33.5	33.5	0  
35         	34.6418         	999         	1000       	247            	753             	33.5        	0.103	33.5	33.5	33.5	0  
End Time (hh:mm:ss.ms) 2023-07-16 19:51:59.320525
Total Time (hh:mm:ss.ms) 0:00:05.702671
Individuo: [[5, 4, 1, 2, 3, 0, 6, 7], [0, 0, 0, 0, 0, 1, 1, 1]]
Fitness:  33.5
Gens:  [0, 1, 2, 3, 4, 5, 6, 7, 8, 9, 10, 11, 12, 13, 14, 15, 16, 17, 18, 19, 20, 21, 22, 23, 24, 25, 26, 27, 28, 29, 30, 31, 32, 33, 34, 35]
Inds:  [33.5, 33.5, 33.5, 33.5, 33.5, 33.5, 33.5, 33.5, 33.5, 33.5, 33.5, 33.5, 33.5, 33.5, 33.5, 33.5, 33.5, 33.5, 33.5, 33.5, 33.5, 33.5, 33.5, 33.5, 33.5, 33.5, 33.5, 33.5, 33.5, 33.5, 33.5, 33.5, 33.5, 33.5, 33.5, 33.5]

Execution 10:
Parametros: Y=0.999
Start Time (hh:mm:ss.ms) 2023-07-16 19:52:00.064488
generations	MaxGenenerations	Populationk1	Populationk	PopulationElite	PopulationMutant	fitnessElite	alpha	min 	max 	avg 	std
0          	0               	0           	0          	0              	0               	0           	0    	33.5	33.5	33.5	0  
35         	34.6418         	999         	1000       	247            	753             	33.5        	0.103	33.5	33.5	33.5	0  
End Time (hh:mm:ss.ms) 2023-07-16 19:52:05.528490
Total Time (hh:mm:ss.ms) 0:00:05.464002
Individuo: [[2, 7, 6, 0, 3, 5, 4, 1], [1, 0, 0, 0, 1, 0, 0, 0]]
Fitness:  33.5
Gens:  [0, 1, 2, 3, 4, 5, 6, 7, 8, 9, 10, 11, 12, 13, 14, 15, 16, 17, 18, 19, 20, 21, 22, 23, 24, 25, 26, 27, 28, 29, 30, 31, 32, 33, 34, 35]
Inds:  [33.5, 33.5, 33.5, 33.5, 33.5, 33.5, 33.5, 33.5, 33.5, 33.5, 33.5, 33.5, 33.5, 33.5, 33.5, 33.5, 33.5, 33.5, 33.5, 33.5, 33.5, 33.5, 33.5, 33.5, 33.5, 33.5, 33.5, 33.5, 33.5, 33.5, 33.5, 33.5, 33.5, 33.5, 33.5, 33.5]

