A-BRKGA-Heuristic:

Execution 1:
Parametros: Y=0.998
Start Time (hh:mm:ss.ms) 2023-07-16 20:08:32.371143
generations	MaxGenenerations	Populationk1	Populationk	PopulationElite	PopulationMutant	fitnessElite	alpha	min   	max  	avg    	std    
0          	0               	0           	0          	0              	0               	0           	0    	85.375	98.25	95.9304	1.98136
1          	103.933         	998         	1000       	100            	200             	89.2375     	0.3  	83.25 	99.75	89.5034	4.33962
6          	101.423         	988         	990        	107            	191             	87.7109     	0.290	82.625	99.125	88.0696	4.4698 
16         	100.686         	968         	970        	119            	172             	86.982      	0.270	82.5  	97.875	87.1264	4.59172
18         	100.509         	964         	966        	121            	169             	86.792      	0.266	82.375	98.625	86.9634	4.76805
21         	100.281         	958         	960        	125            	163             	86.5043     	0.260	82.25 	98.125	86.9281	4.71744
24         	100.129         	952         	954        	129            	158             	86.3149     	0.254	82.125	98    	86.7366	4.78392
36         	99.9019         	928         	930        	142            	137             	85.7464     	0.229	82    	99.125	86.1506	4.75336
41         	99.7998         	918         	920        	147            	129             	85.5449     	0.219	81.875	98.25 	85.9417	4.7433 
End Time (hh:mm:ss.ms) 2023-07-16 20:08:45.749139
Total Time (hh:mm:ss.ms) 0:00:13.377996
Individuo: [[12, 14, 6, 13, 0, 9, 7, 4, 15, 10, 3, 16, 19, 8, 18, 1, 5, 20, 11, 2, 17], [0, 1, 1, 1, 1, 1, 1, 1, 1, 1, 1, 1, 1, 1, 1, 1, 1, 1, 0, 1, 0]]
Fitness:  81.875
Gens:  [0, 1, 2, 3, 4, 5, 6, 7, 8, 9, 10, 11, 12, 13, 14, 15, 16, 17, 18, 19, 20, 21, 22, 23, 24, 25, 26, 27, 28, 29, 30, 31, 32, 33, 34, 35, 36, 37, 38, 39, 40, 41, 42, 43, 44, 45, 46, 47, 48, 49, 50, 51, 52, 53, 54, 55, 56, 57, 58, 59, 60, 61, 62, 63, 64, 65, 66, 67, 68, 69, 70, 71, 72, 73, 74, 75, 76, 77, 78, 79, 80, 81, 82, 83, 84, 85, 86, 87, 88, 89, 90, 91, 92, 93, 94, 95, 96, 97, 98, 99, 100]
Inds:  [85.375, 83.25, 83.25, 83.25, 83.25, 83.25, 82.625, 82.625, 82.625, 82.625, 82.625, 82.625, 82.625, 82.625, 82.625, 82.625, 82.5, 82.5, 82.375, 82.375, 82.375, 82.25, 82.25, 82.25, 82.125, 82.125, 82.125, 82.125, 82.125, 82.125, 82.125, 82.125, 82.125, 82.125, 82.125, 82.125, 82.0, 82.0, 82.0, 82.0, 82.0, 81.875, 81.875, 81.875, 81.875, 81.875, 81.875, 81.875, 81.875, 81.875, 81.875, 81.875, 81.875, 81.875, 81.875, 81.875, 81.875, 81.875, 81.875, 81.875, 81.875, 81.875, 81.875, 81.875, 81.875, 81.875, 81.875, 81.875, 81.875, 81.875, 81.875, 81.875, 81.875, 81.875, 81.875, 81.875, 81.875, 81.875, 81.875, 81.875, 81.875, 81.875, 81.875, 81.875, 81.875, 81.875, 81.875, 81.875, 81.875, 81.875, 81.875, 81.875, 81.875, 81.875, 81.875, 81.875, 81.875, 81.875, 81.875, 81.875, 81.875]

Execution 2:
Parametros: Y=0.998
Start Time (hh:mm:ss.ms) 2023-07-16 20:08:46.438131
generations	MaxGenenerations	Populationk1	Populationk	PopulationElite	PopulationMutant	fitnessElite	alpha	min   	max	avg   	std    
0          	0               	0           	0          	0              	0               	0           	0    	85.875	99 	95.909	1.96642
1          	104.699         	998         	1000       	100            	200             	89.8125     	0.3  	83    	98.5	89.4981	4.39566
14         	101.093         	972         	974        	116            	176             	87.2514     	0.274	82.875	98.75 	87.5932	4.55444
15         	100.991         	970         	972        	118            	174             	87.1974     	0.272	82.75 	98.75 	87.4875	4.66834
17         	100.637         	966         	968        	120            	171             	86.773      	0.268	82.375	99.5  	87.3168	4.73605
22         	100.331         	956         	958        	126            	162             	86.5375     	0.258	82.25 	98.375	87.0724	4.80695
27         	100.179         	946         	948        	132            	153             	86.2815     	0.248	82.125	97.875	86.3474	4.82766
30         	99.8769         	940         	942        	135            	148             	85.9051     	0.241	82    	99.375	86.2856	4.93714
57         	99.7498         	886         	888        	164            	103             	84.98       	0.187	81.875	98    	85.4821	4.60458
End Time (hh:mm:ss.ms) 2023-07-16 20:09:00.057131
Total Time (hh:mm:ss.ms) 0:00:13.619000
Individuo: [[12, 14, 6, 13, 0, 9, 7, 4, 8, 18, 1, 5, 3, 16, 19, 15, 10, 20, 11, 2, 17], [0, 1, 1, 1, 1, 1, 1, 1, 1, 1, 1, 1, 1, 1, 1, 1, 1, 1, 0, 1, 0]]
Fitness:  81.875
Gens:  [0, 1, 2, 3, 4, 5, 6, 7, 8, 9, 10, 11, 12, 13, 14, 15, 16, 17, 18, 19, 20, 21, 22, 23, 24, 25, 26, 27, 28, 29, 30, 31, 32, 33, 34, 35, 36, 37, 38, 39, 40, 41, 42, 43, 44, 45, 46, 47, 48, 49, 50, 51, 52, 53, 54, 55, 56, 57, 58, 59, 60, 61, 62, 63, 64, 65, 66, 67, 68, 69, 70, 71, 72, 73, 74, 75, 76, 77, 78, 79, 80, 81, 82, 83, 84, 85, 86, 87, 88, 89, 90, 91, 92, 93, 94, 95, 96, 97, 98, 99, 100]
Inds:  [85.875, 83.0, 83.0, 83.0, 83.0, 83.0, 83.0, 83.0, 83.0, 83.0, 83.0, 83.0, 83.0, 83.0, 82.875, 82.75, 82.75, 82.375, 82.375, 82.375, 82.375, 82.375, 82.25, 82.25, 82.25, 82.25, 82.25, 82.125, 82.125, 82.125, 82.0, 82.0, 82.0, 82.0, 82.0, 82.0, 82.0, 82.0, 82.0, 82.0, 82.0, 82.0, 82.0, 82.0, 82.0, 82.0, 82.0, 82.0, 82.0, 82.0, 82.0, 82.0, 82.0, 82.0, 82.0, 82.0, 82.0, 81.875, 81.875, 81.875, 81.875, 81.875, 81.875, 81.875, 81.875, 81.875, 81.875, 81.875, 81.875, 81.875, 81.875, 81.875, 81.875, 81.875, 81.875, 81.875, 81.875, 81.875, 81.875, 81.875, 81.875, 81.875, 81.875, 81.875, 81.875, 81.875, 81.875, 81.875, 81.875, 81.875, 81.875, 81.875, 81.875, 81.875, 81.875, 81.875, 81.875, 81.875, 81.875, 81.875, 81.875]

Execution 3:
Parametros: Y=0.998
Start Time (hh:mm:ss.ms) 2023-07-16 20:09:00.783133
generations	MaxGenenerations	Populationk1	Populationk	PopulationElite	PopulationMutant	fitnessElite	alpha	min   	max   	avg    	std    
0          	0               	0           	0          	0              	0               	0           	0    	85.875	98.625	96.0769	1.80109
1          	104.621         	998         	1000       	100            	200             	89.7        	0.3  	83.125	98.875	89.5283	4.39705
16         	101.372         	968         	970        	119            	173             	87.4515     	0.270	82.75 	99.125	87.8338	4.45261
30         	100.713         	940         	942        	135            	148             	86.4771     	0.242	82.625	97.875 	86.9721	4.57975
34         	100.586         	932         	934        	140            	141             	86.2873     	0.234	82.5  	98.25  	86.7487	4.58952
39         	100.459         	922         	924        	145            	133             	86.0615     	0.224	82.375	98.375 	86.2996	4.54217
47         	100.206         	906         	908        	153            	119             	85.6019     	0.208	82.25 	98.125 	85.9009	4.48679
82         	99.9538         	836         	838        	186            	66              	84.3361     	0.137	82    	97.375 	84.6216	3.90407
End Time (hh:mm:ss.ms) 2023-07-16 20:09:14.602132
Total Time (hh:mm:ss.ms) 0:00:13.818999
Individuo: [[17, 7, 9, 8, 4, 20, 11, 16, 13, 1, 5, 3, 0, 2, 14, 6, 19, 15, 10, 18, 12], [1, 0, 0, 0, 0, 1, 0, 0, 0, 1, 1, 1, 1, 1, 1, 1, 1, 1, 1, 0, 1]]
Fitness:  82.0
Gens:  [0, 1, 2, 3, 4, 5, 6, 7, 8, 9, 10, 11, 12, 13, 14, 15, 16, 17, 18, 19, 20, 21, 22, 23, 24, 25, 26, 27, 28, 29, 30, 31, 32, 33, 34, 35, 36, 37, 38, 39, 40, 41, 42, 43, 44, 45, 46, 47, 48, 49, 50, 51, 52, 53, 54, 55, 56, 57, 58, 59, 60, 61, 62, 63, 64, 65, 66, 67, 68, 69, 70, 71, 72, 73, 74, 75, 76, 77, 78, 79, 80, 81, 82, 83, 84, 85, 86, 87, 88, 89, 90, 91, 92, 93, 94, 95, 96, 97, 98, 99, 100]
Inds:  [85.875, 83.125, 83.125, 83.125, 83.125, 83.125, 83.125, 83.125, 83.125, 83.125, 83.125, 83.125, 83.125, 83.125, 83.125, 83.125, 82.75, 82.75, 82.75, 82.75, 82.75, 82.75, 82.75, 82.75, 82.75, 82.75, 82.75, 82.75, 82.75, 82.75, 82.625, 82.625, 82.625, 82.625, 82.5, 82.5, 82.5, 82.5, 82.5, 82.375, 82.375, 82.375, 82.375, 82.375, 82.375, 82.375, 82.375, 82.25, 82.25, 82.25, 82.25, 82.25, 82.25, 82.25, 82.25, 82.25, 82.25, 82.25, 82.25, 82.25, 82.25, 82.25, 82.25, 82.25, 82.25, 82.25, 82.25, 82.25, 82.25, 82.25, 82.25, 82.25, 82.25, 82.25, 82.25, 82.25, 82.25, 82.25, 82.25, 82.25, 82.25, 82.25, 82.0, 82.0, 82.0, 82.0, 82.0, 82.0, 82.0, 82.0, 82.0, 82.0, 82.0, 82.0, 82.0, 82.0, 82.0, 82.0, 82.0, 82.0, 82.0]

Execution 4:
Parametros: Y=0.998
Start Time (hh:mm:ss.ms) 2023-07-16 20:09:15.268129
generations	MaxGenenerations	Populationk1	Populationk	PopulationElite	PopulationMutant	fitnessElite	alpha	min   	max  	avg    	std    
0          	0               	0           	0          	0              	0               	0           	0    	85.625	98.25	95.8835	2.04049
1          	104.238         	998         	1000       	100            	200             	89.4125     	0.3  	82.75 	100.625	89.6459	4.34134
16         	101.243         	968         	970        	119            	173             	87.6166     	0.270	82.5  	97.75  	87.5101	4.68221
21         	100.408         	958         	960        	125            	163             	86.565      	0.260	82.375	98.25  	86.9081	4.69871
24         	100.306         	952         	954        	128            	158             	86.4412     	0.254	82.25 	99.25  	86.7551	4.7922 
26         	100.004         	948         	950        	131            	155             	86.0938     	0.250	82.125	98     	86.5547	4.76743
End Time (hh:mm:ss.ms) 2023-07-16 20:09:28.501132
Total Time (hh:mm:ss.ms) 0:00:13.233003
Individuo: [[7, 9, 8, 4, 17, 12, 14, 6, 1, 5, 3, 0, 19, 10, 15, 20, 11, 2, 18, 13, 16], [0, 0, 0, 0, 0, 0, 1, 1, 1, 1, 1, 1, 0, 0, 0, 1, 0, 1, 1, 1, 1]]
Fitness:  82.125
Gens:  [0, 1, 2, 3, 4, 5, 6, 7, 8, 9, 10, 11, 12, 13, 14, 15, 16, 17, 18, 19, 20, 21, 22, 23, 24, 25, 26, 27, 28, 29, 30, 31, 32, 33, 34, 35, 36, 37, 38, 39, 40, 41, 42, 43, 44, 45, 46, 47, 48, 49, 50, 51, 52, 53, 54, 55, 56, 57, 58, 59, 60, 61, 62, 63, 64, 65, 66, 67, 68, 69, 70, 71, 72, 73, 74, 75, 76, 77, 78, 79, 80, 81, 82, 83, 84, 85, 86, 87, 88, 89, 90, 91, 92, 93, 94, 95, 96, 97, 98, 99, 100]
Inds:  [85.625, 82.75, 82.75, 82.75, 82.75, 82.75, 82.75, 82.75, 82.75, 82.75, 82.75, 82.75, 82.75, 82.75, 82.75, 82.75, 82.5, 82.5, 82.5, 82.5, 82.5, 82.375, 82.375, 82.375, 82.25, 82.25, 82.125, 82.125, 82.125, 82.125, 82.125, 82.125, 82.125, 82.125, 82.125, 82.125, 82.125, 82.125, 82.125, 82.125, 82.125, 82.125, 82.125, 82.125, 82.125, 82.125, 82.125, 82.125, 82.125, 82.125, 82.125, 82.125, 82.125, 82.125, 82.125, 82.125, 82.125, 82.125, 82.125, 82.125, 82.125, 82.125, 82.125, 82.125, 82.125, 82.125, 82.125, 82.125, 82.125, 82.125, 82.125, 82.125, 82.125, 82.125, 82.125, 82.125, 82.125, 82.125, 82.125, 82.125, 82.125, 82.125, 82.125, 82.125, 82.125, 82.125, 82.125, 82.125, 82.125, 82.125, 82.125, 82.125, 82.125, 82.125, 82.125, 82.125, 82.125, 82.125, 82.125, 82.125, 82.125]

Execution 5:
Parametros: Y=0.998
Start Time (hh:mm:ss.ms) 2023-07-16 20:09:29.179169
generations	MaxGenenerations	Populationk1	Populationk	PopulationElite	PopulationMutant	fitnessElite	alpha	min   	max   	avg    	std    
0          	0               	0           	0          	0              	0               	0           	0    	85.875	98.875	95.9474	1.96907
1          	104.673         	998         	1000       	100            	200             	89.775      	0.3  	83.125	100.125	89.5287	4.35496
3          	101.753         	994         	996        	103            	196             	88.4172     	0.296	82.75 	98.375 	88.4813	4.50161
21         	101.142         	958         	960        	125            	164             	87.3079     	0.260	82.625	97.75  	87.2918	4.46327
24         	100.56          	952         	954        	128            	158             	86.566      	0.254	82.375	98.25  	87.0515	4.55763
31         	100.256         	938         	940        	136            	146             	86.1574     	0.240	82.25 	98.125 	86.4956	4.55521
End Time (hh:mm:ss.ms) 2023-07-16 20:09:42.698131
Total Time (hh:mm:ss.ms) 0:00:13.518962
Individuo: [[9, 8, 7, 4, 15, 10, 5, 1, 6, 14, 12, 17, 18, 13, 0, 19, 3, 16, 20, 11, 2], [0, 0, 1, 1, 1, 1, 0, 0, 0, 0, 1, 1, 1, 1, 1, 0, 1, 1, 1, 0, 1]]
Fitness:  82.25
Gens:  [0, 1, 2, 3, 4, 5, 6, 7, 8, 9, 10, 11, 12, 13, 14, 15, 16, 17, 18, 19, 20, 21, 22, 23, 24, 25, 26, 27, 28, 29, 30, 31, 32, 33, 34, 35, 36, 37, 38, 39, 40, 41, 42, 43, 44, 45, 46, 47, 48, 49, 50, 51, 52, 53, 54, 55, 56, 57, 58, 59, 60, 61, 62, 63, 64, 65, 66, 67, 68, 69, 70, 71, 72, 73, 74, 75, 76, 77, 78, 79, 80, 81, 82, 83, 84, 85, 86, 87, 88, 89, 90, 91, 92, 93, 94, 95, 96, 97, 98, 99, 100]
Inds:  [85.875, 83.125, 83.125, 82.75, 82.75, 82.75, 82.75, 82.75, 82.75, 82.75, 82.75, 82.75, 82.75, 82.75, 82.75, 82.75, 82.75, 82.75, 82.75, 82.75, 82.75, 82.625, 82.625, 82.625, 82.375, 82.375, 82.375, 82.375, 82.375, 82.375, 82.375, 82.25, 82.25, 82.25, 82.25, 82.25, 82.25, 82.25, 82.25, 82.25, 82.25, 82.25, 82.25, 82.25, 82.25, 82.25, 82.25, 82.25, 82.25, 82.25, 82.25, 82.25, 82.25, 82.25, 82.25, 82.25, 82.25, 82.25, 82.25, 82.25, 82.25, 82.25, 82.25, 82.25, 82.25, 82.25, 82.25, 82.25, 82.25, 82.25, 82.25, 82.25, 82.25, 82.25, 82.25, 82.25, 82.25, 82.25, 82.25, 82.25, 82.25, 82.25, 82.25, 82.25, 82.25, 82.25, 82.25, 82.25, 82.25, 82.25, 82.25, 82.25, 82.25, 82.25, 82.25, 82.25, 82.25, 82.25, 82.25, 82.25, 82.25]

Execution 6:
Parametros: Y=0.998
Start Time (hh:mm:ss.ms) 2023-07-16 20:09:43.512131
generations	MaxGenenerations	Populationk1	Populationk	PopulationElite	PopulationMutant	fitnessElite	alpha	min	max  	avg    	std    
0          	0               	0           	0          	0              	0               	0           	0    	86 	98.75	95.8828	2.01918
1          	104.799         	998         	1000       	100            	200             	89.825      	0.3  	83.375	100.125	89.5933	4.30317
4          	101.499         	992         	994        	104            	195             	87.7496     	0.294	83.25 	98.625 	88.2329	4.4593 
8          	101.473         	984         	986        	109            	187             	87.7219     	0.286	82.625	99.875 	88.1217	4.59128
16         	100.586         	968         	970        	119            	172             	86.8465     	0.270	82.375	98.75  	87.355 	4.59941
21         	100.583         	958         	960        	125            	164             	86.8965     	0.260	82.25 	100    	87.1271	4.85541
26         	100.179         	948         	950        	131            	155             	86.314      	0.250	82.125	99.875 	86.6112	4.90171
32         	99.9769         	936         	938        	138            	144             	85.9625     	0.237	82    	97.875 	86.4683	4.87883
End Time (hh:mm:ss.ms) 2023-07-16 20:09:56.560131
Total Time (hh:mm:ss.ms) 0:00:13.048000
Individuo: [[12, 19, 20, 11, 2, 14, 6, 1, 5, 3, 0, 8, 4, 7, 9, 15, 10, 18, 13, 16, 17], [0, 1, 1, 0, 1, 1, 1, 1, 1, 1, 1, 0, 0, 0, 0, 1, 1, 1, 1, 1, 0]]
Fitness:  82.0
Gens:  [0, 1, 2, 3, 4, 5, 6, 7, 8, 9, 10, 11, 12, 13, 14, 15, 16, 17, 18, 19, 20, 21, 22, 23, 24, 25, 26, 27, 28, 29, 30, 31, 32, 33, 34, 35, 36, 37, 38, 39, 40, 41, 42, 43, 44, 45, 46, 47, 48, 49, 50, 51, 52, 53, 54, 55, 56, 57, 58, 59, 60, 61, 62, 63, 64, 65, 66, 67, 68, 69, 70, 71, 72, 73, 74, 75, 76, 77, 78, 79, 80, 81, 82, 83, 84, 85, 86, 87, 88, 89, 90, 91, 92, 93, 94, 95, 96, 97, 98, 99, 100, 101]
Inds:  [86.0, 83.375, 83.375, 83.375, 83.25, 83.25, 83.25, 83.25, 82.625, 82.625, 82.625, 82.625, 82.625, 82.625, 82.625, 82.625, 82.375, 82.375, 82.375, 82.375, 82.375, 82.25, 82.25, 82.25, 82.25, 82.25, 82.125, 82.125, 82.125, 82.125, 82.125, 82.125, 82.0, 82.0, 82.0, 82.0, 82.0, 82.0, 82.0, 82.0, 82.0, 82.0, 82.0, 82.0, 82.0, 82.0, 82.0, 82.0, 82.0, 82.0, 82.0, 82.0, 82.0, 82.0, 82.0, 82.0, 82.0, 82.0, 82.0, 82.0, 82.0, 82.0, 82.0, 82.0, 82.0, 82.0, 82.0, 82.0, 82.0, 82.0, 82.0, 82.0, 82.0, 82.0, 82.0, 82.0, 82.0, 82.0, 82.0, 82.0, 82.0, 82.0, 82.0, 82.0, 82.0, 82.0, 82.0, 82.0, 82.0, 82.0, 82.0, 82.0, 82.0, 82.0, 82.0, 82.0, 82.0, 82.0, 82.0, 82.0, 82.0, 82.0]

Execution 7:
Parametros: Y=0.998
Start Time (hh:mm:ss.ms) 2023-07-16 20:09:57.283130
generations	MaxGenenerations	Populationk1	Populationk	PopulationElite	PopulationMutant	fitnessElite	alpha	min   	max 	avg    	std    
0          	0               	0           	0          	0              	0               	0           	0    	84.125	98.5	95.9439	2.11088
1          	102.463         	998         	1000       	100            	200             	88.4375     	0.3  	83.375	98.75	89.2356	4.30997
5          	101.422         	990         	992        	105            	193             	87.6106     	0.292	83.25 	100.375	87.9787	4.43998
6          	101.779         	988         	990        	107            	191             	88.2192     	0.290	83.125	98     	87.9795	4.42997
8          	101.194         	984         	986        	109            	187             	87.4532     	0.286	83    	99     	87.85  	4.46298
11         	101.295         	978         	980        	113            	182             	87.6242     	0.280	82.625	98     	87.8418	4.54234
24         	100.51          	952         	954        	128            	158             	86.5021     	0.254	82.375	98.125 	87.0201	4.63797
31         	100.507         	938         	940        	136            	146             	86.4601     	0.240	82.25 	100    	86.4848	4.65042
40         	100.054         	920         	922        	146            	131             	85.7194     	0.222	82    	97.75  	86.0473	4.64093
End Time (hh:mm:ss.ms) 2023-07-16 20:10:09.929132
Total Time (hh:mm:ss.ms) 0:00:12.646002
Individuo: [[17, 7, 9, 4, 8, 0, 3, 5, 1, 6, 14, 12, 18, 13, 16, 2, 19, 15, 10, 20, 11], [1, 0, 0, 1, 1, 0, 0, 0, 0, 0, 0, 1, 1, 1, 1, 1, 1, 1, 1, 1, 0]]
Fitness:  82.0
Gens:  [0, 1, 2, 3, 4, 5, 6, 7, 8, 9, 10, 11, 12, 13, 14, 15, 16, 17, 18, 19, 20, 21, 22, 23, 24, 25, 26, 27, 28, 29, 30, 31, 32, 33, 34, 35, 36, 37, 38, 39, 40, 41, 42, 43, 44, 45, 46, 47, 48, 49, 50, 51, 52, 53, 54, 55, 56, 57, 58, 59, 60, 61, 62, 63, 64, 65, 66, 67, 68, 69, 70, 71, 72, 73, 74, 75, 76, 77, 78, 79, 80, 81, 82, 83, 84, 85, 86, 87, 88, 89, 90, 91, 92, 93, 94, 95, 96, 97, 98, 99, 100]
Inds:  [84.125, 83.375, 83.375, 83.375, 83.375, 83.25, 83.125, 83.125, 83.0, 83.0, 83.0, 82.625, 82.625, 82.625, 82.625, 82.625, 82.625, 82.625, 82.625, 82.625, 82.625, 82.625, 82.625, 82.625, 82.375, 82.375, 82.375, 82.375, 82.375, 82.375, 82.375, 82.25, 82.25, 82.25, 82.25, 82.25, 82.25, 82.25, 82.25, 82.25, 82.0, 82.0, 82.0, 82.0, 82.0, 82.0, 82.0, 82.0, 82.0, 82.0, 82.0, 82.0, 82.0, 82.0, 82.0, 82.0, 82.0, 82.0, 82.0, 82.0, 82.0, 82.0, 82.0, 82.0, 82.0, 82.0, 82.0, 82.0, 82.0, 82.0, 82.0, 82.0, 82.0, 82.0, 82.0, 82.0, 82.0, 82.0, 82.0, 82.0, 82.0, 82.0, 82.0, 82.0, 82.0, 82.0, 82.0, 82.0, 82.0, 82.0, 82.0, 82.0, 82.0, 82.0, 82.0, 82.0, 82.0, 82.0, 82.0, 82.0, 82.0]

Execution 8:
Parametros: Y=0.998
Start Time (hh:mm:ss.ms) 2023-07-16 20:10:10.597169
generations	MaxGenenerations	Populationk1	Populationk	PopulationElite	PopulationMutant	fitnessElite	alpha	min	max 	avg    	std    
0          	0               	0           	0          	0              	0               	0           	0    	83 	98.5	95.9025	2.01878
2          	101.143         	996         	998        	102            	198             	87.6939     	0.298	82.5	98.625	88.1677	4.44879
17         	101.216         	966         	968        	120            	171             	87.767      	0.268	82.375	99.375 	87.358 	4.76538
19         	100.231         	962         	964        	123            	167             	86.5013     	0.264	82    	98.5   	87.0095	4.7869 
25         	99.8247         	950         	952        	130            	156             	86.0936     	0.251	81.875	98     	86.5218	4.74671
26         	99.6227         	948         	950        	131            	154             	85.9032     	0.249	81.75 	98.75  	86.4479	4.8531 
End Time (hh:mm:ss.ms) 2023-07-16 20:10:23.255131
Total Time (hh:mm:ss.ms) 0:00:12.657962
Individuo: [[12, 14, 6, 13, 0, 9, 7, 4, 8, 20, 11, 2, 18, 1, 5, 3, 16, 19, 10, 15, 17], [0, 1, 1, 1, 1, 1, 1, 1, 1, 1, 0, 1, 1, 1, 1, 1, 1, 0, 0, 0, 0]]
Fitness:  81.75
Gens:  [0, 1, 2, 3, 4, 5, 6, 7, 8, 9, 10, 11, 12, 13, 14, 15, 16, 17, 18, 19, 20, 21, 22, 23, 24, 25, 26, 27, 28, 29, 30, 31, 32, 33, 34, 35, 36, 37, 38, 39, 40, 41, 42, 43, 44, 45, 46, 47, 48, 49, 50, 51, 52, 53, 54, 55, 56, 57, 58, 59, 60, 61, 62, 63, 64, 65, 66, 67, 68, 69, 70, 71, 72, 73, 74, 75, 76, 77, 78, 79, 80, 81, 82, 83, 84, 85, 86, 87, 88, 89, 90, 91, 92, 93, 94, 95, 96, 97, 98, 99, 100]
Inds:  [83.0, 83.0, 82.5, 82.5, 82.5, 82.5, 82.5, 82.5, 82.5, 82.5, 82.5, 82.5, 82.5, 82.5, 82.5, 82.5, 82.5, 82.375, 82.375, 82.0, 82.0, 82.0, 82.0, 82.0, 82.0, 81.875, 81.75, 81.75, 81.75, 81.75, 81.75, 81.75, 81.75, 81.75, 81.75, 81.75, 81.75, 81.75, 81.75, 81.75, 81.75, 81.75, 81.75, 81.75, 81.75, 81.75, 81.75, 81.75, 81.75, 81.75, 81.75, 81.75, 81.75, 81.75, 81.75, 81.75, 81.75, 81.75, 81.75, 81.75, 81.75, 81.75, 81.75, 81.75, 81.75, 81.75, 81.75, 81.75, 81.75, 81.75, 81.75, 81.75, 81.75, 81.75, 81.75, 81.75, 81.75, 81.75, 81.75, 81.75, 81.75, 81.75, 81.75, 81.75, 81.75, 81.75, 81.75, 81.75, 81.75, 81.75, 81.75, 81.75, 81.75, 81.75, 81.75, 81.75, 81.75, 81.75, 81.75, 81.75, 81.75]

Execution 9:
Parametros: Y=0.998
Start Time (hh:mm:ss.ms) 2023-07-16 20:10:23.928130
generations	MaxGenenerations	Populationk1	Populationk	PopulationElite	PopulationMutant	fitnessElite	alpha	min   	max   	avg    	std    
0          	0               	0           	0          	0              	0               	0           	0    	85.375	98.125	95.9414	1.90771
1          	103.907         	998         	1000       	100            	200             	89.2        	0.3  	82.875	101.125	89.3347	4.41512
13         	100.991         	974         	976        	115            	178             	87.2602     	0.276	82.75 	98.5   	87.5918	4.5492 
20         	100.738         	960         	962        	124            	165             	86.8153     	0.262	82.5  	98.125 	87.0366	4.66637
24         	100.358         	952         	954        	128            	158             	86.4078     	0.254	82.375	97.875 	86.6762	4.71185
25         	100.206         	950         	952        	130            	156             	86.2825     	0.252	82.25 	99.5   	86.6799	4.74453
30         	100.104         	940         	942        	135            	148             	86.0927     	0.242	82.125	99     	86.2858	4.73349
34         	100.102         	932         	934        	140            	141             	86.0456     	0.234	82    	97.625 	86.1734	4.72306
37         	99.9247         	926         	928        	143            	136             	85.8181     	0.227	81.875	97.875 	85.8063	4.60505
End Time (hh:mm:ss.ms) 2023-07-16 20:10:36.814131
Total Time (hh:mm:ss.ms) 0:00:12.886001
Individuo: [[12, 14, 6, 1, 5, 10, 15, 8, 9, 7, 4, 18, 16, 13, 19, 3, 0, 20, 11, 2, 17], [0, 1, 1, 1, 1, 0, 0, 1, 1, 1, 1, 0, 0, 0, 0, 1, 1, 1, 0, 1, 0]]
Fitness:  81.875
Gens:  [0, 1, 2, 3, 4, 5, 6, 7, 8, 9, 10, 11, 12, 13, 14, 15, 16, 17, 18, 19, 20, 21, 22, 23, 24, 25, 26, 27, 28, 29, 30, 31, 32, 33, 34, 35, 36, 37, 38, 39, 40, 41, 42, 43, 44, 45, 46, 47, 48, 49, 50, 51, 52, 53, 54, 55, 56, 57, 58, 59, 60, 61, 62, 63, 64, 65, 66, 67, 68, 69, 70, 71, 72, 73, 74, 75, 76, 77, 78, 79, 80, 81, 82, 83, 84, 85, 86, 87, 88, 89, 90, 91, 92, 93, 94, 95, 96, 97, 98, 99, 100]
Inds:  [85.375, 82.875, 82.875, 82.875, 82.875, 82.875, 82.875, 82.875, 82.875, 82.875, 82.875, 82.875, 82.875, 82.75, 82.75, 82.75, 82.75, 82.75, 82.75, 82.75, 82.5, 82.5, 82.5, 82.5, 82.375, 82.25, 82.25, 82.25, 82.25, 82.25, 82.125, 82.125, 82.125, 82.125, 82.0, 82.0, 82.0, 81.875, 81.875, 81.875, 81.875, 81.875, 81.875, 81.875, 81.875, 81.875, 81.875, 81.875, 81.875, 81.875, 81.875, 81.875, 81.875, 81.875, 81.875, 81.875, 81.875, 81.875, 81.875, 81.875, 81.875, 81.875, 81.875, 81.875, 81.875, 81.875, 81.875, 81.875, 81.875, 81.875, 81.875, 81.875, 81.875, 81.875, 81.875, 81.875, 81.875, 81.875, 81.875, 81.875, 81.875, 81.875, 81.875, 81.875, 81.875, 81.875, 81.875, 81.875, 81.875, 81.875, 81.875, 81.875, 81.875, 81.875, 81.875, 81.875, 81.875, 81.875, 81.875, 81.875, 81.875]

Execution 10:
Parametros: Y=0.998
Start Time (hh:mm:ss.ms) 2023-07-16 20:10:37.475159
generations	MaxGenenerations	Populationk1	Populationk	PopulationElite	PopulationMutant	fitnessElite	alpha	min   	max  	avg    	std    
0          	0               	0           	0          	0              	0               	0           	0    	85.625	98.25	95.9333	1.97894
1          	104.238         	998         	1000       	100            	200             	89.4125     	0.3  	83.125	101  	89.8731	4.35581
3          	101.549         	994         	996        	103            	196             	88.121      	0.296	82.75 	101.25	88.1485	4.46063
13         	100.713         	974         	976        	115            	178             	86.9961     	0.276	82.625	98.25  	87.573 	4.57114
15         	100.56          	970         	972        	118            	174             	86.8434     	0.272	82.375	98.125 	87.4003	4.53509
29         	100.306         	942         	944        	134            	149             	86.2817     	0.244	82.25 	98     	86.382 	4.82016
38         	100.129         	924         	926        	144            	134             	85.8675     	0.226	82.125	98.125 	86.2665	4.68288
40         	100.052         	920         	922        	146            	131             	85.7887     	0.222	82    	98     	86.1197	4.69782
End Time (hh:mm:ss.ms) 2023-07-16 20:10:50.429130
Total Time (hh:mm:ss.ms) 0:00:12.953971
Individuo: [[12, 14, 6, 1, 19, 15, 10, 5, 3, 0, 9, 7, 4, 8, 18, 13, 16, 20, 11, 2, 17], [0, 1, 1, 1, 1, 1, 1, 1, 1, 1, 1, 1, 1, 1, 1, 1, 1, 1, 0, 1, 0]]
Fitness:  82.0
Gens:  [0, 1, 2, 3, 4, 5, 6, 7, 8, 9, 10, 11, 12, 13, 14, 15, 16, 17, 18, 19, 20, 21, 22, 23, 24, 25, 26, 27, 28, 29, 30, 31, 32, 33, 34, 35, 36, 37, 38, 39, 40, 41, 42, 43, 44, 45, 46, 47, 48, 49, 50, 51, 52, 53, 54, 55, 56, 57, 58, 59, 60, 61, 62, 63, 64, 65, 66, 67, 68, 69, 70, 71, 72, 73, 74, 75, 76, 77, 78, 79, 80, 81, 82, 83, 84, 85, 86, 87, 88, 89, 90, 91, 92, 93, 94, 95, 96, 97, 98, 99, 100]
Inds:  [85.625, 83.125, 83.125, 82.75, 82.75, 82.75, 82.75, 82.75, 82.75, 82.75, 82.75, 82.75, 82.75, 82.625, 82.625, 82.375, 82.375, 82.375, 82.375, 82.375, 82.375, 82.375, 82.375, 82.375, 82.375, 82.375, 82.375, 82.375, 82.375, 82.25, 82.25, 82.25, 82.25, 82.25, 82.25, 82.25, 82.25, 82.25, 82.125, 82.125, 82.0, 82.0, 82.0, 82.0, 82.0, 82.0, 82.0, 82.0, 82.0, 82.0, 82.0, 82.0, 82.0, 82.0, 82.0, 82.0, 82.0, 82.0, 82.0, 82.0, 82.0, 82.0, 82.0, 82.0, 82.0, 82.0, 82.0, 82.0, 82.0, 82.0, 82.0, 82.0, 82.0, 82.0, 82.0, 82.0, 82.0, 82.0, 82.0, 82.0, 82.0, 82.0, 82.0, 82.0, 82.0, 82.0, 82.0, 82.0, 82.0, 82.0, 82.0, 82.0, 82.0, 82.0, 82.0, 82.0, 82.0, 82.0, 82.0, 82.0, 82.0]

