A-BRKGA-Heuristic:

Execution 1:
Parametros: Y=0.998
Start Time (hh:mm:ss.ms) 2023-07-16 20:42:55.309768
generations	MaxGenenerations	Populationk1	Populationk	PopulationElite	PopulationMutant	fitnessElite	alpha	min    	max   	avg    	std     
0          	0               	0           	0          	0              	0               	0           	0    	134.125	138.75	136.571	0.807343
1          	177.071         	998         	1000       	100            	200             	135.512     	0.3  	133.188	138.5 	135.961	0.866906
2          	175.745         	996         	998        	101            	199             	134.775     	0.298	132    	138.875	135.709	0.960935
7          	174.265         	986         	988        	104            	193             	133.979     	0.293	131.375	138.5  	134.701	1.34572 
13         	173.462         	974         	976        	108            	185             	133.503     	0.286	131.125	138.375	134.104	1.6056  
14         	172.98          	972         	974        	109            	184             	133.191     	0.284	130.875	138.312	134.001	1.65822 
15         	172.629         	970         	972        	109            	183             	132.986     	0.283	130.688	138.312	133.942	1.76039 
17         	172.49          	966         	968        	111            	180             	132.921     	0.281	130.062	139.5  	133.711	1.79264 
22         	171.686         	956         	958        	114            	174             	132.439     	0.275	130    	138.312	133.359	2.02165 
23         	171.475         	954         	956        	114            	173             	132.28      	0.274	129.438	138.438	133.201	2.02869 
25         	170.818         	950         	952        	116            	170             	131.919     	0.271	129.312	138.625	133.012	2.13701 
28         	170.675         	944         	946        	117            	167             	131.812     	0.268	129.25 	138.5  	132.735	2.27517 
30         	170.507         	940         	942        	118            	165             	131.677     	0.265	129.188	138.75 	132.501	2.36261 
32         	170.424         	936         	938        	120            	162             	131.61      	0.263	129.062	138.375	132.335	2.49046 
33         	170.26          	934         	936        	120            	161             	131.506     	0.262	129    	138.375	132.256	2.53873 
34         	170.177         	932         	934        	121            	160             	131.449     	0.261	128.938	138.812	132.179	2.53429 
35         	170.244         	930         	932        	121            	159             	131.506     	0.260	128.625	138.375	132.168	2.55526 
40         	169.725         	920         	922        	124            	153             	131.134     	0.254	128.562	138.625	131.875	2.68002 
42         	169.579         	916         	918        	125            	150             	131.016     	0.251	128.5  	138.625	131.783	2.70091 
45         	169.56          	910         	912        	127            	147             	130.981     	0.248	128.375	138.562	131.708	2.70291 
46         	169.416         	908         	910        	127            	146             	130.89      	0.246	128.25 	138.438	131.664	2.76268 
54         	169.188         	892         	894        	132            	137             	130.653     	0.237	128.125	138.562	131.346	2.83163 
55         	169.086         	890         	892        	132            	136             	130.59      	0.236	128.062	138.312	131.487	2.81441 
56         	168.919         	888         	890        	133            	135             	130.47      	0.234	127.875	138.375	131.342	2.87103 
68         	168.63          	864         	866        	138            	122             	130.149     	0.220	127.75 	138.5  	130.997	2.9475  
73         	168.528         	854         	856        	141            	117             	130.03      	0.214	127.625	138.438	130.722	2.94603 
120        	168.553         	760         	762        	157            	72              	129.421     	0.158	127.562	138    	129.921	2.76567 
End Time (hh:mm:ss.ms) 2023-07-16 20:43:14.244781
Total Time (hh:mm:ss.ms) 0:00:18.935013
Individuo: [[12, 2, 1, 3, 0, 20, 21, 10, 22, 18, 9, 8, 16, 23, 15, 26, 27, 14, 6, 28, 17, 19, 7, 24, 5, 25, 4, 13, 11], [1, 0, 1, 1, 0, 0, 0, 0, 0, 0, 0, 0, 0, 0, 0, 1, 1, 1, 1, 1, 0, 0, 1, 1, 1, 1, 0, 1, 1]]
Fitness:  127.5625
Gens:  [0, 1, 2, 3, 4, 5, 6, 7, 8, 9, 10, 11, 12, 13, 14, 15, 16, 17, 18, 19, 20, 21, 22, 23, 24, 25, 26, 27, 28, 29, 30, 31, 32, 33, 34, 35, 36, 37, 38, 39, 40, 41, 42, 43, 44, 45, 46, 47, 48, 49, 50, 51, 52, 53, 54, 55, 56, 57, 58, 59, 60, 61, 62, 63, 64, 65, 66, 67, 68, 69, 70, 71, 72, 73, 74, 75, 76, 77, 78, 79, 80, 81, 82, 83, 84, 85, 86, 87, 88, 89, 90, 91, 92, 93, 94, 95, 96, 97, 98, 99, 100, 101, 102, 103, 104, 105, 106, 107, 108, 109, 110, 111, 112, 113, 114, 115, 116, 117, 118, 119, 120, 121, 122, 123, 124, 125, 126, 127, 128, 129, 130, 131, 132, 133, 134, 135, 136, 137, 138, 139, 140, 141, 142, 143, 144, 145, 146, 147, 148, 149, 150, 151, 152, 153, 154, 155, 156, 157, 158, 159, 160, 161, 162, 163, 164, 165, 166, 167, 168, 169]
Inds:  [134.125, 133.1875, 132.0, 132.0, 132.0, 132.0, 132.0, 131.375, 131.375, 131.375, 131.375, 131.375, 131.375, 131.125, 130.875, 130.6875, 130.6875, 130.0625, 130.0625, 130.0625, 130.0625, 130.0625, 130.0, 129.4375, 129.4375, 129.3125, 129.3125, 129.3125, 129.25, 129.25, 129.1875, 129.1875, 129.0625, 129.0, 128.9375, 128.625, 128.625, 128.625, 128.625, 128.625, 128.5625, 128.5625, 128.5, 128.5, 128.5, 128.375, 128.25, 128.25, 128.25, 128.25, 128.25, 128.25, 128.25, 128.25, 128.125, 128.0625, 127.875, 127.875, 127.875, 127.875, 127.875, 127.875, 127.875, 127.875, 127.875, 127.875, 127.875, 127.875, 127.75, 127.75, 127.75, 127.75, 127.75, 127.625, 127.625, 127.625, 127.625, 127.625, 127.625, 127.625, 127.625, 127.625, 127.625, 127.625, 127.625, 127.625, 127.625, 127.625, 127.625, 127.625, 127.625, 127.625, 127.625, 127.625, 127.625, 127.625, 127.625, 127.625, 127.625, 127.625, 127.625, 127.625, 127.625, 127.625, 127.625, 127.625, 127.625, 127.625, 127.625, 127.625, 127.625, 127.625, 127.625, 127.625, 127.625, 127.625, 127.625, 127.625, 127.625, 127.625, 127.5625, 127.5625, 127.5625, 127.5625, 127.5625, 127.5625, 127.5625, 127.5625, 127.5625, 127.5625, 127.5625, 127.5625, 127.5625, 127.5625, 127.5625, 127.5625, 127.5625, 127.5625, 127.5625, 127.5625, 127.5625, 127.5625, 127.5625, 127.5625, 127.5625, 127.5625, 127.5625, 127.5625, 127.5625, 127.5625, 127.5625, 127.5625, 127.5625, 127.5625, 127.5625, 127.5625, 127.5625, 127.5625, 127.5625, 127.5625, 127.5625, 127.5625, 127.5625, 127.5625, 127.5625, 127.5625, 127.5625, 127.5625, 127.5625, 127.5625]

Execution 2:
Parametros: Y=0.998
Start Time (hh:mm:ss.ms) 2023-07-16 20:43:14.997800
generations	MaxGenenerations	Populationk1	Populationk	PopulationElite	PopulationMutant	fitnessElite	alpha	min	max    	avg    	std     
0          	0               	0           	0          	0              	0               	0           	0    	134	138.688	136.547	0.802874
1          	176.884         	998         	1000       	100            	200             	135.406     	0.3  	133.562	138.562	135.992	0.865664
2          	176.262         	996         	998        	101            	199             	135.057     	0.298	133.375	138.812	135.756	0.945912
3          	176.103         	994         	996        	102            	198             	134.994     	0.297	132.125	138.625	135.612	1.03654 
8          	174.43          	984         	986        	105            	191             	134.059     	0.291	132.062	138.625	134.824	1.27633 
9          	174.304         	982         	984        	105            	190             	133.971     	0.290	131.875	138.312	134.735	1.29274 
10         	173.948         	980         	982        	106            	189             	133.74      	0.289	131.562	138.875	134.692	1.38536 
14         	173.558         	972         	974        	109            	184             	133.504     	0.285	131.312	138.5  	134.261	1.46738 
15         	173.271         	970         	972        	109            	183             	133.353     	0.283	130.688	138.75 	134.172	1.50384 
21         	172.533         	958         	960        	113            	175             	132.919     	0.276	130.562	138.625	133.566	1.82748 
22         	172.325         	956         	958        	114            	174             	132.785     	0.275	130.5  	138.688	133.516	1.87055 
24         	172.35          	952         	954        	115            	172             	132.806     	0.273	130.438	138.625	133.387	1.93117 
25         	172.16          	950         	952        	115            	171             	132.665     	0.272	130.375	138.562	133.36 	1.96699 
26         	172.056         	948         	950        	116            	169             	132.593     	0.270	129.812	138.375	133.209	2.03726 
29         	171.185         	942         	944        	118            	166             	132.051     	0.267	129.688	138.375	132.933	2.12436 
30         	171.084         	940         	942        	118            	165             	131.999     	0.266	129.625	138.5  	132.854	2.15282 
32         	171.13          	936         	938        	120            	162             	132.032     	0.263	129.5  	138.375	132.814	2.18263 
33         	170.837         	934         	936        	120            	161             	131.83      	0.262	129.25 	138.625	132.641	2.21799 
37         	170.507         	926         	928        	122            	156             	131.602     	0.257	129.062	138.188	132.436	2.35315 
41         	170.345         	918         	920        	125            	152             	131.482     	0.253	128.875	138.188	132.285	2.39596 
43         	170.14          	914         	916        	126            	149             	131.35      	0.250	128.688	138.688	132.127	2.4636  
50         	169.914         	900         	902        	129            	142             	131.141     	0.242	128.625	138.5  	131.839	2.62271 
51         	169.725         	898         	900        	130            	140             	131.006     	0.241	128.562	138.625	131.787	2.60449 
52         	169.685         	896         	898        	130            	139             	130.976     	0.239	128.5  	138.188	131.764	2.53107 
53         	169.454         	894         	896        	131            	138             	130.812     	0.238	128.312	138.625	131.576	2.67595 
58         	169.355         	884         	886        	134            	133             	130.712     	0.232	128.188	138.5  	131.582	2.78188 
60         	169.084         	880         	882        	135            	130             	130.518     	0.230	128.125	138.75 	131.338	2.73212 
62         	169.129         	876         	878        	135            	128             	130.532     	0.227	128    	138.75 	131.399	2.77212 
71         	168.985         	858         	860        	140            	119             	130.334     	0.217	127.75 	138.25 	131.04 	2.84888 
93         	168.57          	814         	816        	149            	97              	129.802     	0.190	127.688	139    	130.364	2.87665 
94         	168.657         	812         	814        	149            	96              	129.834     	0.189	127.625	138.375	130.493	2.91222 
97         	168.49          	806         	808        	150            	93              	129.695     	0.186	127.562	138.562	130.328	2.8747  
108        	168.323         	784         	786        	154            	83              	129.453     	0.172	127.438	138.125	130.235	2.92734 
117        	168.074         	766         	768        	156            	74              	129.189     	0.161	127.375	138.438	129.883	2.86524 
End Time (hh:mm:ss.ms) 2023-07-16 20:43:34.015768
Total Time (hh:mm:ss.ms) 0:00:19.017968
Individuo: [[12, 2, 9, 21, 20, 8, 17, 28, 4, 25, 13, 18, 22, 10, 16, 27, 7, 24, 19, 6, 14, 26, 15, 23, 5, 0, 3, 1, 11], [1, 0, 0, 0, 1, 0, 1, 0, 1, 0, 1, 1, 1, 1, 1, 1, 1, 1, 1, 0, 0, 0, 1, 1, 0, 1, 0, 0, 1]]
Fitness:  127.375
Gens:  [0, 1, 2, 3, 4, 5, 6, 7, 8, 9, 10, 11, 12, 13, 14, 15, 16, 17, 18, 19, 20, 21, 22, 23, 24, 25, 26, 27, 28, 29, 30, 31, 32, 33, 34, 35, 36, 37, 38, 39, 40, 41, 42, 43, 44, 45, 46, 47, 48, 49, 50, 51, 52, 53, 54, 55, 56, 57, 58, 59, 60, 61, 62, 63, 64, 65, 66, 67, 68, 69, 70, 71, 72, 73, 74, 75, 76, 77, 78, 79, 80, 81, 82, 83, 84, 85, 86, 87, 88, 89, 90, 91, 92, 93, 94, 95, 96, 97, 98, 99, 100, 101, 102, 103, 104, 105, 106, 107, 108, 109, 110, 111, 112, 113, 114, 115, 116, 117, 118, 119, 120, 121, 122, 123, 124, 125, 126, 127, 128, 129, 130, 131, 132, 133, 134, 135, 136, 137, 138, 139, 140, 141, 142, 143, 144, 145, 146, 147, 148, 149, 150, 151, 152, 153, 154, 155, 156, 157, 158, 159, 160, 161, 162, 163, 164, 165, 166, 167, 168]
Inds:  [134.0, 133.5625, 133.375, 132.125, 132.125, 132.125, 132.125, 132.125, 132.0625, 131.875, 131.5625, 131.5625, 131.5625, 131.5625, 131.3125, 130.6875, 130.6875, 130.6875, 130.6875, 130.6875, 130.6875, 130.5625, 130.5, 130.5, 130.4375, 130.375, 129.8125, 129.8125, 129.8125, 129.6875, 129.625, 129.625, 129.5, 129.25, 129.25, 129.25, 129.25, 129.0625, 129.0625, 129.0625, 129.0625, 128.875, 128.875, 128.6875, 128.6875, 128.6875, 128.6875, 128.6875, 128.6875, 128.6875, 128.625, 128.5625, 128.5, 128.3125, 128.3125, 128.3125, 128.3125, 128.3125, 128.1875, 128.1875, 128.125, 128.125, 128.0, 128.0, 128.0, 128.0, 128.0, 128.0, 128.0, 128.0, 128.0, 127.75, 127.75, 127.75, 127.75, 127.75, 127.75, 127.75, 127.75, 127.75, 127.75, 127.75, 127.75, 127.75, 127.75, 127.75, 127.75, 127.75, 127.75, 127.75, 127.75, 127.75, 127.75, 127.6875, 127.625, 127.625, 127.625, 127.5625, 127.5625, 127.5625, 127.5625, 127.5625, 127.5625, 127.5625, 127.5625, 127.5625, 127.5625, 127.5625, 127.4375, 127.4375, 127.4375, 127.4375, 127.4375, 127.4375, 127.4375, 127.4375, 127.4375, 127.375, 127.375, 127.375, 127.375, 127.375, 127.375, 127.375, 127.375, 127.375, 127.375, 127.375, 127.375, 127.375, 127.375, 127.375, 127.375, 127.375, 127.375, 127.375, 127.375, 127.375, 127.375, 127.375, 127.375, 127.375, 127.375, 127.375, 127.375, 127.375, 127.375, 127.375, 127.375, 127.375, 127.375, 127.375, 127.375, 127.375, 127.375, 127.375, 127.375, 127.375, 127.375, 127.375, 127.375, 127.375, 127.375, 127.375, 127.375, 127.375, 127.375, 127.375, 127.375]

Execution 3:
Parametros: Y=0.998
Start Time (hh:mm:ss.ms) 2023-07-16 20:43:34.732796
generations	MaxGenenerations	Populationk1	Populationk	PopulationElite	PopulationMutant	fitnessElite	alpha	min    	max    	avg    	std     
0          	0               	0           	0          	0              	0               	0           	0    	133.812	138.938	136.584	0.793084
1          	176.725         	998         	1000       	100            	200             	135.35      	0.3  	133.375	138.75 	135.962	0.848627
2          	176.081         	996         	998        	101            	199             	134.981     	0.298	133.125	138.562	135.718	0.951339
4          	175.641         	992         	994        	102            	196             	134.701     	0.296	132.812	138.688	135.339	1.08586 
5          	175.316         	990         	992        	103            	195             	134.548     	0.295	132.25 	138.875	135.246	1.13128 
8          	174.617         	984         	986        	105            	191             	134.166     	0.291	132.125	138.25 	134.914	1.29458 
9          	174.256         	982         	984        	105            	190             	133.906     	0.290	131.188	138.75 	134.813	1.33696 
13         	173.106         	974         	976        	108            	185             	133.28      	0.286	131.062	138.875	134.33 	1.53236 
16         	172.941         	968         	970        	110            	182             	133.165     	0.282	130.25 	138.562	133.945	1.65707 
22         	171.891         	956         	958        	114            	174             	132.541     	0.275	129.938	138.562	133.405	1.91611 
26         	171.349         	948         	950        	116            	169             	132.172     	0.270	129.688	138.312	133.045	2.09115 
29         	171.255         	942         	944        	118            	166             	132.143     	0.267	129.562	139.375	132.889	2.17685 
30         	171.262         	940         	942        	118            	165             	132.174     	0.266	129.5  	139    	132.852	2.1142  
31         	171.051         	938         	940        	119            	163             	132.017     	0.264	129.25 	138.438	132.755	2.21062 
35         	170.72          	930         	932        	121            	159             	131.787     	0.260	129.062	138.188	132.531	2.3044  
39         	170.345         	922         	924        	124            	154             	131.505     	0.255	129    	138.562	132.348	2.48089 
40         	170.241         	920         	922        	124            	153             	131.431     	0.254	128.938	138.875	132.079	2.44177 
44         	170.116         	912         	914        	126            	148             	131.307     	0.249	128.75 	138.938	132    	2.61134 
45         	170.039         	910         	912        	127            	147             	131.279     	0.248	128.625	138.562	131.861	2.58775 
50         	169.64          	900         	902        	129            	142             	130.956     	0.242	128.562	138.125	131.632	2.67199 
53         	169.579         	894         	896        	131            	138             	130.89      	0.238	128.438	138.875	131.611	2.64918 
62         	169.499         	876         	878        	135            	128             	130.746     	0.228	128.375	138.625	131.41 	2.71086 
78         	169.353         	844         	846        	142            	112             	130.466     	0.209	128.312	138.188	131.109	2.69939 
82         	169.228         	836         	838        	144            	108             	130.342     	0.204	128.188	138.375	130.998	2.75954 
155        	169.105         	690         	692        	164            	44              	129.388     	0.117	128.062	137.75 	129.886	2.39506 
156        	168.729         	688         	690        	164            	43              	129.189     	0.116	127.938	138    	129.772	2.39362 
166        	168.839         	668         	670        	165            	36              	129.048     	0.104	127.812	138.312	129.447	2.34831 
End Time (hh:mm:ss.ms) 2023-07-16 20:43:53.573778
Total Time (hh:mm:ss.ms) 0:00:18.840982
Individuo: [[12, 3, 0, 20, 10, 22, 5, 4, 24, 7, 6, 19, 27, 26, 16, 21, 14, 15, 23, 9, 18, 13, 25, 2, 1, 28, 17, 8, 11], [1, 1, 0, 0, 0, 0, 0, 0, 0, 0, 1, 0, 0, 0, 0, 1, 0, 0, 1, 1, 0, 0, 1, 1, 1, 1, 0, 1, 1]]
Fitness:  127.8125
Gens:  [0, 1, 2, 3, 4, 5, 6, 7, 8, 9, 10, 11, 12, 13, 14, 15, 16, 17, 18, 19, 20, 21, 22, 23, 24, 25, 26, 27, 28, 29, 30, 31, 32, 33, 34, 35, 36, 37, 38, 39, 40, 41, 42, 43, 44, 45, 46, 47, 48, 49, 50, 51, 52, 53, 54, 55, 56, 57, 58, 59, 60, 61, 62, 63, 64, 65, 66, 67, 68, 69, 70, 71, 72, 73, 74, 75, 76, 77, 78, 79, 80, 81, 82, 83, 84, 85, 86, 87, 88, 89, 90, 91, 92, 93, 94, 95, 96, 97, 98, 99, 100, 101, 102, 103, 104, 105, 106, 107, 108, 109, 110, 111, 112, 113, 114, 115, 116, 117, 118, 119, 120, 121, 122, 123, 124, 125, 126, 127, 128, 129, 130, 131, 132, 133, 134, 135, 136, 137, 138, 139, 140, 141, 142, 143, 144, 145, 146, 147, 148, 149, 150, 151, 152, 153, 154, 155, 156, 157, 158, 159, 160, 161, 162, 163, 164, 165, 166, 167, 168, 169]
Inds:  [133.8125, 133.375, 133.125, 133.125, 132.8125, 132.25, 132.25, 132.25, 132.125, 131.1875, 131.1875, 131.1875, 131.1875, 131.0625, 131.0625, 131.0625, 130.25, 130.25, 130.25, 130.25, 130.25, 130.25, 129.9375, 129.9375, 129.9375, 129.9375, 129.6875, 129.6875, 129.6875, 129.5625, 129.5, 129.25, 129.25, 129.25, 129.25, 129.0625, 129.0625, 129.0625, 129.0625, 129.0, 128.9375, 128.9375, 128.9375, 128.9375, 128.75, 128.625, 128.625, 128.625, 128.625, 128.625, 128.5625, 128.5625, 128.5625, 128.4375, 128.4375, 128.4375, 128.4375, 128.4375, 128.4375, 128.4375, 128.4375, 128.4375, 128.375, 128.375, 128.375, 128.375, 128.375, 128.375, 128.375, 128.375, 128.375, 128.375, 128.375, 128.375, 128.375, 128.375, 128.375, 128.375, 128.3125, 128.3125, 128.3125, 128.3125, 128.1875, 128.1875, 128.1875, 128.1875, 128.1875, 128.1875, 128.1875, 128.1875, 128.1875, 128.1875, 128.1875, 128.1875, 128.1875, 128.1875, 128.1875, 128.1875, 128.1875, 128.1875, 128.1875, 128.1875, 128.1875, 128.1875, 128.1875, 128.1875, 128.1875, 128.1875, 128.1875, 128.1875, 128.1875, 128.1875, 128.1875, 128.1875, 128.1875, 128.1875, 128.1875, 128.1875, 128.1875, 128.1875, 128.1875, 128.1875, 128.1875, 128.1875, 128.1875, 128.1875, 128.1875, 128.1875, 128.1875, 128.1875, 128.1875, 128.1875, 128.1875, 128.1875, 128.1875, 128.1875, 128.1875, 128.1875, 128.1875, 128.1875, 128.1875, 128.1875, 128.1875, 128.1875, 128.1875, 128.1875, 128.1875, 128.1875, 128.1875, 128.1875, 128.1875, 128.1875, 128.1875, 128.1875, 128.1875, 128.0625, 127.9375, 127.9375, 127.9375, 127.9375, 127.9375, 127.9375, 127.9375, 127.9375, 127.9375, 127.9375, 127.8125, 127.8125, 127.8125, 127.8125]

Execution 4:
Parametros: Y=0.998
Start Time (hh:mm:ss.ms) 2023-07-16 20:43:54.306768
generations	MaxGenenerations	Populationk1	Populationk	PopulationElite	PopulationMutant	fitnessElite	alpha	min    	max    	avg    	std     
0          	0               	0           	0          	0              	0               	0           	0    	133.812	139.062	136.586	0.821233
1          	176.769         	998         	1000       	100            	200             	135.387     	0.3  	133.25 	138.75 	135.958	0.850841
2          	175.916         	996         	998        	101            	199             	134.894     	0.298	133.188	139.125	135.711	0.954587
3          	175.965         	994         	996        	102            	198             	134.955     	0.297	132.875	138.438	135.525	0.997098
4          	175.311         	992         	994        	102            	196             	134.525     	0.296	132.438	138.438	135.447	1.10699 
6          	174.843         	988         	990        	104            	194             	134.295     	0.294	132.062	138.812	135.181	1.15576 
11         	174.195         	978         	980        	107            	188             	133.866     	0.288	131.625	138.625	134.892	1.26656 
17         	173.597         	966         	968        	110            	180             	133.49      	0.281	131.312	138.562	134.582	1.43406 
18         	173.293         	964         	966        	111            	179             	133.345     	0.280	131.062	138.75 	134.524	1.47602 
23         	173.006         	954         	956        	114            	173             	133.156     	0.274	130.875	138.375	134.056	1.6861  
26         	172.629         	948         	950        	116            	170             	132.891     	0.271	130.75 	138.562	133.666	1.80784 
27         	172.55          	946         	948        	116            	168             	132.858     	0.269	130.688	138.75 	133.586	1.87334 
28         	172.533         	944         	946        	117            	167             	132.854     	0.268	130.5  	138.438	133.476	1.91739 
29         	172.177         	942         	944        	118            	166             	132.623     	0.267	130.188	138.938	133.297	2.02657 
30         	171.937         	940         	942        	118            	165             	132.517     	0.266	129.625	138.25 	133.135	2.0308  
36         	171.023         	928         	930        	122            	158             	131.908     	0.259	129.312	138.688	132.572	2.29275 
37         	170.696         	926         	928        	122            	156             	131.73      	0.257	129.125	138.5  	132.403	2.37706 
38         	170.385         	924         	926        	123            	155             	131.53      	0.256	129.062	138.812	132.329	2.40903 
40         	170.281         	920         	922        	124            	153             	131.446     	0.254	128.875	138.375	132.207	2.46183 
43         	170.033         	914         	916        	126            	149             	131.271     	0.250	128.812	138.688	131.999	2.54337 
46         	169.908         	908         	910        	127            	146             	131.159     	0.247	128.562	138.375	131.751	2.57449 
49         	169.685         	902         	904        	129            	143             	131.012     	0.243	128.5  	138.5  	131.718	2.66907 
50         	169.56          	900         	902        	130            	141             	130.922     	0.242	128.312	138.312	131.653	2.64579 
51         	169.249         	898         	900        	130            	140             	130.722     	0.240	128.188	138.562	131.545	2.69621 
53         	169.148         	894         	896        	131            	138             	130.647     	0.238	128.125	138.625	131.491	2.75927 
54         	169.107         	892         	894        	132            	137             	130.617     	0.237	128    	138.562	131.407	2.78668 
56         	168.9           	888         	890        	133            	135             	130.466     	0.234	127.875	138.375	131.211	2.75984 
61         	168.609         	878         	880        	135            	129             	130.22      	0.228	127.75 	138.25 	131.087	2.8272  
63         	168.486         	874         	876        	136            	127             	130.127     	0.226	127.5  	138.625	130.943	2.97157 
74         	168.304         	852         	854        	141            	115             	129.886     	0.213	127.375	138.125	130.512	3.03999 
End Time (hh:mm:ss.ms) 2023-07-16 20:44:13.664553
Total Time (hh:mm:ss.ms) 0:00:19.357785
Individuo: [[12, 2, 20, 9, 18, 22, 10, 21, 16, 15, 14, 8, 26, 27, 19, 6, 17, 28, 1, 3, 0, 5, 25, 4, 24, 7, 23, 13, 11], [1, 0, 0, 1, 1, 1, 1, 1, 1, 1, 1, 1, 1, 1, 1, 1, 1, 0, 1, 1, 0, 1, 1, 0, 0, 0, 1, 1, 1]]
Fitness:  127.375
Gens:  [0, 1, 2, 3, 4, 5, 6, 7, 8, 9, 10, 11, 12, 13, 14, 15, 16, 17, 18, 19, 20, 21, 22, 23, 24, 25, 26, 27, 28, 29, 30, 31, 32, 33, 34, 35, 36, 37, 38, 39, 40, 41, 42, 43, 44, 45, 46, 47, 48, 49, 50, 51, 52, 53, 54, 55, 56, 57, 58, 59, 60, 61, 62, 63, 64, 65, 66, 67, 68, 69, 70, 71, 72, 73, 74, 75, 76, 77, 78, 79, 80, 81, 82, 83, 84, 85, 86, 87, 88, 89, 90, 91, 92, 93, 94, 95, 96, 97, 98, 99, 100, 101, 102, 103, 104, 105, 106, 107, 108, 109, 110, 111, 112, 113, 114, 115, 116, 117, 118, 119, 120, 121, 122, 123, 124, 125, 126, 127, 128, 129, 130, 131, 132, 133, 134, 135, 136, 137, 138, 139, 140, 141, 142, 143, 144, 145, 146, 147, 148, 149, 150, 151, 152, 153, 154, 155, 156, 157, 158, 159, 160, 161, 162, 163, 164, 165, 166, 167, 168]
Inds:  [133.8125, 133.25, 133.1875, 132.875, 132.4375, 132.4375, 132.0625, 132.0625, 132.0625, 132.0625, 132.0625, 131.625, 131.625, 131.625, 131.625, 131.625, 131.625, 131.3125, 131.0625, 131.0625, 131.0625, 131.0625, 131.0625, 130.875, 130.875, 130.875, 130.75, 130.6875, 130.5, 130.1875, 129.625, 129.625, 129.625, 129.625, 129.625, 129.625, 129.3125, 129.125, 129.0625, 129.0625, 128.875, 128.875, 128.875, 128.8125, 128.8125, 128.8125, 128.5625, 128.5625, 128.5625, 128.5, 128.3125, 128.1875, 128.1875, 128.125, 128.0, 128.0, 127.875, 127.875, 127.875, 127.875, 127.875, 127.75, 127.75, 127.5, 127.5, 127.5, 127.5, 127.5, 127.5, 127.5, 127.5, 127.5, 127.5, 127.5, 127.375, 127.375, 127.375, 127.375, 127.375, 127.375, 127.375, 127.375, 127.375, 127.375, 127.375, 127.375, 127.375, 127.375, 127.375, 127.375, 127.375, 127.375, 127.375, 127.375, 127.375, 127.375, 127.375, 127.375, 127.375, 127.375, 127.375, 127.375, 127.375, 127.375, 127.375, 127.375, 127.375, 127.375, 127.375, 127.375, 127.375, 127.375, 127.375, 127.375, 127.375, 127.375, 127.375, 127.375, 127.375, 127.375, 127.375, 127.375, 127.375, 127.375, 127.375, 127.375, 127.375, 127.375, 127.375, 127.375, 127.375, 127.375, 127.375, 127.375, 127.375, 127.375, 127.375, 127.375, 127.375, 127.375, 127.375, 127.375, 127.375, 127.375, 127.375, 127.375, 127.375, 127.375, 127.375, 127.375, 127.375, 127.375, 127.375, 127.375, 127.375, 127.375, 127.375, 127.375, 127.375, 127.375, 127.375, 127.375, 127.375, 127.375, 127.375, 127.375, 127.375, 127.375, 127.375]

Execution 5:
Parametros: Y=0.998
Start Time (hh:mm:ss.ms) 2023-07-16 20:44:14.397554
generations	MaxGenenerations	Populationk1	Populationk	PopulationElite	PopulationMutant	fitnessElite	alpha	min    	max    	avg    	std     
0          	0               	0           	0          	0              	0               	0           	0    	134.188	139.375	136.584	0.775277
1          	177.375         	998         	1000       	100            	200             	135.744     	0.3  	133.688	138.5  	136.062	0.836731
2          	176.405         	996         	998        	101            	199             	135.126     	0.298	133.188	138.375	135.749	0.914441
4          	175.701         	992         	994        	102            	196             	134.726     	0.296	132.625	138.5  	135.465	1.08052 
6          	175.091         	988         	990        	104            	194             	134.428     	0.294	132.5  	138.625	135.236	1.14401 
7          	174.882         	986         	988        	104            	193             	134.295     	0.293	132.375	138.562	135.155	1.19127 
8          	174.695         	984         	986        	105            	191             	134.182     	0.291	131.938	138.375	135.029	1.19695 
11         	174.052         	978         	980        	107            	188             	133.795     	0.288	131.562	138.75 	134.84 	1.33908 
16         	173.536         	968         	970        	110            	182             	133.471     	0.282	131.438	138.312	134.399	1.50483 
19         	173.588         	962         	964        	112            	178             	133.532     	0.279	131.312	138.312	134.145	1.60835 
20         	173.206         	960         	962        	112            	177             	133.259     	0.278	131.25 	138.375	134.089	1.62657 
21         	173.145         	958         	960        	113            	176             	133.223     	0.276	131    	138.5  	133.968	1.64262 
23         	172.88          	954         	956        	114            	173             	133.076     	0.274	130.75 	138.25 	133.838	1.74414 
25         	172.464         	950         	952        	115            	171             	132.808     	0.272	130.25 	138.25 	133.624	1.82585 
31         	171.783         	938         	940        	119            	164             	132.371     	0.265	129.688	138.875	133.076	2.00229 
36         	171.084         	928         	930        	122            	158             	131.938     	0.259	129.625	138.875	132.701	2.18295 
38         	171.087         	924         	926        	123            	155             	131.936     	0.256	129.188	138.438	132.662	2.23557 
42         	170.467         	916         	918        	125            	151             	131.533     	0.251	128.438	138.312	132.396	2.39475 
49         	169.647         	902         	904        	129            	143             	131.009     	0.243	128.375	138.75 	131.805	2.67502 
51         	169.395         	898         	900        	130            	140             	130.815     	0.240	128.312	138.188	131.656	2.6864  
52         	169.207         	896         	898        	131            	139             	130.68      	0.239	128.25 	139    	131.643	2.73445 
53         	169.4           	894         	896        	131            	138             	130.815     	0.238	128.062	138.875	131.57 	2.74037 
54         	169.11          	892         	894        	132            	137             	130.629     	0.237	127.875	138    	131.463	2.72266 
55         	168.566         	890         	892        	132            	136             	130.264     	0.235	127.812	139.25 	131.313	2.85594 
56         	168.906         	888         	890        	133            	135             	130.499     	0.234	127.562	138.312	131.412	2.82257 
65         	168.365         	870         	872        	137            	125             	130.04      	0.223	127.5  	138.25 	130.806	2.9364  
97         	168.325         	806         	808        	150            	93              	129.592     	0.185	127.375	139    	130.19 	3.03242 
End Time (hh:mm:ss.ms) 2023-07-16 20:44:33.530593
Total Time (hh:mm:ss.ms) 0:00:19.133039
Individuo: [[11, 13, 5, 20, 9, 18, 22, 10, 21, 23, 16, 25, 0, 8, 7, 24, 28, 17, 19, 27, 26, 15, 14, 6, 3, 4, 2, 1, 12], [0, 0, 0, 0, 1, 1, 1, 1, 1, 0, 0, 1, 0, 0, 1, 1, 1, 0, 0, 0, 0, 1, 1, 1, 1, 1, 1, 1, 0]]
Fitness:  127.375
Gens:  [0, 1, 2, 3, 4, 5, 6, 7, 8, 9, 10, 11, 12, 13, 14, 15, 16, 17, 18, 19, 20, 21, 22, 23, 24, 25, 26, 27, 28, 29, 30, 31, 32, 33, 34, 35, 36, 37, 38, 39, 40, 41, 42, 43, 44, 45, 46, 47, 48, 49, 50, 51, 52, 53, 54, 55, 56, 57, 58, 59, 60, 61, 62, 63, 64, 65, 66, 67, 68, 69, 70, 71, 72, 73, 74, 75, 76, 77, 78, 79, 80, 81, 82, 83, 84, 85, 86, 87, 88, 89, 90, 91, 92, 93, 94, 95, 96, 97, 98, 99, 100, 101, 102, 103, 104, 105, 106, 107, 108, 109, 110, 111, 112, 113, 114, 115, 116, 117, 118, 119, 120, 121, 122, 123, 124, 125, 126, 127, 128, 129, 130, 131, 132, 133, 134, 135, 136, 137, 138, 139, 140, 141, 142, 143, 144, 145, 146, 147, 148, 149, 150, 151, 152, 153, 154, 155, 156, 157, 158, 159, 160, 161, 162, 163, 164, 165, 166, 167, 168]
Inds:  [134.1875, 133.6875, 133.1875, 133.1875, 132.625, 132.625, 132.5, 132.375, 131.9375, 131.9375, 131.9375, 131.5625, 131.5625, 131.5625, 131.5625, 131.5625, 131.4375, 131.4375, 131.4375, 131.3125, 131.25, 131.0, 131.0, 130.75, 130.75, 130.25, 130.25, 130.25, 130.25, 130.25, 130.25, 129.6875, 129.6875, 129.6875, 129.6875, 129.6875, 129.625, 129.625, 129.1875, 129.1875, 129.1875, 129.1875, 128.4375, 128.4375, 128.4375, 128.4375, 128.4375, 128.4375, 128.4375, 128.375, 128.375, 128.3125, 128.25, 128.0625, 127.875, 127.8125, 127.5625, 127.5625, 127.5625, 127.5625, 127.5625, 127.5625, 127.5625, 127.5625, 127.5625, 127.5, 127.5, 127.5, 127.5, 127.5, 127.5, 127.5, 127.5, 127.5, 127.5, 127.5, 127.5, 127.5, 127.5, 127.5, 127.5, 127.5, 127.5, 127.5, 127.5, 127.5, 127.5, 127.5, 127.5, 127.5, 127.5, 127.5, 127.5, 127.5, 127.5, 127.5, 127.5, 127.375, 127.375, 127.375, 127.375, 127.375, 127.375, 127.375, 127.375, 127.375, 127.375, 127.375, 127.375, 127.375, 127.375, 127.375, 127.375, 127.375, 127.375, 127.375, 127.375, 127.375, 127.375, 127.375, 127.375, 127.375, 127.375, 127.375, 127.375, 127.375, 127.375, 127.375, 127.375, 127.375, 127.375, 127.375, 127.375, 127.375, 127.375, 127.375, 127.375, 127.375, 127.375, 127.375, 127.375, 127.375, 127.375, 127.375, 127.375, 127.375, 127.375, 127.375, 127.375, 127.375, 127.375, 127.375, 127.375, 127.375, 127.375, 127.375, 127.375, 127.375, 127.375, 127.375, 127.375, 127.375, 127.375, 127.375, 127.375, 127.375, 127.375, 127.375, 127.375]

Execution 6:
Parametros: Y=0.998
Start Time (hh:mm:ss.ms) 2023-07-16 20:44:34.354588
generations	MaxGenenerations	Populationk1	Populationk	PopulationElite	PopulationMutant	fitnessElite	alpha	min    	max   	avg    	std     
0          	0               	0           	0          	0              	0               	0           	0    	133.438	138.75	136.562	0.806284
2          	176.141         	996         	998        	101            	199             	135.007     	0.298	133.125	138.312	135.681	0.967734
4          	175.795         	992         	994        	102            	196             	134.83      	0.296	132.938	138.688	135.46 	1.08865 
5          	175.481         	990         	992        	103            	195             	134.636     	0.295	132.625	138.75 	135.334	1.10941 
7          	175.069         	986         	988        	104            	193             	134.402     	0.293	132.438	138.438	135.081	1.17497 
8          	174.734         	984         	986        	105            	191             	134.189     	0.291	131.812	138.562	135.007	1.26005 
9          	173.953         	982         	984        	105            	190             	133.775     	0.290	131.438	138.438	134.846	1.3026  
11         	173.349         	978         	980        	107            	188             	133.403     	0.288	131.188	138.812	134.484	1.42899 
15         	173.149         	970         	972        	109            	183             	133.298     	0.283	131    	138.875	134.058	1.65847 
18         	172.989         	964         	966        	111            	179             	133.208     	0.280	130.812	138.812	133.71 	1.81307 
20         	172.59          	960         	962        	112            	177             	132.932     	0.277	130.688	138.812	133.545	1.84549 
22         	172.425         	956         	958        	114            	174             	132.824     	0.275	130.375	139.062	133.46 	1.91491 
25         	172.077         	950         	952        	115            	171             	132.62      	0.272	130.25 	138.75 	133.218	2.03491 
28         	171.891         	944         	946        	117            	167             	132.483     	0.268	129.938	138.625	132.99 	2.10478 
29         	171.5           	942         	944        	118            	166             	132.26      	0.267	129.688	138.562	133.07 	2.16002 
30         	171.148         	940         	942        	118            	165             	132.049     	0.266	129.438	138.188	132.881	2.19782 
35         	170.754         	930         	932        	121            	159             	131.763     	0.260	129.25 	138.875	132.653	2.33691 
37         	170.528         	926         	928        	122            	156             	131.618     	0.257	128.938	138.125	132.365	2.40434 
46         	170.095         	908         	910        	127            	146             	131.269     	0.247	128.812	138.812	132.017	2.62332 
48         	169.951         	904         	906        	128            	144             	131.168     	0.244	128.75 	138.625	131.735	2.5844  
50         	169.72          	900         	902        	129            	142             	130.991     	0.242	128.688	138.75 	131.67 	2.67052 
51         	169.892         	898         	900        	130            	140             	131.114     	0.241	128.625	138.625	131.87 	2.66497 
57         	169.81          	886         	888        	133            	134             	130.995     	0.234	128.562	138.688	131.531	2.72889 
59         	169.621         	882         	884        	134            	132             	130.85      	0.231	128.438	138.688	131.491	2.74194 
66         	169.435         	868         	870        	137            	124             	130.656     	0.223	128.312	138.5  	131.323	2.74114 
71         	169.291         	858         	860        	140            	119             	130.513     	0.217	128.25 	138    	131.114	2.74849 
76         	169.145         	848         	850        	142            	114             	130.363     	0.211	128.125	138.125	131.006	2.72838 
78         	169.192         	844         	846        	143            	112             	130.372     	0.208	127.75 	138.688	131.084	2.77914 
92         	168.57          	816         	818        	148            	98              	129.814     	0.192	127.625	138.562	130.49 	2.91114 
99         	168.469         	802         	804        	151            	91              	129.657     	0.183	127.5  	138.875	130.212	2.92592 
118        	168.135         	764         	766        	157            	74              	129.219     	0.160	127.375	137.812	129.87 	2.86897 
End Time (hh:mm:ss.ms) 2023-07-16 20:44:53.647396
Total Time (hh:mm:ss.ms) 0:00:19.292808
Individuo: [[12, 2, 11, 18, 9, 13, 22, 10, 16, 15, 23, 21, 20, 0, 3, 4, 25, 5, 8, 19, 27, 26, 14, 6, 17, 7, 24, 28, 1], [1, 0, 0, 1, 0, 1, 1, 1, 1, 1, 1, 0, 1, 1, 1, 1, 0, 0, 0, 0, 0, 0, 1, 1, 1, 1, 1, 0, 0]]
Fitness:  127.375
Gens:  [0, 1, 2, 3, 4, 5, 6, 7, 8, 9, 10, 11, 12, 13, 14, 15, 16, 17, 18, 19, 20, 21, 22, 23, 24, 25, 26, 27, 28, 29, 30, 31, 32, 33, 34, 35, 36, 37, 38, 39, 40, 41, 42, 43, 44, 45, 46, 47, 48, 49, 50, 51, 52, 53, 54, 55, 56, 57, 58, 59, 60, 61, 62, 63, 64, 65, 66, 67, 68, 69, 70, 71, 72, 73, 74, 75, 76, 77, 78, 79, 80, 81, 82, 83, 84, 85, 86, 87, 88, 89, 90, 91, 92, 93, 94, 95, 96, 97, 98, 99, 100, 101, 102, 103, 104, 105, 106, 107, 108, 109, 110, 111, 112, 113, 114, 115, 116, 117, 118, 119, 120, 121, 122, 123, 124, 125, 126, 127, 128, 129, 130, 131, 132, 133, 134, 135, 136, 137, 138, 139, 140, 141, 142, 143, 144, 145, 146, 147, 148, 149, 150, 151, 152, 153, 154, 155, 156, 157, 158, 159, 160, 161, 162, 163, 164, 165, 166, 167, 168]
Inds:  [133.4375, 133.4375, 133.125, 133.125, 132.9375, 132.625, 132.625, 132.4375, 131.8125, 131.4375, 131.4375, 131.1875, 131.1875, 131.1875, 131.1875, 131.0, 131.0, 131.0, 130.8125, 130.8125, 130.6875, 130.6875, 130.375, 130.375, 130.375, 130.25, 130.25, 130.25, 129.9375, 129.6875, 129.4375, 129.4375, 129.4375, 129.4375, 129.4375, 129.25, 129.25, 128.9375, 128.9375, 128.9375, 128.9375, 128.9375, 128.9375, 128.9375, 128.9375, 128.9375, 128.8125, 128.8125, 128.75, 128.75, 128.6875, 128.625, 128.625, 128.625, 128.625, 128.625, 128.625, 128.5625, 128.5625, 128.4375, 128.4375, 128.4375, 128.4375, 128.4375, 128.4375, 128.4375, 128.3125, 128.3125, 128.3125, 128.3125, 128.3125, 128.25, 128.25, 128.25, 128.25, 128.25, 128.125, 128.125, 127.75, 127.75, 127.75, 127.75, 127.75, 127.75, 127.75, 127.75, 127.75, 127.75, 127.75, 127.75, 127.75, 127.75, 127.625, 127.625, 127.625, 127.625, 127.625, 127.625, 127.625, 127.5, 127.5, 127.5, 127.5, 127.5, 127.5, 127.5, 127.5, 127.5, 127.5, 127.5, 127.5, 127.5, 127.5, 127.5, 127.5, 127.5, 127.5, 127.5, 127.375, 127.375, 127.375, 127.375, 127.375, 127.375, 127.375, 127.375, 127.375, 127.375, 127.375, 127.375, 127.375, 127.375, 127.375, 127.375, 127.375, 127.375, 127.375, 127.375, 127.375, 127.375, 127.375, 127.375, 127.375, 127.375, 127.375, 127.375, 127.375, 127.375, 127.375, 127.375, 127.375, 127.375, 127.375, 127.375, 127.375, 127.375, 127.375, 127.375, 127.375, 127.375, 127.375, 127.375, 127.375, 127.375, 127.375, 127.375, 127.375, 127.375, 127.375]

Execution 7:
Parametros: Y=0.998
Start Time (hh:mm:ss.ms) 2023-07-16 20:44:54.399396
generations	MaxGenenerations	Populationk1	Populationk	PopulationElite	PopulationMutant	fitnessElite	alpha	min    	max   	avg    	std     
0          	0               	0           	0          	0              	0               	0           	0    	134.062	138.75	136.568	0.789416
1          	176.988         	998         	1000       	100            	200             	135.469     	0.3  	133.562	138.312	136.01 	0.85493 
3          	176.394         	994         	996        	102            	198             	135.163     	0.297	133.188	138.125	135.634	0.985258
4          	175.613         	992         	994        	102            	196             	134.652     	0.296	132.875	138.562	135.509	1.03042 
5          	175.355         	990         	992        	103            	195             	134.555     	0.295	132.688	138.688	135.381	1.09796 
6          	175.151         	988         	990        	104            	194             	134.453     	0.294	132.625	138.75 	135.368	1.16432 
8          	175.112         	984         	986        	105            	191             	134.432     	0.292	132.562	138.875	135.122	1.17993 
9          	175.052         	982         	984        	105            	190             	134.399     	0.290	132.25 	138.5  	135.043	1.2481  
11         	174.421         	978         	980        	107            	188             	133.981     	0.288	132.125	138.812	134.756	1.33307 
12         	174.452         	976         	978        	107            	186             	134.047     	0.287	131.938	138.25 	134.611	1.37388 
13         	174.009         	974         	976        	108            	185             	133.744     	0.286	131.688	138.375	134.559	1.44279 
14         	173.722         	972         	974        	109            	184             	133.594     	0.285	131.438	138.25 	134.374	1.45901 
16         	173.436         	968         	970        	110            	182             	133.434     	0.282	131.312	138.812	134.108	1.59345 
17         	173.38          	966         	968        	110            	180             	133.424     	0.281	131.188	138.625	133.969	1.62506 
18         	173.149         	964         	966        	111            	179             	133.273     	0.280	130.688	138.562	133.834	1.72303 
21         	172.317         	958         	960        	113            	175             	132.746     	0.276	130.312	138.062	133.424	1.85971 
23         	171.995         	954         	956        	114            	173             	132.594     	0.274	130.062	138.562	133.242	2.02829 
25         	171.837         	950         	952        	115            	171             	132.528     	0.272	129.688	138.688	132.959	2.10734 
26         	171.191         	948         	950        	116            	169             	132.125     	0.270	129.562	138.5  	132.779	2.19546 
29         	170.919         	942         	944        	118            	166             	131.918     	0.267	129.188	139.125	132.546	2.37544 
30         	170.681         	940         	942        	118            	165             	131.831     	0.266	129.125	139    	132.45 	2.42633 
31         	170.555         	938         	940        	119            	163             	131.74      	0.264	128.938	138.625	132.295	2.4654  
32         	170.18          	936         	938        	120            	162             	131.491     	0.263	128.438	138.312	132.23 	2.52695 
34         	169.541         	932         	934        	121            	160             	131.113     	0.261	128.312	138.375	132.028	2.62405 
35         	169.27          	930         	932        	122            	158             	130.927     	0.259	128.25 	138.75 	131.815	2.70556 
37         	169.145         	926         	928        	123            	156             	130.824     	0.257	127.938	138.75 	131.658	2.78174 
41         	168.839         	918         	920        	125            	151             	130.622     	0.252	127.812	139.312	131.383	3.03981 
43         	168.653         	914         	916        	126            	149             	130.486     	0.250	127.688	138.25 	131.174	2.97523 
47         	168.446         	906         	908        	128            	145             	130.31      	0.245	127.562	138.812	131.085	3.09785 
49         	168.449         	902         	904        	129            	142             	130.312     	0.243	127.438	138.75 	130.989	3.11024 
52         	168.095         	896         	898        	131            	139             	130.04      	0.239	127.312	138.375	130.864	3.17097 
End Time (hh:mm:ss.ms) 2023-07-16 20:45:13.390394
Total Time (hh:mm:ss.ms) 0:00:18.990998
Individuo: [[12, 1, 3, 4, 0, 5, 20, 8, 6, 19, 17, 9, 22, 10, 16, 21, 23, 14, 15, 26, 27, 7, 24, 28, 2, 25, 13, 18, 11], [1, 1, 1, 1, 0, 1, 1, 0, 1, 0, 0, 1, 1, 1, 1, 1, 0, 1, 0, 1, 1, 1, 1, 0, 0, 0, 1, 1, 1]]
Fitness:  127.3125
Gens:  [0, 1, 2, 3, 4, 5, 6, 7, 8, 9, 10, 11, 12, 13, 14, 15, 16, 17, 18, 19, 20, 21, 22, 23, 24, 25, 26, 27, 28, 29, 30, 31, 32, 33, 34, 35, 36, 37, 38, 39, 40, 41, 42, 43, 44, 45, 46, 47, 48, 49, 50, 51, 52, 53, 54, 55, 56, 57, 58, 59, 60, 61, 62, 63, 64, 65, 66, 67, 68, 69, 70, 71, 72, 73, 74, 75, 76, 77, 78, 79, 80, 81, 82, 83, 84, 85, 86, 87, 88, 89, 90, 91, 92, 93, 94, 95, 96, 97, 98, 99, 100, 101, 102, 103, 104, 105, 106, 107, 108, 109, 110, 111, 112, 113, 114, 115, 116, 117, 118, 119, 120, 121, 122, 123, 124, 125, 126, 127, 128, 129, 130, 131, 132, 133, 134, 135, 136, 137, 138, 139, 140, 141, 142, 143, 144, 145, 146, 147, 148, 149, 150, 151, 152, 153, 154, 155, 156, 157, 158, 159, 160, 161, 162, 163, 164, 165, 166, 167, 168]
Inds:  [134.0625, 133.5625, 133.5625, 133.1875, 132.875, 132.6875, 132.625, 132.625, 132.5625, 132.25, 132.25, 132.125, 131.9375, 131.6875, 131.4375, 131.4375, 131.3125, 131.1875, 130.6875, 130.6875, 130.6875, 130.3125, 130.3125, 130.0625, 130.0625, 129.6875, 129.5625, 129.5625, 129.5625, 129.1875, 129.125, 128.9375, 128.4375, 128.4375, 128.3125, 128.25, 128.25, 127.9375, 127.9375, 127.9375, 127.9375, 127.8125, 127.8125, 127.6875, 127.6875, 127.6875, 127.6875, 127.5625, 127.5625, 127.4375, 127.4375, 127.4375, 127.3125, 127.3125, 127.3125, 127.3125, 127.3125, 127.3125, 127.3125, 127.3125, 127.3125, 127.3125, 127.3125, 127.3125, 127.3125, 127.3125, 127.3125, 127.3125, 127.3125, 127.3125, 127.3125, 127.3125, 127.3125, 127.3125, 127.3125, 127.3125, 127.3125, 127.3125, 127.3125, 127.3125, 127.3125, 127.3125, 127.3125, 127.3125, 127.3125, 127.3125, 127.3125, 127.3125, 127.3125, 127.3125, 127.3125, 127.3125, 127.3125, 127.3125, 127.3125, 127.3125, 127.3125, 127.3125, 127.3125, 127.3125, 127.3125, 127.3125, 127.3125, 127.3125, 127.3125, 127.3125, 127.3125, 127.3125, 127.3125, 127.3125, 127.3125, 127.3125, 127.3125, 127.3125, 127.3125, 127.3125, 127.3125, 127.3125, 127.3125, 127.3125, 127.3125, 127.3125, 127.3125, 127.3125, 127.3125, 127.3125, 127.3125, 127.3125, 127.3125, 127.3125, 127.3125, 127.3125, 127.3125, 127.3125, 127.3125, 127.3125, 127.3125, 127.3125, 127.3125, 127.3125, 127.3125, 127.3125, 127.3125, 127.3125, 127.3125, 127.3125, 127.3125, 127.3125, 127.3125, 127.3125, 127.3125, 127.3125, 127.3125, 127.3125, 127.3125, 127.3125, 127.3125, 127.3125, 127.3125, 127.3125, 127.3125, 127.3125, 127.3125, 127.3125, 127.3125, 127.3125, 127.3125, 127.3125, 127.3125]

Execution 8:
Parametros: Y=0.998
Start Time (hh:mm:ss.ms) 2023-07-16 20:45:14.222434
generations	MaxGenenerations	Populationk1	Populationk	PopulationElite	PopulationMutant	fitnessElite	alpha	min    	max    	avg    	std     
0          	0               	0           	0          	0              	0               	0           	0    	134.188	138.625	136.554	0.801732
1          	177.109         	998         	1000       	100            	200             	135.519     	0.3  	133.562	138.438	135.961	0.83322 
2          	176.218         	996         	998        	101            	199             	135.019     	0.298	132.875	138.375	135.747	0.954063
4          	175.333         	992         	994        	102            	196             	134.543     	0.296	132.562	138.75 	135.483	1.06105 
8          	174.877         	984         	986        	105            	191             	134.26      	0.291	132.25 	138.312	135.035	1.20913 
9          	174.443         	982         	984        	105            	190             	134.013     	0.290	132.125	138.312	134.983	1.25692 
10         	174.278         	980         	982        	106            	189             	133.917     	0.289	131.875	138.875	134.89 	1.31413 
11         	174.144         	978         	980        	107            	188             	133.895     	0.288	131.688	138.625	134.774	1.31424 
15         	173.744         	970         	972        	109            	183             	133.604     	0.283	131.125	138.25 	134.38 	1.45257 
22         	173.089         	956         	958        	113            	174             	133.21      	0.275	131    	138.312	133.82 	1.73451 
24         	172.837         	952         	954        	115            	172             	133.033     	0.273	130.688	138.188	133.713	1.80576 
26         	172.425         	948         	950        	116            	169             	132.788     	0.271	130.5  	138.688	133.524	1.85528 
29         	172.371         	942         	944        	118            	166             	132.774     	0.267	130.312	138.625	133.354	1.92644 
30         	171.995         	940         	942        	118            	165             	132.526     	0.266	130.188	138.625	133.25 	1.97309 
32         	171.787         	936         	938        	119            	162             	132.381     	0.263	130.062	138.625	133.118	2.03359 
33         	171.665         	934         	936        	120            	161             	132.312     	0.262	129.812	138    	133.015	2.02599 
36         	171.142         	928         	930        	122            	158             	131.95      	0.259	129.688	138.375	132.816	2.13566 
38         	171.191         	924         	926        	123            	155             	131.998     	0.256	129.5  	138.438	132.684	2.25844 
41         	170.901         	918         	920        	125            	152             	131.795     	0.253	129.188	138.25 	132.533	2.31467 
42         	170.382         	916         	918        	125            	151             	131.47      	0.251	129.062	138.625	132.409	2.34026 
44         	170.387         	912         	914        	126            	148             	131.48      	0.249	128.562	138.625	132.259	2.4407  
49         	169.77          	902         	904        	129            	143             	131.073     	0.243	128.438	138.625	131.849	2.60599 
58         	169.52          	884         	886        	133            	133             	130.809     	0.232	128.312	138.875	131.501	2.69477 
63         	169.461         	874         	876        	136            	127             	130.723     	0.226	128.25 	138.625	131.463	2.78404 
65         	169.272         	870         	872        	137            	125             	130.578     	0.224	127.938	138.312	131.289	2.8085  
72         	168.923         	856         	858        	140            	118             	130.286     	0.215	127.875	138.438	131.099	2.83562 
74         	168.714         	852         	854        	141            	116             	130.13      	0.213	127.75 	138.062	131.061	2.87615 
83         	168.612         	834         	836        	145            	106             	129.955     	0.202	127.562	138.875	130.624	2.94113 
84         	168.449         	832         	834        	145            	105             	129.841     	0.201	127.5  	138.312	130.495	2.93351 
89         	168.114         	822         	824        	147            	100             	129.575     	0.195	127.438	138.375	130.342	2.97693 
101        	168.137         	798         	800        	151            	89              	129.429     	0.181	127.375	138.062	130.008	2.93131 
End Time (hh:mm:ss.ms) 2023-07-16 20:45:32.701394
Total Time (hh:mm:ss.ms) 0:00:18.478960
Individuo: [[12, 3, 28, 17, 6, 21, 20, 8, 14, 16, 10, 22, 18, 13, 25, 2, 1, 24, 7, 19, 27, 26, 15, 23, 9, 5, 0, 4, 11], [1, 0, 1, 0, 0, 1, 1, 0, 0, 0, 0, 0, 0, 0, 1, 1, 1, 0, 0, 1, 0, 0, 1, 1, 1, 0, 1, 1, 1]]
Fitness:  127.375
Gens:  [0, 1, 2, 3, 4, 5, 6, 7, 8, 9, 10, 11, 12, 13, 14, 15, 16, 17, 18, 19, 20, 21, 22, 23, 24, 25, 26, 27, 28, 29, 30, 31, 32, 33, 34, 35, 36, 37, 38, 39, 40, 41, 42, 43, 44, 45, 46, 47, 48, 49, 50, 51, 52, 53, 54, 55, 56, 57, 58, 59, 60, 61, 62, 63, 64, 65, 66, 67, 68, 69, 70, 71, 72, 73, 74, 75, 76, 77, 78, 79, 80, 81, 82, 83, 84, 85, 86, 87, 88, 89, 90, 91, 92, 93, 94, 95, 96, 97, 98, 99, 100, 101, 102, 103, 104, 105, 106, 107, 108, 109, 110, 111, 112, 113, 114, 115, 116, 117, 118, 119, 120, 121, 122, 123, 124, 125, 126, 127, 128, 129, 130, 131, 132, 133, 134, 135, 136, 137, 138, 139, 140, 141, 142, 143, 144, 145, 146, 147, 148, 149, 150, 151, 152, 153, 154, 155, 156, 157, 158, 159, 160, 161, 162, 163, 164, 165, 166, 167, 168]
Inds:  [134.1875, 133.5625, 132.875, 132.875, 132.5625, 132.5625, 132.5625, 132.5625, 132.25, 132.125, 131.875, 131.6875, 131.6875, 131.6875, 131.6875, 131.125, 131.125, 131.125, 131.125, 131.125, 131.125, 131.125, 131.0, 131.0, 130.6875, 130.6875, 130.5, 130.5, 130.5, 130.3125, 130.1875, 130.1875, 130.0625, 129.8125, 129.8125, 129.8125, 129.6875, 129.6875, 129.5, 129.5, 129.5, 129.1875, 129.0625, 129.0625, 128.5625, 128.5625, 128.5625, 128.5625, 128.5625, 128.4375, 128.4375, 128.4375, 128.4375, 128.4375, 128.4375, 128.4375, 128.4375, 128.4375, 128.3125, 128.3125, 128.3125, 128.3125, 128.3125, 128.25, 128.25, 127.9375, 127.9375, 127.9375, 127.9375, 127.9375, 127.9375, 127.9375, 127.875, 127.875, 127.75, 127.75, 127.75, 127.75, 127.75, 127.75, 127.75, 127.75, 127.75, 127.5625, 127.5, 127.5, 127.5, 127.5, 127.5, 127.4375, 127.4375, 127.4375, 127.4375, 127.4375, 127.4375, 127.4375, 127.4375, 127.4375, 127.4375, 127.4375, 127.4375, 127.375, 127.375, 127.375, 127.375, 127.375, 127.375, 127.375, 127.375, 127.375, 127.375, 127.375, 127.375, 127.375, 127.375, 127.375, 127.375, 127.375, 127.375, 127.375, 127.375, 127.375, 127.375, 127.375, 127.375, 127.375, 127.375, 127.375, 127.375, 127.375, 127.375, 127.375, 127.375, 127.375, 127.375, 127.375, 127.375, 127.375, 127.375, 127.375, 127.375, 127.375, 127.375, 127.375, 127.375, 127.375, 127.375, 127.375, 127.375, 127.375, 127.375, 127.375, 127.375, 127.375, 127.375, 127.375, 127.375, 127.375, 127.375, 127.375, 127.375, 127.375, 127.375, 127.375, 127.375, 127.375, 127.375, 127.375, 127.375]

Execution 9:
Parametros: Y=0.998
Start Time (hh:mm:ss.ms) 2023-07-16 20:45:33.437429
generations	MaxGenenerations	Populationk1	Populationk	PopulationElite	PopulationMutant	fitnessElite	alpha	min    	max    	avg    	std     
0          	0               	0           	0          	0              	0               	0           	0    	134.062	138.938	136.558	0.810673
1          	177.055         	998         	1000       	100            	200             	135.525     	0.3  	133.062	138.688	135.958	0.849835
2          	175.646         	996         	998        	101            	199             	134.744     	0.298	132.812	138.812	135.673	0.932588
6          	175.228         	988         	990        	104            	194             	134.468     	0.294	132    	138.5  	135.169	1.22083 
9          	174.265         	982         	984        	105            	190             	133.963     	0.290	131.75 	138.25 	134.821	1.33744 
11         	173.827         	978         	980        	107            	188             	133.679     	0.288	131.688	138.562	134.598	1.40282 
13         	173.875         	974         	976        	108            	185             	133.727     	0.286	131.438	138.688	134.35 	1.54203 
14         	173.501         	972         	974        	109            	184             	133.504     	0.285	131    	138.75 	134.223	1.56324 
15         	172.945         	970         	972        	109            	183             	133.2       	0.283	130.688	138.438	134.095	1.60986 
19         	172.511         	962         	964        	112            	178             	132.921     	0.279	130.438	138.5  	133.685	1.75482 
20         	172.116         	960         	962        	112            	177             	132.678     	0.277	130.25 	138.75 	133.484	1.85726 
22         	171.783         	956         	958        	114            	174             	132.454     	0.275	130.062	138.375	133.289	1.95708 
24         	171.579         	952         	954        	115            	172             	132.333     	0.273	130    	138.625	133.098	1.9961  
25         	171.582         	950         	952        	115            	171             	132.346     	0.272	129.938	138.938	132.987	2.12513 
26         	171.607         	948         	950        	116            	169             	132.375     	0.270	129.812	138.375	132.954	2.11367 
27         	171.249         	946         	948        	117            	168             	132.121     	0.269	129.375	138.75 	132.802	2.16754 
32         	170.736         	936         	938        	120            	162             	131.798     	0.263	129    	138.375	132.548	2.37082 
35         	170.113         	930         	932        	121            	159             	131.389     	0.260	128.938	139.5  	132.295	2.43346 
37         	170.265         	926         	928        	122            	156             	131.499     	0.257	128.875	138.875	132.249	2.48747 
38         	170.182         	924         	926        	123            	155             	131.44      	0.256	128.75 	138.438	132.117	2.5429  
39         	169.869         	922         	924        	124            	154             	131.223     	0.255	128.562	138.625	131.919	2.55612 
40         	169.685         	920         	922        	124            	153             	131.119     	0.254	128.438	139.125	131.987	2.6214  
43         	169.371         	914         	916        	126            	149             	130.879     	0.250	128.188	138.625	131.718	2.66905 
48         	169.105         	904         	906        	129            	144             	130.677     	0.244	128.062	138.625	131.479	2.80142 
50         	169.025         	900         	902        	130            	141             	130.619     	0.242	127.938	138.5  	131.395	2.86109 
59         	168.966         	882         	884        	134            	131             	130.482     	0.231	127.812	138.5  	131.02 	2.91707 
80         	168.589         	840         	842        	144            	109             	129.978     	0.206	127.75 	138.188	130.546	2.98668 
81         	168.465         	838         	840        	144            	108             	129.89      	0.205	127.688	138.75 	130.619	2.9597  
94         	168.298         	812         	814        	149            	96              	129.63      	0.189	127.562	138.438	130.402	2.97797 
111        	168.323         	778         	780        	155            	80              	129.414     	0.169	127.5  	138.25 	130.048	2.82336 
120        	168.177         	760         	762        	157            	72              	129.214     	0.158	127.438	138.188	129.771	2.84034 
122        	168.074         	756         	758        	158            	70              	129.124     	0.156	127.375	138.188	129.707	2.82621 
End Time (hh:mm:ss.ms) 2023-07-16 20:45:52.714428
Total Time (hh:mm:ss.ms) 0:00:19.276999
Individuo: [[12, 2, 1, 3, 28, 19, 14, 15, 16, 0, 4, 25, 20, 9, 22, 10, 21, 23, 6, 17, 24, 7, 27, 26, 8, 5, 13, 18, 11], [1, 1, 1, 1, 1, 1, 0, 0, 0, 1, 1, 0, 0, 1, 1, 1, 1, 0, 1, 1, 0, 0, 0, 0, 1, 1, 1, 0, 1]]
Fitness:  127.375
Gens:  [0, 1, 2, 3, 4, 5, 6, 7, 8, 9, 10, 11, 12, 13, 14, 15, 16, 17, 18, 19, 20, 21, 22, 23, 24, 25, 26, 27, 28, 29, 30, 31, 32, 33, 34, 35, 36, 37, 38, 39, 40, 41, 42, 43, 44, 45, 46, 47, 48, 49, 50, 51, 52, 53, 54, 55, 56, 57, 58, 59, 60, 61, 62, 63, 64, 65, 66, 67, 68, 69, 70, 71, 72, 73, 74, 75, 76, 77, 78, 79, 80, 81, 82, 83, 84, 85, 86, 87, 88, 89, 90, 91, 92, 93, 94, 95, 96, 97, 98, 99, 100, 101, 102, 103, 104, 105, 106, 107, 108, 109, 110, 111, 112, 113, 114, 115, 116, 117, 118, 119, 120, 121, 122, 123, 124, 125, 126, 127, 128, 129, 130, 131, 132, 133, 134, 135, 136, 137, 138, 139, 140, 141, 142, 143, 144, 145, 146, 147, 148, 149, 150, 151, 152, 153, 154, 155, 156, 157, 158, 159, 160, 161, 162, 163, 164, 165, 166, 167, 168, 169]
Inds:  [134.0625, 133.0625, 132.8125, 132.8125, 132.8125, 132.8125, 132.0, 132.0, 132.0, 131.75, 131.75, 131.6875, 131.6875, 131.4375, 131.0, 130.6875, 130.6875, 130.6875, 130.6875, 130.4375, 130.25, 130.25, 130.0625, 130.0625, 130.0, 129.9375, 129.8125, 129.375, 129.375, 129.375, 129.375, 129.375, 129.0, 129.0, 129.0, 128.9375, 128.9375, 128.875, 128.75, 128.5625, 128.4375, 128.4375, 128.4375, 128.1875, 128.1875, 128.1875, 128.1875, 128.1875, 128.0625, 128.0625, 127.9375, 127.9375, 127.9375, 127.9375, 127.9375, 127.9375, 127.9375, 127.9375, 127.9375, 127.8125, 127.8125, 127.8125, 127.8125, 127.8125, 127.8125, 127.8125, 127.8125, 127.8125, 127.8125, 127.8125, 127.8125, 127.8125, 127.8125, 127.8125, 127.8125, 127.8125, 127.8125, 127.8125, 127.8125, 127.8125, 127.75, 127.6875, 127.6875, 127.6875, 127.6875, 127.6875, 127.6875, 127.6875, 127.6875, 127.6875, 127.6875, 127.6875, 127.6875, 127.6875, 127.5625, 127.5625, 127.5625, 127.5625, 127.5625, 127.5625, 127.5625, 127.5625, 127.5625, 127.5625, 127.5625, 127.5625, 127.5625, 127.5625, 127.5625, 127.5625, 127.5625, 127.5, 127.5, 127.5, 127.5, 127.5, 127.5, 127.5, 127.5, 127.5, 127.4375, 127.4375, 127.375, 127.375, 127.375, 127.375, 127.375, 127.375, 127.375, 127.375, 127.375, 127.375, 127.375, 127.375, 127.375, 127.375, 127.375, 127.375, 127.375, 127.375, 127.375, 127.375, 127.375, 127.375, 127.375, 127.375, 127.375, 127.375, 127.375, 127.375, 127.375, 127.375, 127.375, 127.375, 127.375, 127.375, 127.375, 127.375, 127.375, 127.375, 127.375, 127.375, 127.375, 127.375, 127.375, 127.375, 127.375, 127.375, 127.375, 127.375]

Execution 10:
Parametros: Y=0.998
Start Time (hh:mm:ss.ms) 2023-07-16 20:45:53.455397
generations	MaxGenenerations	Populationk1	Populationk	PopulationElite	PopulationMutant	fitnessElite	alpha	min    	max    	avg    	std    
0          	0               	0           	0          	0              	0               	0           	0    	133.938	138.938	136.568	0.81784
1          	176.89          	998         	1000       	100            	200             	135.438     	0.3  	133.875	138.5  	135.944	0.84013
2          	176.652         	996         	998        	101            	199             	135.257     	0.298	133.25 	138.688	135.741	0.925274
4          	175.828         	992         	994        	102            	196             	134.807     	0.296	132.75 	138.812	135.386	1.05849 
6          	175.256         	988         	990        	104            	194             	134.516     	0.294	132.188	138.812	135.17 	1.16568 
7          	174.535         	986         	988        	104            	193             	134.129     	0.293	131.562	139    	135.064	1.20913 
12         	173.579         	976         	978        	107            	186             	133.538     	0.287	131.188	138.75 	134.421	1.47416 
13         	173.193         	974         	976        	108            	185             	133.351     	0.286	130.875	138.5  	134.288	1.49652 
17         	172.564         	966         	968        	111            	180             	132.916     	0.281	130.688	138.562	133.728	1.77698 
18         	172.468         	964         	966        	111            	179             	132.895     	0.280	130.625	138.75 	133.596	1.81475 
20         	172.515         	960         	962        	112            	177             	132.936     	0.277	130.5  	138.375	133.455	1.88291 
21         	172.156         	958         	960        	113            	175             	132.68      	0.276	130.125	138.312	133.323	1.96007 
22         	171.64          	956         	958        	114            	174             	132.381     	0.275	130.062	138.25 	133.178	1.99568 
23         	171.536         	954         	956        	114            	173             	132.309     	0.274	129.938	138.625	133.093	2.05076 
24         	171.5           	952         	954        	115            	172             	132.311     	0.273	129.562	138.625	132.935	2.07073 
25         	171.005         	950         	952        	115            	171             	132.027     	0.271	129.438	138.5  	132.827	2.14553 
26         	170.797         	948         	950        	116            	169             	131.891     	0.270	129.312	138.562	132.718	2.21761 
27         	170.653         	946         	948        	117            	168             	131.806     	0.269	129.188	138.125	132.621	2.28999 
30         	170.595         	940         	942        	118            	165             	131.764     	0.266	129.062	138.75 	132.433	2.3398  
31         	170.387         	938         	940        	119            	163             	131.628     	0.264	128.812	138.188	132.314	2.39981 
35         	169.866         	930         	932        	121            	159             	131.25      	0.259	128.5  	138.75 	132.129	2.49589 
43         	169.496         	914         	916        	126            	149             	130.957     	0.250	128.375	138.312	131.709	2.61761 
44         	169.331         	912         	914        	126            	148             	130.852     	0.249	128.25 	138.5  	131.638	2.68811 
46         	169.145         	908         	910        	128            	146             	130.718     	0.246	128    	138.562	131.586	2.68848 
50         	169.048         	900         	902        	130            	141             	130.647     	0.242	127.75 	138    	131.502	2.75072 
61         	168.549         	878         	880        	135            	129             	130.195     	0.228	127.625	138.625	131.021	2.91103 
73         	168.49          	854         	856        	141            	117             	130.012     	0.214	127.562	138.25 	130.776	2.89556 
77         	168.302         	846         	848        	142            	112             	129.843     	0.209	127.5  	138.625	130.63 	2.96346 
78         	168.282         	844         	846        	143            	111             	129.819     	0.208	127.438	138.688	130.643	2.99412 
80         	168.179         	840         	842        	144            	109             	129.73      	0.206	127.375	138.25 	130.611	2.9819  
83         	168.139         	834         	836        	145            	106             	129.665     	0.202	127.312	138.375	130.516	2.88493 
87         	167.93          	826         	828        	147            	102             	129.486     	0.197	127.188	138.312	130.472	2.99532 
97         	167.807         	806         	808        	150            	93              	129.275     	0.185	127.125	138.25 	130.094	3.03258 
102        	167.767         	796         	798        	152            	88              	129.179     	0.179	127.062	137.938	129.796	2.99253 
107        	167.579         	786         	788        	154            	83              	129.003     	0.173	127    	137.875	129.638	2.98594 
End Time (hh:mm:ss.ms) 2023-07-16 20:46:12.252396
Total Time (hh:mm:ss.ms) 0:00:18.796999
Individuo: [[11, 18, 9, 21, 25, 2, 4, 3, 0, 20, 23, 14, 8, 5, 13, 22, 10, 16, 15, 26, 27, 24, 7, 19, 6, 17, 28, 1, 12], [0, 1, 0, 1, 1, 0, 0, 1, 0, 0, 0, 1, 1, 1, 1, 1, 1, 1, 0, 1, 1, 0, 0, 1, 1, 1, 0, 0, 0]]
Fitness:  127.0
Gens:  [0, 1, 2, 3, 4, 5, 6, 7, 8, 9, 10, 11, 12, 13, 14, 15, 16, 17, 18, 19, 20, 21, 22, 23, 24, 25, 26, 27, 28, 29, 30, 31, 32, 33, 34, 35, 36, 37, 38, 39, 40, 41, 42, 43, 44, 45, 46, 47, 48, 49, 50, 51, 52, 53, 54, 55, 56, 57, 58, 59, 60, 61, 62, 63, 64, 65, 66, 67, 68, 69, 70, 71, 72, 73, 74, 75, 76, 77, 78, 79, 80, 81, 82, 83, 84, 85, 86, 87, 88, 89, 90, 91, 92, 93, 94, 95, 96, 97, 98, 99, 100, 101, 102, 103, 104, 105, 106, 107, 108, 109, 110, 111, 112, 113, 114, 115, 116, 117, 118, 119, 120, 121, 122, 123, 124, 125, 126, 127, 128, 129, 130, 131, 132, 133, 134, 135, 136, 137, 138, 139, 140, 141, 142, 143, 144, 145, 146, 147, 148, 149, 150, 151, 152, 153, 154, 155, 156, 157, 158, 159, 160, 161, 162, 163, 164, 165, 166, 167, 168]
Inds:  [133.9375, 133.875, 133.25, 133.25, 132.75, 132.75, 132.1875, 131.5625, 131.5625, 131.5625, 131.5625, 131.5625, 131.1875, 130.875, 130.875, 130.875, 130.875, 130.6875, 130.625, 130.625, 130.5, 130.125, 130.0625, 129.9375, 129.5625, 129.4375, 129.3125, 129.1875, 129.1875, 129.1875, 129.0625, 128.8125, 128.8125, 128.8125, 128.8125, 128.5, 128.5, 128.5, 128.5, 128.5, 128.5, 128.5, 128.5, 128.375, 128.25, 128.25, 128.0, 128.0, 128.0, 128.0, 127.75, 127.75, 127.75, 127.75, 127.75, 127.75, 127.75, 127.75, 127.75, 127.75, 127.75, 127.625, 127.625, 127.625, 127.625, 127.625, 127.625, 127.625, 127.625, 127.625, 127.625, 127.625, 127.625, 127.5625, 127.5625, 127.5625, 127.5625, 127.5, 127.4375, 127.4375, 127.375, 127.375, 127.375, 127.3125, 127.3125, 127.3125, 127.3125, 127.1875, 127.1875, 127.1875, 127.1875, 127.1875, 127.1875, 127.1875, 127.1875, 127.1875, 127.1875, 127.125, 127.125, 127.125, 127.125, 127.125, 127.0625, 127.0625, 127.0625, 127.0625, 127.0625, 127.0, 127.0, 127.0, 127.0, 127.0, 127.0, 127.0, 127.0, 127.0, 127.0, 127.0, 127.0, 127.0, 127.0, 127.0, 127.0, 127.0, 127.0, 127.0, 127.0, 127.0, 127.0, 127.0, 127.0, 127.0, 127.0, 127.0, 127.0, 127.0, 127.0, 127.0, 127.0, 127.0, 127.0, 127.0, 127.0, 127.0, 127.0, 127.0, 127.0, 127.0, 127.0, 127.0, 127.0, 127.0, 127.0, 127.0, 127.0, 127.0, 127.0, 127.0, 127.0, 127.0, 127.0, 127.0, 127.0, 127.0, 127.0, 127.0, 127.0, 127.0, 127.0]

