A-BRKGA-Heuristic:

Execution 1:
Parametros: Y=0.998
Start Time (hh:mm:ss.ms) 2023-07-16 20:07:28.011573
generations	MaxGenenerations	Populationk1	Populationk	PopulationElite	PopulationMutant	fitnessElite	alpha	min    	max    	avg   	std    
0          	0               	0           	0          	0              	0               	0           	0    	149.795	177.865	173.52	3.39829
1          	213.867         	998         	1000       	100            	200             	158.216     	0.3  	145.735	180.035	159.768	8.82164
21         	207.808         	958         	960        	110            	178             	154.579     	0.280	144.545	178.075	155.853	9.3611 
30         	205.967         	940         	942        	114            	169             	153.336     	0.271	144.125	176.535	155.029	9.46116
32         	205.253         	936         	938        	115            	166             	152.888     	0.269	143.425	177.865	154.964	9.40405
47         	204.801         	906         	908        	122            	151             	152.228     	0.255	143.355	176.465	153.479	10.1516
48         	204.099         	904         	906        	122            	150             	151.763     	0.253	143.285	177.053	153.126	10.1343
50         	204.658         	900         	902        	123            	148             	152.056     	0.252	143.145	177.165	153.315	10.1392
51         	204.086         	898         	900        	123            	147             	151.684     	0.251	143.075	177.585	152.903	10.1167
57         	203.929         	886         	888        	126            	141             	151.395     	0.245	143.005	176.535	152.38 	10.3151
58         	203.63          	884         	886        	126            	140             	151.187     	0.244	142.865	176.955	152.282	10.1833
60         	203.687         	880         	882        	127            	138             	151.168     	0.242	142.613	176.885	152.415	10.3364
64         	203.128         	872         	874        	128            	134             	150.718     	0.237	142.585	176.815	152.256	10.3721
65         	203.145         	870         	872        	129            	133             	150.697     	0.236	142.585	176.745	151.958	10.3463
67         	203.071         	866         	868        	129            	131             	150.586     	0.234	142.515	178.915	151.827	10.3611
68         	203.901         	864         	866        	129            	131             	151.043     	0.234	142.445	177.725	151.813	10.3824
72         	202.775         	856         	858        	131            	127             	150.253     	0.229	142.375	177.095	151.639	10.3356
77         	202.619         	846         	848        	133            	122             	149.997     	0.224	142.193	177.235	151.061	10.3849
95         	202.643         	810         	812        	138            	106             	149.396     	0.207	142.123	176.815	150.424	10.0685
97         	202.487         	806         	808        	138            	104             	149.241     	0.205	142.053	177.025	150.345	10.1963
167        	202.33          	666         	668        	149            	52              	146.758     	0.135	141.955	176.633	147.463	8.63176
182        	202.191         	636         	638        	150            	42              	146.155     	0.120	141.885	177.403	147.171	8.32855
End Time (hh:mm:ss.ms) 2023-07-16 20:08:17.198129
Total Time (hh:mm:ss.ms) 0:00:49.186556
Individuo: [[3, 34, 23, 4, 38, 22, 2, 7, 17, 9, 10, 25, 32, 1, 0, 8, 14, 16, 43, 42, 26, 18, 13, 35, 12, 11, 39, 21, 20, 40, 33, 41, 36, 31, 15, 37, 5, 30, 29, 27, 19, 24, 6, 28], [0, 0, 1, 1, 1, 1, 1, 1, 1, 1, 1, 1, 0, 1, 1, 1, 1, 1, 0, 0, 0, 0, 0, 1, 0, 0, 1, 0, 0, 1, 1, 1, 1, 0, 0, 0, 0, 0, 0, 0, 1, 0, 1, 0]]
Fitness:  141.88500000000005
Gens:  [0, 1, 2, 3, 4, 5, 6, 7, 8, 9, 10, 11, 12, 13, 14, 15, 16, 17, 18, 19, 20, 21, 22, 23, 24, 25, 26, 27, 28, 29, 30, 31, 32, 33, 34, 35, 36, 37, 38, 39, 40, 41, 42, 43, 44, 45, 46, 47, 48, 49, 50, 51, 52, 53, 54, 55, 56, 57, 58, 59, 60, 61, 62, 63, 64, 65, 66, 67, 68, 69, 70, 71, 72, 73, 74, 75, 76, 77, 78, 79, 80, 81, 82, 83, 84, 85, 86, 87, 88, 89, 90, 91, 92, 93, 94, 95, 96, 97, 98, 99, 100, 101, 102, 103, 104, 105, 106, 107, 108, 109, 110, 111, 112, 113, 114, 115, 116, 117, 118, 119, 120, 121, 122, 123, 124, 125, 126, 127, 128, 129, 130, 131, 132, 133, 134, 135, 136, 137, 138, 139, 140, 141, 142, 143, 144, 145, 146, 147, 148, 149, 150, 151, 152, 153, 154, 155, 156, 157, 158, 159, 160, 161, 162, 163, 164, 165, 166, 167, 168, 169, 170, 171, 172, 173, 174, 175, 176, 177, 178, 179, 180, 181, 182, 183, 184, 185, 186, 187, 188, 189, 190, 191, 192, 193, 194, 195, 196, 197, 198, 199, 200, 201, 202, 203]
Inds:  [149.79500000000007, 145.735, 145.735, 145.735, 145.735, 145.735, 145.735, 145.735, 145.735, 145.735, 145.735, 145.735, 145.735, 145.735, 145.735, 145.735, 145.735, 145.735, 145.735, 145.735, 145.735, 144.54500000000002, 144.54500000000002, 144.54500000000002, 144.54500000000002, 144.54500000000002, 144.54500000000002, 144.54500000000002, 144.54500000000002, 144.54500000000002, 144.12500000000006, 144.12500000000006, 143.42500000000007, 143.42500000000007, 143.42500000000007, 143.42500000000007, 143.42500000000007, 143.42500000000007, 143.42500000000007, 143.42500000000007, 143.42500000000007, 143.42500000000007, 143.42500000000007, 143.42500000000007, 143.42500000000007, 143.42500000000007, 143.42500000000007, 143.35500000000005, 143.28500000000003, 143.28500000000003, 143.14500000000007, 143.07500000000005, 143.07500000000005, 143.07500000000005, 143.07500000000005, 143.07500000000005, 143.07500000000005, 143.00500000000005, 142.86500000000004, 142.86500000000004, 142.61250000000004, 142.61250000000004, 142.61250000000004, 142.61250000000004, 142.58500000000006, 142.58500000000004, 142.58500000000004, 142.51500000000004, 142.44500000000005, 142.44500000000005, 142.44500000000005, 142.44500000000005, 142.37500000000006, 142.37500000000006, 142.37500000000006, 142.37500000000006, 142.37500000000006, 142.19250000000005, 142.19250000000005, 142.19250000000005, 142.19250000000005, 142.19250000000005, 142.19250000000005, 142.19250000000005, 142.19250000000005, 142.19250000000005, 142.19250000000005, 142.19250000000005, 142.19250000000005, 142.19250000000005, 142.19250000000005, 142.19250000000005, 142.19250000000005, 142.19250000000005, 142.19250000000005, 142.12250000000006, 142.12250000000006, 142.05250000000007, 142.05250000000007, 142.05250000000007, 142.05250000000007, 142.05250000000007, 142.05250000000007, 142.05250000000007, 142.05250000000007, 142.05250000000007, 142.05250000000007, 142.05250000000007, 142.05250000000007, 142.05250000000007, 142.05250000000007, 142.05250000000007, 142.05250000000007, 142.05250000000007, 142.05250000000007, 142.05250000000007, 142.05250000000007, 142.05250000000007, 142.05250000000007, 142.05250000000007, 142.05250000000007, 142.05250000000007, 142.05250000000007, 142.05250000000007, 142.05250000000007, 142.05250000000007, 142.05250000000007, 142.05250000000007, 142.05250000000007, 142.05250000000007, 142.05250000000007, 142.05250000000007, 142.05250000000007, 142.05250000000007, 142.05250000000007, 142.05250000000007, 142.05250000000007, 142.05250000000007, 142.05250000000007, 142.05250000000007, 142.05250000000007, 142.05250000000007, 142.05250000000007, 142.05250000000007, 142.05250000000007, 142.05250000000007, 142.05250000000007, 142.05250000000007, 142.05250000000007, 142.05250000000007, 142.05250000000007, 142.05250000000007, 142.05250000000007, 142.05250000000007, 142.05250000000007, 142.05250000000007, 142.05250000000007, 142.05250000000007, 142.05250000000007, 142.05250000000007, 142.05250000000007, 142.05250000000007, 142.05250000000007, 142.05250000000007, 142.05250000000007, 142.05250000000007, 142.05250000000007, 141.95500000000004, 141.95500000000004, 141.95500000000004, 141.95500000000004, 141.95500000000004, 141.95500000000004, 141.95500000000004, 141.95500000000004, 141.95500000000004, 141.95500000000004, 141.95500000000004, 141.95500000000004, 141.95500000000004, 141.95500000000004, 141.95500000000004, 141.88500000000005, 141.88500000000005, 141.88500000000005, 141.88500000000005, 141.88500000000005, 141.88500000000005, 141.88500000000005, 141.88500000000005, 141.88500000000005, 141.88500000000005, 141.88500000000005, 141.88500000000005, 141.88500000000005, 141.88500000000005, 141.88500000000005, 141.88500000000005, 141.88500000000005, 141.88500000000005, 141.88500000000005, 141.88500000000005, 141.88500000000005, 141.88500000000005]

Execution 2:
Parametros: Y=0.998
Start Time (hh:mm:ss.ms) 2023-07-16 20:08:18.092131
generations	MaxGenenerations	Populationk1	Populationk	PopulationElite	PopulationMutant	fitnessElite	alpha	min    	max    	avg    	std    
0          	0               	0           	0          	0              	0               	0           	0    	152.413	178.495	173.609	3.29977
1          	217.879         	998         	1000       	100            	200             	160.237     	0.3  	145.525	180.455	159.822	8.60364
24         	207.77          	952         	954        	112            	175             	154.511     	0.277	145.455	177.305	155.946	9.39986
29         	207.38          	942         	944        	114            	170             	154.112     	0.272	144.993	176.773	155.335	9.5162 
32         	206.576         	936         	938        	115            	167             	153.584     	0.269	144.965	178.075	154.574	9.68484
33         	207.058         	934         	936        	116            	166             	153.875     	0.269	144.433	179.475	154.671	9.6744 
35         	205.691         	930         	932        	117            	163             	153.021     	0.266	144.335	177.053	154.261	9.8838 
36         	205.737         	928         	930        	117            	162             	153.037     	0.265	144.195	177.095	154.47 	9.89999
37         	205.555         	926         	928        	117            	161             	152.913     	0.264	144.055	178.565	154.197	9.97876
39         	205.297         	922         	924        	118            	159             	152.707     	0.262	143.985	177.235	153.93 	9.84595
40         	205.313         	920         	922        	119            	158             	152.697     	0.262	143.915	177.305	153.834	9.96534
44         	204.925         	912         	914        	120            	154             	152.332     	0.258	143.313	177.725	153.632	10.1027
47         	204.382         	906         	908        	122            	151             	151.98      	0.254	142.963	176.703	153.111	10.1327
50         	203.712         	900         	902        	123            	148             	151.507     	0.251	142.893	176.815	152.862	10.2318
55         	203.755         	890         	892        	125            	143             	151.375     	0.246	142.823	177.025	152.787	10.1843
59         	203.398         	882         	884        	126            	139             	151.031     	0.242	142.753	177.445	152.32 	10.4107
62         	203.413         	876         	878        	128            	136             	150.945     	0.240	142.683	176.955	152.035	10.2068
64         	203.313         	872         	874        	128            	134             	150.824     	0.238	142.613	177.445	151.931	10.3151
65         	203.441         	870         	872        	129            	133             	150.871     	0.237	142.585	176.885	152.001	10.3746
66         	203.174         	868         	870        	129            	132             	150.68      	0.236	142.543	176.675	151.828	10.2945
72         	203.182         	856         	858        	131            	127             	150.484     	0.230	142.403	177.515	151.917	10.3036
80         	202.942         	840         	842        	134            	119             	150.078     	0.222	142.15 	176.745	151.155	10.1508
97         	202.412         	806         	808        	138            	104             	149.204     	0.205	142.01 	177.095	150.265	10.1484
99         	202.667         	802         	804        	139            	103             	149.256     	0.203	141.94 	176.395	150.457	10.1755
107        	202.482         	786         	788        	141            	96              	148.874     	0.195	141.87 	177.935	150.041	9.9413 
End Time (hh:mm:ss.ms) 2023-07-16 20:09:07.279130
Total Time (hh:mm:ss.ms) 0:00:49.186999
Individuo: [[34, 11, 12, 38, 22, 2, 7, 17, 9, 10, 25, 32, 1, 0, 8, 14, 16, 3, 28, 20, 21, 39, 43, 24, 6, 29, 4, 23, 35, 13, 18, 26, 40, 33, 41, 30, 5, 37, 15, 31, 36, 19, 27, 42], [0, 1, 1, 1, 1, 1, 1, 1, 1, 1, 1, 0, 1, 1, 1, 1, 1, 1, 1, 1, 1, 0, 0, 0, 1, 1, 0, 0, 0, 1, 1, 1, 1, 0, 0, 1, 1, 1, 1, 1, 0, 0, 1, 0]]
Fitness:  141.87000000000006
Gens:  [0, 1, 2, 3, 4, 5, 6, 7, 8, 9, 10, 11, 12, 13, 14, 15, 16, 17, 18, 19, 20, 21, 22, 23, 24, 25, 26, 27, 28, 29, 30, 31, 32, 33, 34, 35, 36, 37, 38, 39, 40, 41, 42, 43, 44, 45, 46, 47, 48, 49, 50, 51, 52, 53, 54, 55, 56, 57, 58, 59, 60, 61, 62, 63, 64, 65, 66, 67, 68, 69, 70, 71, 72, 73, 74, 75, 76, 77, 78, 79, 80, 81, 82, 83, 84, 85, 86, 87, 88, 89, 90, 91, 92, 93, 94, 95, 96, 97, 98, 99, 100, 101, 102, 103, 104, 105, 106, 107, 108, 109, 110, 111, 112, 113, 114, 115, 116, 117, 118, 119, 120, 121, 122, 123, 124, 125, 126, 127, 128, 129, 130, 131, 132, 133, 134, 135, 136, 137, 138, 139, 140, 141, 142, 143, 144, 145, 146, 147, 148, 149, 150, 151, 152, 153, 154, 155, 156, 157, 158, 159, 160, 161, 162, 163, 164, 165, 166, 167, 168, 169, 170, 171, 172, 173, 174, 175, 176, 177, 178, 179, 180, 181, 182, 183, 184, 185, 186, 187, 188, 189, 190, 191, 192, 193, 194, 195, 196, 197, 198, 199, 200, 201, 202, 203]
Inds:  [152.41250000000002, 145.52500000000006, 145.52500000000006, 145.52500000000006, 145.52500000000006, 145.52500000000006, 145.52500000000006, 145.52500000000006, 145.52500000000006, 145.52500000000006, 145.52500000000006, 145.52500000000006, 145.52500000000006, 145.52500000000006, 145.52500000000006, 145.52500000000006, 145.52500000000006, 145.52500000000006, 145.52500000000006, 145.52500000000006, 145.52500000000006, 145.52500000000006, 145.52500000000006, 145.52500000000006, 145.45500000000004, 145.45500000000004, 145.45500000000004, 145.45500000000004, 145.45500000000004, 144.99250000000006, 144.99250000000006, 144.99250000000006, 144.9650000000001, 144.43250000000006, 144.43250000000006, 144.33500000000006, 144.19500000000005, 144.05500000000006, 144.05500000000006, 143.98500000000004, 143.91500000000005, 143.91500000000005, 143.91500000000005, 143.91500000000005, 143.31250000000006, 143.31250000000006, 143.31250000000006, 142.9625000000001, 142.9625000000001, 142.9625000000001, 142.89250000000007, 142.89250000000007, 142.89250000000007, 142.89250000000007, 142.89250000000007, 142.82250000000005, 142.82250000000005, 142.82250000000005, 142.82250000000005, 142.75250000000005, 142.75250000000005, 142.75250000000005, 142.68250000000006, 142.68250000000006, 142.61250000000007, 142.5850000000001, 142.54250000000005, 142.54250000000005, 142.54250000000005, 142.54250000000005, 142.54250000000005, 142.54250000000005, 142.40250000000006, 142.40250000000006, 142.40250000000006, 142.40250000000006, 142.40250000000006, 142.40250000000006, 142.40250000000006, 142.40250000000006, 142.15000000000003, 142.15000000000003, 142.15000000000003, 142.15000000000003, 142.15000000000003, 142.15000000000003, 142.15000000000003, 142.15000000000003, 142.15000000000003, 142.15000000000003, 142.15000000000003, 142.15000000000003, 142.15000000000003, 142.15000000000003, 142.15000000000003, 142.15000000000003, 142.15000000000003, 142.01000000000005, 142.01000000000005, 141.94000000000005, 141.94000000000005, 141.94000000000005, 141.94000000000005, 141.94000000000005, 141.94000000000005, 141.94000000000005, 141.94000000000005, 141.87000000000006, 141.87000000000006, 141.87000000000006, 141.87000000000006, 141.87000000000006, 141.87000000000006, 141.87000000000006, 141.87000000000006, 141.87000000000006, 141.87000000000006, 141.87000000000006, 141.87000000000006, 141.87000000000006, 141.87000000000006, 141.87000000000006, 141.87000000000006, 141.87000000000006, 141.87000000000006, 141.87000000000006, 141.87000000000006, 141.87000000000006, 141.87000000000006, 141.87000000000006, 141.87000000000006, 141.87000000000006, 141.87000000000006, 141.87000000000006, 141.87000000000006, 141.87000000000006, 141.87000000000006, 141.87000000000006, 141.87000000000006, 141.87000000000006, 141.87000000000006, 141.87000000000006, 141.87000000000006, 141.87000000000006, 141.87000000000006, 141.87000000000006, 141.87000000000006, 141.87000000000006, 141.87000000000006, 141.87000000000006, 141.87000000000006, 141.87000000000006, 141.87000000000006, 141.87000000000006, 141.87000000000006, 141.87000000000006, 141.87000000000006, 141.87000000000006, 141.87000000000006, 141.87000000000006, 141.87000000000006, 141.87000000000006, 141.87000000000006, 141.87000000000006, 141.87000000000006, 141.87000000000006, 141.87000000000006, 141.87000000000006, 141.87000000000006, 141.87000000000006, 141.87000000000006, 141.87000000000006, 141.87000000000006, 141.87000000000006, 141.87000000000006, 141.87000000000006, 141.87000000000006, 141.87000000000006, 141.87000000000006, 141.87000000000006, 141.87000000000006, 141.87000000000006, 141.87000000000006, 141.87000000000006, 141.87000000000006, 141.87000000000006, 141.87000000000006, 141.87000000000006, 141.87000000000006, 141.87000000000006, 141.87000000000006, 141.87000000000006, 141.87000000000006, 141.87000000000006, 141.87000000000006, 141.87000000000006, 141.87000000000006, 141.87000000000006, 141.87000000000006, 141.87000000000006, 141.87000000000006, 141.87000000000006, 141.87000000000006, 141.87000000000006]

Execution 3:
Parametros: Y=0.998
Start Time (hh:mm:ss.ms) 2023-07-16 20:09:08.229143
generations	MaxGenenerations	Populationk1	Populationk	PopulationElite	PopulationMutant	fitnessElite	alpha	min    	max    	avg    	std    
0          	0               	0           	0          	0              	0               	0           	0    	149.165	177.865	173.621	3.15055
1          	212.967         	998         	1000       	100            	200             	157.775     	0.3  	145.805	177.095	158.915	8.93706
4          	207.791         	992         	994        	102            	197             	155.06      	0.297	145.203	177.655	156.805	9.15531
9          	207.368         	982         	984        	104            	191             	154.79      	0.292	144.965	177.795	156.129	9.61328
10         	206.942         	980         	982        	105            	190             	154.528     	0.291	144.615	177.935	155.895	9.62363
11         	206.5           	978         	980        	105            	189             	154.288     	0.290	144.153	176.535	155.858	9.53422
12         	205.264         	976         	978        	106            	188             	153.52      	0.289	144.013	177.795	155.306	9.85038
14         	205.381         	972         	974        	107            	186             	153.579     	0.287	143.775	177.655	155.451	9.82584
17         	205.214         	966         	968        	108            	182             	153.431     	0.284	143.355	176.955	154.813	10.0328
20         	204.529         	960         	962        	110            	179             	152.968     	0.281	143.243	177.095	154.392	10.1964
21         	204.197         	958         	960        	110            	178             	152.735     	0.280	143.103	177.445	154.626	10.1313
22         	204.14          	956         	958        	111            	177             	152.699     	0.279	142.613	176.605	154.017	10.2237
24         	203.213         	952         	954        	112            	175             	152.118     	0.277	142.333	179.405	153.876	10.3465
33         	203.013         	934         	936        	116            	165             	151.741     	0.268	142.123	177.123	153.445	10.5502
37         	202.515         	926         	928        	118            	161             	151.315     	0.264	141.983	176.815	152.758	10.7404
38         	202.287         	924         	926        	118            	160             	151.158     	0.263	141.703	177.095	153.149	10.5947
End Time (hh:mm:ss.ms) 2023-07-16 20:09:55.761135
Total Time (hh:mm:ss.ms) 0:00:47.531992
Individuo: [[34, 42, 16, 14, 8, 0, 1, 32, 25, 10, 9, 17, 7, 2, 22, 38, 31, 15, 37, 5, 30, 4, 23, 35, 13, 18, 26, 3, 28, 20, 21, 39, 11, 12, 43, 19, 27, 6, 24, 36, 41, 33, 40, 29], [0, 1, 0, 0, 0, 0, 0, 1, 0, 0, 0, 0, 0, 0, 0, 0, 0, 0, 0, 0, 0, 0, 0, 0, 1, 1, 1, 1, 1, 1, 1, 0, 1, 0, 0, 0, 1, 0, 1, 1, 1, 1, 0, 1]]
Fitness:  141.70250000000004
Gens:  [0, 1, 2, 3, 4, 5, 6, 7, 8, 9, 10, 11, 12, 13, 14, 15, 16, 17, 18, 19, 20, 21, 22, 23, 24, 25, 26, 27, 28, 29, 30, 31, 32, 33, 34, 35, 36, 37, 38, 39, 40, 41, 42, 43, 44, 45, 46, 47, 48, 49, 50, 51, 52, 53, 54, 55, 56, 57, 58, 59, 60, 61, 62, 63, 64, 65, 66, 67, 68, 69, 70, 71, 72, 73, 74, 75, 76, 77, 78, 79, 80, 81, 82, 83, 84, 85, 86, 87, 88, 89, 90, 91, 92, 93, 94, 95, 96, 97, 98, 99, 100, 101, 102, 103, 104, 105, 106, 107, 108, 109, 110, 111, 112, 113, 114, 115, 116, 117, 118, 119, 120, 121, 122, 123, 124, 125, 126, 127, 128, 129, 130, 131, 132, 133, 134, 135, 136, 137, 138, 139, 140, 141, 142, 143, 144, 145, 146, 147, 148, 149, 150, 151, 152, 153, 154, 155, 156, 157, 158, 159, 160, 161, 162, 163, 164, 165, 166, 167, 168, 169, 170, 171, 172, 173, 174, 175, 176, 177, 178, 179, 180, 181, 182, 183, 184, 185, 186, 187, 188, 189, 190, 191, 192, 193, 194, 195, 196, 197, 198, 199, 200, 201, 202]
Inds:  [149.16500000000005, 145.80500000000004, 145.80500000000004, 145.80500000000004, 145.20250000000004, 145.20250000000004, 145.20250000000004, 145.20250000000004, 145.20250000000004, 144.965, 144.61500000000004, 144.1525, 144.01250000000002, 144.01250000000002, 143.77500000000006, 143.77500000000006, 143.77500000000006, 143.35500000000005, 143.35500000000005, 143.35500000000005, 143.24250000000004, 143.10250000000005, 142.61250000000007, 142.61250000000007, 142.33250000000004, 142.33250000000004, 142.33250000000004, 142.33250000000004, 142.33250000000004, 142.33250000000004, 142.33250000000004, 142.33250000000004, 142.33250000000004, 142.12250000000006, 142.12250000000006, 142.12250000000006, 142.12250000000006, 141.98250000000004, 141.70250000000004, 141.70250000000004, 141.70250000000004, 141.70250000000004, 141.70250000000004, 141.70250000000004, 141.70250000000004, 141.70250000000004, 141.70250000000004, 141.70250000000004, 141.70250000000004, 141.70250000000004, 141.70250000000004, 141.70250000000004, 141.70250000000004, 141.70250000000004, 141.70250000000004, 141.70250000000004, 141.70250000000004, 141.70250000000004, 141.70250000000004, 141.70250000000004, 141.70250000000004, 141.70250000000004, 141.70250000000004, 141.70250000000004, 141.70250000000004, 141.70250000000004, 141.70250000000004, 141.70250000000004, 141.70250000000004, 141.70250000000004, 141.70250000000004, 141.70250000000004, 141.70250000000004, 141.70250000000004, 141.70250000000004, 141.70250000000004, 141.70250000000004, 141.70250000000004, 141.70250000000004, 141.70250000000004, 141.70250000000004, 141.70250000000004, 141.70250000000004, 141.70250000000004, 141.70250000000004, 141.70250000000004, 141.70250000000004, 141.70250000000004, 141.70250000000004, 141.70250000000004, 141.70250000000004, 141.70250000000004, 141.70250000000004, 141.70250000000004, 141.70250000000004, 141.70250000000004, 141.70250000000004, 141.70250000000004, 141.70250000000004, 141.70250000000004, 141.70250000000004, 141.70250000000004, 141.70250000000004, 141.70250000000004, 141.70250000000004, 141.70250000000004, 141.70250000000004, 141.70250000000004, 141.70250000000004, 141.70250000000004, 141.70250000000004, 141.70250000000004, 141.70250000000004, 141.70250000000004, 141.70250000000004, 141.70250000000004, 141.70250000000004, 141.70250000000004, 141.70250000000004, 141.70250000000004, 141.70250000000004, 141.70250000000004, 141.70250000000004, 141.70250000000004, 141.70250000000004, 141.70250000000004, 141.70250000000004, 141.70250000000004, 141.70250000000004, 141.70250000000004, 141.70250000000004, 141.70250000000004, 141.70250000000004, 141.70250000000004, 141.70250000000004, 141.70250000000004, 141.70250000000004, 141.70250000000004, 141.70250000000004, 141.70250000000004, 141.70250000000004, 141.70250000000004, 141.70250000000004, 141.70250000000004, 141.70250000000004, 141.70250000000004, 141.70250000000004, 141.70250000000004, 141.70250000000004, 141.70250000000004, 141.70250000000004, 141.70250000000004, 141.70250000000004, 141.70250000000004, 141.70250000000004, 141.70250000000004, 141.70250000000004, 141.70250000000004, 141.70250000000004, 141.70250000000004, 141.70250000000004, 141.70250000000004, 141.70250000000004, 141.70250000000004, 141.70250000000004, 141.70250000000004, 141.70250000000004, 141.70250000000004, 141.70250000000004, 141.70250000000004, 141.70250000000004, 141.70250000000004, 141.70250000000004, 141.70250000000004, 141.70250000000004, 141.70250000000004, 141.70250000000004, 141.70250000000004, 141.70250000000004, 141.70250000000004, 141.70250000000004, 141.70250000000004, 141.70250000000004, 141.70250000000004, 141.70250000000004, 141.70250000000004, 141.70250000000004, 141.70250000000004, 141.70250000000004, 141.70250000000004, 141.70250000000004, 141.70250000000004, 141.70250000000004, 141.70250000000004, 141.70250000000004, 141.70250000000004, 141.70250000000004, 141.70250000000004, 141.70250000000004, 141.70250000000004, 141.70250000000004, 141.70250000000004, 141.70250000000004]

Execution 4:
Parametros: Y=0.998
Start Time (hh:mm:ss.ms) 2023-07-16 20:09:56.545132
generations	MaxGenenerations	Populationk1	Populationk	PopulationElite	PopulationMutant	fitnessElite	alpha	min    	max    	avg    	std    
0          	0               	0           	0          	0              	0               	0           	0    	150.663	177.375	173.661	3.09401
1          	214.895         	998         	1000       	100            	200             	158.676     	0.3  	143.733	176.605	159.698	8.82619
17         	204.953         	966         	968        	108            	182             	153.26      	0.284	143.312	178.775	154.362	10.1878
23         	204.182         	954         	956        	111            	176             	152.641     	0.278	142.963	177.375	153.972	10.3695
28         	203.798         	944         	946        	114            	171             	152.298     	0.273	142.893	176.885	153.708	10.434 
34         	203.584         	932         	934        	116            	164             	151.97      	0.267	142.893	176.745	152.807	10.4876
35         	203.555         	930         	932        	117            	163             	151.917     	0.266	142.822	176.465	153.168	10.501 
36         	203.341         	928         	930        	117            	162             	151.757     	0.265	142.795	176.395	152.7  	10.6187
37         	203.274         	926         	928        	118            	161             	151.685     	0.264	142.613	177.655	153.265	10.4633
38         	203.527         	924         	926        	118            	160             	151.851     	0.263	142.613	177.235	152.828	10.4414
39         	203.356         	922         	924        	119            	159             	151.705     	0.262	142.543	177.165	152.64 	10.686 
40         	203.227         	920         	922        	119            	158             	151.6       	0.261	142.473	176.955	152.84 	10.5264
41         	203.042         	918         	920        	119            	157             	151.459     	0.260	142.263	176.605	152.814	10.4529
45         	203.038         	910         	912        	121            	153             	151.353     	0.256	142.193	176.885	152.274	10.642 
46         	202.615         	908         	910        	122            	152             	151.059     	0.255	142.15 	178.495	152.765	10.6949
49         	202.441         	902         	904        	123            	149             	150.853     	0.252	141.983	176.493	152.576	10.6345
51         	202.287         	898         	900        	124            	147             	150.71      	0.250	141.983	176.605	151.957	10.8668
63         	202.401         	874         	876        	128            	135             	150.365     	0.238	141.563	177.445	151.567	10.6588
74         	201.604         	852         	854        	132            	125             	149.537     	0.227	141.423	177.165	150.773	10.5364
88         	201.574         	824         	826        	136            	112             	149.03      	0.213	141.423	176.955	150.557	10.3646
171        	201.263         	658         	660        	150            	49              	145.988     	0.131	141.353	176.605	147.349	8.71875
End Time (hh:mm:ss.ms) 2023-07-16 20:10:42.154131
Total Time (hh:mm:ss.ms) 0:00:45.608999
Individuo: [[28, 20, 21, 39, 11, 12, 35, 16, 14, 19, 36, 31, 15, 37, 5, 30, 29, 27, 8, 0, 1, 32, 25, 10, 9, 2, 7, 17, 22, 38, 24, 6, 41, 33, 40, 43, 23, 4, 34, 3, 42, 13, 18, 26], [1, 1, 1, 0, 1, 1, 0, 0, 0, 1, 1, 0, 0, 0, 0, 0, 0, 0, 0, 0, 0, 1, 0, 0, 0, 1, 1, 1, 0, 0, 0, 1, 1, 0, 1, 1, 1, 0, 1, 1, 1, 1, 1, 1]]
Fitness:  141.35250000000002
Gens:  [0, 1, 2, 3, 4, 5, 6, 7, 8, 9, 10, 11, 12, 13, 14, 15, 16, 17, 18, 19, 20, 21, 22, 23, 24, 25, 26, 27, 28, 29, 30, 31, 32, 33, 34, 35, 36, 37, 38, 39, 40, 41, 42, 43, 44, 45, 46, 47, 48, 49, 50, 51, 52, 53, 54, 55, 56, 57, 58, 59, 60, 61, 62, 63, 64, 65, 66, 67, 68, 69, 70, 71, 72, 73, 74, 75, 76, 77, 78, 79, 80, 81, 82, 83, 84, 85, 86, 87, 88, 89, 90, 91, 92, 93, 94, 95, 96, 97, 98, 99, 100, 101, 102, 103, 104, 105, 106, 107, 108, 109, 110, 111, 112, 113, 114, 115, 116, 117, 118, 119, 120, 121, 122, 123, 124, 125, 126, 127, 128, 129, 130, 131, 132, 133, 134, 135, 136, 137, 138, 139, 140, 141, 142, 143, 144, 145, 146, 147, 148, 149, 150, 151, 152, 153, 154, 155, 156, 157, 158, 159, 160, 161, 162, 163, 164, 165, 166, 167, 168, 169, 170, 171, 172, 173, 174, 175, 176, 177, 178, 179, 180, 181, 182, 183, 184, 185, 186, 187, 188, 189, 190, 191, 192, 193, 194, 195, 196, 197, 198, 199, 200, 201, 202]
Inds:  [150.66250000000005, 143.73250000000004, 143.73250000000004, 143.73250000000004, 143.73250000000004, 143.73250000000004, 143.73250000000004, 143.73250000000004, 143.73250000000004, 143.73250000000004, 143.73250000000004, 143.73250000000004, 143.73250000000004, 143.73250000000004, 143.73250000000004, 143.73250000000004, 143.73250000000004, 143.3125, 143.3125, 143.3125, 143.3125, 143.3125, 143.3125, 142.9625, 142.9625, 142.9625, 142.9625, 142.9625, 142.89250000000004, 142.89250000000004, 142.89250000000004, 142.89250000000004, 142.89250000000004, 142.89250000000004, 142.8925, 142.8225, 142.79500000000002, 142.61250000000004, 142.6125, 142.54250000000002, 142.47250000000003, 142.26250000000002, 142.26250000000002, 142.26250000000002, 142.26250000000002, 142.19250000000002, 142.15000000000003, 142.15000000000003, 142.15000000000003, 141.98250000000004, 141.98250000000004, 141.98250000000002, 141.98250000000002, 141.98250000000002, 141.98250000000002, 141.98250000000002, 141.98250000000002, 141.98250000000002, 141.98250000000002, 141.98250000000002, 141.98250000000002, 141.98250000000002, 141.98250000000002, 141.56250000000003, 141.56250000000003, 141.56250000000003, 141.56250000000003, 141.56250000000003, 141.56250000000003, 141.56250000000003, 141.56250000000003, 141.56250000000003, 141.56250000000003, 141.56250000000003, 141.42250000000004, 141.42250000000004, 141.42250000000004, 141.42250000000004, 141.42250000000004, 141.42250000000004, 141.42250000000004, 141.42250000000004, 141.42250000000004, 141.42250000000004, 141.42250000000004, 141.42250000000004, 141.42250000000004, 141.42250000000004, 141.4225, 141.4225, 141.4225, 141.4225, 141.4225, 141.4225, 141.4225, 141.4225, 141.4225, 141.4225, 141.4225, 141.4225, 141.4225, 141.4225, 141.4225, 141.4225, 141.4225, 141.4225, 141.4225, 141.4225, 141.4225, 141.4225, 141.4225, 141.4225, 141.4225, 141.4225, 141.4225, 141.4225, 141.4225, 141.4225, 141.4225, 141.4225, 141.4225, 141.4225, 141.4225, 141.4225, 141.4225, 141.4225, 141.4225, 141.4225, 141.4225, 141.4225, 141.4225, 141.4225, 141.4225, 141.4225, 141.4225, 141.4225, 141.4225, 141.4225, 141.4225, 141.4225, 141.4225, 141.4225, 141.4225, 141.4225, 141.4225, 141.4225, 141.4225, 141.4225, 141.4225, 141.4225, 141.4225, 141.4225, 141.4225, 141.4225, 141.4225, 141.4225, 141.4225, 141.4225, 141.4225, 141.4225, 141.4225, 141.4225, 141.4225, 141.4225, 141.4225, 141.4225, 141.4225, 141.4225, 141.4225, 141.4225, 141.4225, 141.35250000000002, 141.35250000000002, 141.35250000000002, 141.35250000000002, 141.35250000000002, 141.35250000000002, 141.35250000000002, 141.35250000000002, 141.35250000000002, 141.35250000000002, 141.35250000000002, 141.35250000000002, 141.35250000000002, 141.35250000000002, 141.35250000000002, 141.35250000000002, 141.35250000000002, 141.35250000000002, 141.35250000000002, 141.35250000000002, 141.35250000000002, 141.35250000000002, 141.35250000000002, 141.35250000000002, 141.35250000000002, 141.35250000000002, 141.35250000000002, 141.35250000000002, 141.35250000000002, 141.35250000000002, 141.35250000000002, 141.35250000000002]

Execution 5:
Parametros: Y=0.998
Start Time (hh:mm:ss.ms) 2023-07-16 20:10:42.954156
generations	MaxGenenerations	Populationk1	Populationk	PopulationElite	PopulationMutant	fitnessElite	alpha	min    	max    	avg    	std    
0          	0               	0           	0          	0              	0               	0           	0    	156.235	178.285	173.598	3.26511
1          	223.249         	998         	1000       	100            	200             	162.85      	0.3  	145.692	178.775	160.396	8.66352
21         	207.573         	958         	960        	110            	178             	154.43      	0.280	145.525	177.445	156.275	9.35252
27         	207.567         	946         	948        	113            	172             	154.282     	0.274	145.525	177.445	155.688	9.50516
28         	207.596         	944         	946        	113            	171             	154.271     	0.273	145.105	177.655	155.531	9.47599
33         	206.794         	934         	936        	116            	166             	153.674     	0.269	144.965	176.605	154.766	9.81781
34         	206.45          	932         	934        	116            	165             	153.445     	0.268	144.335	177.445	154.631	9.90658
35         	205.898         	930         	932        	117            	163             	153.175     	0.266	143.845	177.585	154.431	9.97933
39         	205.084         	922         	924        	118            	159             	152.606     	0.262	143.635	176.605	153.893	10.1377
41         	204.584         	918         	920        	119            	157             	152.255     	0.260	143.523	176.983	153.671	10.1144
42         	204.55          	916         	918        	120            	156             	152.219     	0.259	143.032	177.025	153.556	10.2519
46         	203.869         	908         	910        	121            	152             	151.73      	0.255	142.893	176.885	153.343	10.3046
51         	203.47          	898         	900        	123            	147             	151.332     	0.250	142.78 	176.745	152.525	10.4033
55         	203.395         	890         	892        	125            	143             	151.166     	0.246	142.43 	180.245	152.338	10.4766
61         	203.352         	878         	880        	127            	137             	150.969     	0.240	142.22 	176.535	152.131	10.4577
62         	202.512         	876         	878        	128            	136             	150.447     	0.239	142.15 	177.585	151.719	10.7421
66         	203.077         	868         	870        	129            	132             	150.651     	0.235	142.01 	177.165	151.61 	10.746 
75         	202.44          	850         	852        	132            	124             	149.97      	0.226	141.87 	176.535	150.658	10.459 
97         	202.41          	806         	808        	138            	104             	149.182     	0.205	141.73 	176.535	150.337	10.3465
116        	201.871         	768         	770        	143            	88              	148.232     	0.186	141.59 	176.843	149.227	9.91754
132        	201.813         	736         	738        	146            	76              	147.62      	0.170	141.52 	177.375	148.715	9.87133
182        	201.318         	636         	638        	150            	42              	145.669     	0.120	141.45 	176.815	146.973	8.4548 
End Time (hh:mm:ss.ms) 2023-07-16 20:11:29.749213
Total Time (hh:mm:ss.ms) 0:00:46.795057
Individuo: [[34, 11, 12, 23, 4, 30, 5, 37, 15, 31, 38, 22, 17, 7, 2, 9, 10, 25, 32, 1, 0, 33, 43, 40, 6, 24, 41, 8, 19, 36, 42, 26, 18, 13, 16, 14, 27, 29, 35, 39, 21, 20, 28, 3], [0, 1, 1, 1, 1, 1, 1, 1, 1, 1, 1, 1, 0, 0, 0, 1, 1, 1, 0, 1, 1, 0, 1, 0, 0, 1, 1, 1, 1, 1, 0, 0, 0, 0, 0, 0, 1, 1, 1, 1, 0, 0, 0, 0]]
Fitness:  141.45000000000005
Gens:  [0, 1, 2, 3, 4, 5, 6, 7, 8, 9, 10, 11, 12, 13, 14, 15, 16, 17, 18, 19, 20, 21, 22, 23, 24, 25, 26, 27, 28, 29, 30, 31, 32, 33, 34, 35, 36, 37, 38, 39, 40, 41, 42, 43, 44, 45, 46, 47, 48, 49, 50, 51, 52, 53, 54, 55, 56, 57, 58, 59, 60, 61, 62, 63, 64, 65, 66, 67, 68, 69, 70, 71, 72, 73, 74, 75, 76, 77, 78, 79, 80, 81, 82, 83, 84, 85, 86, 87, 88, 89, 90, 91, 92, 93, 94, 95, 96, 97, 98, 99, 100, 101, 102, 103, 104, 105, 106, 107, 108, 109, 110, 111, 112, 113, 114, 115, 116, 117, 118, 119, 120, 121, 122, 123, 124, 125, 126, 127, 128, 129, 130, 131, 132, 133, 134, 135, 136, 137, 138, 139, 140, 141, 142, 143, 144, 145, 146, 147, 148, 149, 150, 151, 152, 153, 154, 155, 156, 157, 158, 159, 160, 161, 162, 163, 164, 165, 166, 167, 168, 169, 170, 171, 172, 173, 174, 175, 176, 177, 178, 179, 180, 181, 182, 183, 184, 185, 186, 187, 188, 189, 190, 191, 192, 193, 194, 195, 196, 197, 198, 199, 200, 201, 202]
Inds:  [156.23500000000004, 145.6925, 145.6925, 145.6925, 145.6925, 145.6925, 145.6925, 145.6925, 145.6925, 145.6925, 145.6925, 145.6925, 145.6925, 145.6925, 145.6925, 145.6925, 145.6925, 145.6925, 145.6925, 145.6925, 145.6925, 145.525, 145.525, 145.525, 145.525, 145.525, 145.525, 145.52499999999998, 145.105, 145.105, 145.105, 145.105, 145.105, 144.965, 144.33500000000004, 143.84500000000003, 143.84500000000003, 143.84500000000003, 143.84500000000003, 143.63500000000002, 143.63500000000002, 143.52250000000004, 143.0325, 143.0325, 143.0325, 143.0325, 142.8925, 142.8925, 142.8925, 142.8925, 142.8925, 142.78000000000003, 142.78000000000003, 142.78000000000003, 142.78000000000003, 142.43000000000004, 142.43000000000004, 142.43000000000004, 142.43000000000004, 142.43000000000004, 142.43000000000004, 142.22000000000003, 142.15000000000003, 142.15000000000003, 142.15000000000003, 142.15000000000003, 142.01000000000002, 142.01000000000002, 142.01000000000002, 142.01000000000002, 142.01000000000002, 142.01000000000002, 142.01000000000002, 142.01000000000002, 142.01000000000002, 141.87000000000003, 141.87000000000003, 141.87000000000003, 141.87000000000003, 141.87000000000003, 141.87000000000003, 141.87000000000003, 141.87000000000003, 141.87000000000003, 141.87000000000003, 141.87000000000003, 141.87000000000003, 141.87000000000003, 141.87000000000003, 141.87000000000003, 141.87000000000003, 141.87000000000003, 141.87000000000003, 141.87000000000003, 141.87000000000003, 141.87000000000003, 141.87000000000003, 141.73000000000002, 141.73000000000002, 141.73000000000002, 141.73000000000002, 141.73000000000002, 141.73000000000002, 141.73000000000002, 141.73000000000002, 141.73000000000002, 141.73000000000002, 141.73000000000002, 141.73000000000002, 141.73000000000002, 141.73000000000002, 141.73000000000002, 141.73000000000002, 141.73000000000002, 141.73000000000002, 141.73000000000002, 141.59000000000003, 141.59000000000003, 141.59000000000003, 141.59000000000003, 141.59000000000003, 141.59000000000003, 141.59000000000003, 141.59000000000003, 141.59000000000003, 141.59000000000003, 141.59000000000003, 141.59000000000003, 141.59000000000003, 141.59000000000003, 141.59000000000003, 141.59000000000003, 141.52000000000004, 141.52000000000004, 141.52000000000004, 141.52000000000004, 141.52000000000004, 141.52000000000004, 141.52000000000004, 141.52000000000004, 141.52000000000004, 141.52000000000004, 141.52000000000004, 141.52000000000004, 141.52000000000004, 141.52000000000004, 141.52000000000004, 141.52000000000004, 141.52000000000004, 141.52000000000004, 141.52000000000004, 141.52000000000004, 141.52000000000004, 141.52000000000004, 141.52000000000004, 141.52000000000004, 141.52000000000004, 141.52000000000004, 141.52000000000004, 141.52000000000004, 141.52000000000004, 141.52000000000004, 141.52000000000004, 141.52000000000004, 141.52000000000004, 141.52000000000004, 141.52000000000004, 141.52000000000004, 141.52000000000004, 141.52000000000004, 141.52000000000004, 141.52000000000004, 141.52000000000004, 141.52000000000004, 141.52000000000004, 141.52000000000004, 141.52000000000004, 141.52000000000004, 141.52000000000004, 141.52000000000004, 141.52000000000004, 141.52000000000004, 141.45000000000005, 141.45000000000005, 141.45000000000005, 141.45000000000005, 141.45000000000005, 141.45000000000005, 141.45000000000005, 141.45000000000005, 141.45000000000005, 141.45000000000005, 141.45000000000005, 141.45000000000005, 141.45000000000005, 141.45000000000005, 141.45000000000005, 141.45000000000005, 141.45000000000005, 141.45000000000005, 141.45000000000005, 141.45000000000005, 141.45000000000005]

Execution 6:
Parametros: Y=0.998
Start Time (hh:mm:ss.ms) 2023-07-16 20:11:30.655213
generations	MaxGenenerations	Populationk1	Populationk	PopulationElite	PopulationMutant	fitnessElite	alpha	min    	max    	avg    	std   
0          	0               	0           	0          	0              	0               	0           	0    	156.515	178.215	173.529	3.2673
1          	223.618         	998         	1000       	100            	200             	163.025     	0.3  	145.343	178.382	160.79 	8.59316
21         	207.365         	958         	960        	110            	178             	154.374     	0.280	145.273	176.773	156.392	9.11433
26         	206.743         	948         	950        	112            	173             	153.818     	0.275	144.433	176.885	155.952	9.16805
54         	206.009         	892         	894        	124            	144             	152.62      	0.248	144.405	176.955	153.836	9.68599
56         	205.883         	888         	890        	125            	143             	152.483     	0.246	144.335	176.955	153.818	9.89896
59         	205.437         	882         	884        	126            	140             	152.126     	0.243	144.125	177.025	153.098	9.6993 
61         	206.118         	878         	880        	127            	138             	152.486     	0.241	144.055	177.095	153.756	9.83611
62         	205.355         	876         	878        	127            	137             	152.004     	0.240	143.985	177.025	152.695	9.86227
66         	205.774         	868         	870        	128            	133             	152.125     	0.236	143.985	177.543	153.237	10.0242
68         	205.572         	864         	866        	129            	131             	151.941     	0.234	143.705	177.235	152.755	9.89309
72         	204.827         	856         	858        	131            	127             	151.391     	0.230	143.495	176.465	152.281	9.90602
74         	204.585         	852         	854        	131            	125             	151.193     	0.228	143.425	176.955	152.163	9.94574
85         	204.428         	830         	832        	135            	115             	150.744     	0.217	143.355	176.885	152.145	9.83123
88         	204.157         	824         	826        	136            	113             	150.496     	0.214	143.285	176.885	151.721	9.91655
90         	204.343         	820         	822        	136            	111             	150.528     	0.212	143.285	178.215	151.619	10.0148
92         	203.914         	816         	818        	137            	109             	150.233     	0.210	143.285	176.535	151.445	9.8826 
93         	204.028         	814         	816        	137            	108             	150.261     	0.209	143.215	177.025	151.491	9.91879
96         	203.986         	808         	810        	138            	106             	150.136     	0.206	143.145	176.955	151.13 	9.90822
100        	204.058         	800         	802        	139            	102             	150.036     	0.202	143.075	177.725	151.265	9.61427
107        	204.101         	786         	788        	140            	96              	149.816     	0.196	143.005	176.535	150.658	9.50967
111        	204.001         	778         	780        	141            	93              	149.623     	0.192	142.795	176.885	150.405	9.5472 
116        	203.616         	768         	770        	142            	89              	149.237     	0.187	142.655	176.325	150.191	9.31186
121        	203.616         	758         	760        	143            	85              	149.042     	0.182	142.585	177.025	150.052	9.51694
127        	203.202         	746         	748        	144            	80              	148.634     	0.175	142.585	176.885	149.738	9.29395
128        	203.174         	744         	746        	145            	80              	148.587     	0.174	142.473	176.885	149.874	9.50706
129        	203.014         	742         	744        	145            	79              	148.457     	0.173	142.445	177.123	149.884	9.62957
130        	203.071         	740         	742        	145            	78              	148.443     	0.172	142.445	176.605	150.034	9.641  
139        	203.316         	722         	724        	146            	71              	148.24      	0.164	142.375	176.325	149.44 	9.40145
140        	202.647         	720         	722        	147            	70              	147.903     	0.162	142.235	177.025	148.928	9.06701
171        	202.505         	658         	660        	149            	49              	146.757     	0.132	142.165	176.395	147.663	8.29232
End Time (hh:mm:ss.ms) 2023-07-16 20:12:17.517211
Total Time (hh:mm:ss.ms) 0:00:46.861998
Individuo: [[28, 20, 21, 30, 36, 24, 19, 14, 16, 34, 11, 12, 35, 13, 18, 26, 3, 43, 23, 4, 5, 37, 15, 31, 38, 22, 2, 7, 17, 9, 10, 25, 32, 1, 0, 33, 42, 40, 29, 6, 41, 8, 27, 39], [1, 1, 1, 0, 0, 0, 0, 1, 1, 0, 1, 1, 0, 1, 1, 1, 1, 1, 1, 1, 1, 1, 1, 1, 1, 1, 1, 1, 1, 1, 1, 1, 0, 1, 1, 0, 0, 0, 1, 0, 1, 1, 1, 0]]
Fitness:  142.16500000000008
Gens:  [0, 1, 2, 3, 4, 5, 6, 7, 8, 9, 10, 11, 12, 13, 14, 15, 16, 17, 18, 19, 20, 21, 22, 23, 24, 25, 26, 27, 28, 29, 30, 31, 32, 33, 34, 35, 36, 37, 38, 39, 40, 41, 42, 43, 44, 45, 46, 47, 48, 49, 50, 51, 52, 53, 54, 55, 56, 57, 58, 59, 60, 61, 62, 63, 64, 65, 66, 67, 68, 69, 70, 71, 72, 73, 74, 75, 76, 77, 78, 79, 80, 81, 82, 83, 84, 85, 86, 87, 88, 89, 90, 91, 92, 93, 94, 95, 96, 97, 98, 99, 100, 101, 102, 103, 104, 105, 106, 107, 108, 109, 110, 111, 112, 113, 114, 115, 116, 117, 118, 119, 120, 121, 122, 123, 124, 125, 126, 127, 128, 129, 130, 131, 132, 133, 134, 135, 136, 137, 138, 139, 140, 141, 142, 143, 144, 145, 146, 147, 148, 149, 150, 151, 152, 153, 154, 155, 156, 157, 158, 159, 160, 161, 162, 163, 164, 165, 166, 167, 168, 169, 170, 171, 172, 173, 174, 175, 176, 177, 178, 179, 180, 181, 182, 183, 184, 185, 186, 187, 188, 189, 190, 191, 192, 193, 194, 195, 196, 197, 198, 199, 200, 201, 202, 203]
Inds:  [156.51500000000004, 145.34250000000003, 145.34250000000003, 145.34250000000003, 145.34250000000003, 145.34250000000003, 145.34250000000003, 145.34250000000003, 145.34250000000003, 145.34250000000003, 145.34250000000003, 145.34250000000003, 145.34250000000003, 145.34250000000003, 145.34250000000003, 145.34250000000003, 145.34250000000003, 145.34250000000003, 145.34250000000003, 145.34250000000003, 145.34250000000003, 145.27250000000004, 145.27250000000004, 145.27250000000004, 145.27250000000004, 145.27250000000004, 144.4325, 144.4325, 144.4325, 144.4325, 144.4325, 144.4325, 144.4325, 144.4325, 144.4325, 144.4325, 144.4325, 144.4325, 144.4325, 144.4325, 144.4325, 144.4325, 144.4325, 144.4325, 144.4325, 144.4325, 144.4325, 144.4325, 144.4325, 144.4325, 144.4325, 144.4325, 144.4325, 144.4325, 144.40500000000006, 144.40500000000006, 144.33500000000004, 144.33500000000004, 144.33500000000004, 144.12500000000003, 144.12500000000003, 144.05500000000006, 143.98500000000004, 143.98500000000004, 143.98500000000004, 143.98500000000004, 143.985, 143.985, 143.70500000000004, 143.70500000000004, 143.70500000000004, 143.70500000000004, 143.49500000000006, 143.49500000000006, 143.42500000000007, 143.42500000000007, 143.42500000000007, 143.42500000000007, 143.42500000000007, 143.42500000000007, 143.42500000000007, 143.42500000000007, 143.42500000000007, 143.42500000000007, 143.42500000000007, 143.35500000000008, 143.35500000000008, 143.35500000000008, 143.28500000000008, 143.28500000000008, 143.28500000000005, 143.28500000000005, 143.28500000000003, 143.21500000000006, 143.21500000000006, 143.21500000000006, 143.14500000000004, 143.14500000000004, 143.14500000000004, 143.14500000000004, 143.07500000000005, 143.07500000000005, 143.07500000000005, 143.07500000000005, 143.07500000000005, 143.07500000000005, 143.07500000000005, 143.00500000000005, 143.00500000000005, 143.00500000000005, 143.00500000000005, 142.79500000000007, 142.79500000000007, 142.79500000000007, 142.79500000000007, 142.79500000000007, 142.65500000000006, 142.65500000000006, 142.65500000000006, 142.65500000000006, 142.65500000000006, 142.5850000000001, 142.5850000000001, 142.5850000000001, 142.5850000000001, 142.5850000000001, 142.5850000000001, 142.58500000000006, 142.47250000000008, 142.4450000000001, 142.44500000000005, 142.44500000000005, 142.44500000000005, 142.44500000000005, 142.44500000000005, 142.44500000000005, 142.44500000000005, 142.44500000000005, 142.44500000000005, 142.37500000000006, 142.23500000000007, 142.23500000000007, 142.23500000000007, 142.23500000000007, 142.23500000000007, 142.23500000000007, 142.23500000000007, 142.23500000000007, 142.23500000000007, 142.23500000000007, 142.23500000000007, 142.23500000000007, 142.23500000000007, 142.23500000000007, 142.23500000000007, 142.23500000000007, 142.23500000000007, 142.23500000000007, 142.23500000000007, 142.23500000000007, 142.23500000000007, 142.23500000000007, 142.23500000000007, 142.23500000000007, 142.23500000000007, 142.23500000000007, 142.23500000000007, 142.23500000000007, 142.23500000000007, 142.23500000000007, 142.23500000000007, 142.16500000000008, 142.16500000000008, 142.16500000000008, 142.16500000000008, 142.16500000000008, 142.16500000000008, 142.16500000000008, 142.16500000000008, 142.16500000000008, 142.16500000000008, 142.16500000000008, 142.16500000000008, 142.16500000000008, 142.16500000000008, 142.16500000000008, 142.16500000000008, 142.16500000000008, 142.16500000000008, 142.16500000000008, 142.16500000000008, 142.16500000000008, 142.16500000000008, 142.16500000000008, 142.16500000000008, 142.16500000000008, 142.16500000000008, 142.16500000000008, 142.16500000000008, 142.16500000000008, 142.16500000000008, 142.16500000000008, 142.16500000000008, 142.16500000000008]

Execution 7:
Parametros: Y=0.998
Start Time (hh:mm:ss.ms) 2023-07-16 20:12:18.372244
generations	MaxGenenerations	Populationk1	Populationk	PopulationElite	PopulationMutant	fitnessElite	alpha	min    	max    	avg    	std    
0          	0               	0           	0          	0              	0               	0           	0    	151.965	177.753	173.458	3.36825
1          	216.916         	998         	1000       	100            	200             	159.701     	0.3  	145.973	177.305	159.648	8.65819
6          	208.059         	988         	990        	103            	195             	155.139     	0.295	145.875	176.885	157.113	9.13921
11         	207.979         	978         	980        	105            	189             	154.961     	0.290	145.623	177.515	156.157	9.10159
12         	207.764         	976         	978        	106            	188             	154.853     	0.289	145.455	177.235	156.506	9.29675
14         	208.032         	972         	974        	107            	186             	155.022     	0.287	145.105	176.955	156.187	9.30096
21         	206.765         	958         	960        	110            	178             	154.024     	0.280	145.062	178.005	155.647	9.52874
22         	207.168         	956         	958        	111            	177             	154.277     	0.279	144.545	181.645	155.258	9.56651
23         	207.939         	954         	956        	111            	176             	154.89      	0.278	144.502	177.095	155.22 	9.74565
25         	205.964         	950         	952        	112            	174             	153.501     	0.276	144.195	176.913	155.193	9.74258
26         	205.479         	948         	950        	113            	173             	153.214     	0.275	144.055	176.955	154.668	9.83858
28         	206.712         	944         	946        	113            	171             	154.005     	0.273	143.985	177.165	154.587	9.84523
29         	205.284         	942         	944        	114            	170             	153.034     	0.272	143.845	177.235	154.163	10.0796
30         	205.113         	940         	942        	114            	169             	152.918     	0.271	142.935	177.445	154.181	10.1639
32         	203.701         	936         	938        	115            	166             	152.106     	0.269	142.865	176.535	153.808	10.2063
36         	203.544         	928         	930        	117            	162             	151.882     	0.265	142.655	176.633	153.262	10.4094
48         	203.502         	904         	906        	122            	150             	151.485     	0.253	142.515	177.025	152.208	10.4985
53         	203.245         	894         	896        	124            	145             	151.172     	0.248	142.445	177.165	152.182	10.4876
62         	203.145         	876         	878        	128            	136             	150.809     	0.239	142.375	176.605	151.524	10.4523
63         	202.761         	874         	876        	128            	135             	150.551     	0.238	142.235	177.445	151.652	10.3719
67         	202.732         	866         	868        	129            	131             	150.407     	0.234	142.235	177.375	151.462	10.4513
71         	202.562         	858         	860        	131            	128             	150.171     	0.230	142.08 	176.955	151.355	10.3247
87         	202.795         	826         	828        	136            	113             	149.75      	0.215	141.94 	178.145	150.814	10.2999
88         	202.766         	824         	826        	136            	112             	149.695     	0.214	141.8  	186.755	150.855	10.3762
92         	202.367         	816         	818        	137            	109             	149.332     	0.210	141.73 	177.025	150.298	10.2369
99         	201.729         	802         	804        	139            	102             	148.747     	0.202	141.73 	176.675	150.179	10.1036
107        	202.126         	786         	788        	141            	96              	148.671     	0.195	141.66 	176.913	149.763	10.2245
180        	201.573         	640         	642        	150            	43              	145.886     	0.122	141.52 	176.045	147.03 	8.21022
End Time (hh:mm:ss.ms) 2023-07-16 20:13:04.647210
Total Time (hh:mm:ss.ms) 0:00:46.274966
Individuo: [[26, 18, 13, 41, 42, 3, 28, 20, 21, 39, 11, 12, 35, 16, 14, 27, 6, 24, 43, 23, 4, 30, 5, 37, 15, 31, 36, 19, 8, 33, 0, 1, 32, 25, 10, 9, 17, 7, 2, 22, 38, 40, 29, 34], [0, 0, 0, 0, 0, 1, 1, 1, 1, 0, 1, 1, 0, 0, 0, 1, 0, 0, 1, 1, 1, 1, 1, 1, 1, 1, 0, 0, 0, 0, 0, 0, 1, 0, 0, 0, 0, 0, 0, 0, 0, 0, 1, 1]]
Fitness:  141.52000000000007
Gens:  [0, 1, 2, 3, 4, 5, 6, 7, 8, 9, 10, 11, 12, 13, 14, 15, 16, 17, 18, 19, 20, 21, 22, 23, 24, 25, 26, 27, 28, 29, 30, 31, 32, 33, 34, 35, 36, 37, 38, 39, 40, 41, 42, 43, 44, 45, 46, 47, 48, 49, 50, 51, 52, 53, 54, 55, 56, 57, 58, 59, 60, 61, 62, 63, 64, 65, 66, 67, 68, 69, 70, 71, 72, 73, 74, 75, 76, 77, 78, 79, 80, 81, 82, 83, 84, 85, 86, 87, 88, 89, 90, 91, 92, 93, 94, 95, 96, 97, 98, 99, 100, 101, 102, 103, 104, 105, 106, 107, 108, 109, 110, 111, 112, 113, 114, 115, 116, 117, 118, 119, 120, 121, 122, 123, 124, 125, 126, 127, 128, 129, 130, 131, 132, 133, 134, 135, 136, 137, 138, 139, 140, 141, 142, 143, 144, 145, 146, 147, 148, 149, 150, 151, 152, 153, 154, 155, 156, 157, 158, 159, 160, 161, 162, 163, 164, 165, 166, 167, 168, 169, 170, 171, 172, 173, 174, 175, 176, 177, 178, 179, 180, 181, 182, 183, 184, 185, 186, 187, 188, 189, 190, 191, 192, 193, 194, 195, 196, 197, 198, 199, 200, 201, 202]
Inds:  [151.96500000000006, 145.97250000000003, 145.97250000000003, 145.97250000000003, 145.97250000000003, 145.97250000000003, 145.875, 145.875, 145.875, 145.875, 145.875, 145.6225, 145.455, 145.455, 145.10500000000002, 145.10500000000002, 145.10500000000002, 145.10500000000002, 145.10500000000002, 145.10500000000002, 145.10500000000002, 145.06249999999997, 144.54500000000007, 144.5025, 144.5025, 144.195, 144.055, 144.055, 143.98500000000004, 143.84500000000006, 142.9350000000001, 142.9350000000001, 142.86500000000004, 142.86500000000004, 142.86500000000004, 142.86500000000004, 142.65500000000003, 142.65500000000003, 142.65500000000003, 142.65500000000003, 142.65500000000003, 142.65500000000003, 142.65500000000003, 142.65500000000003, 142.65500000000003, 142.65500000000003, 142.65500000000003, 142.65500000000003, 142.51500000000007, 142.51500000000007, 142.51500000000007, 142.51500000000007, 142.51500000000007, 142.44500000000005, 142.44500000000005, 142.44500000000005, 142.44500000000005, 142.44500000000005, 142.44500000000005, 142.44500000000005, 142.44500000000005, 142.44500000000005, 142.37500000000006, 142.23500000000007, 142.23500000000007, 142.23500000000007, 142.23500000000007, 142.23500000000004, 142.23500000000004, 142.23500000000004, 142.23500000000004, 142.08000000000004, 142.08000000000004, 142.08000000000004, 142.08000000000004, 142.08000000000004, 142.08000000000004, 142.08000000000004, 142.08000000000004, 142.08000000000004, 142.08000000000004, 142.08000000000004, 142.08000000000004, 142.08000000000004, 142.08000000000004, 142.08000000000004, 142.08000000000004, 141.94000000000003, 141.80000000000004, 141.80000000000004, 141.80000000000004, 141.80000000000004, 141.73000000000008, 141.73000000000008, 141.73000000000008, 141.73000000000008, 141.73000000000008, 141.73000000000008, 141.73000000000008, 141.73000000000005, 141.73000000000005, 141.73000000000005, 141.73000000000005, 141.73000000000005, 141.73000000000005, 141.73000000000005, 141.73000000000005, 141.66000000000005, 141.66000000000005, 141.66000000000005, 141.66000000000005, 141.66000000000005, 141.66000000000005, 141.66000000000005, 141.66000000000005, 141.66000000000005, 141.66000000000005, 141.66000000000005, 141.66000000000005, 141.66000000000005, 141.66000000000005, 141.66000000000005, 141.66000000000005, 141.66000000000005, 141.66000000000005, 141.66000000000005, 141.66000000000005, 141.66000000000005, 141.66000000000005, 141.66000000000005, 141.66000000000005, 141.66000000000005, 141.66000000000005, 141.66000000000005, 141.66000000000005, 141.66000000000005, 141.66000000000005, 141.66000000000005, 141.66000000000005, 141.66000000000005, 141.66000000000005, 141.66000000000005, 141.66000000000005, 141.66000000000005, 141.66000000000005, 141.66000000000005, 141.66000000000005, 141.66000000000005, 141.66000000000005, 141.66000000000005, 141.66000000000005, 141.66000000000005, 141.66000000000005, 141.66000000000005, 141.66000000000005, 141.66000000000005, 141.66000000000005, 141.66000000000005, 141.66000000000005, 141.66000000000005, 141.66000000000005, 141.66000000000005, 141.66000000000005, 141.66000000000005, 141.66000000000005, 141.66000000000005, 141.66000000000005, 141.66000000000005, 141.66000000000005, 141.66000000000005, 141.66000000000005, 141.66000000000005, 141.66000000000005, 141.66000000000005, 141.66000000000005, 141.66000000000005, 141.66000000000005, 141.66000000000005, 141.66000000000005, 141.66000000000005, 141.52000000000007, 141.52000000000007, 141.52000000000007, 141.52000000000007, 141.52000000000007, 141.52000000000007, 141.52000000000007, 141.52000000000007, 141.52000000000007, 141.52000000000007, 141.52000000000007, 141.52000000000007, 141.52000000000007, 141.52000000000007, 141.52000000000007, 141.52000000000007, 141.52000000000007, 141.52000000000007, 141.52000000000007, 141.52000000000007, 141.52000000000007, 141.52000000000007, 141.52000000000007]

Execution 8:
Parametros: Y=0.998
Start Time (hh:mm:ss.ms) 2023-07-16 20:13:05.445245
generations	MaxGenenerations	Populationk1	Populationk	PopulationElite	PopulationMutant	fitnessElite	alpha	min    	max    	avg    	std    
0          	0               	0           	0          	0              	0               	0           	0    	151.083	177.445	173.463	3.38501
1          	215.524         	998         	1000       	100            	200             	158.991     	0.3  	146.155	177.725	159.652	8.74468
2          	208.611         	996         	998        	101            	199             	155.596     	0.299	145.805	177.375	157.482	9.03636
15         	207.995         	970         	972        	107            	185             	154.871     	0.286	145.413	177.262	156.751	9.09125
19         	207.726         	962         	964        	109            	180             	154.665     	0.282	145.385	177.165	156.527	9.19876
20         	207.28          	960         	962        	110            	179             	154.336     	0.281	145.343	177.375	156.558	9.23706
25         	207.103         	950         	952        	112            	174             	154.074     	0.276	145.315	176.955	155.805	9.31713
26         	207.093         	948         	950        	112            	173             	154.043     	0.275	144.965	177.403	155.83 	9.23683
29         	206.739         	942         	944        	114            	170             	153.791     	0.272	144.573	176.885	155.744	9.29759
35         	205.977         	930         	932        	117            	163             	153.181     	0.266	144.572	177.375	154.891	9.70093
38         	206.295         	924         	926        	118            	160             	153.292     	0.264	144.433	177.585	154.901	9.69662
40         	205.749         	920         	922        	119            	158             	152.901     	0.262	144.153	177.305	154.409	9.81477
41         	205.58          	918         	920        	119            	157             	152.808     	0.261	143.803	177.515	154.411	9.79333
44         	205.081         	912         	914        	120            	154             	152.448     	0.258	143.382	176.815	153.782	9.98499
46         	204.139         	908         	910        	121            	152             	151.849     	0.255	143.243	176.955	153.499	10.1033
48         	204.54          	904         	906        	122            	150             	152.056     	0.254	143.243	177.165	153.392	9.97507
49         	204.225         	902         	904        	123            	149             	151.825     	0.252	143.173	177.375	153.23 	9.98728
50         	204.211         	900         	902        	123            	148             	151.792     	0.252	142.963	176.115	153.223	10.2163
51         	203.398         	898         	900        	123            	147             	151.278     	0.250	142.543	176.605	153.117	10.272 
57         	203.085         	886         	888        	126            	141             	150.934     	0.244	142.193	176.633	152.135	10.343 
66         	203.013         	868         	870        	129            	132             	150.61      	0.235	142.123	176.815	151.893	10.5331
67         	202.487         	866         	868        	129            	131             	150.269     	0.234	142.053	177.305	151.465	10.4616
End Time (hh:mm:ss.ms) 2023-07-16 20:13:51.836212
Total Time (hh:mm:ss.ms) 0:00:46.390967
Individuo: [[31, 15, 37, 5, 30, 29, 27, 8, 33, 25, 10, 9, 2, 7, 17, 22, 38, 36, 19, 14, 16, 35, 12, 11, 34, 3, 28, 20, 21, 39, 40, 1, 32, 0, 41, 4, 23, 43, 24, 6, 42, 13, 18, 26], [0, 0, 0, 0, 0, 0, 0, 0, 0, 0, 0, 0, 1, 1, 1, 0, 0, 0, 0, 1, 1, 1, 0, 0, 1, 1, 1, 1, 1, 0, 1, 0, 1, 0, 0, 0, 1, 0, 0, 1, 1, 1, 1, 1]]
Fitness:  142.05250000000004
Gens:  [0, 1, 2, 3, 4, 5, 6, 7, 8, 9, 10, 11, 12, 13, 14, 15, 16, 17, 18, 19, 20, 21, 22, 23, 24, 25, 26, 27, 28, 29, 30, 31, 32, 33, 34, 35, 36, 37, 38, 39, 40, 41, 42, 43, 44, 45, 46, 47, 48, 49, 50, 51, 52, 53, 54, 55, 56, 57, 58, 59, 60, 61, 62, 63, 64, 65, 66, 67, 68, 69, 70, 71, 72, 73, 74, 75, 76, 77, 78, 79, 80, 81, 82, 83, 84, 85, 86, 87, 88, 89, 90, 91, 92, 93, 94, 95, 96, 97, 98, 99, 100, 101, 102, 103, 104, 105, 106, 107, 108, 109, 110, 111, 112, 113, 114, 115, 116, 117, 118, 119, 120, 121, 122, 123, 124, 125, 126, 127, 128, 129, 130, 131, 132, 133, 134, 135, 136, 137, 138, 139, 140, 141, 142, 143, 144, 145, 146, 147, 148, 149, 150, 151, 152, 153, 154, 155, 156, 157, 158, 159, 160, 161, 162, 163, 164, 165, 166, 167, 168, 169, 170, 171, 172, 173, 174, 175, 176, 177, 178, 179, 180, 181, 182, 183, 184, 185, 186, 187, 188, 189, 190, 191, 192, 193, 194, 195, 196, 197, 198, 199, 200, 201, 202, 203]
Inds:  [151.08250000000007, 146.155, 145.80500000000004, 145.80500000000004, 145.80500000000004, 145.80500000000004, 145.80500000000004, 145.80500000000004, 145.80500000000004, 145.80500000000004, 145.80500000000004, 145.80500000000004, 145.80500000000004, 145.80500000000004, 145.80500000000004, 145.41250000000002, 145.41250000000002, 145.41250000000002, 145.41250000000002, 145.38499999999993, 145.3425, 145.3425, 145.3425, 145.3425, 145.3425, 145.315, 144.965, 144.965, 144.965, 144.57250000000002, 144.57250000000002, 144.57250000000002, 144.57250000000002, 144.57250000000002, 144.57250000000002, 144.5725, 144.5725, 144.5725, 144.4325, 144.4325, 144.15250000000003, 143.8025, 143.8025, 143.8025, 143.3825, 143.3825, 143.24250000000004, 143.24250000000004, 143.2425, 143.17250000000004, 142.9625, 142.54250000000005, 142.54250000000005, 142.54250000000005, 142.54250000000005, 142.54250000000005, 142.54250000000005, 142.19250000000002, 142.19250000000002, 142.19250000000002, 142.19250000000002, 142.19250000000002, 142.19250000000002, 142.19250000000002, 142.19250000000002, 142.19250000000002, 142.12250000000003, 142.05250000000004, 142.05250000000004, 142.05250000000004, 142.05250000000004, 142.05250000000004, 142.05250000000004, 142.05250000000004, 142.05250000000004, 142.05250000000004, 142.05250000000004, 142.05250000000004, 142.05250000000004, 142.05250000000004, 142.05250000000004, 142.05250000000004, 142.05250000000004, 142.05250000000004, 142.05250000000004, 142.05250000000004, 142.05250000000004, 142.05250000000004, 142.05250000000004, 142.05250000000004, 142.05250000000004, 142.05250000000004, 142.05250000000004, 142.05250000000004, 142.05250000000004, 142.05250000000004, 142.05250000000004, 142.05250000000004, 142.05250000000004, 142.05250000000004, 142.05250000000004, 142.05250000000004, 142.05250000000004, 142.05250000000004, 142.05250000000004, 142.05250000000004, 142.05250000000004, 142.05250000000004, 142.05250000000004, 142.05250000000004, 142.05250000000004, 142.05250000000004, 142.05250000000004, 142.05250000000004, 142.05250000000004, 142.05250000000004, 142.05250000000004, 142.05250000000004, 142.05250000000004, 142.05250000000004, 142.05250000000004, 142.05250000000004, 142.05250000000004, 142.05250000000004, 142.05250000000004, 142.05250000000004, 142.05250000000004, 142.05250000000004, 142.05250000000004, 142.05250000000004, 142.05250000000004, 142.05250000000004, 142.05250000000004, 142.05250000000004, 142.05250000000004, 142.05250000000004, 142.05250000000004, 142.05250000000004, 142.05250000000004, 142.05250000000004, 142.05250000000004, 142.05250000000004, 142.05250000000004, 142.05250000000004, 142.05250000000004, 142.05250000000004, 142.05250000000004, 142.05250000000004, 142.05250000000004, 142.05250000000004, 142.05250000000004, 142.05250000000004, 142.05250000000004, 142.05250000000004, 142.05250000000004, 142.05250000000004, 142.05250000000004, 142.05250000000004, 142.05250000000004, 142.05250000000004, 142.05250000000004, 142.05250000000004, 142.05250000000004, 142.05250000000004, 142.05250000000004, 142.05250000000004, 142.05250000000004, 142.05250000000004, 142.05250000000004, 142.05250000000004, 142.05250000000004, 142.05250000000004, 142.05250000000004, 142.05250000000004, 142.05250000000004, 142.05250000000004, 142.05250000000004, 142.05250000000004, 142.05250000000004, 142.05250000000004, 142.05250000000004, 142.05250000000004, 142.05250000000004, 142.05250000000004, 142.05250000000004, 142.05250000000004, 142.05250000000004, 142.05250000000004, 142.05250000000004, 142.05250000000004, 142.05250000000004, 142.05250000000004, 142.05250000000004, 142.05250000000004, 142.05250000000004, 142.05250000000004, 142.05250000000004, 142.05250000000004, 142.05250000000004, 142.05250000000004, 142.05250000000004, 142.05250000000004, 142.05250000000004, 142.05250000000004]

Execution 9:
Parametros: Y=0.998
Start Time (hh:mm:ss.ms) 2023-07-16 20:13:52.687212
generations	MaxGenenerations	Populationk1	Populationk	PopulationElite	PopulationMutant	fitnessElite	alpha	min    	max    	avg    	std    
0          	0               	0           	0          	0              	0               	0           	0    	149.795	177.375	173.302	3.61167
1          	213.657         	998         	1000       	100            	200             	158.069     	0.3  	144.545	177.025	159.567	8.71308
5          	206.14          	990         	992        	102            	196             	154.246     	0.296	144.545	178.005	156.881	9.23177
21         	206.313         	958         	960        	110            	178             	153.856     	0.280	143.663	177.613	155.788	9.63888
22         	205.008         	956         	958        	111            	177             	153.152     	0.279	143.523	177.515	155.497	9.62496
28         	204.578         	944         	946        	114            	171             	152.696     	0.273	143.355	177.725	154.627	9.93195
32         	204.271         	936         	938        	115            	166             	152.396     	0.269	143.285	177.585	154.035	10.241 
36         	204.171         	928         	930        	117            	162             	152.213     	0.265	143.145	177.515	153.556	10.3665
38         	204.144         	924         	926        	118            	160             	152.155     	0.263	143.033	177.025	153.607	10.3096
39         	203.869         	922         	924        	118            	159             	151.963     	0.262	142.963	177.095	152.85 	10.4146
41         	203.74          	918         	920        	119            	157             	151.826     	0.260	142.935	176.605	153.369	10.3537
42         	203.559         	916         	918        	120            	156             	151.68      	0.259	142.403	176.675	152.883	10.3379
52         	203.455         	896         	898        	124            	146             	151.351     	0.249	142.36 	177.445	152.361	10.4234
53         	203.081         	894         	896        	124            	145             	151.089     	0.248	142.22 	176.745	151.985	10.3556
58         	202.597         	884         	886        	126            	140             	150.635     	0.243	142.053	176.885	151.831	10.3833
63         	202.415         	874         	876        	128            	135             	150.368     	0.238	142.01 	177.235	151.672	10.3635
70         	202.411         	860         	862        	130            	129             	150.127     	0.231	141.8  	177.865	151.158	10.3399
73         	202.01          	854         	856        	132            	126             	149.799     	0.228	141.66 	176.745	151.109	10.4372
76         	202.252         	848         	850        	132            	123             	149.836     	0.225	141.45 	177.585	151.05 	10.4544
End Time (hh:mm:ss.ms) 2023-07-16 20:14:36.034212
Total Time (hh:mm:ss.ms) 0:00:43.347000
Individuo: [[34, 39, 21, 20, 28, 3, 26, 18, 13, 43, 24, 6, 27, 14, 16, 35, 11, 12, 23, 4, 30, 5, 37, 15, 31, 36, 19, 8, 0, 1, 32, 25, 10, 9, 22, 38, 2, 7, 17, 40, 33, 41, 29, 42], [0, 1, 0, 0, 0, 0, 0, 0, 0, 0, 0, 1, 0, 1, 1, 1, 1, 1, 1, 1, 1, 1, 1, 1, 1, 0, 0, 0, 0, 0, 1, 0, 0, 0, 0, 1, 1, 1, 1, 1, 0, 0, 0, 0]]
Fitness:  141.45000000000005
Gens:  [0, 1, 2, 3, 4, 5, 6, 7, 8, 9, 10, 11, 12, 13, 14, 15, 16, 17, 18, 19, 20, 21, 22, 23, 24, 25, 26, 27, 28, 29, 30, 31, 32, 33, 34, 35, 36, 37, 38, 39, 40, 41, 42, 43, 44, 45, 46, 47, 48, 49, 50, 51, 52, 53, 54, 55, 56, 57, 58, 59, 60, 61, 62, 63, 64, 65, 66, 67, 68, 69, 70, 71, 72, 73, 74, 75, 76, 77, 78, 79, 80, 81, 82, 83, 84, 85, 86, 87, 88, 89, 90, 91, 92, 93, 94, 95, 96, 97, 98, 99, 100, 101, 102, 103, 104, 105, 106, 107, 108, 109, 110, 111, 112, 113, 114, 115, 116, 117, 118, 119, 120, 121, 122, 123, 124, 125, 126, 127, 128, 129, 130, 131, 132, 133, 134, 135, 136, 137, 138, 139, 140, 141, 142, 143, 144, 145, 146, 147, 148, 149, 150, 151, 152, 153, 154, 155, 156, 157, 158, 159, 160, 161, 162, 163, 164, 165, 166, 167, 168, 169, 170, 171, 172, 173, 174, 175, 176, 177, 178, 179, 180, 181, 182, 183, 184, 185, 186, 187, 188, 189, 190, 191, 192, 193, 194, 195, 196, 197, 198, 199, 200, 201, 202]
Inds:  [149.79500000000004, 144.54500000000007, 144.54500000000007, 144.54500000000007, 144.54500000000007, 144.54500000000004, 144.54500000000004, 144.54500000000004, 144.54500000000004, 144.54500000000004, 144.54500000000004, 144.54500000000004, 144.54500000000004, 144.54500000000004, 144.54500000000004, 144.54500000000004, 144.54500000000004, 144.54500000000004, 144.54500000000004, 144.54500000000004, 144.54500000000004, 143.66250000000008, 143.52250000000006, 143.52250000000006, 143.52250000000006, 143.52250000000006, 143.52250000000006, 143.52250000000006, 143.35500000000008, 143.35500000000008, 143.35500000000008, 143.35500000000008, 143.28500000000003, 143.28500000000003, 143.28500000000003, 143.28500000000003, 143.14500000000007, 143.14500000000007, 143.03250000000003, 142.96250000000003, 142.96250000000003, 142.93500000000003, 142.40250000000003, 142.40250000000003, 142.40250000000003, 142.40250000000003, 142.40250000000003, 142.40250000000003, 142.40250000000003, 142.40250000000003, 142.40250000000003, 142.40250000000003, 142.36, 142.22000000000003, 142.22000000000003, 142.22000000000003, 142.22000000000003, 142.22000000000003, 142.05250000000004, 142.05250000000004, 142.05250000000004, 142.05250000000004, 142.05250000000004, 142.01000000000005, 142.01000000000005, 142.01000000000005, 142.01000000000005, 142.01000000000005, 142.01000000000005, 142.01000000000005, 141.80000000000004, 141.80000000000004, 141.80000000000004, 141.66000000000005, 141.66000000000005, 141.66000000000005, 141.45000000000005, 141.45000000000005, 141.45000000000005, 141.45000000000005, 141.45000000000005, 141.45000000000005, 141.45000000000005, 141.45000000000005, 141.45000000000005, 141.45000000000005, 141.45000000000005, 141.45000000000005, 141.45000000000005, 141.45000000000005, 141.45000000000005, 141.45000000000005, 141.45000000000005, 141.45000000000005, 141.45000000000005, 141.45000000000005, 141.45000000000005, 141.45000000000005, 141.45000000000005, 141.45000000000005, 141.45000000000005, 141.45000000000005, 141.45000000000005, 141.45000000000005, 141.45000000000005, 141.45000000000005, 141.45000000000005, 141.45000000000005, 141.45000000000005, 141.45000000000005, 141.45000000000005, 141.45000000000005, 141.45000000000005, 141.45000000000005, 141.45000000000005, 141.45000000000005, 141.45000000000005, 141.45000000000005, 141.45000000000005, 141.45000000000005, 141.45000000000005, 141.45000000000005, 141.45000000000005, 141.45000000000005, 141.45000000000005, 141.45000000000005, 141.45000000000005, 141.45000000000005, 141.45000000000005, 141.45000000000005, 141.45000000000005, 141.45000000000005, 141.45000000000005, 141.45000000000005, 141.45000000000005, 141.45000000000005, 141.45000000000005, 141.45000000000005, 141.45000000000005, 141.45000000000005, 141.45000000000005, 141.45000000000005, 141.45000000000005, 141.45000000000005, 141.45000000000005, 141.45000000000005, 141.45000000000005, 141.45000000000005, 141.45000000000005, 141.45000000000005, 141.45000000000005, 141.45000000000005, 141.45000000000005, 141.45000000000005, 141.45000000000005, 141.45000000000005, 141.45000000000005, 141.45000000000005, 141.45000000000005, 141.45000000000005, 141.45000000000005, 141.45000000000005, 141.45000000000005, 141.45000000000005, 141.45000000000005, 141.45000000000005, 141.45000000000005, 141.45000000000005, 141.45000000000005, 141.45000000000005, 141.45000000000005, 141.45000000000005, 141.45000000000005, 141.45000000000005, 141.45000000000005, 141.45000000000005, 141.45000000000005, 141.45000000000005, 141.45000000000005, 141.45000000000005, 141.45000000000005, 141.45000000000005, 141.45000000000005, 141.45000000000005, 141.45000000000005, 141.45000000000005, 141.45000000000005, 141.45000000000005, 141.45000000000005, 141.45000000000005, 141.45000000000005, 141.45000000000005, 141.45000000000005, 141.45000000000005, 141.45000000000005, 141.45000000000005, 141.45000000000005, 141.45000000000005, 141.45000000000005, 141.45000000000005, 141.45000000000005, 141.45000000000005, 141.45000000000005]

Execution 10:
Parametros: Y=0.998
Start Time (hh:mm:ss.ms) 2023-07-16 20:14:36.830212
generations	MaxGenenerations	Populationk1	Populationk	PopulationElite	PopulationMutant	fitnessElite	alpha	min    	max    	avg    	std    
0          	0               	0           	0          	0              	0               	0           	0    	150.663	177.865	173.657	3.18321
1          	215.105         	998         	1000       	100            	200             	158.823     	0.3  	144.993	182.135	159.464	8.87917
13         	207.446         	974         	976        	106            	187             	154.777     	0.288	144.713	177.193	156.163	9.3351 
17         	206.206         	966         	968        	108            	182             	153.865     	0.284	144.713	177.865	155.153	9.65285
18         	206.61          	964         	966        	109            	181             	154.113     	0.283	143.873	177.725	155.355	9.888  
22         	205.354         	956         	958        	111            	177             	153.336     	0.279	143.662	177.375	154.421	10.077 
24         	204.681         	952         	954        	112            	175             	152.863     	0.277	143.593	177.795	154.353	10.0583
27         	204.696         	946         	948        	113            	172             	152.792     	0.274	143.312	177.375	154.109	10.1043
30         	204.411         	940         	942        	115            	168             	152.565     	0.271	143.243	176.885	153.965	10.1368
31         	204.111         	938         	940        	115            	167             	152.346     	0.270	143.173	177.515	153.466	10.2016
32         	204.269         	936         	938        	115            	166             	152.433     	0.269	143.103	177.865	153.538	10.3872
34         	204.426         	932         	934        	116            	164             	152.484     	0.267	142.753	177.025	153.411	10.12  
41         	203.641         	918         	920        	119            	157             	151.797     	0.260	142.333	176.885	152.99 	10.3436
44         	202.843         	912         	914        	121            	154             	151.251     	0.257	142.263	178.383	152.954	10.4508
47         	202.999         	906         	908        	122            	151             	151.258     	0.254	141.983	176.535	152.352	10.2598
149        	201.975         	702         	704        	148            	64              	147.209     	0.153	141.843	177.305	148.086	8.90968
161        	202.343         	678         	680        	149            	56              	146.893     	0.141	141.773	176.185	147.814	8.73394
191        	201.846         	618         	620        	150            	37              	145.649     	0.111	141.563	176.465	146.2  	7.68149
End Time (hh:mm:ss.ms) 2023-07-16 20:15:20.020209
Total Time (hh:mm:ss.ms) 0:00:43.189997
Individuo: [[28, 43, 31, 15, 37, 5, 30, 4, 23, 12, 11, 34, 3, 20, 21, 39, 41, 29, 27, 8, 33, 0, 1, 32, 25, 10, 9, 17, 7, 2, 22, 38, 36, 19, 14, 16, 35, 40, 24, 6, 42, 13, 18, 26], [1, 0, 0, 0, 0, 0, 0, 0, 0, 0, 0, 1, 1, 1, 1, 0, 0, 0, 0, 0, 0, 0, 0, 1, 0, 0, 0, 0, 0, 0, 0, 0, 0, 0, 1, 1, 1, 0, 0, 1, 1, 1, 1, 1]]
Fitness:  141.56250000000006
Gens:  [0, 1, 2, 3, 4, 5, 6, 7, 8, 9, 10, 11, 12, 13, 14, 15, 16, 17, 18, 19, 20, 21, 22, 23, 24, 25, 26, 27, 28, 29, 30, 31, 32, 33, 34, 35, 36, 37, 38, 39, 40, 41, 42, 43, 44, 45, 46, 47, 48, 49, 50, 51, 52, 53, 54, 55, 56, 57, 58, 59, 60, 61, 62, 63, 64, 65, 66, 67, 68, 69, 70, 71, 72, 73, 74, 75, 76, 77, 78, 79, 80, 81, 82, 83, 84, 85, 86, 87, 88, 89, 90, 91, 92, 93, 94, 95, 96, 97, 98, 99, 100, 101, 102, 103, 104, 105, 106, 107, 108, 109, 110, 111, 112, 113, 114, 115, 116, 117, 118, 119, 120, 121, 122, 123, 124, 125, 126, 127, 128, 129, 130, 131, 132, 133, 134, 135, 136, 137, 138, 139, 140, 141, 142, 143, 144, 145, 146, 147, 148, 149, 150, 151, 152, 153, 154, 155, 156, 157, 158, 159, 160, 161, 162, 163, 164, 165, 166, 167, 168, 169, 170, 171, 172, 173, 174, 175, 176, 177, 178, 179, 180, 181, 182, 183, 184, 185, 186, 187, 188, 189, 190, 191, 192, 193, 194, 195, 196, 197, 198, 199, 200, 201, 202]
Inds:  [150.66250000000008, 144.99250000000004, 144.99250000000004, 144.99250000000004, 144.99250000000004, 144.99250000000004, 144.99250000000004, 144.99250000000004, 144.99250000000004, 144.99250000000004, 144.99250000000004, 144.99250000000004, 144.99250000000004, 144.71250000000003, 144.71250000000003, 144.71250000000003, 144.71250000000003, 144.7125, 143.8725, 143.8725, 143.8725, 143.8725, 143.6625, 143.6625, 143.59250000000006, 143.59250000000006, 143.59250000000006, 143.3125, 143.3125, 143.3125, 143.2425, 143.17250000000004, 143.10250000000005, 143.10250000000005, 142.75250000000003, 142.75250000000003, 142.75250000000003, 142.75250000000003, 142.75250000000003, 142.75250000000003, 142.75250000000003, 142.33250000000004, 142.33250000000004, 142.33250000000004, 142.26250000000005, 142.26250000000005, 142.26250000000005, 141.98250000000004, 141.98250000000004, 141.98250000000004, 141.98250000000004, 141.98250000000004, 141.98250000000004, 141.98250000000004, 141.98250000000004, 141.98250000000004, 141.98250000000004, 141.98250000000004, 141.98250000000004, 141.98250000000004, 141.98250000000004, 141.98250000000004, 141.98250000000004, 141.98250000000004, 141.98250000000004, 141.98250000000004, 141.98250000000004, 141.98250000000004, 141.98250000000004, 141.98250000000004, 141.98250000000004, 141.98250000000004, 141.98250000000004, 141.98250000000004, 141.98250000000004, 141.98250000000004, 141.98250000000004, 141.98250000000004, 141.98250000000004, 141.98250000000004, 141.98250000000004, 141.98250000000004, 141.98250000000004, 141.98250000000004, 141.98250000000004, 141.98250000000004, 141.98250000000004, 141.98250000000004, 141.98250000000004, 141.98250000000004, 141.98250000000004, 141.98250000000004, 141.98250000000004, 141.98250000000004, 141.98250000000004, 141.98250000000004, 141.98250000000004, 141.98250000000004, 141.98250000000004, 141.98250000000004, 141.98250000000004, 141.98250000000004, 141.98250000000004, 141.98250000000004, 141.98250000000004, 141.98250000000004, 141.98250000000004, 141.98250000000004, 141.98250000000004, 141.98250000000004, 141.98250000000004, 141.98250000000004, 141.98250000000004, 141.98250000000004, 141.98250000000004, 141.98250000000004, 141.98250000000004, 141.98250000000004, 141.98250000000004, 141.98250000000004, 141.98250000000004, 141.98250000000004, 141.98250000000004, 141.98250000000004, 141.98250000000004, 141.98250000000004, 141.98250000000004, 141.98250000000004, 141.98250000000004, 141.98250000000004, 141.98250000000004, 141.98250000000004, 141.98250000000004, 141.98250000000004, 141.98250000000004, 141.98250000000004, 141.98250000000004, 141.98250000000004, 141.98250000000004, 141.98250000000004, 141.98250000000004, 141.98250000000004, 141.98250000000004, 141.98250000000004, 141.98250000000004, 141.98250000000004, 141.98250000000004, 141.98250000000004, 141.98250000000004, 141.8425000000001, 141.8425000000001, 141.8425000000001, 141.8425000000001, 141.8425000000001, 141.8425000000001, 141.8425000000001, 141.8425000000001, 141.8425000000001, 141.8425000000001, 141.8425000000001, 141.8425000000001, 141.77250000000006, 141.77250000000006, 141.77250000000006, 141.77250000000006, 141.77250000000006, 141.77250000000006, 141.77250000000006, 141.77250000000006, 141.77250000000006, 141.77250000000006, 141.77250000000006, 141.77250000000006, 141.77250000000006, 141.77250000000006, 141.77250000000006, 141.77250000000006, 141.77250000000006, 141.77250000000006, 141.77250000000006, 141.77250000000006, 141.77250000000006, 141.77250000000006, 141.77250000000006, 141.77250000000006, 141.77250000000006, 141.77250000000006, 141.77250000000006, 141.77250000000006, 141.77250000000006, 141.77250000000006, 141.56250000000006, 141.56250000000006, 141.56250000000006, 141.56250000000006, 141.56250000000006, 141.56250000000006, 141.56250000000006, 141.56250000000006, 141.56250000000006, 141.56250000000006, 141.56250000000006, 141.56250000000006]

