A-BRKGA-Heuristic:

Execution 1:
Parametros: Y=0.997
Start Time (hh:mm:ss.ms) 2023-07-17 06:13:37.468301
generations	MaxGenenerations	Populationk1	Populationk	PopulationElite	PopulationMutant	fitnessElite	alpha	min   	max   	avg    	std     
0          	0               	0           	0          	0              	0               	0           	0    	83.935	86.505	85.3682	0.431584
1          	108.847         	997         	1000       	100            	200             	84.706      	0.3  	83.83 	86.4925	85.0543	0.453796
2          	108.707         	994         	997        	101            	198             	84.6239     	0.298	83.4575	86.3925	84.9213	0.499062
4          	108.219         	988         	991        	103            	194             	84.3468     	0.294	83.2125	86.4025	84.7766	0.559115
5          	107.877         	985         	988        	104            	192             	84.1458     	0.292	83.1575	86.44  	84.701 	0.59186 
8          	107.778         	976         	979        	108            	186             	84.0645     	0.287	83.09  	86.505 	84.5294	0.677705
9          	107.752         	973         	976        	109            	184             	84.0638     	0.285	82.7525	86.735 	84.4669	0.660392
11         	107.396         	967         	970        	111            	180             	83.8801     	0.281	82.6425	86.555 	84.4162	0.710496
16         	107.138         	952         	955        	116            	171             	83.6652     	0.271	82.2725	86.8725	84.1328	0.817772
18         	106.666         	946         	949        	118            	167             	83.3859     	0.268	82.1225	86.325 	83.9544	0.861853
21         	106.515         	937         	940        	121            	162             	83.2871     	0.262	81.5725	86.4025	83.7163	0.941805
22         	105.751         	934         	937        	122            	159             	82.8297     	0.260	81.47  	86.6575	83.6086	1.01222 
28         	105.679         	916         	919        	127            	149             	82.7456     	0.248	81.4525	86.6975	83.0988	1.24792 
29         	105.689         	913         	916        	128            	147             	82.7481     	0.247	81.345 	86.1925	83.0623	1.25768 
30         	105.39          	910         	913        	129            	145             	82.5325     	0.244	81.1775	86.22  	82.9289	1.28546 
32         	105.305         	904         	907        	131            	141             	82.4874     	0.241	81.0875	86.44  	82.8736	1.32897 
35         	105.118         	895         	898        	133            	136             	82.3346     	0.235	80.9425	86.285 	82.7391	1.37052 
37         	105.122         	889         	892        	135            	133             	82.3443     	0.231	80.9175	86.455 	82.6776	1.41926 
39         	104.871         	883         	886        	137            	129             	82.1433     	0.227	80.885 	86.54  	82.6209	1.43473 
41         	104.825         	877         	880        	138            	126             	82.0946     	0.223	80.7825	86.2   	82.5084	1.46272 
43         	104.713         	871         	874        	140            	122             	82.0078     	0.219	80.69  	86.0975	82.4475	1.46294 
46         	104.67          	862         	865        	142            	117             	81.9554     	0.214	80.67  	86.515 	82.3636	1.51278 
47         	104.617         	859         	862        	143            	116             	81.9095     	0.212	80.6025	86.25  	82.2939	1.51297 
48         	104.446         	856         	859        	144            	114             	81.7885     	0.210	80.575 	86.2475	82.2643	1.54769 
53         	104.442         	841         	844        	147            	106             	81.7329     	0.200	80.5175	86.5475	82.159 	1.52087 
54         	104.429         	838         	841        	148            	104             	81.7144     	0.198	80.5125	86.16  	82.1855	1.5353  
56         	104.43          	832         	835        	149            	101             	81.6922     	0.194	80.435 	86.365 	82.0944	1.56024 
58         	104.245         	826         	829        	151            	98              	81.5536     	0.190	80.4225	86.535 	82.0093	1.57849 
60         	104.235         	820         	823        	152            	95              	81.5246     	0.186	80.3725	86.3525	81.9988	1.57291 
63         	104.22          	811         	814        	154            	90              	81.4781     	0.181	80.3475	86.4575	81.8904	1.55202 
64         	104.18          	808         	811        	155            	89              	81.4415     	0.179	80.2375	86.7375	81.8299	1.55349 
67         	103.925         	799         	802        	157            	84              	81.2512     	0.172	80.23  	86.2625	81.7668	1.60474 
68         	103.967         	796         	799        	157            	83              	81.2622     	0.171	80.175 	86.665 	81.658 	1.59343 
70         	103.896         	790         	793        	158            	80              	81.1927     	0.167	80.1675	86.2575	81.6636	1.59589 
75         	103.92          	775         	778        	161            	73              	81.1453     	0.157	80.105 	86.31  	81.5172	1.60384 
80         	103.821         	760         	763        	163            	66              	81.0226     	0.147	80.0975	86.1   	81.4152	1.575   
82         	103.776         	754         	757        	164            	63              	80.9756     	0.143	80.07  	86.415 	81.3332	1.58245 
83         	103.807         	751         	754        	165            	62              	80.9711     	0.142	80.0525	86.77  	81.3939	1.57268 
84         	103.895         	748         	751        	165            	60              	80.9945     	0.140	80.0475	86.0825	81.3307	1.54845 
86         	103.909         	742         	745        	166            	58              	80.9733     	0.136	80.0175	86.185 	81.3597	1.59921 
87         	103.668         	739         	742        	166            	56              	80.8445     	0.134	80.015 	86.4575	81.2684	1.5302  
89         	103.692         	733         	736        	167            	54              	80.8305     	0.130	79.9625	86.15  	81.1878	1.56593 
94         	103.588         	718         	721        	169            	47              	80.7089     	0.120	79.945 	86.505 	81.0039	1.45686 
96         	103.615         	712         	715        	170            	45              	80.6882     	0.116	79.8925	86.1925	81.108 	1.54857 
98         	103.498         	706         	709        	170            	42              	80.5979     	0.112	79.8175	86.3125	80.893 	1.48269 
99         	103.448         	703         	706        	171            	41              	80.5354     	0.110	79.8125	85.9825	80.9369	1.49481 
103        	103.403         	691         	694        	172            	36              	80.4676     	0.102	79.7475	86.5425	80.7967	1.38523 
End Time (hh:mm:ss.ms) 2023-07-17 06:13:55.677655
Total Time (hh:mm:ss.ms) 0:00:18.209354
Individuo: [[25, 22, 17, 31, 1, 20, 13, 26, 11, 39, 35, 12, 29, 45, 24, 32, 7, 40, 36, 3, 8, 33, 30, 16, 15, 23, 14, 41, 34, 19, 0, 42, 37, 43, 21, 4, 44, 27, 2, 38, 10, 28, 5, 9, 6, 18], [1, 0, 0, 0, 0, 0, 0, 1, 0, 1, 0, 0, 1, 1, 0, 1, 0, 0, 0, 0, 0, 0, 0, 0, 0, 1, 1, 1, 0, 1, 1, 1, 1, 1, 1, 1, 1, 1, 0, 0, 0, 1, 1, 1, 1, 1]]
Fitness:  79.74750000000002
Gens:  [0, 1, 2, 3, 4, 5, 6, 7, 8, 9, 10, 11, 12, 13, 14, 15, 16, 17, 18, 19, 20, 21, 22, 23, 24, 25, 26, 27, 28, 29, 30, 31, 32, 33, 34, 35, 36, 37, 38, 39, 40, 41, 42, 43, 44, 45, 46, 47, 48, 49, 50, 51, 52, 53, 54, 55, 56, 57, 58, 59, 60, 61, 62, 63, 64, 65, 66, 67, 68, 69, 70, 71, 72, 73, 74, 75, 76, 77, 78, 79, 80, 81, 82, 83, 84, 85, 86, 87, 88, 89, 90, 91, 92, 93, 94, 95, 96, 97, 98, 99, 100, 101, 102, 103, 104]
Inds:  [83.935, 83.82999999999998, 83.45749999999998, 83.45749999999998, 83.21249999999998, 83.15749999999997, 83.15749999999997, 83.15749999999997, 83.08999999999997, 82.7525, 82.7525, 82.6425, 82.6425, 82.6425, 82.6425, 82.6425, 82.2725, 82.2725, 82.12249999999999, 82.12249999999999, 82.12249999999999, 81.57249999999998, 81.47, 81.47, 81.47, 81.47, 81.47, 81.47, 81.4525, 81.34499999999997, 81.17749999999998, 81.17749999999998, 81.08749999999999, 81.08749999999999, 81.08749999999999, 80.94250000000001, 80.94250000000001, 80.9175, 80.9175, 80.88499999999999, 80.88499999999999, 80.7825, 80.7825, 80.69000000000001, 80.69000000000001, 80.69000000000001, 80.67000000000002, 80.6025, 80.57500000000002, 80.57500000000002, 80.57500000000002, 80.57500000000002, 80.57500000000002, 80.5175, 80.5125, 80.5125, 80.43500000000002, 80.43500000000002, 80.4225, 80.4225, 80.37250000000003, 80.37250000000003, 80.37250000000003, 80.34750000000001, 80.23750000000001, 80.23750000000001, 80.23750000000001, 80.23, 80.17500000000001, 80.17500000000001, 80.1675, 80.1675, 80.1675, 80.1675, 80.1675, 80.10500000000002, 80.10500000000002, 80.10500000000002, 80.10500000000002, 80.10500000000002, 80.09750000000003, 80.09750000000003, 80.07, 80.05250000000001, 80.04750000000001, 80.04750000000001, 80.01750000000001, 80.015, 80.015, 79.96249999999999, 79.96249999999999, 79.96249999999999, 79.96249999999999, 79.96249999999999, 79.94500000000001, 79.94500000000001, 79.8925, 79.8925, 79.81750000000001, 79.81250000000001, 79.81250000000001, 79.81250000000001, 79.81250000000001, 79.74750000000002, 79.74750000000002]

Execution 2:
Parametros: Y=0.997
Start Time (hh:mm:ss.ms) 2023-07-17 06:13:56.583654
generations	MaxGenenerations	Populationk1	Populationk	PopulationElite	PopulationMutant	fitnessElite	alpha	min    	max  	avg    	std     
0          	0               	0           	0          	0              	0               	0           	0    	84.0225	86.81	85.3958	0.428077
1          	109.061         	997         	1000       	100            	200             	84.8587     	0.3  	83.86  	86.4575	85.0582	0.435408
2          	108.735         	994         	997        	101            	198             	84.6345     	0.298	83.6975	86.28  	84.9637	0.491015
3          	108.466         	991         	994        	102            	196             	84.4627     	0.296	83.46  	86.21  	84.8398	0.510477
5          	108.278         	985         	988        	104            	192             	84.3927     	0.292	83.3   	86.5525	84.7437	0.578595
6          	108.039         	982         	985        	106            	190             	84.2456     	0.290	83.18  	86.515 	84.6959	0.589086
7          	107.872         	979         	982        	107            	188             	84.1434     	0.288	83.0225	86.3775	84.6491	0.622418
13         	107.629         	961         	964        	113            	177             	83.9597     	0.277	82.8675	86.315 	84.3867	0.698976
14         	107.402         	958         	961        	114            	175             	83.8183     	0.275	82.82  	86.5975	84.3485	0.711346
16         	107.432         	952         	955        	116            	171             	83.8484     	0.272	82.8075	86.285 	84.323 	0.738446
17         	107.314         	949         	952        	117            	169             	83.7471     	0.270	82.51  	86.3475	84.2782	0.743419
21         	106.962         	937         	940        	120            	162             	83.5282     	0.262	82.48  	86.2175	84.103 	0.812584
23         	107.047         	931         	934        	122            	158             	83.592      	0.258	82.42  	86.455 	84.0274	0.816901
26         	106.813         	922         	925        	125            	153             	83.3992     	0.253	82.3275	86.39  	83.9497	0.875024
29         	106.777         	913         	916        	128            	147             	83.3722     	0.247	82.1975	86.2275	83.8579	0.872898
32         	106.663         	904         	907        	130            	142             	83.2914     	0.241	82.195 	86.38  	83.7968	0.907768
34         	106.507         	898         	901        	132            	138             	83.1584     	0.238	82.155 	86.6275	83.6809	0.945143
36         	106.416         	892         	895        	134            	135             	83.0837     	0.234	82.12  	86.29  	83.6201	0.963716
37         	106.425         	889         	892        	135            	133             	83.0889     	0.232	82.0325	86.4125	83.5958	0.99631 
39         	106.336         	883         	886        	136            	130             	83.0232     	0.228	82.0275	86.36  	83.5057	1.0005  
40         	106.328         	880         	883        	137            	128             	83.0094     	0.226	81.9775	86.7425	83.4457	1.01707 
43         	106.258         	871         	874        	139            	123             	82.9425     	0.220	81.9525	86.405 	83.3374	1.03358 
45         	106.258         	865         	868        	141            	120             	82.9287     	0.217	81.7675	86.37  	83.2974	1.07755 
46         	105.994         	862         	865        	142            	118             	82.7574     	0.215	81.7675	86.305 	83.2472	1.07314 
47         	105.973         	859         	862        	142            	116             	82.7348     	0.213	81.745 	86.3375	83.173 	1.08953 
50         	105.962         	850         	853        	144            	112             	82.7032     	0.207	81.7325	86.3325	83.0866	1.10011 
51         	105.936         	847         	850        	145            	110             	82.6783     	0.205	81.55  	86.4675	83.092 	1.10851 
54         	105.643         	838         	841        	147            	105             	82.4694     	0.199	81.5475	86.435 	82.8957	1.15443 
56         	105.818         	832         	835        	149            	102             	82.5606     	0.196	81.545 	86.3725	82.87  	1.14249 
57         	105.706         	829         	832        	149            	100             	82.4818     	0.194	81.3525	86.43  	82.7861	1.15608 
58         	105.475         	826         	829        	150            	99              	82.327      	0.191	81.28  	86.5775	82.7626	1.2062  
59         	105.427         	823         	826        	151            	97              	82.2864     	0.189	81.2625	86.195 	82.7179	1.18666 
60         	105.284         	820         	823        	151            	96              	82.1894     	0.187	81.215 	86.245 	82.6425	1.20746 
64         	105.242         	808         	811        	154            	90              	82.124      	0.180	81.0675	86.3375	82.5587	1.23587 
66         	105.085         	802         	805        	155            	86              	82.0014     	0.176	80.9525	86.2925	82.4488	1.26643 
67         	104.913         	799         	802        	156            	85              	81.8826     	0.174	80.9425	86.6625	82.4191	1.27365 
68         	105.016         	796         	799        	156            	84              	81.9286     	0.172	80.7575	86.1425	82.3802	1.30781 
76         	104.71          	772         	775        	161            	72              	81.6502     	0.156	80.735 	86.58  	82.0799	1.30266 
78         	104.724         	766         	769        	162            	69              	81.6305     	0.152	80.645 	86.445 	82.0404	1.31551 
80         	104.52          	760         	763        	163            	66              	81.4881     	0.148	80.63  	86.455 	81.9387	1.31536 
82         	104.511         	754         	757        	164            	64              	81.4583     	0.144	80.62  	86.4225	81.8914	1.32618 
84         	104.494         	748         	751        	164            	61              	81.4259     	0.141	80.5425	86.185 	81.8584	1.33532 
86         	104.374         	742         	745        	165            	58              	81.3279     	0.137	80.4775	86.08  	81.7649	1.33257 
88         	104.224         	736         	739        	166            	56              	81.2203     	0.133	80.4475	86.465 	81.6534	1.33792 
91         	104.21          	727         	730        	167            	52              	81.1717     	0.127	80.3675	86.3525	81.5591	1.31767 
95         	104.123         	715         	718        	169            	47              	81.063      	0.119	80.3025	86.4225	81.461 	1.3576  
96         	104.111         	712         	715        	169            	45              	81.0216     	0.117	80.2425	86.0875	81.3868	1.2884  
100        	103.925         	700         	703        	171            	40              	80.8813     	0.109	80.1375	86.5   	81.3034	1.29078 
End Time (hh:mm:ss.ms) 2023-07-17 06:14:16.302254
Total Time (hh:mm:ss.ms) 0:00:19.718600
Individuo: [[21, 9, 10, 5, 16, 30, 4, 32, 45, 38, 22, 43, 37, 15, 33, 12, 35, 8, 44, 0, 20, 24, 17, 13, 26, 29, 11, 2, 39, 27, 31, 28, 18, 36, 40, 14, 41, 3, 7, 23, 19, 34, 6, 42, 1, 25], [1, 1, 0, 1, 1, 1, 0, 0, 0, 0, 1, 0, 0, 0, 1, 0, 0, 1, 1, 0, 0, 0, 1, 0, 1, 0, 0, 0, 0, 0, 0, 0, 0, 1, 1, 1, 1, 0, 1, 1, 0, 1, 0, 0, 0, 0]]
Fitness:  80.13750000000002
Gens:  [0, 1, 2, 3, 4, 5, 6, 7, 8, 9, 10, 11, 12, 13, 14, 15, 16, 17, 18, 19, 20, 21, 22, 23, 24, 25, 26, 27, 28, 29, 30, 31, 32, 33, 34, 35, 36, 37, 38, 39, 40, 41, 42, 43, 44, 45, 46, 47, 48, 49, 50, 51, 52, 53, 54, 55, 56, 57, 58, 59, 60, 61, 62, 63, 64, 65, 66, 67, 68, 69, 70, 71, 72, 73, 74, 75, 76, 77, 78, 79, 80, 81, 82, 83, 84, 85, 86, 87, 88, 89, 90, 91, 92, 93, 94, 95, 96, 97, 98, 99, 100, 101, 102, 103, 104]
Inds:  [84.0225, 83.85999999999999, 83.6975, 83.45999999999998, 83.45999999999998, 83.29999999999998, 83.18, 83.02249999999998, 83.02249999999998, 83.02249999999998, 83.02249999999998, 83.02249999999998, 83.02249999999998, 82.8675, 82.82000000000001, 82.82000000000001, 82.8075, 82.50999999999999, 82.50999999999999, 82.50999999999999, 82.50999999999999, 82.48, 82.48, 82.42000000000002, 82.42000000000002, 82.42000000000002, 82.32750000000003, 82.32750000000003, 82.32750000000003, 82.19749999999998, 82.19749999999998, 82.19749999999998, 82.19499999999998, 82.19499999999998, 82.15499999999999, 82.15499999999999, 82.11999999999998, 82.0325, 82.0325, 82.02749999999999, 81.97749999999999, 81.97749999999999, 81.97749999999999, 81.95250000000001, 81.95250000000001, 81.76750000000001, 81.7675, 81.74499999999999, 81.74499999999999, 81.74499999999999, 81.7325, 81.55000000000001, 81.55000000000001, 81.55000000000001, 81.54749999999997, 81.54749999999997, 81.545, 81.35249999999999, 81.27999999999999, 81.26249999999999, 81.21500000000002, 81.21500000000002, 81.21500000000002, 81.21500000000002, 81.06750000000001, 81.06750000000001, 80.9525, 80.9425, 80.75750000000001, 80.75750000000001, 80.75750000000001, 80.75750000000001, 80.75750000000001, 80.75750000000001, 80.75750000000001, 80.75750000000001, 80.735, 80.735, 80.64500000000001, 80.64500000000001, 80.63, 80.63, 80.62000000000002, 80.62000000000002, 80.54250000000002, 80.54250000000002, 80.47749999999999, 80.47749999999999, 80.44750000000002, 80.44750000000002, 80.44750000000002, 80.36750000000002, 80.36750000000002, 80.36750000000002, 80.36750000000002, 80.30250000000002, 80.2425, 80.2425, 80.2425, 80.2425, 80.13750000000002, 80.13750000000002, 80.13750000000002, 80.13750000000002, 80.13750000000002]

Execution 3:
Parametros: Y=0.997
Start Time (hh:mm:ss.ms) 2023-07-17 06:14:17.158286
generations	MaxGenenerations	Populationk1	Populationk	PopulationElite	PopulationMutant	fitnessElite	alpha	min   	max   	avg    	std     
0          	0               	0           	0          	0              	0               	0           	0    	83.685	86.685	85.3876	0.425312
2          	108.496         	994         	997        	101            	198             	84.5005     	0.298	83.6375	86.425	84.9026	0.490065
3          	108.436         	991         	994        	102            	196             	84.4635     	0.296	83.38  	86.4075	84.8158	0.542398
4          	108.096         	988         	991        	103            	194             	84.2714     	0.294	83.345 	86.54  	84.7737	0.565642
6          	108.047         	982         	985        	106            	190             	84.2325     	0.290	82.7375	86.35  	84.6598	0.614486
11         	107.253         	967         	970        	111            	180             	83.7609     	0.281	82.5625	86.3575	84.3448	0.727025
14         	107.027         	958         	961        	114            	175             	83.6143     	0.275	82.5375	86.4675	84.2171	0.778122
15         	107.023         	955         	958        	115            	173             	83.6137     	0.273	82.49  	86.2925	84.1607	0.794616
20         	106.966         	940         	943        	120            	163             	83.5453     	0.264	82.4175	86.475 	83.9733	0.876906
22         	106.921         	934         	937        	121            	160             	83.5171     	0.260	82.1975	86.3275	83.9276	0.901119
26         	106.618         	922         	925        	125            	152             	83.3067     	0.253	82.1225	86.6125	83.7195	0.949267
29         	106.453         	913         	916        	128            	147             	83.1727     	0.247	82.0775	86.6975	83.6123	1.00172 
32         	106.344         	904         	907        	130            	142             	83.0757     	0.241	81.8475	86.455 	83.4755	1.03693 
35         	106.103         	895         	898        	133            	136             	82.9185     	0.235	81.675 	86.3625	83.3532	1.12094 
37         	105.831         	889         	892        	135            	133             	82.7328     	0.231	81.51  	86.415 	83.2126	1.14152 
39         	105.656         	883         	886        	136            	129             	82.6156     	0.228	81.375 	86.4775	83.089 	1.17822 
44         	105.518         	868         	871        	140            	121             	82.4893     	0.218	81.295 	86.6375	82.9186	1.27426 
45         	105.466         	865         	868        	141            	119             	82.452      	0.216	81.23  	86.4875	82.8719	1.28336 
47         	105.386         	859         	862        	143            	116             	82.3834     	0.212	81.205 	86.415 	82.7799	1.268   
48         	105.279         	856         	859        	143            	114             	82.3028     	0.210	81.1525	86.25  	82.7503	1.3065  
49         	105.159         	853         	856        	144            	113             	82.2164     	0.208	81.0725	86.51  	82.6594	1.325   
50         	105.137         	850         	853        	145            	111             	82.1969     	0.206	80.965 	86.3125	82.6651	1.3306  
53         	104.942         	841         	844        	147            	106             	82.0438     	0.200	80.945 	86.635 	82.5347	1.34456 
55         	104.899         	835         	838        	148            	103             	81.9962     	0.197	80.885 	86.4225	82.4798	1.36261 
57         	104.863         	829         	832        	150            	100             	81.9529     	0.193	80.8175	86.3175	82.4166	1.40567 
59         	104.788         	823         	826        	151            	97              	81.8842     	0.189	80.79  	86.59  	82.3071	1.41124 
60         	104.796         	820         	823        	152            	95              	81.8769     	0.187	80.7475	86.3275	82.2776	1.41298 
61         	104.658         	817         	820        	152            	94              	81.7817     	0.185	80.7225	86.3625	82.299 	1.43645 
62         	104.637         	814         	817        	153            	92              	81.7569     	0.183	80.71  	86.2875	82.2085	1.41883 
64         	104.632         	808         	811        	154            	89              	81.7318     	0.179	80.565 	86.43  	82.1868	1.43397 
67         	104.477         	799         	802        	156            	85              	81.5965     	0.173	80.5275	86.56  	82.0483	1.45761 
68         	104.446         	796         	799        	157            	83              	81.5633     	0.171	80.4425	86.395 	81.9493	1.45153 
70         	104.313         	790         	793        	158            	80              	81.4563     	0.167	80.3375	86.4925	81.9617	1.48108 
75         	104.135         	775         	778        	161            	73              	81.2875     	0.157	80.18  	86.475 	81.7042	1.47979 
76         	103.969         	772         	775        	161            	71              	81.1603     	0.155	80.14  	86.2025	81.6104	1.47784 
81         	103.836         	757         	760        	164            	64              	81.0264     	0.145	80.1025	86.19  	81.4679	1.50657 
82         	103.779         	754         	757        	164            	63              	80.9785     	0.143	80.075 	86.505 	81.4498	1.52389 
84         	103.781         	748         	751        	165            	60              	80.9482     	0.140	80.0575	86.4175	81.3635	1.51207 
89         	103.727         	733         	736        	167            	54              	80.8593     	0.130	80.0425	86.4175	81.2458	1.53344 
91         	103.75          	727         	730        	168            	51              	80.8398     	0.126	80     	86.3425	81.2306	1.51465 
92         	103.694         	724         	727        	168            	50              	80.7895     	0.124	79.9525	86.265 	81.1708	1.4973  
97         	103.674         	709         	712        	170            	44              	80.7013     	0.114	79.9275	86.2575	81.0287	1.44683 
98         	103.573         	706         	709        	170            	43              	80.6408     	0.112	79.9   	86.2975	81.0313	1.46619 
102        	103.597         	694         	697        	171            	38              	80.5876     	0.105	79.8825	86.26  	80.8928	1.40316 
End Time (hh:mm:ss.ms) 2023-07-17 06:14:34.999675
Total Time (hh:mm:ss.ms) 0:00:17.841389
Individuo: [[21, 25, 43, 13, 26, 19, 37, 34, 30, 23, 14, 40, 7, 33, 8, 24, 20, 31, 0, 41, 36, 3, 18, 28, 16, 44, 12, 39, 29, 38, 27, 35, 4, 32, 2, 11, 45, 17, 22, 1, 15, 6, 42, 9, 10, 5], [0, 0, 0, 1, 0, 0, 0, 1, 1, 1, 1, 1, 1, 1, 1, 1, 0, 0, 1, 1, 1, 1, 1, 1, 1, 0, 0, 0, 1, 1, 0, 0, 0, 0, 0, 1, 1, 1, 1, 1, 1, 1, 1, 0, 1, 0]]
Fitness:  79.88250000000001
Gens:  [0, 1, 2, 3, 4, 5, 6, 7, 8, 9, 10, 11, 12, 13, 14, 15, 16, 17, 18, 19, 20, 21, 22, 23, 24, 25, 26, 27, 28, 29, 30, 31, 32, 33, 34, 35, 36, 37, 38, 39, 40, 41, 42, 43, 44, 45, 46, 47, 48, 49, 50, 51, 52, 53, 54, 55, 56, 57, 58, 59, 60, 61, 62, 63, 64, 65, 66, 67, 68, 69, 70, 71, 72, 73, 74, 75, 76, 77, 78, 79, 80, 81, 82, 83, 84, 85, 86, 87, 88, 89, 90, 91, 92, 93, 94, 95, 96, 97, 98, 99, 100, 101, 102, 103, 104]
Inds:  [83.68499999999999, 83.68499999999999, 83.63750000000003, 83.38, 83.345, 83.345, 82.73749999999998, 82.73749999999998, 82.73749999999998, 82.73749999999998, 82.73749999999998, 82.5625, 82.5625, 82.5625, 82.5375, 82.49000000000001, 82.49000000000001, 82.49000000000001, 82.49000000000001, 82.49000000000001, 82.4175, 82.4175, 82.19750000000005, 82.19750000000005, 82.19750000000005, 82.19750000000005, 82.1225, 82.1225, 82.1225, 82.07749999999999, 82.07749999999999, 82.07749999999999, 81.84749999999998, 81.84749999999998, 81.84749999999998, 81.675, 81.675, 81.51, 81.51, 81.37500000000001, 81.37500000000001, 81.37500000000001, 81.37500000000001, 81.37500000000001, 81.29499999999999, 81.23000000000003, 81.23000000000003, 81.205, 81.15250000000002, 81.07249999999999, 80.965, 80.965, 80.965, 80.945, 80.945, 80.88499999999999, 80.88499999999999, 80.81750000000002, 80.81750000000002, 80.78999999999998, 80.74749999999999, 80.7225, 80.71000000000002, 80.71000000000002, 80.56500000000001, 80.56500000000001, 80.56500000000001, 80.5275, 80.44249999999998, 80.44249999999998, 80.3375, 80.3375, 80.3375, 80.3375, 80.3375, 80.17999999999999, 80.13999999999999, 80.13999999999999, 80.13999999999999, 80.13999999999999, 80.13999999999999, 80.10249999999996, 80.075, 80.075, 80.0575, 80.0575, 80.0575, 80.0575, 80.0575, 80.04250000000002, 80.04250000000002, 80.0, 79.95249999999999, 79.95249999999999, 79.95249999999999, 79.95249999999999, 79.95249999999999, 79.9275, 79.9, 79.9, 79.9, 79.9, 79.88250000000001, 79.88250000000001, 79.88250000000001]

Execution 4:
Parametros: Y=0.997
Start Time (hh:mm:ss.ms) 2023-07-17 06:14:35.834708
generations	MaxGenenerations	Populationk1	Populationk	PopulationElite	PopulationMutant	fitnessElite	alpha	min  	max    	avg    	std     
0          	0               	0           	0          	0              	0               	0           	0    	84.02	86.8925	85.3476	0.434119
1          	109.085         	997         	1000       	100            	200             	84.8818     	0.3  	83.6825	86.6275	85.0691	0.464787
2          	108.56          	994         	997        	101            	198             	84.5606     	0.298	83.655 	86.665 	84.9251	0.496692
3          	108.537         	991         	994        	102            	196             	84.5469     	0.296	83.3775	86.2925	84.8346	0.508131
6          	108.129         	982         	985        	106            	190             	84.2905     	0.290	83.2225	86.7275	84.677 	0.60818 
7          	107.996         	979         	982        	107            	188             	84.2351     	0.288	82.81  	86.6125	84.6106	0.624842
10         	107.431         	970         	973        	110            	182             	83.8941     	0.283	82.68  	86.4775	84.4911	0.672854
11         	107.211         	967         	970        	111            	180             	83.7484     	0.281	82.5475	86.1225	84.4555	0.68403 
18         	107.084         	946         	949        	118            	167             	83.6393     	0.268	82.5125	86.3925	84.0981	0.825506
21         	106.978         	937         	940        	120            	162             	83.5406     	0.262	82.45  	86.47  	83.9784	0.856245
24         	106.923         	928         	931        	123            	156             	83.4933     	0.256	82.39  	86.3425	83.9209	0.886256
25         	106.792         	925         	928        	124            	154             	83.3981     	0.255	82.3425	86.525 	83.8963	0.87894 
26         	106.789         	922         	925        	125            	153             	83.4014     	0.253	82.1225	86.295 	83.8577	0.922412
28         	106.452         	916         	919        	127            	149             	83.18       	0.249	82.12  	86.445 	83.7972	0.94397 
32         	106.559         	904         	907        	130            	142             	83.2293     	0.241	82.0925	86.4475	83.6694	0.977688
34         	106.393         	898         	901        	132            	138             	83.0943     	0.237	81.87  	86.33  	83.5697	0.995414
36         	106.111         	892         	895        	134            	135             	82.9114     	0.234	81.835 	86.27  	83.4275	1.04083 
39         	106.12          	883         	886        	136            	130             	82.8987     	0.228	81.6925	86.5175	83.3122	1.09622 
40         	105.943         	880         	883        	137            	128             	82.7848     	0.226	81.475 	86.485 	83.2394	1.12854 
45         	105.623         	865         	868        	141            	119             	82.5416     	0.216	81.35  	86.36  	82.9686	1.20285 
46         	105.449         	862         	865        	142            	118             	82.4254     	0.214	81.095 	86.4875	82.9376	1.25094 
48         	105.116         	856         	859        	144            	114             	82.2021     	0.210	81.0375	86.155 	82.8063	1.2457  
49         	104.98          	853         	856        	144            	113             	82.1048     	0.208	81.0225	86.4475	82.7406	1.25086 
60         	104.97          	820         	823        	152            	95              	81.9914     	0.187	81.02  	86.475 	82.4875	1.34486 
62         	105.086         	814         	817        	153            	92              	82.0398     	0.183	80.9825	86.3875	82.4953	1.34726 
64         	104.961         	808         	811        	154            	89              	81.9435     	0.179	80.9525	86.4975	82.424 	1.32803 
65         	104.977         	805         	808        	155            	88              	81.9399     	0.178	80.8325	86.2925	82.3598	1.35384 
67         	104.74          	799         	802        	156            	85              	81.7728     	0.173	80.825 	86.315 	82.2864	1.32219 
69         	104.813         	793         	796        	157            	82              	81.7911     	0.170	80.8   	86.2775	82.258 	1.30847 
71         	104.729         	787         	790        	158            	79              	81.721      	0.166	80.785 	86.405 	82.1606	1.35944 
75         	104.688         	775         	778        	160            	73              	81.6547     	0.158	80.7125	86.2375	82.1495	1.32715 
78         	104.617         	766         	769        	162            	69              	81.5727     	0.152	80.6475	86.4375	82.0006	1.34384 
79         	104.563         	763         	766        	162            	68              	81.5207     	0.150	80.545 	86.235 	82.0099	1.38633 
83         	104.466         	751         	754        	164            	62              	81.4041     	0.143	80.43  	86.1   	81.8725	1.37495 
84         	104.175         	748         	751        	165            	61              	81.2275     	0.140	80.41  	86.24  	81.7038	1.31751 
87         	104.379         	739         	742        	166            	57              	81.2784     	0.135	80.3175	86.485 	81.6948	1.3514  
90         	104.015         	730         	733        	167            	53              	81.0566     	0.128	80.275 	86.3875	81.5123	1.36928 
91         	104.064         	727         	730        	168            	52              	81.0515     	0.127	80.1925	86.57  	81.5056	1.3582  
97         	103.854         	709         	712        	170            	44              	80.8677     	0.115	80.1875	86.45  	81.3275	1.37854 
98         	103.971         	706         	709        	170            	43              	80.8977     	0.113	80.165 	86.1725	81.3056	1.35567 
99         	103.855         	703         	706        	170            	42              	80.8335     	0.111	80.1475	86.2475	81.2098	1.35471 
100        	103.855         	700         	703        	171            	40              	80.8145     	0.109	80.07  	86.175 	81.1735	1.36091 
104        	103.785         	688         	691        	172            	36              	80.7067     	0.101	80.01  	86.4525	81.0837	1.35383 
End Time (hh:mm:ss.ms) 2023-07-17 06:14:53.841466
Total Time (hh:mm:ss.ms) 0:00:18.006758
Individuo: [[24, 45, 12, 8, 30, 33, 44, 38, 34, 42, 41, 36, 3, 18, 28, 10, 16, 9, 21, 5, 15, 0, 19, 37, 43, 1, 35, 27, 39, 2, 11, 29, 32, 6, 14, 23, 40, 7, 4, 26, 31, 20, 25, 22, 13, 17], [0, 0, 1, 1, 1, 1, 1, 0, 0, 0, 1, 1, 1, 1, 1, 1, 1, 0, 1, 1, 0, 0, 0, 1, 0, 1, 0, 1, 0, 1, 1, 1, 1, 1, 0, 0, 1, 1, 0, 1, 1, 1, 0, 1, 1, 1]]
Fitness:  80.00999999999999
Gens:  [0, 1, 2, 3, 4, 5, 6, 7, 8, 9, 10, 11, 12, 13, 14, 15, 16, 17, 18, 19, 20, 21, 22, 23, 24, 25, 26, 27, 28, 29, 30, 31, 32, 33, 34, 35, 36, 37, 38, 39, 40, 41, 42, 43, 44, 45, 46, 47, 48, 49, 50, 51, 52, 53, 54, 55, 56, 57, 58, 59, 60, 61, 62, 63, 64, 65, 66, 67, 68, 69, 70, 71, 72, 73, 74, 75, 76, 77, 78, 79, 80, 81, 82, 83, 84, 85, 86, 87, 88, 89, 90, 91, 92, 93, 94, 95, 96, 97, 98, 99, 100, 101, 102, 103, 104]
Inds:  [84.02000000000001, 83.6825, 83.65499999999999, 83.3775, 83.3775, 83.3775, 83.2225, 82.80999999999996, 82.80999999999996, 82.80999999999996, 82.67999999999999, 82.5475, 82.5475, 82.5475, 82.5475, 82.5475, 82.5475, 82.5475, 82.51249999999999, 82.51249999999999, 82.51249999999999, 82.44999999999997, 82.44999999999997, 82.44999999999997, 82.38999999999997, 82.3425, 82.12249999999999, 82.12249999999999, 82.11999999999998, 82.11999999999998, 82.11999999999998, 82.11999999999998, 82.09249999999997, 82.09249999999997, 81.86999999999999, 81.86999999999999, 81.83499999999998, 81.83499999999998, 81.83499999999998, 81.69249999999995, 81.475, 81.475, 81.475, 81.475, 81.475, 81.35000000000001, 81.09499999999997, 81.09499999999997, 81.03749999999997, 81.0225, 81.0225, 81.0225, 81.0225, 81.0225, 81.0225, 81.0225, 81.0225, 81.0225, 81.0225, 81.0225, 81.01999999999995, 81.01999999999995, 80.98250000000002, 80.98250000000002, 80.95249999999997, 80.83249999999997, 80.83249999999997, 80.825, 80.825, 80.79999999999998, 80.79999999999998, 80.78499999999998, 80.78499999999998, 80.78499999999998, 80.78499999999998, 80.71249999999999, 80.71249999999999, 80.71249999999999, 80.64749999999995, 80.54500000000002, 80.54500000000002, 80.54500000000002, 80.54500000000002, 80.42999999999996, 80.41, 80.41, 80.41, 80.31749999999998, 80.31749999999998, 80.31749999999998, 80.27499999999996, 80.19249999999997, 80.19249999999997, 80.19249999999997, 80.19249999999997, 80.19249999999997, 80.19249999999997, 80.1875, 80.16499999999998, 80.14749999999998, 80.07, 80.07, 80.07, 80.07, 80.00999999999999]

Execution 5:
Parametros: Y=0.997
Start Time (hh:mm:ss.ms) 2023-07-17 06:14:54.676462
generations	MaxGenenerations	Populationk1	Populationk	PopulationElite	PopulationMutant	fitnessElite	alpha	min   	max    	avg    	std     
0          	0               	0           	0          	0              	0               	0           	0    	84.075	86.6725	85.3723	0.433671
1          	109.084         	997         	1000       	100            	200             	84.8542     	0.3  	83.7175	86.6375	85.0921	0.451804
2          	108.609         	994         	997        	101            	198             	84.5881     	0.298	83.205 	86.445 	84.9472	0.499681
3          	107.881         	991         	994        	102            	196             	84.165      	0.296	83.115 	86.42  	84.8389	0.502162
6          	107.807         	982         	985        	106            	190             	84.1209     	0.290	82.985 	86.48  	84.6691	0.594922
12         	107.59          	964         	967        	112            	179             	83.9467     	0.279	82.67  	86.235 	84.383 	0.711951
17         	107.217         	949         	952        	117            	169             	83.7148     	0.270	82.585 	86.43  	84.2505	0.754701
19         	107.118         	943         	946        	119            	165             	83.6466     	0.266	82.5425	86.6775	84.1788	0.772819
23         	107.029         	931         	934        	122            	158             	83.558      	0.258	82.5075	86.295 	84.0416	0.828295
25         	107.024         	925         	928        	124            	154             	83.5498     	0.255	82.4325	86.265 	83.951 	0.854775
26         	106.822         	922         	925        	125            	153             	83.4029     	0.253	82.4125	86.45  	83.9148	0.867383
27         	106.855         	919         	922        	126            	151             	83.4273     	0.251	82.3025	86.6925	83.8802	0.905433
28         	106.791         	916         	919        	127            	149             	83.3975     	0.249	82.28  	86.43  	83.7963	0.911677
30         	106.688         	910         	913        	129            	145             	83.3074     	0.245	82.03  	86.42  	83.6811	0.944728
31         	106.35          	907         	910        	130            	144             	83.0993     	0.243	81.75  	86.4325	83.6315	0.987896
37         	105.957         	889         	892        	135            	133             	82.8122     	0.232	81.6225	86.5   	83.2839	1.08709 
40         	105.899         	880         	883        	137            	128             	82.7633     	0.226	81.5775	86.4875	83.1729	1.13037 
42         	105.765         	874         	877        	139            	124             	82.6559     	0.222	81.4125	86.315 	83.0471	1.16582 
43         	105.516         	871         	874        	140            	123             	82.493      	0.220	81.2575	86.4775	83.0162	1.17604 
45         	105.358         	865         	868        	141            	119             	82.3815     	0.216	81.1875	86.2575	82.897 	1.22265 
49         	105.27          	853         	856        	144            	113             	82.2884     	0.208	81.015 	86.3875	82.6838	1.2885  
50         	105.024         	850         	853        	145            	111             	82.1254     	0.206	80.9225	86.5075	82.5838	1.28792 
52         	104.875         	844         	847        	146            	108             	82.0122     	0.202	80.6225	86.4575	82.5144	1.33255 
54         	104.503         	838         	841        	148            	104             	81.7598     	0.198	80.5575	86.1725	82.3276	1.35126 
58         	104.46          	826         	829        	151            	98              	81.6884     	0.190	80.505 	86.4725	82.289 	1.45462 
60         	104.296         	820         	823        	152            	95              	81.5645     	0.186	80.485 	86.38  	82.0957	1.47808 
61         	104.334         	817         	820        	153            	93              	81.5755     	0.184	80.4725	86.89  	82.0911	1.50679 
62         	104.478         	814         	817        	153            	92              	81.6484     	0.183	80.3525	86.255 	82.1213	1.46514 
63         	104.123         	811         	814        	154            	90              	81.4203     	0.180	80.3125	86.4025	81.918 	1.4972  
65         	104.194         	805         	808        	155            	87              	81.4348     	0.177	80.255 	86.405 	81.9845	1.51696 
70         	103.981         	790         	793        	158            	80              	81.2499     	0.167	80.135 	86.5275	81.6433	1.53255 
74         	103.868         	778         	781        	160            	74              	81.1243     	0.159	80.0725	86.585 	81.6139	1.5456  
78         	103.884         	766         	769        	162            	69              	81.0707     	0.151	80.0475	86.7525	81.4892	1.55048 
79         	103.883         	763         	766        	163            	67              	81.0521     	0.149	80.045 	86.385 	81.4293	1.50455 
81         	103.708         	757         	760        	164            	64              	80.9419     	0.145	80.04  	86.3925	81.4526	1.53856 
85         	103.817         	745         	748        	165            	59              	80.9423     	0.138	80.0025	86.2575	81.3161	1.50334 
86         	103.671         	742         	745        	166            	58              	80.8533     	0.136	79.9975	86.0975	81.314 	1.51818 
89         	103.655         	733         	736        	167            	54              	80.8087     	0.130	79.96  	86.4675	81.1686	1.50361 
90         	103.681         	730         	733        	167            	53              	80.795      	0.128	79.8925	86.4775	81.1978	1.5555  
94         	103.538         	718         	721        	169            	47              	80.6625     	0.120	79.8675	86.0425	81.1036	1.50116 
98         	103.647         	706         	709        	170            	43              	80.6432     	0.112	79.865 	86.4175	81.0083	1.48324 
99         	103.542         	703         	706        	171            	41              	80.5904     	0.110	79.835 	86.1575	80.8833	1.42532 
102        	103.432         	694         	697        	172            	38              	80.5001     	0.104	79.83  	86.1625	80.902 	1.45192 
104        	103.519         	688         	691        	172            	35              	80.5027     	0.101	79.75  	86.4775	80.7623	1.39752 
End Time (hh:mm:ss.ms) 2023-07-17 06:15:12.484751
Total Time (hh:mm:ss.ms) 0:00:17.808289
Individuo: [[5, 9, 34, 16, 21, 10, 42, 14, 23, 41, 3, 6, 30, 7, 36, 40, 18, 28, 19, 26, 17, 13, 37, 25, 1, 32, 0, 15, 8, 27, 38, 24, 44, 35, 11, 45, 29, 2, 39, 12, 4, 33, 31, 20, 43, 22], [1, 1, 1, 0, 1, 1, 0, 0, 1, 1, 0, 0, 1, 0, 0, 1, 1, 1, 1, 1, 1, 0, 0, 1, 1, 1, 0, 0, 0, 1, 0, 0, 0, 1, 1, 1, 0, 0, 0, 1, 0, 1, 1, 1, 1, 0]]
Fitness:  79.74999999999999
Gens:  [0, 1, 2, 3, 4, 5, 6, 7, 8, 9, 10, 11, 12, 13, 14, 15, 16, 17, 18, 19, 20, 21, 22, 23, 24, 25, 26, 27, 28, 29, 30, 31, 32, 33, 34, 35, 36, 37, 38, 39, 40, 41, 42, 43, 44, 45, 46, 47, 48, 49, 50, 51, 52, 53, 54, 55, 56, 57, 58, 59, 60, 61, 62, 63, 64, 65, 66, 67, 68, 69, 70, 71, 72, 73, 74, 75, 76, 77, 78, 79, 80, 81, 82, 83, 84, 85, 86, 87, 88, 89, 90, 91, 92, 93, 94, 95, 96, 97, 98, 99, 100, 101, 102, 103, 104]
Inds:  [84.075, 83.71750000000003, 83.20499999999998, 83.11499999999998, 83.11499999999998, 83.11499999999998, 82.98499999999997, 82.98499999999997, 82.98499999999997, 82.98499999999997, 82.98499999999997, 82.98499999999997, 82.66999999999999, 82.66999999999999, 82.66999999999999, 82.66999999999999, 82.66999999999999, 82.58499999999997, 82.58499999999997, 82.54249999999998, 82.54249999999998, 82.54249999999998, 82.54249999999998, 82.50750000000001, 82.50750000000001, 82.43249999999999, 82.41249999999997, 82.30249999999998, 82.27999999999999, 82.27999999999999, 82.02999999999999, 81.75, 81.75, 81.75, 81.75, 81.75, 81.75, 81.62249999999999, 81.62249999999999, 81.62249999999999, 81.5775, 81.5775, 81.41249999999998, 81.25749999999998, 81.25749999999998, 81.18749999999997, 81.18749999999997, 81.18749999999997, 81.18749999999997, 81.01499999999999, 80.92249999999997, 80.92249999999997, 80.62249999999996, 80.62249999999996, 80.55749999999996, 80.55749999999996, 80.55749999999996, 80.55749999999996, 80.505, 80.505, 80.48499999999996, 80.47250000000003, 80.35249999999999, 80.3125, 80.3125, 80.25499999999998, 80.25499999999998, 80.25499999999998, 80.25499999999998, 80.25499999999998, 80.13499999999998, 80.13499999999998, 80.13499999999998, 80.13499999999998, 80.07249999999996, 80.07249999999996, 80.07249999999996, 80.07249999999996, 80.04749999999999, 80.04499999999999, 80.04499999999999, 80.03999999999998, 80.03999999999998, 80.03999999999998, 80.03999999999998, 80.00249999999998, 79.99749999999999, 79.99749999999999, 79.99749999999999, 79.95999999999997, 79.89249999999998, 79.89249999999998, 79.89249999999998, 79.89249999999998, 79.86749999999998, 79.86749999999998, 79.86749999999998, 79.86749999999998, 79.86499999999998, 79.83499999999998, 79.83499999999998, 79.83499999999998, 79.82999999999998, 79.82999999999998, 79.74999999999999]

Execution 6:
Parametros: Y=0.997
Start Time (hh:mm:ss.ms) 2023-07-17 06:15:13.359781
generations	MaxGenenerations	Populationk1	Populationk	PopulationElite	PopulationMutant	fitnessElite	alpha	min    	max    	avg    	std     
0          	0               	0           	0          	0              	0               	0           	0    	83.6625	86.7075	85.3847	0.442729
1          	108.56          	997         	1000       	100            	200             	84.576      	0.3  	83.3025	86.35  	85.0165	0.47644 
3          	107.998         	991         	994        	102            	196             	84.2247     	0.296	83.2275	86.4375	84.7533	0.576542
6          	107.949         	982         	985        	106            	190             	84.1978     	0.290	82.97  	86.41  	84.5919	0.661397
7          	107.565         	979         	982        	107            	188             	83.9636     	0.288	82.9475	86.4325	84.5308	0.688612
8          	107.543         	976         	979        	108            	186             	83.9476     	0.286	82.855 	86.505 	84.4731	0.679887
9          	107.447         	973         	976        	109            	184             	83.8956     	0.285	82.84  	86.4775	84.3966	0.723041
10         	107.419         	970         	973        	110            	182             	83.8703     	0.283	82.7975	86.235 	84.3285	0.752888
11         	107.285         	967         	970        	111            	180             	83.7647     	0.281	82.5225	86.4575	84.2145	0.795816
12         	107             	964         	967        	112            	178             	83.6221     	0.279	82.43  	86.635 	84.1331	0.81309 
14         	106.82          	958         	961        	114            	175             	83.4885     	0.275	82.3925	86.6025	83.9988	0.889005
15         	106.878         	955         	958        	115            	173             	83.5452     	0.273	82.22  	86.28  	83.929 	0.89905 
17         	106.668         	949         	952        	117            	169             	83.4141     	0.270	82.0075	86.345 	83.7852	0.952436
20         	106.376         	940         	943        	120            	163             	83.2192     	0.264	81.86  	86.4075	83.6221	1.04216 
24         	106.082         	928         	931        	123            	156             	82.9924     	0.256	81.765 	86.67  	83.3819	1.12761 
25         	106.086         	925         	928        	124            	154             	83.0146     	0.254	81.7275	86.62  	83.3688	1.1291  
26         	106.021         	922         	925        	125            	152             	82.9645     	0.252	81.645 	86.37  	83.3532	1.15005 
27         	105.835         	919         	922        	126            	150             	82.8303     	0.250	81.4875	86.5825	83.3139	1.16262 
28         	105.698         	916         	919        	127            	149             	82.7557     	0.248	81.2675	86.6675	83.2633	1.19574 
37         	105.31          	889         	892        	135            	133             	82.4233     	0.231	81.22  	86.3475	82.9176	1.30091 
39         	105.327         	883         	886        	137            	129             	82.4242     	0.227	81.075 	86.185 	82.8379	1.301   
40         	105.038         	880         	883        	138            	127             	82.2285     	0.225	81.0575	86.4975	82.7471	1.34284 
46         	105.14          	862         	865        	142            	118             	82.2415     	0.214	81.0425	86.435 	82.6622	1.37611 
47         	105.074         	859         	862        	143            	116             	82.1881     	0.212	80.7325	86.4575	82.6048	1.37645 
49         	104.615         	853         	856        	145            	112             	81.882      	0.208	80.7025	86.2425	82.5167	1.40037 
51         	104.584         	847         	850        	146            	109             	81.8419     	0.204	80.615 	86.3825	82.4846	1.43397 
53         	104.498         	841         	844        	147            	106             	81.7677     	0.200	80.4675	86.7525	82.3032	1.42835 
61         	104.37          	817         	820        	153            	93              	81.5957     	0.185	80.465 	86.3175	82.128 	1.49791 
62         	104.289         	814         	817        	153            	92              	81.5361     	0.183	80.4175	86.3775	82.0606	1.48451 
63         	104.246         	811         	814        	154            	90              	81.4966     	0.181	80.375 	86.105 	81.9558	1.48553 
67         	104.168         	799         	802        	156            	84              	81.4026     	0.173	80.3375	86.405 	81.8834	1.5257  
69         	104.139         	793         	796        	157            	81              	81.359      	0.169	80.2975	86.2525	81.8626	1.52114 
70         	104.051         	790         	793        	158            	80              	81.2942     	0.167	80.15  	86.1775	81.778 	1.52287 
73         	103.941         	781         	784        	160            	76              	81.1769     	0.161	80.0575	86.3475	81.6823	1.50748 
76         	103.75          	772         	775        	161            	71              	81.025      	0.155	80.0125	86.705 	81.5821	1.56028 
79         	103.681         	763         	766        	163            	67              	80.9449     	0.149	79.94  	86.3125	81.4567	1.55566 
82         	103.61          	754         	757        	164            	63              	80.8568     	0.143	79.7125	86.3075	81.333 	1.54862 
88         	103.251         	736         	739        	167            	55              	80.5546     	0.131	79.705 	86.1025	81.0714	1.54163 
89         	103.237         	733         	736        	168            	53              	80.5336     	0.129	79.6875	86.3775	81.0731	1.56774 
91         	103.304         	727         	730        	168            	51              	80.5307     	0.125	79.6775	86.1025	80.9911	1.54634 
93         	103.18          	721         	724        	169            	48              	80.4507     	0.121	79.6275	86.2525	80.947 	1.54451 
98         	103.209         	706         	709        	171            	42              	80.379      	0.112	79.6225	86.19  	80.8231	1.52324 
101        	103.208         	697         	700        	171            	39              	80.3376     	0.106	79.605 	86.1225	80.691 	1.49465 
103        	103.211         	691         	694        	172            	36              	80.3043     	0.102	79.605 	86.295 	80.6997	1.46008 
104        	103.167         	688         	691        	172            	35              	80.2762     	0.100	79.5825	86.0275	80.6092	1.45168 
End Time (hh:mm:ss.ms) 2023-07-17 06:15:31.190626
Total Time (hh:mm:ss.ms) 0:00:17.830845
Individuo: [[21, 5, 16, 8, 23, 7, 40, 36, 14, 25, 13, 22, 43, 37, 10, 9, 34, 6, 41, 19, 17, 24, 45, 29, 32, 31, 20, 1, 4, 42, 15, 0, 26, 38, 11, 12, 44, 27, 2, 39, 35, 33, 30, 3, 18, 28], [1, 1, 1, 0, 0, 0, 1, 0, 1, 1, 1, 1, 0, 0, 0, 1, 1, 1, 0, 1, 0, 0, 0, 1, 1, 1, 1, 1, 0, 1, 0, 0, 0, 1, 1, 1, 1, 1, 0, 1, 0, 0, 0, 1, 1, 1]]
Fitness:  79.58249999999998
Gens:  [0, 1, 2, 3, 4, 5, 6, 7, 8, 9, 10, 11, 12, 13, 14, 15, 16, 17, 18, 19, 20, 21, 22, 23, 24, 25, 26, 27, 28, 29, 30, 31, 32, 33, 34, 35, 36, 37, 38, 39, 40, 41, 42, 43, 44, 45, 46, 47, 48, 49, 50, 51, 52, 53, 54, 55, 56, 57, 58, 59, 60, 61, 62, 63, 64, 65, 66, 67, 68, 69, 70, 71, 72, 73, 74, 75, 76, 77, 78, 79, 80, 81, 82, 83, 84, 85, 86, 87, 88, 89, 90, 91, 92, 93, 94, 95, 96, 97, 98, 99, 100, 101, 102, 103, 104]
Inds:  [83.66250000000002, 83.30249999999998, 83.30249999999998, 83.2275, 83.2275, 83.2275, 82.96999999999998, 82.94750000000002, 82.85500000000002, 82.84, 82.79750000000001, 82.5225, 82.43, 82.43, 82.39250000000001, 82.21999999999998, 82.21999999999998, 82.00750000000001, 82.00750000000001, 82.00750000000001, 81.86, 81.86, 81.86, 81.86, 81.76500000000001, 81.72749999999999, 81.64500000000001, 81.4875, 81.26750000000001, 81.26750000000001, 81.26750000000001, 81.26750000000001, 81.26750000000001, 81.26750000000001, 81.26750000000001, 81.26750000000001, 81.26750000000001, 81.22, 81.22, 81.07499999999997, 81.05749999999999, 81.05749999999999, 81.05749999999999, 81.05749999999999, 81.05749999999999, 81.05749999999999, 81.0425, 80.73249999999999, 80.73249999999999, 80.70250000000001, 80.70250000000001, 80.61499999999998, 80.61499999999998, 80.46749999999999, 80.46749999999999, 80.46749999999999, 80.46749999999999, 80.46749999999999, 80.46749999999999, 80.46749999999999, 80.46749999999999, 80.46499999999999, 80.41749999999999, 80.37500000000001, 80.37500000000001, 80.37500000000001, 80.37500000000001, 80.3375, 80.3375, 80.29749999999999, 80.15, 80.15, 80.15, 80.05749999999999, 80.05749999999999, 80.05749999999999, 80.0125, 80.0125, 80.0125, 79.94, 79.94, 79.94, 79.71249999999998, 79.71249999999998, 79.71249999999998, 79.71249999999998, 79.71249999999998, 79.71249999999998, 79.70499999999998, 79.68749999999999, 79.68749999999999, 79.67749999999998, 79.67749999999998, 79.6275, 79.6275, 79.6275, 79.6275, 79.6275, 79.62249999999999, 79.62249999999999, 79.62249999999999, 79.605, 79.605, 79.60499999999999, 79.58249999999998]

Execution 7:
Parametros: Y=0.997
Start Time (hh:mm:ss.ms) 2023-07-17 06:15:32.067626
generations	MaxGenenerations	Populationk1	Populationk	PopulationElite	PopulationMutant	fitnessElite	alpha	min    	max  	avg    	std     
0          	0               	0           	0          	0              	0               	0           	0    	83.9375	86.68	85.3602	0.438491
1          	108.908         	997         	1000       	100            	200             	84.7603     	0.3  	83.3275	86.5925	85.0531	0.467973
5          	108.028         	985         	988        	104            	192             	84.2287     	0.292	83.3075	86.25  	84.688 	0.588068
6          	107.951         	982         	985        	106            	190             	84.163      	0.290	83.07  	86.8225	84.6524	0.61037 
8          	107.686         	976         	979        	108            	186             	84.0207     	0.286	82.8425	86.6275	84.5504	0.654352
10         	107.375         	970         	973        	110            	182             	83.831      	0.283	82.575 	86.6   	84.4672	0.687461
17         	107.069         	949         	952        	117            	169             	83.6237     	0.270	82.4175	86.8325	84.1009	0.831811
19         	106.987         	943         	946        	119            	165             	83.5954     	0.266	82.2075	86.3975	83.9471	0.898974
20         	106.573         	940         	943        	120            	163             	83.3151     	0.264	82.1775	86.3575	83.8481	0.933045
21         	106.521         	937         	940        	121            	162             	83.2745     	0.262	82.035 	86.5575	83.7672	0.951216
25         	106.338         	925         	928        	124            	154             	83.1379     	0.254	81.8525	86.565 	83.5194	1.05534 
26         	106.166         	922         	925        	125            	152             	83.0443     	0.252	81.8475	86.6925	83.4262	1.08392 
27         	106.2           	919         	922        	126            	151             	83.0638     	0.251	81.845 	86.4125	83.4022	1.10552 
29         	106.119         	913         	916        	128            	147             	82.9829     	0.247	81.82  	86.0575	83.3128	1.10888 
30         	105.962         	910         	913        	129            	145             	82.8593     	0.245	81.7   	86.145 	83.2692	1.15204 
31         	105.835         	907         	910        	130            	143             	82.7815     	0.243	81.4325	86.3725	83.2552	1.17455 
32         	105.56          	904         	907        	131            	141             	82.6244     	0.241	81.3975	86.39  	83.1355	1.18138 
33         	105.52          	901         	904        	132            	140             	82.5924     	0.239	81.3625	86.37  	83.1004	1.23437 
38         	105.483         	886         	889        	136            	131             	82.5238     	0.229	81.2775	86.315 	82.9251	1.28147 
39         	105.341         	883         	886        	137            	129             	82.4253     	0.227	81.0725	86.4025	82.8722	1.29168 
46         	105.074         	862         	865        	142            	118             	82.1951     	0.214	80.95  	86.3725	82.6683	1.37174 
49         	104.874         	853         	856        	144            	113             	82.0403     	0.208	80.9225	86.4375	82.5973	1.40207 
50         	104.92          	850         	853        	145            	111             	82.0619     	0.206	80.845 	86.475 	82.5579	1.42262 
51         	104.831         	847         	850        	146            	109             	81.9969     	0.204	80.835 	86.34  	82.5027	1.38977 
52         	104.775         	844         	847        	147            	108             	81.9506     	0.202	80.75  	86.6275	82.4525	1.42223 
53         	104.756         	841         	844        	147            	106             	81.9297     	0.200	80.6725	86.13  	82.5004	1.39427 
55         	104.514         	835         	838        	149            	103             	81.7551     	0.196	80.61  	86.6175	82.2616	1.42523 
57         	104.469         	829         	832        	150            	100             	81.7055     	0.192	80.6075	86.5225	82.2773	1.46029 
60         	104.469         	820         	823        	152            	95              	81.6727     	0.187	80.54  	86.7325	82.1886	1.45963 
61         	104.516         	817         	820        	153            	94              	81.6868     	0.185	80.475 	86.33  	82.1427	1.45417 
68         	104.386         	796         	799        	157            	83              	81.5237     	0.171	80.3625	86.1475	81.8924	1.47412 
70         	104.217         	790         	793        	158            	80              	81.3931     	0.167	80.305 	86.4175	81.9495	1.52014 
73         	104.056         	781         	784        	160            	76              	81.2634     	0.161	80.2025	86.31  	81.742 	1.52429 
74         	103.946         	778         	781        	160            	74              	81.1769     	0.159	80.16  	86.0475	81.6909	1.50831 
75         	103.809         	775         	778        	161            	73              	81.0869     	0.157	80.13  	86.3225	81.6013	1.51082 
76         	103.856         	772         	775        	161            	71              	81.0934     	0.155	79.9175	86.2225	81.6301	1.54419 
80         	103.617         	760         	763        	163            	66              	80.8793     	0.147	79.8675	86.4275	81.4381	1.59164 
83         	103.596         	751         	754        	165            	62              	80.8186     	0.141	79.8025	86.3925	81.3178	1.59969 
84         	103.453         	748         	751        	165            	60              	80.7221     	0.139	79.79  	86.215 	81.134 	1.52062 
86         	103.398         	742         	745        	166            	57              	80.6679     	0.135	79.68  	86.2475	81.2771	1.61391 
89         	103.309         	733         	736        	167            	53              	80.556      	0.129	79.66  	85.865 	81.0768	1.59222 
90         	103.105         	730         	733        	168            	52              	80.4503     	0.127	79.6075	86.195 	80.9691	1.59655 
91         	103.139         	727         	730        	168            	51              	80.4341     	0.125	79.525 	86.3675	80.8638	1.58755 
92         	103.086         	724         	727        	169            	49              	80.3697     	0.123	79.42  	86.245 	80.8393	1.59862 
93         	102.912         	721         	724        	169            	48              	80.2472     	0.121	79.315 	86.1175	80.7917	1.61726 
96         	102.777         	712         	715        	170            	44              	80.1135     	0.115	79.285 	86.0375	80.6345	1.5933  
98         	102.784         	706         	709        	171            	42              	80.0763     	0.111	79.2575	86.0575	80.5817	1.60794 
End Time (hh:mm:ss.ms) 2023-07-17 06:15:49.718731
Total Time (hh:mm:ss.ms) 0:00:17.651105
Individuo: [[18, 7, 23, 14, 41, 36, 40, 10, 19, 26, 29, 39, 2, 11, 45, 31, 32, 4, 12, 38, 24, 20, 25, 43, 37, 15, 8, 44, 35, 27, 33, 30, 16, 9, 5, 21, 22, 17, 13, 1, 0, 42, 34, 6, 3, 28], [0, 1, 1, 1, 1, 1, 0, 1, 1, 1, 0, 0, 1, 1, 1, 0, 1, 1, 0, 0, 0, 1, 0, 0, 0, 0, 0, 0, 1, 0, 0, 0, 0, 0, 0, 0, 0, 0, 0, 1, 1, 1, 1, 1, 1, 1]]
Fitness:  79.2575
Gens:  [0, 1, 2, 3, 4, 5, 6, 7, 8, 9, 10, 11, 12, 13, 14, 15, 16, 17, 18, 19, 20, 21, 22, 23, 24, 25, 26, 27, 28, 29, 30, 31, 32, 33, 34, 35, 36, 37, 38, 39, 40, 41, 42, 43, 44, 45, 46, 47, 48, 49, 50, 51, 52, 53, 54, 55, 56, 57, 58, 59, 60, 61, 62, 63, 64, 65, 66, 67, 68, 69, 70, 71, 72, 73, 74, 75, 76, 77, 78, 79, 80, 81, 82, 83, 84, 85, 86, 87, 88, 89, 90, 91, 92, 93, 94, 95, 96, 97, 98, 99, 100, 101, 102, 103]
Inds:  [83.93750000000003, 83.32749999999997, 83.32749999999997, 83.32749999999997, 83.32749999999997, 83.3075, 83.06999999999998, 83.06999999999998, 82.8425, 82.8425, 82.575, 82.575, 82.575, 82.575, 82.575, 82.575, 82.575, 82.4175, 82.4175, 82.20750000000002, 82.17750000000001, 82.03499999999998, 82.03499999999998, 82.03499999999998, 82.03499999999998, 81.85249999999998, 81.84750000000001, 81.845, 81.845, 81.82000000000001, 81.7, 81.4325, 81.39750000000001, 81.36250000000001, 81.36250000000001, 81.36250000000001, 81.36250000000001, 81.36250000000001, 81.2775, 81.07249999999999, 81.07249999999999, 81.07249999999999, 81.07249999999999, 81.07249999999999, 81.07249999999999, 81.07249999999999, 80.95, 80.95, 80.95, 80.92249999999999, 80.84499999999998, 80.83500000000002, 80.75000000000001, 80.67249999999999, 80.67249999999999, 80.61, 80.61, 80.60749999999999, 80.60749999999999, 80.60749999999999, 80.54, 80.47500000000002, 80.47500000000002, 80.47500000000002, 80.47500000000002, 80.47500000000002, 80.47500000000002, 80.47500000000002, 80.36250000000001, 80.36250000000001, 80.305, 80.305, 80.305, 80.20250000000001, 80.16, 80.13, 79.91749999999999, 79.91749999999999, 79.91749999999999, 79.91749999999999, 79.86749999999999, 79.86749999999999, 79.86749999999999, 79.8025, 79.79000000000002, 79.79000000000002, 79.67999999999999, 79.67999999999999, 79.67999999999999, 79.66, 79.60749999999999, 79.52499999999999, 79.42, 79.315, 79.315, 79.315, 79.28500000000001, 79.28500000000001, 79.2575, 79.2575, 79.2575, 79.2575, 79.2575, 79.2575]

Execution 8:
Parametros: Y=0.997
Start Time (hh:mm:ss.ms) 2023-07-17 06:15:50.549762
generations	MaxGenenerations	Populationk1	Populationk	PopulationElite	PopulationMutant	fitnessElite	alpha	min    	max    	avg    	std     
0          	0               	0           	0          	0              	0               	0           	0    	83.9875	86.6875	85.3595	0.434977
1          	108.975         	997         	1000       	100            	200             	84.7975     	0.3  	83.695 	86.525 	85.0766	0.456956
2          	108.543         	994         	997        	101            	198             	84.5388     	0.298	83.585 	86.4275	84.9303	0.478834
4          	108.393         	988         	991        	103            	194             	84.4441     	0.294	83.125 	86.36  	84.7908	0.555461
9          	107.783         	973         	976        	109            	184             	84.0767     	0.285	82.955 	86.63  	84.5624	0.654834
10         	107.617         	970         	973        	110            	182             	83.996      	0.283	82.8875	86.4675	84.532 	0.680179
14         	107.425         	958         	961        	114            	175             	83.83       	0.275	82.88  	86.3925	84.3379	0.731597
15         	107.443         	955         	958        	115            	173             	83.8422     	0.273	82.58  	86.465 	84.3246	0.739437
16         	107.077         	952         	955        	116            	171             	83.6367     	0.271	82.5725	86.655 	84.2335	0.764591
20         	107.066         	940         	943        	120            	163             	83.6008     	0.264	82.46  	86.37  	84.051 	0.832223
21         	106.891         	937         	940        	120            	162             	83.4867     	0.262	82.4525	86.1875	84.0103	0.850828
22         	106.823         	934         	937        	121            	160             	83.4261     	0.260	82.265 	86.98  	83.9547	0.865271
27         	106.659         	919         	922        	126            	151             	83.3121     	0.251	81.9925	86.5875	83.7299	0.938156
28         	106.355         	916         	919        	127            	149             	83.1377     	0.249	81.965 	86.6675	83.7013	0.960095
31         	106.262         	907         	910        	130            	143             	83.0475     	0.243	81.86  	86.5675	83.4883	1.05072 
32         	106.177         	904         	907        	130            	142             	82.9974     	0.241	81.6875	86.4425	83.3979	1.03712 
36         	105.981         	892         	895        	134            	135             	82.8496     	0.233	81.56  	86.52  	83.1484	1.13218 
39         	105.698         	883         	886        	136            	129             	82.6383     	0.228	81.3825	86.24  	83.0201	1.22156 
41         	105.523         	877         	880        	138            	126             	82.5208     	0.224	81.2125	86.295 	82.9237	1.22291 
42         	105.251         	874         	877        	139            	124             	82.3413     	0.222	81.205 	86.2425	82.8537	1.24191 
44         	105.335         	868         	871        	140            	121             	82.3814     	0.218	81.0775	86.38  	82.8483	1.27783 
45         	105.102         	865         	868        	141            	119             	82.2243     	0.216	81.0475	86.3025	82.7545	1.27037 
46         	105.039         	862         	865        	142            	118             	82.1737     	0.214	81.04  	86.38  	82.65  	1.29098 
52         	105.096         	844         	847        	146            	108             	82.1506     	0.202	81.0375	86.4925	82.5853	1.36117 
53         	105.086         	841         	844        	147            	106             	82.1341     	0.201	80.955 	86.755 	82.4951	1.33171 
55         	105.029         	835         	838        	148            	103             	82.0779     	0.197	80.955 	86.505 	82.5076	1.36864 
57         	104.923         	829         	832        	150            	100             	81.9908     	0.193	80.7875	86.2325	82.3835	1.3824  
59         	104.746         	823         	826        	151            	97              	81.8577     	0.189	80.735 	86.195 	82.3324	1.38006 
64         	104.606         	808         	811        	154            	89              	81.7185     	0.179	80.6175	86.355 	82.212 	1.42835 
66         	104.493         	802         	805        	156            	86              	81.6219     	0.175	80.605 	86.545 	82.128 	1.42402 
68         	104.507         	796         	799        	157            	83              	81.6065     	0.171	80.54  	86.605 	82.0056	1.41053 
72         	104.326         	784         	787        	159            	77              	81.4553     	0.163	80.35  	86.3675	81.9404	1.45499 
76         	104.13          	772         	775        	161            	71              	81.276      	0.155	80.31  	86.645 	81.752 	1.43973 
82         	104.088         	754         	757        	164            	63              	81.1773     	0.144	80.275 	86.75  	81.5901	1.4097  
84         	104.106         	748         	751        	165            	61              	81.1527     	0.140	80.235 	86.535 	81.5377	1.44492 
85         	104.059         	745         	748        	165            	59              	81.1079     	0.138	80.225 	86.1125	81.5024	1.47083 
87         	103.964         	739         	742        	166            	57              	81.0391     	0.134	80.215 	86.425 	81.4311	1.43724 
88         	103.998         	736         	739        	166            	55              	81.039      	0.132	80.0375	86.215 	81.4378	1.44063 
90         	103.715         	730         	733        	167            	53              	80.8357     	0.128	80.01  	86.4675	81.3401	1.46048 
94         	103.768         	718         	721        	169            	48              	80.7985     	0.120	79.965 	86.5225	81.2072	1.46069 
96         	103.569         	712         	715        	170            	45              	80.6786     	0.116	79.915 	86.3675	81.097 	1.44026 
98         	103.508         	706         	709        	170            	42              	80.6113     	0.112	79.8575	86.35  	81.0206	1.39456 
99         	103.512         	703         	706        	171            	41              	80.5759     	0.110	79.81  	86.0875	80.9262	1.37881 
104        	103.429         	688         	691        	172            	35              	80.4626     	0.100	79.81  	86.83  	80.8326	1.40131 
End Time (hh:mm:ss.ms) 2023-07-17 06:16:08.442266
Total Time (hh:mm:ss.ms) 0:00:17.892504
Individuo: [[5, 16, 31, 20, 13, 1, 24, 45, 2, 11, 35, 12, 39, 38, 0, 42, 34, 21, 43, 37, 19, 26, 15, 6, 10, 9, 28, 18, 41, 14, 40, 36, 3, 23, 33, 8, 27, 29, 32, 4, 44, 7, 30, 25, 22, 17], [1, 1, 1, 1, 1, 1, 0, 0, 1, 1, 0, 0, 0, 0, 1, 1, 1, 0, 0, 0, 1, 1, 1, 0, 0, 1, 0, 0, 0, 0, 0, 0, 0, 0, 1, 1, 1, 1, 1, 1, 0, 0, 0, 0, 0, 0]]
Fitness:  79.80999999999999
Gens:  [0, 1, 2, 3, 4, 5, 6, 7, 8, 9, 10, 11, 12, 13, 14, 15, 16, 17, 18, 19, 20, 21, 22, 23, 24, 25, 26, 27, 28, 29, 30, 31, 32, 33, 34, 35, 36, 37, 38, 39, 40, 41, 42, 43, 44, 45, 46, 47, 48, 49, 50, 51, 52, 53, 54, 55, 56, 57, 58, 59, 60, 61, 62, 63, 64, 65, 66, 67, 68, 69, 70, 71, 72, 73, 74, 75, 76, 77, 78, 79, 80, 81, 82, 83, 84, 85, 86, 87, 88, 89, 90, 91, 92, 93, 94, 95, 96, 97, 98, 99, 100, 101, 102, 103, 104]
Inds:  [83.98749999999998, 83.695, 83.585, 83.585, 83.12500000000001, 83.12500000000001, 83.12500000000001, 83.12500000000001, 83.12500000000001, 82.95499999999998, 82.88750000000002, 82.88750000000002, 82.88750000000002, 82.88750000000002, 82.88, 82.58000000000001, 82.5725, 82.5725, 82.5725, 82.5725, 82.46000000000001, 82.4525, 82.26500000000001, 82.26500000000001, 82.26500000000001, 82.26500000000001, 82.26500000000001, 81.9925, 81.96500000000002, 81.96500000000002, 81.96500000000002, 81.86, 81.68750000000001, 81.68750000000001, 81.68750000000001, 81.68750000000001, 81.56, 81.56, 81.56, 81.38249999999998, 81.38249999999998, 81.21249999999999, 81.20500000000001, 81.20500000000001, 81.0775, 81.04750000000001, 81.04, 81.04, 81.04, 81.04, 81.04, 81.04, 81.03750000000001, 80.95500000000001, 80.95500000000001, 80.95499999999998, 80.95499999999998, 80.78749999999998, 80.78749999999998, 80.73500000000001, 80.73500000000001, 80.73500000000001, 80.73500000000001, 80.73500000000001, 80.61749999999999, 80.61749999999999, 80.60499999999999, 80.60499999999999, 80.53999999999998, 80.53999999999998, 80.53999999999998, 80.53999999999998, 80.35, 80.35, 80.35, 80.35, 80.31, 80.31, 80.31, 80.31, 80.31, 80.31, 80.275, 80.275, 80.235, 80.22499999999997, 80.22499999999997, 80.21499999999997, 80.0375, 80.0375, 80.00999999999999, 80.00999999999999, 80.00999999999999, 80.00999999999999, 79.96499999999999, 79.96499999999999, 79.91499999999999, 79.91499999999999, 79.85750000000002, 79.81, 79.81, 79.81, 79.81, 79.81, 79.80999999999999]

Execution 9:
Parametros: Y=0.997
Start Time (hh:mm:ss.ms) 2023-07-17 06:16:09.303263
generations	MaxGenenerations	Populationk1	Populationk	PopulationElite	PopulationMutant	fitnessElite	alpha	min    	max    	avg   	std     
0          	0               	0           	0          	0              	0               	0           	0    	84.0425	86.7125	85.357	0.424841
1          	109.055         	997         	1000       	100            	200             	84.8435     	0.3  	83.6075	86.615 	85.0916	0.452527
2          	108.459         	994         	997        	101            	198             	84.5042     	0.298	83.3625	86.445 	84.9664	0.511734
5          	108.062         	985         	988        	104            	192             	84.2432     	0.292	83.1625	86.2325	84.7513	0.583776
6          	107.757         	982         	985        	106            	190             	84.055      	0.290	82.98  	86.47  	84.679 	0.592977
12         	107.51          	964         	967        	112            	179             	83.8801     	0.279	82.9075	86.43  	84.3918	0.702209
13         	107.491         	961         	964        	113            	177             	83.8856     	0.277	82.7975	86.4825	84.335 	0.725559
14         	107.365         	958         	961        	114            	175             	83.8138     	0.275	82.635 	86.735 	84.2903	0.763565
15         	107.236         	955         	958        	115            	173             	83.7579     	0.273	82.6025	86.515 	84.2214	0.788979
17         	107.1           	949         	952        	117            	169             	83.6404     	0.270	82.3675	86.54  	84.0651	0.834256
18         	106.826         	946         	949        	118            	167             	83.4864     	0.268	82.0325	86.35  	83.9828	0.856358
20         	106.311         	940         	943        	120            	163             	83.1569     	0.264	81.7225	86.565 	83.7646	0.935366
27         	105.962         	919         	922        	126            	150             	82.91       	0.250	81.7   	86.32  	83.3433	1.13596 
28         	105.89          	916         	919        	127            	149             	82.8504     	0.249	81.525 	86.29  	83.2708	1.16117 
31         	105.652         	907         	910        	130            	143             	82.6827     	0.243	81.5025	86.4   	83.1362	1.22263 
32         	105.66          	904         	907        	131            	142             	82.6844     	0.241	81.395 	86.395 	83.082 	1.21239 
35         	105.536         	895         	898        	133            	136             	82.5858     	0.235	81.275 	86.5925	82.993 	1.25657 
36         	105.426         	892         	895        	134            	134             	82.5172     	0.233	81.1475	86.3925	82.8869	1.27502 
40         	105.173         	880         	883        	137            	128             	82.3145     	0.225	81.085 	86.8075	82.8069	1.35211 
44         	105.042         	868         	871        	141            	121             	82.1915     	0.218	80.85  	86.3875	82.6651	1.37206 
47         	104.812         	859         	862        	143            	116             	82.0268     	0.212	80.845 	86.2675	82.5424	1.38398 
50         	104.788         	850         	853        	145            	111             	81.9791     	0.206	80.74  	86.2025	82.4742	1.41452 
54         	104.69          	838         	841        	148            	104             	81.8768     	0.198	80.695 	86.585 	82.364 	1.43531 
55         	104.671         	835         	838        	149            	103             	81.8543     	0.196	80.6925	86.4525	82.3011	1.44735 
56         	104.626         	832         	835        	149            	101             	81.8149     	0.194	80.68  	86.34  	82.2652	1.45627 
57         	104.575         	829         	832        	150            	100             	81.7718     	0.192	80.505 	86.3725	82.252 	1.46411 
59         	104.438         	823         	826        	151            	97              	81.6617     	0.188	80.1875	86.455 	82.1894	1.46441 
66         	104.002         	802         	805        	156            	86              	81.301      	0.175	80.1525	86.9075	81.8668	1.56488 
68         	103.881         	796         	799        	157            	83              	81.205      	0.171	80     	86.495 	81.7439	1.57844 
70         	103.732         	790         	793        	158            	80              	81.0794     	0.166	79.97  	86.1375	81.678 	1.6151  
74         	103.633         	778         	781        	161            	74              	80.9728     	0.159	79.92  	86.24  	81.5034	1.6202  
76         	103.537         	772         	775        	162            	71              	80.8899     	0.155	79.8775	86.9225	81.4937	1.63555 
79         	103.532         	763         	766        	163            	67              	80.8414     	0.149	79.8375	86.2025	81.3475	1.6328  
80         	103.44          	760         	763        	164            	65              	80.7748     	0.147	79.7725	86.245 	81.2827	1.60769 
89         	103.348         	733         	736        	167            	53              	80.6032     	0.129	79.7425	86.2275	81.0614	1.59734 
91         	103.382         	727         	730        	168            	51              	80.5822     	0.125	79.74  	86.515 	80.9956	1.5885  
93         	103.289         	721         	724        	169            	48              	80.5178     	0.121	79.7325	86.3925	80.8954	1.55709 
97         	103.264         	709         	712        	170            	43              	80.456      	0.114	79.7125	86.575 	80.7935	1.50499 
101        	103.439         	697         	700        	171            	39              	80.4601     	0.106	79.675 	86.53  	80.7441	1.51186 
104        	103.187         	688         	691        	172            	35              	80.3163     	0.100	79.6475	86.1275	80.5861	1.46106 
End Time (hh:mm:ss.ms) 2023-07-17 06:16:27.311507
Total Time (hh:mm:ss.ms) 0:00:18.008244
Individuo: [[5, 28, 18, 3, 0, 38, 39, 35, 31, 45, 32, 15, 9, 16, 41, 14, 23, 7, 40, 36, 34, 37, 19, 10, 21, 43, 25, 13, 26, 11, 2, 27, 44, 33, 30, 6, 42, 1, 20, 4, 8, 12, 29, 24, 17, 22], [0, 0, 0, 0, 0, 1, 1, 0, 1, 0, 1, 1, 0, 1, 0, 0, 0, 0, 0, 0, 0, 1, 0, 0, 0, 0, 0, 1, 1, 0, 0, 0, 0, 0, 0, 1, 1, 0, 0, 0, 0, 0, 1, 1, 1, 1]]
Fitness:  79.64750000000001
Gens:  [0, 1, 2, 3, 4, 5, 6, 7, 8, 9, 10, 11, 12, 13, 14, 15, 16, 17, 18, 19, 20, 21, 22, 23, 24, 25, 26, 27, 28, 29, 30, 31, 32, 33, 34, 35, 36, 37, 38, 39, 40, 41, 42, 43, 44, 45, 46, 47, 48, 49, 50, 51, 52, 53, 54, 55, 56, 57, 58, 59, 60, 61, 62, 63, 64, 65, 66, 67, 68, 69, 70, 71, 72, 73, 74, 75, 76, 77, 78, 79, 80, 81, 82, 83, 84, 85, 86, 87, 88, 89, 90, 91, 92, 93, 94, 95, 96, 97, 98, 99, 100, 101, 102, 103, 104]
Inds:  [84.04249999999998, 83.60749999999999, 83.3625, 83.3625, 83.3625, 83.16249999999998, 82.97999999999998, 82.97999999999998, 82.97999999999998, 82.97999999999998, 82.97999999999998, 82.97999999999998, 82.90749999999996, 82.7975, 82.63499999999999, 82.60249999999999, 82.60249999999999, 82.36750000000002, 82.03249999999998, 82.03249999999998, 81.72249999999998, 81.72249999999998, 81.72249999999998, 81.72249999999998, 81.72249999999998, 81.72249999999998, 81.72249999999998, 81.69999999999999, 81.52499999999999, 81.52499999999999, 81.52499999999999, 81.50250000000003, 81.39499999999998, 81.39499999999998, 81.39499999999998, 81.27499999999999, 81.1475, 81.1475, 81.1475, 81.1475, 81.08500000000001, 81.08500000000001, 81.08500000000001, 81.08500000000001, 80.84999999999998, 80.84999999999998, 80.84999999999998, 80.845, 80.845, 80.845, 80.74000000000001, 80.74000000000001, 80.74000000000001, 80.74000000000001, 80.695, 80.69249999999998, 80.67999999999999, 80.505, 80.505, 80.18750000000003, 80.18750000000003, 80.18750000000003, 80.18750000000003, 80.18750000000003, 80.18750000000003, 80.18750000000003, 80.15249999999999, 80.15249999999999, 80.00000000000003, 80.00000000000003, 79.97, 79.97, 79.97, 79.97, 79.92000000000003, 79.92000000000003, 79.87750000000001, 79.87750000000001, 79.87750000000001, 79.8375, 79.77250000000001, 79.77250000000001, 79.77250000000001, 79.77250000000001, 79.77250000000001, 79.77250000000001, 79.77250000000001, 79.77250000000001, 79.77250000000001, 79.74250000000002, 79.74250000000002, 79.74000000000002, 79.74000000000002, 79.73250000000002, 79.73250000000002, 79.73250000000002, 79.73250000000002, 79.7125, 79.7125, 79.7125, 79.7125, 79.675, 79.675, 79.675, 79.64750000000001]

Execution 10:
Parametros: Y=0.997
Start Time (hh:mm:ss.ms) 2023-07-17 06:16:28.155532
generations	MaxGenenerations	Populationk1	Populationk	PopulationElite	PopulationMutant	fitnessElite	alpha	min    	max   	avg    	std     
0          	0               	0           	0          	0              	0               	0           	0    	83.8975	86.635	85.3805	0.433705
1          	108.841         	997         	1000       	100            	200             	84.7187     	0.3  	83.625 	86.3575	85.0505	0.47208 
2          	108.397         	994         	997        	101            	198             	84.4397     	0.298	83.5   	86.405 	84.9082	0.510894
5          	108.308         	985         	988        	104            	192             	84.4013     	0.292	83.27  	86.4625	84.6556	0.597285
6          	107.971         	982         	985        	106            	190             	84.1982     	0.290	82.99  	86.885 	84.5889	0.615124
12         	107.579         	964         	967        	112            	179             	83.9356     	0.279	82.8275	87.0275	84.2925	0.75032 
14         	107.486         	958         	961        	114            	175             	83.9052     	0.275	82.63  	86.2075	84.197 	0.745443
15         	107.059         	955         	958        	115            	173             	83.6097     	0.273	82.5975	86.41  	84.1418	0.778158
16         	107.082         	952         	955        	116            	171             	83.6344     	0.271	82.34  	86.6375	84.1072	0.801797
20         	106.677         	940         	943        	120            	163             	83.3572     	0.264	82.3125	86.3   	83.8681	0.89089 
21         	106.678         	937         	940        	121            	162             	83.3592     	0.262	82.12  	86.525 	83.7946	0.944292
24         	106.505         	928         	931        	123            	156             	83.2551     	0.256	81.9275	86.295 	83.6326	1.0065  
25         	106.177         	925         	928        	124            	154             	83.0403     	0.254	81.9125	86.25  	83.5427	0.998313
28         	106.229         	916         	919        	127            	149             	83.0605     	0.249	81.79  	86.5975	83.4707	1.06721 
31         	106.083         	907         	910        	130            	143             	82.9506     	0.243	81.7525	86.4   	83.3631	1.1117  
32         	105.984         	904         	907        	131            	142             	82.8749     	0.241	81.6575	86.2275	83.2944	1.11189 
33         	105.806         	901         	904        	131            	140             	82.7521     	0.239	81.59  	86.3925	83.2491	1.13917 
34         	105.771         	898         	901        	132            	138             	82.7311     	0.237	81.49  	86.585 	83.2264	1.15872 
37         	105.698         	889         	892        	135            	133             	82.6685     	0.231	81.4225	86.415 	83.105 	1.1859  
39         	105.527         	883         	886        	136            	129             	82.5368     	0.227	81.32  	86.44  	83.0317	1.2195  
42         	105.409         	874         	877        	139            	124             	82.4388     	0.222	81.1525	86.275 	82.8699	1.2275  
45         	105.211         	865         	868        	141            	119             	82.2916     	0.216	81.0325	86.51  	82.7502	1.26175 
50         	105.022         	850         	853        	145            	111             	82.1233     	0.206	80.98  	86.555 	82.5947	1.32706 
53         	104.996         	841         	844        	147            	106             	82.0782     	0.200	80.8125	86.57  	82.5101	1.39326 
58         	104.828         	826         	829        	150            	98              	81.9194     	0.191	80.785 	86.3375	82.3667	1.4138  
59         	104.71          	823         	826        	151            	97              	81.8356     	0.189	80.73  	86.5475	82.2578	1.37813 
60         	104.705         	820         	823        	152            	95              	81.8196     	0.187	80.69  	86.345 	82.2543	1.4242  
62         	104.654         	814         	817        	153            	92              	81.7653     	0.183	80.6825	86.5275	82.2259	1.42287 
63         	104.637         	811         	814        	154            	91              	81.7433     	0.181	80.5675	86.3   	82.1735	1.43513 
64         	104.416         	808         	811        	154            	89              	81.5955     	0.179	80.5325	86.39  	82.0604	1.42891 
66         	104.403         	802         	805        	156            	86              	81.5626     	0.175	80.4725	86.215 	82.1181	1.43904 
68         	104.291         	796         	799        	157            	83              	81.4707     	0.171	80.26  	86.2275	81.9707	1.4392  
73         	103.954         	781         	784        	160            	76              	81.2026     	0.161	80.235 	86.3725	81.7884	1.49119 
76         	103.959         	772         	775        	161            	71              	81.1662     	0.155	80.215 	86.345 	81.6533	1.47095 
77         	103.973         	769         	772        	162            	70              	81.1578     	0.153	80.145 	86.63  	81.6394	1.4921  
78         	103.972         	766         	769        	162            	69              	81.13       	0.151	80.11  	86.46  	81.559 	1.50023 
80         	103.896         	760         	763        	163            	66              	81.06       	0.147	80.085 	86.16  	81.5549	1.48394 
83         	103.833         	751         	754        	165            	62              	80.987      	0.142	80.045 	86.445 	81.4781	1.51082 
84         	103.784         	748         	751        	165            	60              	80.9413     	0.140	80.025 	86.3725	81.3769	1.50278 
86         	103.791         	742         	745        	166            	58              	80.9138     	0.136	79.9925	87.1125	81.3655	1.51892 
88         	103.683         	736         	739        	167            	55              	80.8315     	0.132	79.985 	86.4   	81.2523	1.48951 
90         	103.596         	730         	733        	168            	52              	80.7675     	0.128	79.9575	86.1525	81.2302	1.49189 
91         	103.58          	727         	730        	168            	51              	80.7394     	0.126	79.9075	86.1875	81.2025	1.46907 
96         	103.72          	712         	715        	170            	45              	80.7141     	0.116	79.905 	86.195 	81.0603	1.45418 
97         	103.525         	709         	712        	170            	44              	80.6254     	0.114	79.8375	86.3   	81.0204	1.46497 
101        	103.376         	697         	700        	171            	39              	80.4937     	0.106	79.825 	86.5075	80.8185	1.38329 
102        	103.518         	694         	697        	171            	38              	80.5258     	0.104	79.775 	86.1925	80.9412	1.44865 
End Time (hh:mm:ss.ms) 2023-07-17 06:16:46.120646
Total Time (hh:mm:ss.ms) 0:00:17.965114
Individuo: [[28, 21, 43, 37, 34, 18, 36, 3, 41, 26, 20, 13, 17, 22, 25, 45, 11, 12, 4, 23, 7, 40, 14, 6, 30, 33, 32, 24, 38, 35, 0, 19, 9, 16, 42, 1, 31, 29, 39, 2, 27, 44, 8, 15, 10, 5], [1, 0, 0, 0, 1, 0, 1, 1, 0, 0, 1, 1, 1, 1, 1, 0, 0, 1, 0, 0, 0, 0, 0, 0, 1, 1, 0, 1, 1, 0, 0, 0, 0, 1, 0, 1, 1, 0, 0, 0, 0, 0, 1, 1, 0, 0]]
Fitness:  79.77499999999999
Gens:  [0, 1, 2, 3, 4, 5, 6, 7, 8, 9, 10, 11, 12, 13, 14, 15, 16, 17, 18, 19, 20, 21, 22, 23, 24, 25, 26, 27, 28, 29, 30, 31, 32, 33, 34, 35, 36, 37, 38, 39, 40, 41, 42, 43, 44, 45, 46, 47, 48, 49, 50, 51, 52, 53, 54, 55, 56, 57, 58, 59, 60, 61, 62, 63, 64, 65, 66, 67, 68, 69, 70, 71, 72, 73, 74, 75, 76, 77, 78, 79, 80, 81, 82, 83, 84, 85, 86, 87, 88, 89, 90, 91, 92, 93, 94, 95, 96, 97, 98, 99, 100, 101, 102, 103, 104]
Inds:  [83.89749999999998, 83.62499999999999, 83.5, 83.5, 83.5, 83.27, 82.98999999999998, 82.98999999999998, 82.98999999999998, 82.98999999999998, 82.98999999999998, 82.98999999999998, 82.8275, 82.8275, 82.62999999999997, 82.5975, 82.33999999999997, 82.33999999999997, 82.33999999999997, 82.33999999999997, 82.31250000000001, 82.11999999999999, 82.11999999999999, 82.11999999999999, 81.92749999999995, 81.91249999999998, 81.91249999999998, 81.91249999999998, 81.78999999999999, 81.78999999999999, 81.78999999999999, 81.75250000000001, 81.65749999999998, 81.58999999999999, 81.49, 81.49, 81.49, 81.42249999999997, 81.42249999999997, 81.31999999999998, 81.31999999999998, 81.31999999999998, 81.15249999999999, 81.15249999999999, 81.15249999999999, 81.03249999999996, 81.03249999999996, 81.03249999999996, 81.03249999999996, 81.03249999999996, 80.97999999999999, 80.97999999999999, 80.97999999999999, 80.81249999999997, 80.81249999999997, 80.81249999999997, 80.81249999999997, 80.81249999999997, 80.78499999999998, 80.72999999999999, 80.68999999999998, 80.68999999999998, 80.68249999999999, 80.56750000000001, 80.53250000000001, 80.53250000000001, 80.4725, 80.4725, 80.26, 80.26, 80.26, 80.26, 80.26, 80.23499999999999, 80.23499999999999, 80.23499999999999, 80.21499999999999, 80.14499999999998, 80.11000000000001, 80.11000000000001, 80.085, 80.085, 80.085, 80.045, 80.02499999999999, 80.02499999999999, 79.99249999999998, 79.99249999999998, 79.98499999999999, 79.98499999999999, 79.95749999999998, 79.9075, 79.9075, 79.9075, 79.9075, 79.9075, 79.905, 79.8375, 79.8375, 79.8375, 79.8375, 79.82499999999999, 79.77499999999999, 79.77499999999999, 79.77499999999999]

