A-BRKGA-Heuristic:

Execution 1:
Parametros: Y=0.999
Start Time (hh:mm:ss.ms) 2023-07-17 05:54:25.310606
generations	MaxGenenerations	Populationk1	Populationk	PopulationElite	PopulationMutant	fitnessElite	alpha	min    	max    	avg    	std     
0          	0               	0           	0          	0              	0               	0           	0    	102.675	105.922	104.387	0.496916
1          	114.154         	999         	1000       	100            	200             	103.649     	0.3  	102.388	105.798	104.039	0.520913
3          	113.817         	997         	998        	103            	197             	103.392     	0.296	102.353	106.065	103.804	0.606942
4          	113.811         	996         	997        	104            	196             	103.447     	0.294	101.942	105.62 	103.715	0.628484
5          	113.305         	995         	996        	105            	194             	103.02      	0.292	101.855	105.827	103.645	0.667112
6          	113.231         	994         	995        	106            	193             	103.012     	0.291	101.747	105.52 	103.59 	0.677005
8          	113.114         	992         	993        	109            	190             	102.927     	0.287	101.495	105.502	103.465	0.725474
9          	112.794         	991         	992        	110            	188             	102.64      	0.285	101.41 	105.595	103.403	0.73358 
12         	112.713         	988         	989        	114            	184             	102.592     	0.280	101.38 	105.828	103.257	0.826004
17         	112.685         	983         	984        	120            	176             	102.545     	0.271	101.233	105.708	102.954	0.896777
21         	112.483         	979         	980        	125            	170             	102.315     	0.264	101.167	105.782	102.755	0.975047
22         	112.462         	978         	979        	126            	169             	102.38      	0.262	101.078	105.477	102.781	0.998937
23         	112.327         	977         	978        	127            	167             	102.225     	0.260	100.65 	105.672	102.668	0.987146
26         	111.873         	974         	975        	131            	163             	101.929     	0.255	100.535	105.582	102.441	1.09659 
27         	111.736         	973         	974        	132            	161             	101.814     	0.253	100.493	105.72 	102.387	1.09636 
29         	111.685         	971         	972        	134            	158             	101.756     	0.249	100.237	105.548	102.281	1.17633 
33         	111.422         	967         	968        	139            	152             	101.57      	0.242	100.112	105.415	102.029	1.28228 
34         	111.248         	966         	967        	140            	151             	101.389     	0.240	100.053	105.585	101.951	1.27206 
35         	111.2           	965         	966        	141            	149             	101.374     	0.238	99.93  	105.412	101.888	1.3024  
37         	111.049         	963         	964        	144            	146             	101.228     	0.235	99.825 	105.565	101.747	1.40186 
38         	110.945         	962         	963        	145            	145             	101.164     	0.233	99.7025	105.457	101.674	1.41017 
42         	110.836         	958         	959        	149            	139             	101.082     	0.226	99.5975	105.258	101.516	1.42112 
43         	110.658         	957         	958        	151            	137             	100.866     	0.224	99.5825	105.385	101.372	1.48945 
44         	110.656         	956         	957        	152            	136             	100.872     	0.222	99.48  	105.51 	101.435	1.52124 
45         	110.556         	955         	956        	153            	134             	100.809     	0.220	99.2975	105.588	101.393	1.48687 
47         	110.327         	953         	954        	155            	131             	100.592     	0.216	99.2375	105.585	101.224	1.55349 
49         	110.253         	951         	952        	158            	129             	100.509     	0.212	99.1725	105.693	101.133	1.574   
53         	110.271         	947         	948        	162            	123             	100.583     	0.205	99.11  	105.638	101.041	1.58765 
55         	110.125         	945         	946        	165            	120             	100.367     	0.201	99.0425	106.03 	101.019	1.63828 
58         	110.055         	942         	943        	168            	116             	100.286     	0.196	99     	105.652	100.884	1.64024 
61         	110.074         	939         	940        	171            	112             	100.334     	0.190	98.9375	105.485	100.776	1.65049 
64         	109.952         	936         	937        	175            	107             	100.155     	0.185	98.8875	105.865	100.652	1.67865 
65         	109.936         	935         	936        	176            	106             	100.168     	0.183	98.4875	105.515	100.651	1.71004 
77         	109.455         	923         	924        	189            	89              	99.6231     	0.161	98.39  	105.272	100.27 	1.74758 
82         	109.367         	918         	919        	194            	82              	99.5025     	0.151	98.3875	105.6  	99.983 	1.723   
85         	109.373         	915         	916        	197            	78              	99.4727     	0.146	98.345 	105.665	99.9978	1.7152  
88         	109.287         	912         	913        	201            	74              	99.3439     	0.140	98.2875	105.625	99.8986	1.70486 
90         	109.293         	910         	911        	203            	71              	99.3568     	0.137	98.27  	105.725	99.8221	1.69634 
92         	109.196         	908         	909        	205            	69              	99.2166     	0.133	98.215 	105.54 	99.7358	1.74629 
94         	109.19          	906         	907        	207            	66              	99.2088     	0.129	98.2   	105.31 	99.7223	1.64761 
95         	109.111         	905         	906        	208            	65              	99.1079     	0.127	98.175 	106.132	99.6053	1.65098 
102        	109.137         	898         	899        	215            	55              	99.0515     	0.114	98.16  	105.507	99.4158	1.63996 
103        	109.088         	897         	898        	216            	54              	98.9902     	0.112	98.0925	105.07 	99.4517	1.59515 
104        	108.966         	896         	897        	217            	53              	98.8667     	0.110	98.0725	105.37 	99.2823	1.56203 
107        	108.972         	893         	894        	220            	49              	98.8378     	0.105	98.0525	105.61 	99.3375	1.59427 
End Time (hh:mm:ss.ms) 2023-07-17 05:54:50.157606
Total Time (hh:mm:ss.ms) 0:00:24.847000
Individuo: [[30, 15, 19, 46, 22, 35, 37, 6, 11, 38, 39, 48, 3, 5, 21, 10, 13, 24, 31, 25, 26, 41, 8, 23, 49, 7, 53, 16, 9, 28, 1, 18, 42, 40, 51, 44, 17, 45, 33, 20, 2, 50, 29, 52, 0, 32, 27, 34, 14, 12, 47, 36, 4, 43], [0, 1, 1, 1, 0, 0, 1, 0, 0, 0, 0, 1, 1, 1, 1, 0, 1, 0, 1, 0, 0, 0, 0, 1, 0, 0, 1, 0, 0, 1, 1, 1, 0, 0, 1, 1, 0, 1, 0, 0, 0, 1, 1, 1, 1, 0, 0, 0, 0, 0, 1, 1, 1, 0]]
Fitness:  98.0525
Gens:  [0, 1, 2, 3, 4, 5, 6, 7, 8, 9, 10, 11, 12, 13, 14, 15, 16, 17, 18, 19, 20, 21, 22, 23, 24, 25, 26, 27, 28, 29, 30, 31, 32, 33, 34, 35, 36, 37, 38, 39, 40, 41, 42, 43, 44, 45, 46, 47, 48, 49, 50, 51, 52, 53, 54, 55, 56, 57, 58, 59, 60, 61, 62, 63, 64, 65, 66, 67, 68, 69, 70, 71, 72, 73, 74, 75, 76, 77, 78, 79, 80, 81, 82, 83, 84, 85, 86, 87, 88, 89, 90, 91, 92, 93, 94, 95, 96, 97, 98, 99, 100, 101, 102, 103, 104, 105, 106, 107, 108, 109]
Inds:  [102.675, 102.3875, 102.3875, 102.35250000000005, 101.94249999999995, 101.85499999999999, 101.74749999999995, 101.74749999999995, 101.495, 101.40999999999998, 101.40999999999998, 101.40999999999998, 101.38, 101.38, 101.38, 101.38, 101.38, 101.2325, 101.2325, 101.2325, 101.2325, 101.16749999999999, 101.0775, 100.64999999999998, 100.64999999999998, 100.64999999999998, 100.535, 100.4925, 100.4925, 100.2375, 100.2375, 100.2375, 100.2375, 100.1125, 100.05250000000001, 99.93000000000002, 99.93000000000002, 99.82500000000002, 99.70249999999999, 99.70249999999999, 99.70249999999999, 99.70249999999999, 99.5975, 99.5825, 99.48, 99.29750000000001, 99.29750000000001, 99.23750000000003, 99.23750000000003, 99.17250000000001, 99.17250000000001, 99.17250000000001, 99.17250000000001, 99.11000000000001, 99.11000000000001, 99.0425, 99.0425, 99.0425, 98.99999999999996, 98.99999999999996, 98.99999999999996, 98.93749999999997, 98.93749999999997, 98.93749999999997, 98.88749999999999, 98.48749999999998, 98.48749999999998, 98.48749999999998, 98.48749999999998, 98.48749999999998, 98.48749999999998, 98.48749999999998, 98.48749999999998, 98.48749999999998, 98.48749999999998, 98.48749999999998, 98.48749999999998, 98.38999999999999, 98.38999999999999, 98.38999999999999, 98.38999999999999, 98.38999999999999, 98.38749999999999, 98.38749999999999, 98.38749999999999, 98.34500000000001, 98.34500000000001, 98.34500000000001, 98.28750000000001, 98.28750000000001, 98.27, 98.27, 98.215, 98.215, 98.2, 98.17499999999998, 98.17499999999998, 98.17499999999998, 98.17499999999998, 98.17499999999998, 98.17499999999998, 98.17499999999998, 98.15999999999998, 98.09249999999999, 98.0725, 98.0725, 98.0725, 98.0525, 98.0525, 98.0525]

Execution 2:
Parametros: Y=0.999
Start Time (hh:mm:ss.ms) 2023-07-17 05:54:51.085607
generations	MaxGenenerations	Populationk1	Populationk	PopulationElite	PopulationMutant	fitnessElite	alpha	min    	max    	avg    	std     
0          	0               	0           	0          	0              	0               	0           	0    	102.638	105.792	104.386	0.467681
1          	114.097         	999         	1000       	100            	200             	103.584     	0.3  	102.407	105.995	104.032	0.526767
2          	113.864         	998         	999        	102            	199             	103.477     	0.298	102.182	105.388	103.881	0.567061
6          	113.561         	994         	995        	106            	193             	103.157     	0.291	102.11 	105.813	103.548	0.677128
7          	113.513         	993         	994        	108            	191             	103.182     	0.289	102    	105.465	103.546	0.700209
8          	113.351         	992         	993        	109            	190             	102.997     	0.287	101.777	105.492	103.461	0.705518
9          	113.107         	991         	992        	110            	188             	102.839     	0.285	101.728	105.662	103.415	0.738957
10         	113.071         	990         	991        	111            	187             	102.845     	0.284	101.538	105.55 	103.345	0.774034
12         	112.857         	988         	989        	114            	184             	102.689     	0.280	101.475	105.777	103.248	0.808031
14         	112.778         	986         	987        	116            	181             	102.605     	0.276	101.18 	105.75 	103.124	0.850442
18         	112.431         	982         	983        	121            	175             	102.315     	0.269	101.11 	105.578	102.788	0.969073
19         	112.375         	981         	982        	122            	173             	102.307     	0.267	101.01 	105.61 	102.719	0.986633
20         	112.267         	980         	981        	123            	172             	102.234     	0.266	100.755	105.537	102.644	1.00685 
21         	111.976         	979         	980        	125            	170             	102.019     	0.264	100.607	105.487	102.521	1.05265 
26         	111.808         	974         	975        	131            	163             	101.856     	0.255	100.51 	105.92 	102.247	1.18373 
27         	111.746         	973         	974        	132            	161             	101.881     	0.253	100.472	105.61 	102.23 	1.19909 
28         	111.67          	972         	973        	133            	160             	101.765     	0.251	100.46 	105.773	102.168	1.20034 
30         	111.654         	970         	971        	135            	157             	101.733     	0.248	100.25 	105.742	102.115	1.24187 
32         	111.414         	968         	969        	138            	154             	101.541     	0.244	100.082	105.38 	101.989	1.27057 
33         	111.211         	967         	968        	139            	152             	101.367     	0.242	100.005	106.032	101.939	1.30299 
34         	111.197         	966         	967        	140            	151             	101.455     	0.240	99.99  	105.978	101.902	1.29294 
38         	111.12          	962         	963        	145            	145             	101.273     	0.233	99.9175	105.647	101.749	1.37731 
39         	111.057         	961         	962        	146            	143             	101.244     	0.231	99.755 	105.597	101.726	1.3874  
40         	110.871         	960         	961        	147            	142             	101.097     	0.229	99.535 	105.49 	101.619	1.39676 
45         	110.615         	955         	956        	153            	135             	100.849     	0.220	99.4975	105.805	101.467	1.47991 
47         	110.575         	953         	954        	155            	132             	100.8       	0.216	99.4275	105.542	101.366	1.51918 
51         	110.532         	949         	950        	160            	126             	100.767     	0.209	99.285 	105.53 	101.237	1.52448 
55         	110.32          	945         	946        	164            	120             	100.508     	0.202	99.2575	105.33 	101    	1.57558 
57         	110.326         	943         	944        	167            	117             	100.529     	0.198	99.2025	105.305	101.018	1.60434 
59         	110.277         	941         	942        	169            	114             	100.483     	0.194	99.1525	106.045	100.993	1.61503 
60         	110.251         	940         	941        	170            	113             	100.483     	0.192	99.0425	105.502	100.962	1.61452 
64         	110.09          	936         	937        	174            	107             	100.278     	0.185	98.9825	105.338	100.739	1.59029 
65         	109.984         	935         	936        	176            	106             	100.149     	0.183	98.8825	105.445	100.661	1.62043 
68         	109.863         	932         	933        	179            	102             	100.016     	0.178	98.8425	105.588	100.56 	1.63528 
70         	109.839         	930         	931        	181            	99              	99.9924     	0.174	98.81  	105.603	100.535	1.65134 
71         	109.821         	929         	930        	182            	97              	99.9818     	0.172	98.775 	105.522	100.522	1.664   
74         	109.758         	926         	927        	185            	93              	99.8775     	0.166	98.665 	105.385	100.416	1.67196 
75         	109.636         	925         	926        	187            	92              	99.7739     	0.165	98.54  	105.405	100.291	1.66581 
76         	109.5           	924         	925        	188            	90              	99.6591     	0.163	98.525 	105.425	100.233	1.65978 
80         	109.488         	920         	921        	192            	85              	99.6039     	0.155	98.4575	105.237	100.171	1.69897 
82         	109.423         	918         	919        	194            	82              	99.5348     	0.151	98.3975	105.515	100.096	1.70154 
83         	109.353         	917         	918        	195            	81              	99.4653     	0.150	98.37  	105.36 	99.9956	1.66857 
84         	109.306         	916         	917        	196            	79              	99.4054     	0.148	98.3275	105.435	99.969 	1.69557 
89         	109.3           	911         	912        	202            	73              	99.3577     	0.138	98.2925	105.145	99.8162	1.67622 
91         	109.266         	909         	910        	204            	70              	99.3063     	0.135	98.28  	105.977	99.8155	1.70296 
92         	109.273         	908         	909        	205            	69              	99.3072     	0.133	98.1225	105.485	99.8475	1.75368 
94         	109.026         	906         	907        	207            	66              	99.0538     	0.129	98.0725	105.607	99.6441	1.7213  
96         	108.999         	904         	905        	209            	63              	99.0164     	0.125	98.03  	105.35 	99.5459	1.65755 
98         	108.911         	902         	903        	211            	60              	98.9047     	0.121	98.02  	105.35 	99.45  	1.67246 
99         	108.916         	901         	902        	212            	59              	98.8999     	0.120	98.01  	105.085	99.4967	1.69216 
101        	108.927         	899         	900        	214            	57              	98.8879     	0.116	97.9575	105.515	99.4148	1.70805 
105        	108.891         	895         	896        	218            	51              	98.8078     	0.108	97.9025	105.567	99.2892	1.67791 
107        	108.795         	893         	894        	220            	49              	98.6955     	0.105	97.8975	105.392	99.1188	1.61461 
108        	108.784         	892         	893        	221            	47              	98.6716     	0.103	97.8225	105.442	99.0887	1.6355  
End Time (hh:mm:ss.ms) 2023-07-17 05:55:15.772606
Total Time (hh:mm:ss.ms) 0:00:24.686999
Individuo: [[43, 30, 36, 44, 9, 14, 34, 25, 35, 27, 20, 24, 4, 12, 37, 2, 50, 0, 16, 3, 38, 5, 39, 11, 48, 1, 7, 52, 29, 40, 26, 46, 23, 8, 51, 18, 21, 42, 49, 28, 10, 53, 33, 45, 32, 6, 17, 31, 22, 13, 19, 41, 15, 47], [0, 0, 1, 0, 1, 1, 1, 0, 0, 1, 0, 1, 1, 0, 1, 1, 0, 0, 0, 0, 1, 0, 0, 0, 1, 1, 0, 0, 1, 0, 1, 1, 0, 1, 0, 0, 0, 0, 1, 1, 1, 1, 1, 0, 0, 1, 1, 1, 0, 1, 1, 0, 1, 0]]
Fitness:  97.82249999999998
Gens:  [0, 1, 2, 3, 4, 5, 6, 7, 8, 9, 10, 11, 12, 13, 14, 15, 16, 17, 18, 19, 20, 21, 22, 23, 24, 25, 26, 27, 28, 29, 30, 31, 32, 33, 34, 35, 36, 37, 38, 39, 40, 41, 42, 43, 44, 45, 46, 47, 48, 49, 50, 51, 52, 53, 54, 55, 56, 57, 58, 59, 60, 61, 62, 63, 64, 65, 66, 67, 68, 69, 70, 71, 72, 73, 74, 75, 76, 77, 78, 79, 80, 81, 82, 83, 84, 85, 86, 87, 88, 89, 90, 91, 92, 93, 94, 95, 96, 97, 98, 99, 100, 101, 102, 103, 104, 105, 106, 107, 108, 109]
Inds:  [102.63750000000002, 102.40749999999997, 102.18249999999999, 102.18249999999999, 102.18249999999999, 102.18249999999999, 102.11, 101.99999999999994, 101.77749999999999, 101.7275, 101.53750000000001, 101.53750000000001, 101.47499999999995, 101.47499999999995, 101.18, 101.18, 101.18, 101.18, 101.10999999999996, 101.00999999999995, 100.75499999999994, 100.60749999999999, 100.60749999999999, 100.60749999999999, 100.60749999999999, 100.60749999999999, 100.50999999999999, 100.47249999999998, 100.45999999999995, 100.45999999999995, 100.25, 100.25, 100.08249999999998, 100.005, 99.98999999999998, 99.98999999999998, 99.98999999999998, 99.98999999999998, 99.91749999999999, 99.75500000000001, 99.53499999999995, 99.53499999999995, 99.53499999999995, 99.53499999999995, 99.53499999999995, 99.49749999999999, 99.49749999999999, 99.42749999999998, 99.42749999999998, 99.42749999999998, 99.42749999999998, 99.285, 99.285, 99.285, 99.285, 99.25750000000001, 99.25750000000001, 99.20249999999997, 99.20249999999997, 99.15249999999997, 99.04249999999995, 99.04249999999995, 99.04249999999995, 99.04249999999995, 98.9825, 98.8825, 98.8825, 98.8825, 98.84249999999999, 98.84249999999999, 98.80999999999997, 98.77499999999998, 98.77499999999998, 98.77499999999998, 98.66499999999996, 98.53999999999999, 98.52499999999999, 98.52499999999999, 98.52499999999999, 98.52499999999999, 98.45749999999997, 98.45749999999997, 98.3975, 98.36999999999996, 98.3275, 98.3275, 98.3275, 98.3275, 98.3275, 98.29249999999992, 98.29249999999992, 98.27999999999994, 98.12249999999997, 98.12249999999997, 98.07249999999998, 98.07249999999998, 98.02999999999996, 98.02999999999996, 98.01999999999997, 98.00999999999995, 98.00999999999995, 97.95749999999997, 97.95749999999997, 97.95749999999997, 97.95749999999997, 97.90249999999995, 97.90249999999995, 97.89749999999995, 97.82249999999998, 97.82249999999998]

Execution 3:
Parametros: Y=0.999
Start Time (hh:mm:ss.ms) 2023-07-17 05:55:16.761640
generations	MaxGenenerations	Populationk1	Populationk	PopulationElite	PopulationMutant	fitnessElite	alpha	min   	max    	avg    	std     
0          	0               	0           	0          	0              	0               	0           	0    	102.77	105.682	104.368	0.492218
1          	114.232         	999         	1000       	100            	200             	103.644     	0.3  	102.44	105.545	104.006	0.499505
2          	113.849         	998         	999        	102            	199             	103.366     	0.298	102.387	105.74 	103.887	0.563384
3          	113.813         	997         	998        	103            	197             	103.381     	0.296	102.34 	105.455	103.788	0.588186
5          	113.722         	995         	996        	105            	194             	103.236     	0.292	102.27 	105.497	103.616	0.639583
6          	113.655         	994         	995        	106            	193             	103.21      	0.291	101.605	105.505	103.587	0.684521
10         	112.947         	990         	991        	111            	187             	102.79      	0.284	101.39 	105.653	103.299	0.752068
13         	112.684         	987         	988        	115            	182             	102.553     	0.278	101.377	105.445	103.031	0.875803
14         	112.657         	986         	987        	116            	181             	102.504     	0.276	101.355	105.842	102.907	0.908156
15         	112.677         	985         	986        	117            	179             	102.59      	0.275	101.21 	105.532	102.878	0.918187
16         	112.481         	984         	985        	119            	178             	102.391     	0.273	101.125	105.605	102.786	0.955599
17         	112.395         	983         	984        	120            	176             	102.341     	0.271	100.968	105.823	102.733	0.994026
19         	112.25          	981         	982        	122            	173             	102.284     	0.267	100.945	105.427	102.635	1.02253 
21         	112.189         	979         	980        	125            	170             	102.165     	0.264	100.65 	105.67 	102.528	1.07995 
22         	111.874         	978         	979        	126            	169             	101.968     	0.262	100.545	105.528	102.458	1.12018 
24         	111.732         	976         	977        	128            	166             	101.813     	0.258	100.42 	105.395	102.37 	1.14554 
25         	111.588         	975         	976        	129            	164             	101.698     	0.256	100.42 	105.91 	102.268	1.18602 
29         	111.617         	971         	972        	134            	158             	101.728     	0.249	100.183	105.935	102.149	1.23921 
32         	111.325         	968         	969        	138            	154             	101.459     	0.244	100.08 	105.573	101.998	1.28944 
37         	111.264         	963         	964        	144            	146             	101.445     	0.235	99.945 	105.512	101.861	1.35229 
38         	111.073         	962         	963        	145            	145             	101.244     	0.233	99.9175	105.743	101.778	1.33298 
40         	111.033         	960         	961        	147            	142             	101.184     	0.229	99.895 	105.957	101.703	1.35194 
41         	111.067         	959         	960        	148            	140             	101.277     	0.227	99.7275	105.465	101.701	1.37648 
43         	110.857         	957         	958        	151            	138             	101.076     	0.224	99.37  	105.565	101.608	1.40592 
53         	110.432         	947         	948        	162            	123             	100.631     	0.205	99.325 	105.568	101.166	1.55703 
55         	110.368         	945         	946        	164            	120             	100.546     	0.202	99.23  	105.585	101.025	1.57375 
56         	110.286         	944         	945        	166            	119             	100.503     	0.200	99.225 	105.712	101.087	1.5823  
58         	110.282         	942         	943        	168            	116             	100.479     	0.196	99.2175	105.3  	100.962	1.57385 
59         	110.241         	941         	942        	169            	114             	100.402     	0.194	99.0825	105.28 	100.824	1.59299 
60         	110.089         	940         	941        	170            	113             	100.277     	0.192	99.0575	105.52 	100.867	1.67141 
61         	110.087         	939         	940        	171            	112             	100.292     	0.190	98.965 	105.565	100.923	1.616   
63         	109.981         	937         	938        	173            	109             	100.186     	0.187	98.915 	105.377	100.678	1.64288 
64         	109.913         	936         	937        	175            	107             	100.113     	0.185	98.79  	105.337	100.735	1.66985 
66         	109.766         	934         	935        	177            	104             	99.9725     	0.181	98.7575	105.26 	100.591	1.65462 
67         	109.725         	933         	934        	178            	103             	99.926      	0.179	98.675 	105.487	100.55 	1.65736 
72         	109.631         	928         	929        	183            	96              	99.7937     	0.170	98.65  	105.502	100.389	1.67634 
74         	109.628         	926         	927        	186            	93              	99.7865     	0.166	98.6425	105.48 	100.261	1.71395 
75         	109.622         	925         	926        	187            	92              	99.7706     	0.164	98.5025	105.278	100.351	1.69861 
82         	109.495         	918         	919        	194            	82              	99.6033     	0.152	98.5025	105.135	100.029	1.69295 
83         	109.428         	917         	918        	195            	81              	99.4982     	0.150	98.485 	105.443	100.038	1.73142 
85         	109.458         	915         	916        	197            	78              	99.5253     	0.146	98.4275	105.102	99.9675	1.69827 
86         	109.341         	914         	915        	198            	77              	99.3922     	0.144	98.3775	105.5  	99.9207	1.72521 
88         	109.304         	912         	913        	201            	74              	99.3477     	0.140	98.3375	105.672	99.8351	1.69607 
89         	109.304         	911         	912        	202            	73              	99.3569     	0.138	98.2875	105.572	99.8244	1.71887 
93         	109.228         	907         	908        	206            	67              	99.2343     	0.131	98.275 	105.282	99.7152	1.72515 
94         	109.192         	906         	907        	207            	66              	99.1836     	0.129	98.2525	105.473	99.6194	1.68028 
95         	109.187         	905         	906        	208            	65              	99.1754     	0.127	98.1825	105.61 	99.6326	1.69815 
97         	109.068         	903         	904        	210            	62              	99.0391     	0.123	98.0175	105.655	99.499 	1.67924 
101        	108.932         	899         	900        	214            	57              	98.8914     	0.116	98.0125	105.375	99.3661	1.66048 
104        	108.932         	896         	897        	217            	53              	98.8514     	0.110	97.895 	105.612	99.2564	1.64883 
107        	108.783         	893         	894        	220            	49              	98.685      	0.105	97.88  	105.935	99.1786	1.66377 
108        	108.824         	892         	893        	221            	47              	98.7125     	0.103	97.8175	105.452	99.1612	1.64268 
End Time (hh:mm:ss.ms) 2023-07-17 05:55:41.325605
Total Time (hh:mm:ss.ms) 0:00:24.563965
Individuo: [[43, 12, 9, 28, 49, 40, 42, 18, 33, 20, 29, 52, 5, 48, 21, 10, 22, 30, 36, 19, 13, 51, 46, 26, 25, 27, 14, 2, 50, 45, 0, 24, 4, 6, 32, 7, 1, 16, 53, 41, 23, 8, 44, 37, 17, 31, 38, 11, 39, 3, 34, 35, 15, 47], [1, 1, 1, 0, 0, 1, 1, 1, 1, 0, 1, 1, 1, 1, 1, 0, 0, 1, 0, 1, 0, 0, 0, 0, 1, 1, 0, 1, 0, 1, 1, 1, 1, 0, 1, 1, 1, 1, 1, 0, 0, 0, 1, 1, 1, 1, 1, 1, 1, 1, 1, 1, 1, 0]]
Fitness:  97.81750000000001
Gens:  [0, 1, 2, 3, 4, 5, 6, 7, 8, 9, 10, 11, 12, 13, 14, 15, 16, 17, 18, 19, 20, 21, 22, 23, 24, 25, 26, 27, 28, 29, 30, 31, 32, 33, 34, 35, 36, 37, 38, 39, 40, 41, 42, 43, 44, 45, 46, 47, 48, 49, 50, 51, 52, 53, 54, 55, 56, 57, 58, 59, 60, 61, 62, 63, 64, 65, 66, 67, 68, 69, 70, 71, 72, 73, 74, 75, 76, 77, 78, 79, 80, 81, 82, 83, 84, 85, 86, 87, 88, 89, 90, 91, 92, 93, 94, 95, 96, 97, 98, 99, 100, 101, 102, 103, 104, 105, 106, 107, 108, 109]
Inds:  [102.77, 102.43999999999998, 102.38749999999997, 102.34000000000002, 102.34000000000002, 102.26999999999998, 101.60499999999999, 101.60499999999999, 101.60499999999999, 101.60499999999999, 101.38999999999997, 101.38999999999997, 101.38999999999997, 101.37749999999997, 101.35499999999998, 101.21, 101.12499999999996, 100.9675, 100.9675, 100.94499999999998, 100.94499999999998, 100.65000000000002, 100.54500000000003, 100.54500000000003, 100.42000000000003, 100.42, 100.42, 100.42, 100.42, 100.1825, 100.1825, 100.1825, 100.08000000000001, 100.08000000000001, 100.08000000000001, 100.08000000000001, 100.08000000000001, 99.94500000000001, 99.91749999999999, 99.91749999999999, 99.89499999999997, 99.72749999999998, 99.72749999999998, 99.36999999999998, 99.36999999999998, 99.36999999999998, 99.36999999999998, 99.36999999999998, 99.36999999999998, 99.36999999999998, 99.36999999999998, 99.36999999999998, 99.36999999999998, 99.32499999999997, 99.32499999999997, 99.22999999999999, 99.225, 99.225, 99.21750000000002, 99.08250000000001, 99.05750000000002, 98.96500000000002, 98.96500000000002, 98.91500000000005, 98.78999999999999, 98.78999999999999, 98.75749999999998, 98.67499999999997, 98.67499999999997, 98.67499999999997, 98.67499999999997, 98.67499999999997, 98.64999999999999, 98.64999999999999, 98.6425, 98.5025, 98.5025, 98.5025, 98.5025, 98.5025, 98.5025, 98.5025, 98.50249999999998, 98.48499999999996, 98.48499999999996, 98.42749999999995, 98.37749999999998, 98.37749999999998, 98.33749999999999, 98.2875, 98.2875, 98.2875, 98.2875, 98.27500000000002, 98.25249999999998, 98.18249999999996, 98.18249999999996, 98.01749999999998, 98.01749999999998, 98.01749999999998, 98.01749999999998, 98.01249999999996, 98.01249999999996, 98.01249999999996, 97.895, 97.895, 97.895, 97.87999999999998, 97.81750000000001, 97.81750000000001]

Execution 4:
Parametros: Y=0.999
Start Time (hh:mm:ss.ms) 2023-07-17 05:55:42.257608
generations	MaxGenenerations	Populationk1	Populationk	PopulationElite	PopulationMutant	fitnessElite	alpha	min    	max    	avg    	std    
0          	0               	0           	0          	0              	0               	0           	0    	102.975	105.722	104.387	0.48399
1          	114.464         	999         	1000       	100            	200             	103.799     	0.3  	102.552	105.43 	104.039	0.510664
2          	113.961         	998         	999        	102            	199             	103.411     	0.298	102.44 	105.63 	103.879	0.5237  
4          	113.856         	996         	997        	104            	196             	103.373     	0.294	102.108	105.81 	103.748	0.603337
6          	113.504         	994         	995        	106            	193             	103.17      	0.291	101.983	105.63 	103.628	0.679774
7          	113.35          	993         	994        	108            	191             	103.038     	0.289	101.978	105.54 	103.575	0.698659
9          	113.326         	991         	992        	110            	188             	102.974     	0.285	101.905	105.462	103.492	0.728156
10         	113.245         	990         	991        	111            	187             	102.916     	0.284	101.795	105.485	103.42 	0.749692
11         	113.126         	989         	990        	113            	185             	102.837     	0.282	101.717	105.708	103.352	0.743516
15         	113.053         	985         	986        	117            	179             	102.788     	0.275	101.372	105.687	103.219	0.84638 
16         	112.679         	984         	985        	119            	178             	102.552     	0.273	101.248	105.635	103.137	0.828172
20         	112.51          	980         	981        	123            	172             	102.358     	0.266	101.213	105.565	103.011	0.902411
21         	112.487         	979         	980        	125            	170             	102.363     	0.264	101.19 	105.61 	102.928	0.892198
23         	112.444         	977         	978        	127            	167             	102.29      	0.260	100.853	105.6  	102.789	0.95134 
28         	112.111         	972         	973        	133            	160             	102.093     	0.251	100.607	105.547	102.437	1.11486 
29         	111.813         	971         	972        	134            	158             	101.842     	0.249	100.35 	105.622	102.304	1.13314 
31         	111.529         	969         	970        	136            	155             	101.635     	0.246	100.298	105.652	102.115	1.21026 
32         	111.48          	968         	969        	138            	154             	101.606     	0.244	100.272	105.377	102.039	1.23925 
33         	111.422         	967         	968        	139            	152             	101.511     	0.242	100.03 	105.447	101.927	1.25808 
36         	111.178         	964         	965        	142            	148             	101.353     	0.237	100.01 	105.477	101.865	1.33935 
37         	111.141         	963         	964        	144            	146             	101.296     	0.235	99.9375	105.77 	101.77 	1.34896 
38         	111.093         	962         	963        	145            	145             	101.299     	0.233	99.935 	105.447	101.712	1.36622 
39         	111.054         	961         	962        	146            	143             	101.212     	0.231	99.7625	105.623	101.692	1.40264 
41         	110.858         	959         	960        	148            	140             	101.049     	0.227	99.53  	105.833	101.593	1.40808 
47         	110.601         	953         	954        	155            	132             	100.807     	0.216	99.3925	105.735	101.308	1.51817 
49         	110.475         	951         	952        	158            	129             	100.729     	0.213	99.1025	105.485	101.212	1.52308 
52         	110.134         	948         	949        	161            	124             	100.428     	0.207	99.0275	105.6  	100.997	1.5775  
54         	110.04          	946         	947        	163            	121             	100.325     	0.203	98.955 	105.725	100.935	1.59202 
56         	109.98          	944         	945        	166            	118             	100.281     	0.199	98.575 	105.605	100.882	1.63339 
64         	109.553         	936         	937        	175            	107             	99.8639     	0.184	98.33  	105.743	100.456	1.75272 
71         	109.254         	929         	930        	183            	97              	99.5261     	0.171	98.265 	105.843	100.104	1.79704 
73         	109.222         	927         	928        	185            	94              	99.5081     	0.168	98.18  	105.637	100.073	1.81018 
76         	109.101         	924         	925        	188            	90              	99.3562     	0.162	98.165 	105.412	99.9129	1.79093 
77         	109.084         	923         	924        	189            	89              	99.3294     	0.160	98.1625	105.707	99.9175	1.77847 
80         	109.093         	920         	921        	192            	85              	99.3049     	0.155	98.1025	105.733	99.7944	1.80745 
82         	109.014         	918         	919        	195            	82              	99.2096     	0.151	98.1   	105.718	99.6994	1.78641 
83         	109.045         	917         	918        	196            	80              	99.2396     	0.149	98.0375	105.435	99.7664	1.85001 
84         	108.944         	916         	917        	197            	79              	99.1296     	0.147	98     	105.535	99.7128	1.82819 
86         	108.901         	914         	915        	199            	76              	99.0677     	0.143	97.9875	105.545	99.5938	1.82747 
87         	108.901         	913         	914        	200            	75              	99.0611     	0.142	97.9225	105.375	99.5137	1.76756 
88         	108.81          	912         	913        	201            	74              	98.9665     	0.140	97.9175	105.47 	99.5128	1.83889 
89         	108.815         	911         	912        	202            	72              	98.9617     	0.138	97.8475	105.617	99.5883	1.84036 
91         	108.747         	909         	910        	204            	69              	98.8853     	0.134	97.8325	105.358	99.4266	1.79739 
93         	108.782         	907         	908        	206            	67              	98.9065     	0.130	97.7725	105.475	99.3311	1.76947 
97         	108.641         	903         	904        	210            	61              	98.7069     	0.123	97.7725	105.515	99.2258	1.73281 
98         	108.659         	902         	903        	211            	60              	98.7129     	0.121	97.7525	105.525	99.0982	1.7224  
99         	108.637         	901         	902        	213            	59              	98.682      	0.119	97.7   	105.265	99.0926	1.76825 
101        	108.554         	899         	900        	215            	56              	98.5795     	0.115	97.68  	105.287	98.9689	1.74663 
102        	108.531         	898         	899        	216            	55              	98.5463     	0.113	97.6675	105.37 	99.0186	1.76128 
103        	108.526         	897         	898        	217            	53              	98.5304     	0.112	97.6475	105.595	98.9393	1.71296 
104        	108.528         	896         	897        	218            	52              	98.5232     	0.110	97.62  	105.502	98.9149	1.73271 
105        	108.488         	895         	896        	219            	51              	98.4735     	0.108	97.545 	105.05 	98.9287	1.74238 
107        	108.44          	893         	894        	221            	48              	98.4105     	0.104	97.5175	105.387	98.8703	1.70357 
End Time (hh:mm:ss.ms) 2023-07-17 05:56:06.952608
Total Time (hh:mm:ss.ms) 0:00:24.695000
Individuo: [[43, 24, 17, 4, 44, 31, 25, 8, 46, 14, 38, 11, 52, 50, 20, 29, 32, 7, 21, 40, 18, 42, 51, 13, 19, 23, 26, 41, 35, 2, 37, 6, 0, 27, 16, 3, 39, 48, 1, 9, 22, 10, 49, 28, 5, 33, 53, 45, 34, 12, 47, 36, 15, 30], [1, 0, 1, 1, 1, 1, 0, 1, 1, 0, 1, 1, 1, 1, 0, 1, 0, 1, 1, 0, 0, 1, 1, 1, 1, 1, 0, 0, 0, 1, 0, 1, 0, 0, 0, 0, 0, 1, 1, 0, 1, 1, 1, 1, 1, 0, 1, 1, 1, 0, 1, 0, 0, 1]]
Fitness:  97.5175
Gens:  [0, 1, 2, 3, 4, 5, 6, 7, 8, 9, 10, 11, 12, 13, 14, 15, 16, 17, 18, 19, 20, 21, 22, 23, 24, 25, 26, 27, 28, 29, 30, 31, 32, 33, 34, 35, 36, 37, 38, 39, 40, 41, 42, 43, 44, 45, 46, 47, 48, 49, 50, 51, 52, 53, 54, 55, 56, 57, 58, 59, 60, 61, 62, 63, 64, 65, 66, 67, 68, 69, 70, 71, 72, 73, 74, 75, 76, 77, 78, 79, 80, 81, 82, 83, 84, 85, 86, 87, 88, 89, 90, 91, 92, 93, 94, 95, 96, 97, 98, 99, 100, 101, 102, 103, 104, 105, 106, 107, 108, 109]
Inds:  [102.975, 102.55249999999998, 102.44, 102.44, 102.10750000000002, 102.10750000000002, 101.98250000000003, 101.9775, 101.9775, 101.90499999999996, 101.795, 101.71749999999997, 101.71749999999997, 101.71749999999997, 101.71749999999997, 101.37249999999999, 101.2475, 101.2475, 101.2475, 101.2475, 101.21250000000002, 101.19000000000001, 101.19000000000001, 100.85250000000002, 100.85250000000002, 100.85250000000002, 100.85250000000002, 100.85250000000002, 100.60749999999999, 100.34999999999998, 100.34999999999998, 100.29750000000003, 100.2725, 100.03000000000002, 100.03000000000002, 100.03000000000002, 100.01000000000002, 99.93749999999999, 99.935, 99.7625, 99.7625, 99.53, 99.53, 99.53, 99.53, 99.53, 99.53, 99.3925, 99.3925, 99.10249999999996, 99.10249999999996, 99.10249999999996, 99.02749999999997, 99.02749999999997, 98.95499999999998, 98.95499999999998, 98.57499999999999, 98.57499999999999, 98.57499999999999, 98.57499999999999, 98.57499999999999, 98.57499999999999, 98.57499999999999, 98.57499999999999, 98.33, 98.33, 98.33, 98.33, 98.33, 98.33, 98.33, 98.265, 98.265, 98.18000000000002, 98.18000000000002, 98.18000000000002, 98.165, 98.1625, 98.1625, 98.1625, 98.10249999999999, 98.10249999999999, 98.1, 98.03749999999997, 97.99999999999999, 97.99999999999999, 97.98750000000001, 97.9225, 97.91749999999998, 97.84749999999998, 97.84749999999998, 97.8325, 97.8325, 97.77250000000001, 97.77250000000001, 97.77250000000001, 97.77250000000001, 97.7725, 97.75249999999998, 97.7, 97.7, 97.67999999999999, 97.66749999999998, 97.64749999999998, 97.61999999999999, 97.54499999999997, 97.54499999999997, 97.5175, 97.5175, 97.5175]

Execution 5:
Parametros: Y=0.999
Start Time (hh:mm:ss.ms) 2023-07-17 05:56:07.875608
generations	MaxGenenerations	Populationk1	Populationk	PopulationElite	PopulationMutant	fitnessElite	alpha	min    	max    	avg    	std     
0          	0               	0           	0          	0              	0               	0           	0    	102.763	105.733	104.381	0.480522
1          	114.229         	999         	1000       	100            	200             	103.654     	0.3  	102.41 	105.715	104.005	0.507573
3          	113.843         	997         	998        	103            	197             	103.41      	0.296	102.305	105.89 	103.801	0.58645 
5          	113.742         	995         	996        	105            	194             	103.364     	0.292	102.05 	105.635	103.661	0.644167
6          	113.426         	994         	995        	106            	193             	103.094     	0.291	101.907	105.59 	103.624	0.674604
10         	113.275         	990         	991        	111            	187             	102.984     	0.284	101.342	105.595	103.353	0.756295
14         	112.602         	986         	987        	116            	181             	102.438     	0.276	101.255	105.393	102.917	0.879536
16         	112.548         	984         	985        	119            	178             	102.465     	0.273	101.062	105.36 	102.776	0.980974
17         	112.298         	983         	984        	120            	176             	102.229     	0.271	100.91 	105.782	102.635	1.01743 
19         	112.159         	981         	982        	122            	173             	102.175     	0.267	100.797	105.903	102.541	1.07951 
20         	112.064         	980         	981        	123            	172             	102.156     	0.266	100.56 	105.687	102.451	1.0696  
23         	111.759         	977         	978        	127            	167             	101.858     	0.260	100.327	105.67 	102.277	1.19531 
25         	111.507         	975         	976        	129            	164             	101.682     	0.256	100.2  	105.532	102.113	1.19944 
26         	111.358         	974         	975        	131            	163             	101.56      	0.255	100.05 	105.382	102.003	1.25755 
28         	111.188         	972         	973        	133            	159             	101.42      	0.251	99.8625	105.665	101.939	1.30151 
30         	110.99          	970         	971        	136            	156             	101.283     	0.247	99.8   	105.925	101.824	1.3841  
33         	110.909         	967         	968        	139            	152             	101.179     	0.242	99.7425	105.425	101.623	1.41417 
34         	110.838         	966         	967        	140            	151             	101.109     	0.240	99.7375	105.46 	101.575	1.47593 
35         	110.836         	965         	966        	141            	149             	101.103     	0.238	99.73  	105.707	101.539	1.47031 
36         	110.855         	964         	965        	143            	148             	101.146     	0.236	99.51  	105.55 	101.503	1.50176 
37         	110.593         	963         	964        	144            	146             	100.929     	0.234	99.505 	105.627	101.438	1.50383 
38         	110.596         	962         	963        	145            	145             	100.932     	0.233	99.4475	105.532	101.418	1.51104 
40         	110.49          	960         	961        	147            	142             	100.777     	0.229	99.2275	105.7  	101.282	1.55986 
44         	110.255         	956         	957        	152            	136             	100.582     	0.221	99.15  	105.585	101.119	1.62042 
45         	110.197         	955         	956        	153            	134             	100.567     	0.220	99.15  	105.42 	101.079	1.61561 
46         	110.179         	954         	955        	154            	133             	100.519     	0.218	98.98  	105.617	101.044	1.64016 
50         	110.048         	950         	951        	159            	127             	100.449     	0.210	98.95  	105.82 	100.948	1.67662 
51         	110.001         	949         	950        	160            	126             	100.386     	0.209	98.8575	105.502	100.796	1.64854 
52         	109.863         	948         	949        	161            	124             	100.234     	0.207	98.725 	105.47 	100.762	1.69853 
55         	109.713         	945         	946        	165            	120             	100.086     	0.201	98.5975	105.2  	100.699	1.7064  
63         	109.556         	937         	938        	174            	108             	99.8562     	0.186	98.4375	105.355	100.405	1.7657  
69         	109.404         	931         	932        	180            	100             	99.6915     	0.175	98.42  	105.392	100.228	1.7749  
70         	109.365         	930         	931        	182            	98              	99.6319     	0.173	98.4075	105.38 	100.122	1.7367  
71         	109.35          	929         	930        	183            	97              	99.6066     	0.171	98.3225	106.015	100.132	1.79823 
72         	109.325         	928         	929        	184            	96              	99.6311     	0.170	98.3025	105.947	100.111	1.78432 
76         	109.241         	924         	925        	188            	90              	99.4657     	0.162	98.2775	105.47 	99.9405	1.75299 
78         	109.232         	922         	923        	190            	87              	99.4463     	0.159	98.2575	105.367	99.9125	1.76612 
79         	109.182         	921         	922        	191            	86              	99.3746     	0.157	98.21  	105.825	99.8638	1.7789  
80         	109.179         	920         	921        	192            	85              	99.3925     	0.155	98.165 	105.667	99.8222	1.72858 
81         	109.111         	919         	920        	193            	83              	99.3156     	0.153	98.1475	105.647	99.7384	1.76512 
83         	109.1           	917         	918        	196            	81              	99.2839     	0.149	98.1425	105.568	99.793 	1.79207 
84         	109.076         	916         	917        	197            	79              	99.24       	0.147	98.1225	105.605	99.6692	1.75223 
85         	109.057         	915         	916        	198            	78              	99.2146     	0.145	98.045 	105.455	99.6142	1.77129 
87         	108.943         	913         	914        	200            	75              	99.0832     	0.142	97.95  	105.36 	99.5893	1.75464 
89         	108.853         	911         	912        	202            	72              	98.9929     	0.138	97.9475	105.233	99.4938	1.74059 
90         	108.822         	910         	911        	203            	71              	98.9414     	0.136	97.9125	105.598	99.41  	1.7356  
93         	108.788         	907         	908        	206            	67              	98.876      	0.130	97.875 	105.52 	99.3491	1.73873 
94         	108.773         	906         	907        	207            	66              	98.8612     	0.129	97.845 	105.365	99.2703	1.7228  
98         	108.724         	902         	903        	211            	60              	98.7604     	0.121	97.73  	105.435	99.1205	1.70704 
99         	108.603         	901         	902        	213            	59              	98.6509     	0.119	97.715 	105.182	99.0769	1.70007 
105        	108.593         	895         	896        	219            	51              	98.5596     	0.108	97.66  	105.39 	98.9868	1.67501 
106        	108.52          	894         	895        	220            	50              	98.4831     	0.106	97.6375	105.185	98.9225	1.67604 
108        	108.503         	892         	893        	222            	47              	98.4417     	0.102	97.6125	105.517	98.8411	1.66172 
End Time (hh:mm:ss.ms) 2023-07-17 05:56:32.368614
Total Time (hh:mm:ss.ms) 0:00:24.493006
Individuo: [[43, 30, 25, 26, 41, 8, 46, 13, 19, 23, 35, 51, 21, 28, 10, 18, 40, 42, 16, 39, 11, 38, 5, 1, 3, 48, 52, 20, 29, 50, 33, 53, 7, 32, 45, 49, 9, 34, 12, 24, 31, 4, 17, 0, 27, 44, 22, 14, 6, 2, 37, 36, 15, 47], [1, 0, 0, 0, 1, 1, 1, 1, 1, 1, 1, 0, 0, 0, 1, 1, 1, 1, 0, 0, 0, 0, 0, 0, 0, 0, 1, 0, 0, 0, 0, 0, 0, 0, 1, 1, 0, 0, 0, 0, 0, 0, 0, 0, 0, 1, 1, 1, 1, 1, 0, 0, 1, 0]]
Fitness:  97.61249999999997
Gens:  [0, 1, 2, 3, 4, 5, 6, 7, 8, 9, 10, 11, 12, 13, 14, 15, 16, 17, 18, 19, 20, 21, 22, 23, 24, 25, 26, 27, 28, 29, 30, 31, 32, 33, 34, 35, 36, 37, 38, 39, 40, 41, 42, 43, 44, 45, 46, 47, 48, 49, 50, 51, 52, 53, 54, 55, 56, 57, 58, 59, 60, 61, 62, 63, 64, 65, 66, 67, 68, 69, 70, 71, 72, 73, 74, 75, 76, 77, 78, 79, 80, 81, 82, 83, 84, 85, 86, 87, 88, 89, 90, 91, 92, 93, 94, 95, 96, 97, 98, 99, 100, 101, 102, 103, 104, 105, 106, 107, 108, 109]
Inds:  [102.7625, 102.41000000000003, 102.41000000000003, 102.30499999999999, 102.30499999999999, 102.04999999999995, 101.90749999999998, 101.90749999999998, 101.90749999999998, 101.90749999999998, 101.34249999999999, 101.34249999999999, 101.34249999999999, 101.34249999999999, 101.255, 101.255, 101.06249999999997, 100.90999999999998, 100.90999999999998, 100.79749999999997, 100.55999999999999, 100.55999999999999, 100.55999999999999, 100.32749999999999, 100.32749999999999, 100.19999999999997, 100.04999999999995, 100.04999999999995, 99.86249999999998, 99.86249999999998, 99.79999999999998, 99.79999999999998, 99.79999999999998, 99.74249999999998, 99.7375, 99.72999999999998, 99.50999999999998, 99.50499999999997, 99.44749999999999, 99.44749999999999, 99.22749999999996, 99.22749999999996, 99.22749999999996, 99.22749999999996, 99.14999999999999, 99.14999999999998, 98.97999999999999, 98.97999999999999, 98.97999999999999, 98.97999999999999, 98.94999999999997, 98.85749999999997, 98.72499999999998, 98.72499999999998, 98.72499999999998, 98.59749999999998, 98.59749999999998, 98.59749999999998, 98.59749999999998, 98.59749999999998, 98.59749999999998, 98.59749999999998, 98.59749999999998, 98.43749999999999, 98.43749999999999, 98.43749999999999, 98.43749999999999, 98.43749999999999, 98.43749999999999, 98.41999999999996, 98.40749999999998, 98.32249999999998, 98.30249999999997, 98.30249999999997, 98.30249999999997, 98.30249999999997, 98.27749999999996, 98.27749999999996, 98.2575, 98.20999999999997, 98.16499999999998, 98.14749999999995, 98.14749999999995, 98.14249999999997, 98.12249999999999, 98.04499999999996, 98.04499999999996, 97.94999999999997, 97.94999999999997, 97.94749999999999, 97.91249999999997, 97.91249999999997, 97.91249999999997, 97.875, 97.84499999999997, 97.84499999999997, 97.84499999999997, 97.84499999999997, 97.72999999999998, 97.71499999999999, 97.71499999999999, 97.71499999999999, 97.71499999999999, 97.71499999999999, 97.71499999999999, 97.65999999999997, 97.63749999999999, 97.63749999999999, 97.61249999999997, 97.61249999999997]

Execution 6:
Parametros: Y=0.999
Start Time (hh:mm:ss.ms) 2023-07-17 05:56:33.270605
generations	MaxGenenerations	Populationk1	Populationk	PopulationElite	PopulationMutant	fitnessElite	alpha	min   	max   	avg    	std     
0          	0               	0           	0          	0              	0               	0           	0    	102.96	105.84	104.368	0.473699
1          	114.461         	999         	1000       	100            	200             	103.824     	0.3  	102.572	105.457	104.06 	0.502433
2          	113.987         	998         	999        	102            	199             	103.433     	0.298	102.522	105.667	103.896	0.558932
3          	113.955         	997         	998        	103            	197             	103.455     	0.296	102.095	105.712	103.773	0.594269
5          	113.493         	995         	996        	105            	194             	103.175     	0.292	102.087	105.813	103.651	0.656187
6          	113.488         	994         	995        	106            	193             	103.172     	0.291	101.862	105.422	103.599	0.655952
7          	113.194         	993         	994        	108            	191             	102.893     	0.289	101.71 	105.597	103.556	0.684736
8          	113.044         	992         	993        	109            	190             	102.828     	0.287	101.625	105.625	103.526	0.7219  
16         	112.958         	984         	985        	119            	178             	102.733     	0.273	101.493	105.517	103.238	0.810942
17         	112.793         	983         	984        	120            	176             	102.586     	0.271	101.47 	105.292	103.179	0.813345
18         	112.743         	982         	983        	121            	175             	102.501     	0.269	101.34 	105.95 	103.126	0.843771
20         	112.626         	980         	981        	123            	172             	102.457     	0.266	101.105	105.535	103.07 	0.868232
23         	112.389         	977         	978        	127            	167             	102.317     	0.260	100.94 	105.413	102.897	0.911427
25         	112.191         	975         	976        	129            	164             	102.144     	0.257	100.887	105.37 	102.78 	0.952299
27         	112.129         	973         	974        	132            	161             	102.08      	0.253	100.72 	105.935	102.617	1.02655 
28         	111.981         	972         	973        	133            	160             	102.033     	0.251	100.7  	105.563	102.541	1.02783 
30         	111.957         	970         	971        	135            	157             	101.994     	0.248	100.633	105.668	102.452	1.10464 
31         	111.854         	969         	970        	136            	155             	101.873     	0.246	100.632	105.587	102.335	1.13424 
32         	111.845         	968         	969        	138            	154             	101.844     	0.244	100.345	105.72 	102.256	1.12879 
36         	111.533         	964         	965        	142            	148             	101.604     	0.237	100.33 	105.375	102.05 	1.21462 
37         	111.485         	963         	964        	143            	146             	101.518     	0.235	100.117	106.223	101.945	1.23702 
41         	111.25          	959         	960        	148            	141             	101.318     	0.228	99.77  	105.66 	101.759	1.31145 
46         	110.88          	954         	955        	154            	133             	101.03      	0.218	99.605 	105.52 	101.536	1.39979 
48         	110.738         	952         	953        	156            	130             	100.96      	0.215	99.52  	105.46 	101.433	1.40915 
53         	110.605         	947         	948        	162            	123             	100.764     	0.205	99.2025	105.307	101.21 	1.45267 
62         	110.27          	938         	939        	172            	110             	100.436     	0.189	99.15  	105.545	100.881	1.56468 
64         	110.174         	936         	937        	174            	107             	100.305     	0.185	99.01  	105.537	100.78 	1.54074 
65         	110.036         	935         	936        	176            	106             	100.209     	0.183	98.9925	105.65 	100.779	1.57224 
69         	110.032         	931         	932        	180            	100             	100.17      	0.176	98.9   	105.402	100.584	1.53287 
73         	109.964         	927         	928        	184            	95              	100.099     	0.169	98.8925	105.615	100.611	1.60489 
74         	109.914         	926         	927        	185            	93              	100.016     	0.167	98.815 	105.537	100.491	1.55877 
76         	109.837         	924         	925        	188            	91              	99.939      	0.163	98.6975	105.44 	100.395	1.5581  
79         	109.663         	921         	922        	191            	86              	99.7394     	0.157	98.68  	105.607	100.311	1.62007 
80         	109.677         	920         	921        	192            	85              	99.7603     	0.155	98.665 	105.527	100.303	1.60953 
82         	109.644         	918         	919        	194            	82              	99.6988     	0.152	98.61  	105.525	100.221	1.64011 
83         	109.59          	917         	918        	195            	81              	99.6497     	0.150	98.4775	105.125	100.183	1.57172 
89         	109.436         	911         	912        	201            	73              	99.4493     	0.139	98.4425	105.91 	99.9926	1.63126 
90         	109.446         	910         	911        	202            	72              	99.4683     	0.137	98.4375	105.485	99.9359	1.61826 
91         	109.394         	909         	910        	204            	70              	99.3921     	0.135	98.43  	105.137	99.8666	1.60683 
92         	109.348         	908         	909        	205            	69              	99.3258     	0.133	98.36  	105.407	99.8292	1.60318 
95         	109.299         	905         	906        	208            	65              	99.2611     	0.127	98.315 	105.255	99.7186	1.57298 
99         	109.236         	901         	902        	212            	59              	99.1551     	0.120	98.3075	105.515	99.6002	1.57113 
102        	109.245         	898         	899        	215            	56              	99.1287     	0.115	98.285 	105.41 	99.4971	1.54897 
104        	109.24          	896         	897        	217            	53              	99.1026     	0.111	98.2625	105.255	99.5459	1.55425 
105        	109.175         	895         	896        	218            	52              	99.028      	0.109	98.1625	105.53 	99.4247	1.49046 
106        	109.094         	894         	895        	219            	50              	98.9545     	0.107	98.0875	105.243	99.3532	1.47527 
108        	109.009         	892         	893        	221            	48              	98.8579     	0.103	98.0525	105.712	99.2781	1.50388 
End Time (hh:mm:ss.ms) 2023-07-17 05:56:58.191605
Total Time (hh:mm:ss.ms) 0:00:24.921000
Individuo: [[47, 30, 36, 4, 8, 41, 51, 40, 21, 16, 53, 32, 50, 7, 5, 3, 48, 11, 38, 1, 42, 22, 49, 46, 26, 23, 35, 27, 31, 17, 44, 34, 0, 37, 24, 6, 33, 20, 2, 29, 52, 45, 39, 28, 10, 14, 18, 9, 13, 15, 19, 25, 12, 43], [1, 0, 1, 1, 1, 0, 1, 1, 0, 1, 1, 1, 0, 1, 1, 1, 0, 0, 0, 1, 0, 0, 0, 0, 1, 1, 0, 1, 0, 1, 0, 0, 1, 0, 0, 0, 1, 1, 1, 1, 1, 1, 1, 0, 1, 0, 0, 0, 1, 0, 1, 1, 0, 0]]
Fitness:  98.05249999999998
Gens:  [0, 1, 2, 3, 4, 5, 6, 7, 8, 9, 10, 11, 12, 13, 14, 15, 16, 17, 18, 19, 20, 21, 22, 23, 24, 25, 26, 27, 28, 29, 30, 31, 32, 33, 34, 35, 36, 37, 38, 39, 40, 41, 42, 43, 44, 45, 46, 47, 48, 49, 50, 51, 52, 53, 54, 55, 56, 57, 58, 59, 60, 61, 62, 63, 64, 65, 66, 67, 68, 69, 70, 71, 72, 73, 74, 75, 76, 77, 78, 79, 80, 81, 82, 83, 84, 85, 86, 87, 88, 89, 90, 91, 92, 93, 94, 95, 96, 97, 98, 99, 100, 101, 102, 103, 104, 105, 106, 107, 108, 109]
Inds:  [102.96000000000001, 102.57249999999995, 102.5225, 102.09500000000001, 102.09500000000001, 102.08749999999999, 101.86249999999997, 101.71000000000001, 101.62499999999997, 101.62499999999997, 101.62499999999997, 101.62499999999997, 101.62499999999997, 101.62499999999997, 101.62499999999997, 101.62499999999997, 101.49250000000002, 101.47, 101.34000000000002, 101.34000000000002, 101.10500000000002, 101.10500000000002, 101.10500000000002, 100.93999999999998, 100.93999999999998, 100.88749999999999, 100.88749999999999, 100.71999999999997, 100.69999999999997, 100.69999999999997, 100.63250000000001, 100.63249999999998, 100.345, 100.345, 100.345, 100.345, 100.32999999999998, 100.11749999999998, 100.11749999999998, 100.11749999999998, 100.11749999999998, 99.76999999999998, 99.76999999999998, 99.76999999999998, 99.76999999999998, 99.76999999999998, 99.60500000000002, 99.60500000000002, 99.52000000000004, 99.52000000000004, 99.52000000000004, 99.52000000000004, 99.52000000000004, 99.20249999999999, 99.20249999999999, 99.20249999999999, 99.20249999999999, 99.20249999999999, 99.20249999999999, 99.20249999999999, 99.20249999999999, 99.20249999999999, 99.14999999999999, 99.14999999999999, 99.00999999999996, 98.99249999999996, 98.99249999999996, 98.99249999999996, 98.99249999999996, 98.89999999999998, 98.89999999999998, 98.89999999999998, 98.89999999999998, 98.89249999999998, 98.815, 98.815, 98.6975, 98.6975, 98.6975, 98.67999999999995, 98.66499999999996, 98.66499999999996, 98.60999999999997, 98.47749999999998, 98.47749999999998, 98.47749999999998, 98.47749999999998, 98.47749999999998, 98.47749999999998, 98.44249999999997, 98.43749999999996, 98.42999999999998, 98.36, 98.36, 98.36, 98.31499999999997, 98.31499999999997, 98.31499999999997, 98.31499999999997, 98.30749999999993, 98.30749999999993, 98.30749999999993, 98.28499999999997, 98.28499999999997, 98.26249999999997, 98.16249999999998, 98.08749999999999, 98.08749999999999, 98.05249999999998, 98.05249999999998]

Execution 7:
Parametros: Y=0.999
Start Time (hh:mm:ss.ms) 2023-07-17 05:56:59.171606
generations	MaxGenenerations	Populationk1	Populationk	PopulationElite	PopulationMutant	fitnessElite	alpha	min    	max    	avg    	std     
0          	0               	0           	0          	0              	0               	0           	0    	102.845	105.772	104.368	0.494365
1          	114.325         	999         	1000       	100            	200             	103.723     	0.3  	102.555	105.63 	104.036	0.487218
2          	113.987         	998         	999        	102            	199             	103.472     	0.298	102.517	105.46 	103.909	0.539755
3          	113.926         	997         	998        	103            	197             	103.39      	0.296	102.222	105.43 	103.808	0.590586
4          	113.594         	996         	997        	104            	196             	103.168     	0.294	101.865	105.44 	103.697	0.613399
9          	113.22          	991         	992        	110            	188             	102.942     	0.285	101.525	105.652	103.415	0.720933
11         	112.84          	989         	990        	113            	185             	102.679     	0.282	101.455	105.453	103.272	0.78121 
15         	112.783         	985         	986        	117            	179             	102.65      	0.275	101.29 	105.507	103.03 	0.883946
16         	112.567         	984         	985        	119            	178             	102.443     	0.273	101.265	105.482	102.951	0.925464
17         	112.536         	983         	984        	120            	176             	102.41      	0.271	101.122	105.977	102.883	0.935623
19         	112.382         	981         	982        	122            	173             	102.3       	0.267	101.118	105.677	102.75 	0.970614
21         	112.392         	979         	980        	125            	170             	102.318     	0.264	100.975	105.315	102.673	1.0191  
22         	112.195         	978         	979        	126            	169             	102.115     	0.262	100.96 	105.813	102.579	1.05828 
25         	112.204         	975         	976        	129            	164             	102.138     	0.257	100.76 	105.402	102.5  	1.07754 
26         	111.966         	974         	975        	131            	163             	101.945     	0.255	100.702	105.723	102.37 	1.11778 
28         	111.893         	972         	973        	133            	160             	101.864     	0.251	100.677	105.655	102.328	1.14759 
29         	111.903         	971         	972        	134            	158             	101.922     	0.249	100.39 	105.83 	102.309	1.17136 
33         	111.551         	967         	968        	139            	152             	101.598     	0.242	100.242	105.395	102.088	1.21277 
37         	111.419         	963         	964        	143            	146             	101.516     	0.235	100.203	105.758	101.957	1.27826 
39         	111.41          	961         	962        	146            	144             	101.539     	0.231	100    	105.767	101.924	1.29722 
40         	111.162         	960         	961        	147            	142             	101.326     	0.229	99.9975	105.892	101.824	1.29361 
42         	111.151         	958         	959        	149            	139             	101.286     	0.226	99.91  	105.28 	101.768	1.31117 
43         	111.008         	957         	958        	151            	138             	101.115     	0.224	99.75  	105.608	101.69 	1.35319 
44         	110.867         	956         	957        	152            	136             	101.053     	0.222	99.6375	105.56 	101.638	1.36625 
48         	110.741         	952         	953        	156            	130             	100.921     	0.215	99.5475	105.59 	101.481	1.41976 
49         	110.64          	951         	952        	157            	129             	100.836     	0.213	99.3475	105.367	101.392	1.4237  
51         	110.431         	949         	950        	160            	126             	100.681     	0.209	99.33  	105.522	101.313	1.47099 
60         	110.419         	940         	941        	170            	113             	100.575     	0.193	99.14  	105.448	101.09 	1.51663 
61         	110.171         	939         	940        	171            	112             	100.345     	0.191	99.09  	105.615	100.997	1.5589  
64         	110.134         	936         	937        	174            	107             	100.301     	0.185	99.065 	105.54 	100.91 	1.57021 
68         	110.091         	932         	933        	179            	102             	100.208     	0.178	98.9975	105.34 	100.688	1.56332 
69         	110.001         	931         	932        	180            	100             	100.116     	0.176	98.9625	105.335	100.689	1.58897 
70         	109.961         	930         	931        	181            	99              	100.075     	0.174	98.8725	105.2  	100.657	1.56753 
72         	109.875         	928         	929        	183            	96              	99.997      	0.170	98.84  	105.607	100.601	1.65798 
74         	109.833         	926         	927        	185            	93              	99.9368     	0.167	98.7675	105.777	100.49 	1.63878 
77         	109.789         	923         	924        	189            	89              	99.8939     	0.161	98.755 	105.515	100.34 	1.64404 
78         	109.751         	922         	923        	190            	88              	99.8344     	0.159	98.715 	105.793	100.394	1.66578 
81         	109.719         	919         	920        	193            	84              	99.7815     	0.154	98.6   	105.335	100.245	1.64132 
85         	109.576         	915         	916        	197            	78              	99.6114     	0.146	98.515 	105.373	100.122	1.69675 
87         	109.506         	913         	914        	199            	76              	99.5441     	0.142	98.455 	105.333	100.039	1.67062 
91         	109.482         	909         	910        	203            	70              	99.4929     	0.135	98.405 	105.305	99.8757	1.62332 
92         	109.339         	908         	909        	205            	69              	99.3265     	0.133	98.275 	105.545	99.8248	1.65942 
97         	109.207         	903         	904        	210            	62              	99.1626     	0.124	98.275 	105.242	99.6569	1.65163 
98         	109.187         	902         	903        	211            	61              	99.1273     	0.122	98.255 	105.69 	99.6363	1.6238  
100        	109.2           	900         	901        	213            	58              	99.1226     	0.118	98.2225	105.325	99.5827	1.59949 
102        	109.173         	898         	899        	215            	55              	99.0759     	0.114	98.215 	105.545	99.5155	1.61542 
103        	109.154         	897         	898        	216            	54              	99.0441     	0.113	98.1125	105.412	99.4715	1.59014 
105        	109.042         	895         	896        	218            	51              	98.9272     	0.109	97.995 	105.44 	99.3901	1.63366 
107        	108.888         	893         	894        	220            	49              	98.7695     	0.105	97.8225	105.627	99.2527	1.56964 
End Time (hh:mm:ss.ms) 2023-07-17 05:57:23.689607
Total Time (hh:mm:ss.ms) 0:00:24.518001
Individuo: [[30, 47, 36, 44, 37, 6, 45, 50, 33, 41, 8, 46, 51, 23, 26, 34, 24, 2, 20, 29, 32, 16, 1, 7, 27, 12, 19, 13, 15, 35, 25, 22, 28, 48, 5, 39, 11, 38, 53, 14, 9, 10, 49, 42, 40, 18, 21, 3, 52, 0, 17, 31, 4, 43], [0, 1, 1, 0, 1, 0, 0, 0, 0, 1, 1, 1, 1, 0, 0, 0, 0, 1, 1, 1, 0, 0, 1, 0, 0, 0, 0, 0, 0, 0, 0, 1, 1, 0, 0, 0, 0, 0, 1, 0, 0, 0, 0, 0, 0, 0, 0, 1, 1, 1, 1, 1, 0, 0]]
Fitness:  97.82250000000002
Gens:  [0, 1, 2, 3, 4, 5, 6, 7, 8, 9, 10, 11, 12, 13, 14, 15, 16, 17, 18, 19, 20, 21, 22, 23, 24, 25, 26, 27, 28, 29, 30, 31, 32, 33, 34, 35, 36, 37, 38, 39, 40, 41, 42, 43, 44, 45, 46, 47, 48, 49, 50, 51, 52, 53, 54, 55, 56, 57, 58, 59, 60, 61, 62, 63, 64, 65, 66, 67, 68, 69, 70, 71, 72, 73, 74, 75, 76, 77, 78, 79, 80, 81, 82, 83, 84, 85, 86, 87, 88, 89, 90, 91, 92, 93, 94, 95, 96, 97, 98, 99, 100, 101, 102, 103, 104, 105, 106, 107, 108, 109]
Inds:  [102.84500000000003, 102.55500000000002, 102.51749999999998, 102.22249999999998, 101.86500000000001, 101.86500000000001, 101.86500000000001, 101.86500000000001, 101.86500000000001, 101.52499999999998, 101.52499999999998, 101.45499999999998, 101.45499999999998, 101.45499999999998, 101.45499999999998, 101.29, 101.26499999999996, 101.12249999999999, 101.12249999999999, 101.1175, 101.1175, 100.97500000000004, 100.95999999999998, 100.95999999999998, 100.95999999999998, 100.75999999999999, 100.70249999999997, 100.70249999999997, 100.67749999999995, 100.38999999999997, 100.38999999999997, 100.38999999999997, 100.38999999999997, 100.24249999999995, 100.24249999999995, 100.24249999999995, 100.24249999999995, 100.2025, 100.2025, 99.99999999999997, 99.9975, 99.9975, 99.90999999999998, 99.75, 99.6375, 99.6375, 99.6375, 99.6375, 99.54749999999997, 99.34749999999997, 99.34749999999997, 99.32999999999998, 99.32999999999998, 99.32999999999998, 99.32999999999998, 99.32999999999998, 99.32999999999998, 99.32999999999998, 99.32999999999998, 99.32999999999998, 99.13999999999996, 99.08999999999997, 99.08999999999997, 99.08999999999997, 99.06499999999998, 99.06499999999998, 99.06499999999998, 99.06499999999998, 98.99749999999997, 98.96249999999999, 98.87249999999999, 98.87249999999999, 98.84, 98.84, 98.76749999999998, 98.76749999999998, 98.76749999999998, 98.755, 98.71499999999997, 98.71499999999997, 98.71499999999997, 98.60000000000001, 98.60000000000001, 98.60000000000001, 98.60000000000001, 98.515, 98.515, 98.45500000000001, 98.45500000000001, 98.45500000000001, 98.45500000000001, 98.40499999999999, 98.27499999999999, 98.27499999999999, 98.27499999999999, 98.27499999999999, 98.27499999999999, 98.27499999999995, 98.25500000000001, 98.25500000000001, 98.2225, 98.2225, 98.21499999999999, 98.11250000000001, 98.11250000000001, 97.995, 97.995, 97.82250000000002, 97.82250000000002, 97.82250000000002]

Execution 8:
Parametros: Y=0.999
Start Time (hh:mm:ss.ms) 2023-07-17 05:57:24.693606
generations	MaxGenenerations	Populationk1	Populationk	PopulationElite	PopulationMutant	fitnessElite	alpha	min  	max    	avg    	std     
0          	0               	0           	0          	0              	0               	0           	0    	102.5	105.848	104.378	0.489712
1          	113.95          	999         	1000       	100            	200             	103.504     	0.3  	102.278	105.672	103.996	0.528911
2          	113.683         	998         	999        	102            	199             	103.29      	0.298	102.267	106.22 	103.866	0.583748
3          	113.734         	997         	998        	103            	197             	103.439     	0.296	102.083	105.697	103.733	0.589839
6          	113.445         	994         	995        	106            	193             	103.074     	0.291	101.9  	105.612	103.502	0.68467 
7          	113.257         	993         	994        	108            	191             	102.974     	0.289	101.645	105.572	103.431	0.716483
9          	112.953         	991         	992        	110            	188             	102.728     	0.285	101.6  	105.657	103.235	0.790777
10         	112.928         	990         	991        	111            	187             	102.753     	0.284	101.567	105.63 	103.189	0.803079
12         	112.911         	988         	989        	114            	184             	102.762     	0.280	101.378	105.457	103.06 	0.85908 
14         	112.661         	986         	987        	116            	181             	102.513     	0.276	101.232	105.48 	102.9  	0.936706
15         	112.5           	985         	986        	117            	179             	102.401     	0.275	101.182	105.425	102.837	0.938969
16         	112.438         	984         	985        	119            	178             	102.342     	0.273	101.005	105.507	102.767	0.963354
18         	112.288         	982         	983        	121            	175             	102.311     	0.269	100.905	105.828	102.692	1.0218  
19         	112.175         	981         	982        	122            	173             	102.224     	0.267	100.743	105.68 	102.594	1.03974 
20         	111.978         	980         	981        	123            	172             	102.056     	0.266	100.715	105.555	102.519	1.08836 
21         	111.933         	979         	980        	125            	170             	101.994     	0.264	100.655	105.653	102.433	1.13054 
22         	111.877         	978         	979        	126            	169             	101.967     	0.262	100.485	105.542	102.341	1.15798 
24         	111.689         	976         	977        	128            	166             	101.822     	0.258	100.418	105.35 	102.191	1.17688 
25         	111.58          	975         	976        	129            	164             	101.685     	0.256	100.375	105.59 	102.161	1.19516 
26         	111.559         	974         	975        	131            	163             	101.706     	0.255	100.125	105.705	102.109	1.24171 
28         	111.269         	972         	973        	133            	160             	101.472     	0.251	100.03 	105.637	101.986	1.30707 
32         	111.19          	968         	969        	138            	154             	101.419     	0.244	99.8775	105.487	101.803	1.34331 
35         	110.993         	965         	966        	141            	149             	101.213     	0.238	99.4175	105.75 	101.636	1.38661 
37         	110.473         	963         	964        	144            	146             	100.82      	0.234	99.3175	105.675	101.488	1.44269 
46         	110.37          	954         	955        	154            	133             	100.661     	0.218	99.1925	105.46 	101.145	1.58154 
49         	110.221         	951         	952        	158            	129             	100.508     	0.212	99.135 	105.555	101.038	1.62152 
52         	110.182         	948         	949        	161            	124             	100.477     	0.207	98.98  	105.597	100.984	1.60121 
53         	110.01          	947         	948        	162            	123             	100.34      	0.205	98.9025	105.422	100.929	1.63526 
57         	109.917         	943         	944        	167            	117             	100.217     	0.198	98.8125	105.295	100.725	1.63948 
59         	109.807         	941         	942        	169            	114             	100.103     	0.194	98.7525	105.445	100.688	1.69085 
64         	109.775         	936         	937        	175            	107             	100.051     	0.185	98.7375	105.51 	100.5  	1.70596 
66         	109.723         	934         	935        	177            	104             	99.9537     	0.181	98.685 	105.905	100.474	1.73828 
67         	109.716         	933         	934        	178            	103             	99.9824     	0.179	98.6275	105.49 	100.367	1.7044  
68         	109.606         	932         	933        	179            	101             	99.8473     	0.177	98.4775	105.442	100.347	1.74297 
70         	109.466         	930         	931        	181            	99              	99.7398     	0.173	98.445 	105.2  	100.248	1.72257 
75         	109.392         	925         	926        	187            	92              	99.5881     	0.164	98.3525	105.57 	100.123	1.7427  
76         	109.309         	924         	925        	188            	90              	99.5273     	0.162	98.2925	105.478	100.014	1.726   
77         	109.232         	923         	924        	189            	89              	99.4482     	0.160	98.2925	105.84 	100.021	1.77863 
78         	109.272         	922         	923        	190            	87              	99.4931     	0.159	98.2475	105.41 	100.057	1.75309 
82         	109.193         	918         	919        	194            	82              	99.3583     	0.151	98.0875	105.473	99.9044	1.7631  
89         	109.004         	911         	912        	202            	72              	99.1099     	0.138	98.085 	105.322	99.5761	1.7313  
91         	108.978         	909         	910        	204            	70              	99.0521     	0.134	98.04  	105.455	99.5572	1.76662 
92         	108.949         	908         	909        	205            	68              	99.0258     	0.132	98.02  	105.835	99.4822	1.70638 
94         	108.914         	906         	907        	207            	66              	98.9653     	0.129	97.8725	105.155	99.4168	1.70886 
101        	108.75          	899         	900        	214            	56              	98.7383     	0.116	97.8625	105.475	99.1835	1.6863  
104        	108.717         	896         	897        	217            	52              	98.6657     	0.110	97.83  	105.515	99.0023	1.62804 
106        	108.721         	894         	895        	219            	50              	98.6495     	0.106	97.8125	105.532	99.0208	1.62069 
108        	108.698         	892         	893        	221            	47              	98.6022     	0.103	97.7075	105.187	99.0403	1.63444 
109        	108.551         	891         	892        	223            	46              	98.4631     	0.101	97.6925	105.352	98.9022	1.59225 
End Time (hh:mm:ss.ms) 2023-07-17 05:57:49.251605
Total Time (hh:mm:ss.ms) 0:00:24.557999
Individuo: [[30, 47, 25, 51, 4, 35, 8, 26, 41, 46, 19, 13, 23, 15, 36, 24, 2, 37, 17, 50, 29, 48, 38, 5, 28, 34, 22, 10, 42, 18, 40, 49, 21, 9, 14, 45, 6, 0, 33, 32, 16, 1, 53, 7, 3, 39, 11, 52, 20, 27, 44, 31, 12, 43], [0, 0, 0, 0, 1, 1, 1, 0, 0, 0, 0, 0, 0, 0, 1, 0, 0, 0, 0, 1, 1, 1, 1, 0, 0, 1, 1, 1, 0, 1, 0, 0, 0, 0, 1, 1, 1, 0, 1, 1, 0, 0, 1, 1, 1, 0, 0, 1, 0, 0, 1, 1, 0, 0]]
Fitness:  97.69249999999997
Gens:  [0, 1, 2, 3, 4, 5, 6, 7, 8, 9, 10, 11, 12, 13, 14, 15, 16, 17, 18, 19, 20, 21, 22, 23, 24, 25, 26, 27, 28, 29, 30, 31, 32, 33, 34, 35, 36, 37, 38, 39, 40, 41, 42, 43, 44, 45, 46, 47, 48, 49, 50, 51, 52, 53, 54, 55, 56, 57, 58, 59, 60, 61, 62, 63, 64, 65, 66, 67, 68, 69, 70, 71, 72, 73, 74, 75, 76, 77, 78, 79, 80, 81, 82, 83, 84, 85, 86, 87, 88, 89, 90, 91, 92, 93, 94, 95, 96, 97, 98, 99, 100, 101, 102, 103, 104, 105, 106, 107, 108, 109]
Inds:  [102.5, 102.27750000000003, 102.26749999999997, 102.08250000000001, 102.08250000000001, 102.08250000000001, 101.89999999999999, 101.645, 101.645, 101.6, 101.5675, 101.5675, 101.37750000000001, 101.37750000000001, 101.23249999999999, 101.18249999999998, 101.00499999999997, 101.00499999999997, 100.90499999999999, 100.7425, 100.71499999999997, 100.65499999999999, 100.48499999999999, 100.48499999999999, 100.4175, 100.37499999999999, 100.12499999999999, 100.12499999999999, 100.03, 100.03, 100.03, 100.03, 99.87750000000003, 99.87750000000003, 99.87750000000003, 99.41749999999999, 99.41749999999999, 99.31749999999997, 99.31749999999997, 99.31749999999997, 99.31749999999997, 99.31749999999997, 99.31749999999997, 99.31749999999997, 99.31749999999997, 99.31749999999997, 99.19249999999997, 99.19249999999997, 99.19249999999997, 99.13499999999998, 99.13499999999998, 99.13499999999998, 98.97999999999999, 98.90249999999997, 98.90249999999997, 98.90249999999997, 98.90249999999997, 98.8125, 98.8125, 98.75249999999998, 98.75249999999998, 98.75249999999998, 98.75249999999998, 98.75249999999998, 98.73749999999994, 98.73749999999994, 98.68499999999999, 98.6275, 98.4775, 98.4775, 98.445, 98.445, 98.445, 98.445, 98.445, 98.35249999999998, 98.29250000000003, 98.2925, 98.24749999999996, 98.24749999999996, 98.24749999999996, 98.24749999999996, 98.08749999999998, 98.08749999999998, 98.08749999999998, 98.08749999999998, 98.08749999999998, 98.08749999999998, 98.08749999999998, 98.08499999999998, 98.08499999999998, 98.03999999999995, 98.01999999999997, 98.01999999999997, 97.87249999999999, 97.87249999999999, 97.87249999999999, 97.87249999999999, 97.87249999999999, 97.87249999999999, 97.87249999999999, 97.86249999999998, 97.86249999999998, 97.86249999999998, 97.82999999999998, 97.82999999999998, 97.81249999999997, 97.81249999999997, 97.70749999999995, 97.69249999999997]

Execution 9:
Parametros: Y=0.999
Start Time (hh:mm:ss.ms) 2023-07-17 05:57:50.173642
generations	MaxGenenerations	Populationk1	Populationk	PopulationElite	PopulationMutant	fitnessElite	alpha	min    	max    	avg    	std     
0          	0               	0           	0          	0              	0               	0           	0    	102.387	105.835	104.373	0.489581
2          	113.802         	998         	999        	102            	199             	103.359     	0.298	102.182	105.61 	103.827	0.584738
4          	113.568         	996         	997        	104            	196             	103.186     	0.294	101.99 	105.852	103.693	0.627442
8          	113.357         	992         	993        	109            	190             	103.033     	0.287	101.897	105.82 	103.475	0.705939
10         	113.234         	990         	991        	111            	187             	102.903     	0.284	101.51 	105.565	103.401	0.748897
12         	112.827         	988         	989        	114            	184             	102.671     	0.280	101.4  	105.825	103.313	0.780145
14         	112.7           	986         	987        	116            	181             	102.564     	0.276	101.322	105.342	103.162	0.822382
17         	112.624         	983         	984        	120            	176             	102.509     	0.271	101.062	105.582	102.991	0.888448
19         	112.311         	981         	982        	122            	173             	102.245     	0.267	100.987	105.475	102.819	0.940819
23         	112.252         	977         	978        	127            	167             	102.217     	0.260	100.9  	105.663	102.66 	1.01047 
27         	112.166         	973         	974        	132            	161             	102.143     	0.253	100.86 	105.655	102.565	1.0623  
29         	112.111         	971         	972        	134            	158             	102.071     	0.250	100.852	105.79 	102.522	1.09618 
31         	112.088         	969         	970        	136            	155             	102.016     	0.246	100.835	105.36 	102.436	1.0895  
32         	112.045         	968         	969        	137            	154             	101.942     	0.244	100.288	105.683	102.365	1.08826 
41         	111.444         	959         	960        	148            	141             	101.46      	0.228	100.237	105.503	102.007	1.24892 
43         	111.423         	957         	958        	150            	138             	101.473     	0.224	100.2  	105.6  	101.988	1.27997 
44         	111.366         	956         	957        	151            	136             	101.403     	0.222	100.1  	105.547	101.857	1.26111 
45         	111.249         	955         	956        	153            	135             	101.303     	0.220	100.032	105.635	101.833	1.28812 
50         	111.211         	950         	951        	158            	128             	101.272     	0.211	99.9375	105.518	101.707	1.3457  
51         	111.065         	949         	950        	159            	126             	101.109     	0.209	99.745 	105.407	101.632	1.33257 
52         	110.839         	948         	949        	161            	125             	100.923     	0.207	99.6225	105.495	101.578	1.37709 
60         	110.7           	940         	941        	170            	113             	100.737     	0.193	99.455 	105.655	101.306	1.41335 
64         	110.571         	936         	937        	174            	108             	100.654     	0.186	99.3375	105.475	101.212	1.45899 
67         	110.436         	933         	934        	177            	103             	100.514     	0.180	99.265 	105.75 	101.098	1.47676 
68         	110.343         	932         	933        	179            	102             	100.423     	0.178	99.1175	105.195	101.056	1.47479 
74         	110.159         	926         	927        	185            	94              	100.197     	0.167	98.995 	105.443	100.819	1.54054 
78         	110.017         	922         	923        	189            	88              	100.038     	0.160	98.9525	105.395	100.629	1.53828 
81         	109.951         	919         	920        	193            	84              	99.9396     	0.154	98.8125	105.518	100.426	1.55756 
82         	109.815         	918         	919        	194            	83              	99.8349     	0.152	98.6975	105.557	100.416	1.5673  
84         	109.681         	916         	917        	196            	80              	99.7031     	0.148	98.69  	105.57 	100.319	1.61464 
86         	109.689         	914         	915        	198            	77              	99.6942     	0.145	98.63  	105.962	100.253	1.57904 
92         	109.607         	908         	909        	204            	69              	99.5472     	0.133	98.495 	105.855	100.013	1.62251 
95         	109.428         	905         	906        	208            	65              	99.3562     	0.128	98.49  	105.19 	99.9299	1.61553 
97         	109.454         	903         	904        	210            	62              	99.3624     	0.124	98.48  	105.635	99.8709	1.62351 
98         	109.458         	902         	903        	211            	61              	99.3584     	0.122	98.3975	105.528	99.7918	1.58639 
100        	109.328         	900         	901        	213            	58              	99.2161     	0.118	98.2825	105.59 	99.6316	1.57216 
104        	109.238         	896         	897        	217            	53              	99.1009     	0.111	98.2325	105.335	99.5271	1.60371 
105        	109.15          	895         	896        	218            	52              	99.0098     	0.109	98.1825	105.3  	99.5034	1.56701 
106        	109.091         	894         	895        	219            	50              	98.9476     	0.107	98.18  	105.645	99.4616	1.59212 
108        	109.09          	892         	893        	221            	48              	98.9214     	0.103	98.1275	105.495	99.3496	1.52509 
109        	109.051         	891         	892        	222            	46              	98.8785     	0.101	98.0175	105.153	99.2899	1.52653 
End Time (hh:mm:ss.ms) 2023-07-17 05:58:15.040605
Total Time (hh:mm:ss.ms) 0:00:24.866963
Individuo: [[43, 47, 15, 35, 12, 24, 37, 6, 49, 28, 21, 41, 26, 8, 23, 46, 30, 9, 5, 3, 1, 48, 52, 32, 45, 50, 20, 33, 34, 22, 10, 53, 44, 0, 17, 27, 31, 4, 36, 19, 40, 18, 16, 39, 38, 11, 7, 29, 2, 14, 42, 51, 25, 13], [1, 1, 0, 0, 0, 0, 0, 0, 0, 1, 1, 1, 1, 1, 1, 1, 1, 1, 1, 1, 1, 0, 1, 0, 0, 1, 1, 1, 1, 1, 1, 0, 1, 1, 1, 0, 1, 0, 0, 1, 0, 0, 0, 1, 1, 1, 0, 0, 0, 0, 0, 1, 1, 1]]
Fitness:  98.0175
Gens:  [0, 1, 2, 3, 4, 5, 6, 7, 8, 9, 10, 11, 12, 13, 14, 15, 16, 17, 18, 19, 20, 21, 22, 23, 24, 25, 26, 27, 28, 29, 30, 31, 32, 33, 34, 35, 36, 37, 38, 39, 40, 41, 42, 43, 44, 45, 46, 47, 48, 49, 50, 51, 52, 53, 54, 55, 56, 57, 58, 59, 60, 61, 62, 63, 64, 65, 66, 67, 68, 69, 70, 71, 72, 73, 74, 75, 76, 77, 78, 79, 80, 81, 82, 83, 84, 85, 86, 87, 88, 89, 90, 91, 92, 93, 94, 95, 96, 97, 98, 99, 100, 101, 102, 103, 104, 105, 106, 107, 108, 109, 110]
Inds:  [102.38749999999997, 102.38749999999997, 102.18249999999996, 102.18249999999996, 101.99000000000001, 101.99000000000001, 101.99000000000001, 101.99000000000001, 101.89749999999998, 101.89749999999998, 101.50999999999998, 101.50999999999998, 101.39999999999999, 101.39999999999999, 101.32249999999999, 101.32249999999999, 101.32249999999999, 101.06249999999999, 101.06249999999999, 100.9875, 100.9875, 100.9875, 100.9875, 100.9, 100.9, 100.9, 100.9, 100.85999999999999, 100.85999999999999, 100.85249999999998, 100.85249999999998, 100.835, 100.28750000000002, 100.28750000000002, 100.28750000000002, 100.28750000000002, 100.28750000000002, 100.28750000000002, 100.28750000000002, 100.28750000000002, 100.28750000000002, 100.23749999999998, 100.23749999999998, 100.20000000000005, 100.09999999999998, 100.0325, 100.0325, 100.0325, 100.0325, 100.0325, 99.93749999999997, 99.745, 99.62250000000002, 99.62250000000002, 99.62250000000002, 99.62250000000002, 99.62250000000002, 99.62250000000002, 99.62250000000002, 99.62250000000002, 99.45499999999998, 99.45499999999998, 99.45499999999998, 99.45499999999998, 99.33749999999998, 99.33749999999998, 99.33749999999998, 99.26499999999999, 99.11749999999999, 99.11749999999999, 99.11749999999999, 99.11749999999999, 99.11749999999999, 99.11749999999999, 98.99499999999998, 98.99499999999998, 98.99499999999998, 98.99499999999998, 98.9525, 98.9525, 98.9525, 98.8125, 98.69750000000002, 98.69750000000002, 98.69000000000001, 98.69000000000001, 98.63, 98.63, 98.63, 98.63, 98.63, 98.63, 98.495, 98.495, 98.495, 98.49000000000001, 98.49000000000001, 98.48000000000002, 98.3975, 98.3975, 98.28250000000001, 98.28250000000001, 98.28250000000001, 98.28250000000001, 98.23250000000003, 98.18250000000002, 98.18000000000004, 98.18000000000004, 98.1275, 98.0175, 98.0175]

Execution 10:
Parametros: Y=0.999
Start Time (hh:mm:ss.ms) 2023-07-17 05:58:15.963609
generations	MaxGenenerations	Populationk1	Populationk	PopulationElite	PopulationMutant	fitnessElite	alpha	min   	max    	avg    	std     
0          	0               	0           	0          	0              	0               	0           	0    	102.38	105.808	104.392	0.493275
1          	113.812         	999         	1000       	100            	200             	103.408     	0.3  	102.362	105.658	103.951	0.53493 
2          	113.776         	998         	999        	102            	199             	103.345     	0.298	102.2  	105.318	103.796	0.59453 
3          	113.557         	997         	998        	103            	197             	103.124     	0.296	102.05 	105.357	103.698	0.621718
4          	113.395         	996         	997        	104            	196             	103.025     	0.294	101.755	105.588	103.582	0.653949
8          	113.092         	992         	993        	109            	190             	102.856     	0.287	101.692	105.45 	103.255	0.76593 
9          	113.008         	991         	992        	110            	188             	102.767     	0.285	101.043	105.71 	103.18 	0.796666
14         	112.292         	986         	987        	116            	181             	102.279     	0.276	100.97 	105.915	102.794	0.994166
16         	112.198         	984         	985        	119            	178             	102.176     	0.273	100.742	105.645	102.637	1.06462 
18         	111.97          	982         	983        	121            	175             	102.056     	0.269	100.712	105.492	102.533	1.09149 
20         	111.948         	980         	981        	123            	172             	102.043     	0.266	100.652	105.455	102.482	1.14805 
21         	111.853         	979         	980        	125            	170             	101.922     	0.264	100.6  	106.01 	102.373	1.14328 
22         	111.856         	978         	979        	126            	169             	102.02      	0.262	100.542	105.85 	102.358	1.17659 
23         	111.775         	977         	978        	127            	167             	101.926     	0.260	100.4  	105.45 	102.291	1.18858 
24         	111.571         	976         	977        	128            	166             	101.707     	0.258	100.298	105.468	102.184	1.21446 
26         	111.489         	974         	975        	131            	163             	101.684     	0.255	100.138	105.35 	102.154	1.23503 
27         	111.269         	973         	974        	132            	161             	101.458     	0.253	100.04 	105.4  	102.05 	1.24997 
33         	111.167         	967         	968        	139            	152             	101.343     	0.242	99.975 	105.402	101.863	1.32096 
34         	111.094         	966         	967        	140            	151             	101.281     	0.240	99.8975	105.385	101.747	1.35852 
38         	111.022         	962         	963        	145            	145             	101.213     	0.233	99.6025	105.568	101.674	1.39858 
42         	110.683         	958         	959        	150            	139             	100.92      	0.225	99.56  	105.512	101.431	1.43495 
43         	110.645         	957         	958        	151            	137             	100.894     	0.224	99.5425	105.302	101.474	1.44248 
46         	110.61          	954         	955        	154            	133             	100.817     	0.218	99.4575	105.53 	101.363	1.50389 
47         	110.533         	953         	954        	155            	132             	100.774     	0.216	99.2475	105.612	101.299	1.53777 
50         	110.304         	950         	951        	159            	127             	100.583     	0.211	99.2375	105.7  	101.111	1.53882 
51         	110.307         	949         	950        	160            	126             	100.59      	0.209	99.23  	105.612	101.105	1.53959 
53         	110.287         	947         	948        	162            	123             	100.539     	0.205	99.0975	105.88 	101.066	1.56175 
58         	110.125         	942         	943        	168            	116             	100.347     	0.196	98.7275	105.842	100.832	1.62594 
59         	109.756         	941         	942        	169            	114             	100.11      	0.194	98.5475	105.682	100.772	1.64463 
60         	109.538         	940         	941        	170            	113             	99.9194     	0.192	98.4375	105.308	100.649	1.6731  
69         	109.378         	931         	932        	180            	100             	99.6496     	0.175	98.3775	105.452	100.29 	1.7921  
71         	109.321         	929         	930        	183            	97              	99.5884     	0.171	98.33  	105.465	100.155	1.76059 
73         	109.243         	927         	928        	185            	94              	99.4842     	0.168	98.315 	106.027	100.158	1.82054 
74         	109.318         	926         	927        	186            	93              	99.5987     	0.166	98.28  	105.627	100.098	1.79958 
75         	109.235         	925         	926        	187            	92              	99.4888     	0.164	98.2   	105.442	100.073	1.83967 
76         	109.126         	924         	925        	188            	90              	99.3772     	0.162	98.165 	105.41 	99.9519	1.79713 
78         	109.081         	922         	923        	190            	87              	99.3117     	0.158	98.0725	105.513	99.8484	1.79767 
79         	108.992         	921         	922        	191            	86              	99.2396     	0.156	98.03  	105.625	99.7702	1.81085 
81         	108.947         	919         	920        	194            	83              	99.1797     	0.153	98.0075	105.39 	99.7469	1.84131 
83         	108.957         	917         	918        	196            	80              	99.1813     	0.149	97.8425	105.407	99.6275	1.8362  
84         	108.725         	916         	917        	197            	79              	98.957      	0.147	97.67  	105.15 	99.4785	1.83632 
88         	108.537         	912         	913        	201            	73              	98.7554     	0.139	97.605 	105.287	99.3558	1.91953 
89         	108.448         	911         	912        	202            	72              	98.663      	0.137	97.605 	105.592	99.3286	1.88515 
91         	108.464         	909         	910        	205            	69              	98.6542     	0.134	97.5575	105.642	99.2136	1.86977 
92         	108.434         	908         	909        	206            	68              	98.626      	0.132	97.5075	105.355	99.1818	1.88604 
95         	108.352         	905         	906        	209            	64              	98.5061     	0.126	97.47  	105.698	99.0579	1.88804 
96         	108.342         	904         	905        	210            	62              	98.4954     	0.124	97.455 	105.502	99.0307	1.903   
97         	108.304         	903         	904        	211            	61              	98.4426     	0.122	97.45  	105.567	99.0645	1.90186 
98         	108.306         	902         	903        	212            	60              	98.4312     	0.120	97.4275	105.287	98.9143	1.8713  
102        	108.254         	898         	899        	216            	54              	98.3222     	0.113	97.37  	105.587	98.7736	1.87837 
105        	108.202         	895         	896        	219            	50              	98.2389     	0.107	97.37  	105.36 	98.6837	1.83952 
106        	108.195         	894         	895        	220            	49              	98.2162     	0.105	97.335 	105.695	98.7432	1.87217 
107        	108.192         	893         	894        	221            	48              	98.2049     	0.104	97.3025	106.025	98.6536	1.79472 
End Time (hh:mm:ss.ms) 2023-07-17 05:58:40.572608
Total Time (hh:mm:ss.ms) 0:00:24.608999
Individuo: [[34, 45, 29, 50, 52, 7, 16, 18, 46, 8, 51, 41, 26, 40, 42, 10, 25, 24, 2, 6, 32, 20, 17, 31, 44, 37, 0, 49, 21, 1, 48, 39, 3, 5, 11, 38, 28, 22, 12, 43, 30, 47, 36, 19, 23, 13, 15, 35, 27, 33, 53, 14, 9, 4], [0, 0, 0, 0, 0, 1, 1, 1, 0, 0, 0, 1, 1, 1, 1, 0, 1, 0, 0, 0, 1, 0, 1, 1, 0, 1, 0, 0, 0, 1, 0, 1, 1, 1, 0, 0, 0, 0, 0, 0, 0, 0, 0, 1, 1, 1, 0, 0, 1, 0, 0, 0, 0, 0]]
Fitness:  97.3025
Gens:  [0, 1, 2, 3, 4, 5, 6, 7, 8, 9, 10, 11, 12, 13, 14, 15, 16, 17, 18, 19, 20, 21, 22, 23, 24, 25, 26, 27, 28, 29, 30, 31, 32, 33, 34, 35, 36, 37, 38, 39, 40, 41, 42, 43, 44, 45, 46, 47, 48, 49, 50, 51, 52, 53, 54, 55, 56, 57, 58, 59, 60, 61, 62, 63, 64, 65, 66, 67, 68, 69, 70, 71, 72, 73, 74, 75, 76, 77, 78, 79, 80, 81, 82, 83, 84, 85, 86, 87, 88, 89, 90, 91, 92, 93, 94, 95, 96, 97, 98, 99, 100, 101, 102, 103, 104, 105, 106, 107, 108, 109]
Inds:  [102.38, 102.3625, 102.2, 102.05000000000001, 101.75500000000001, 101.75500000000001, 101.75500000000001, 101.75500000000001, 101.69249999999997, 101.0425, 101.0425, 101.0425, 101.0425, 101.0425, 100.97000000000001, 100.97000000000001, 100.74249999999998, 100.74249999999998, 100.71249999999999, 100.71249999999999, 100.65249999999996, 100.6, 100.54249999999999, 100.39999999999999, 100.29750000000001, 100.29750000000001, 100.1375, 100.03999999999999, 100.03999999999999, 100.03999999999999, 100.03999999999999, 100.03999999999999, 100.03999999999999, 99.97500000000001, 99.89750000000002, 99.89750000000002, 99.89750000000002, 99.89750000000002, 99.6025, 99.6025, 99.6025, 99.6025, 99.55999999999997, 99.54249999999999, 99.54249999999999, 99.54249999999999, 99.4575, 99.24749999999999, 99.24749999999999, 99.24749999999999, 99.23749999999998, 99.22999999999996, 99.22999999999996, 99.09749999999998, 99.09749999999998, 99.09749999999998, 99.09749999999998, 99.09749999999998, 98.72749999999999, 98.54750000000001, 98.43750000000001, 98.43750000000001, 98.43750000000001, 98.43750000000001, 98.43750000000001, 98.43750000000001, 98.43750000000001, 98.43750000000001, 98.43750000000001, 98.37749999999998, 98.37749999999998, 98.32999999999998, 98.32999999999998, 98.315, 98.27999999999997, 98.19999999999997, 98.16499999999998, 98.16499999999998, 98.07249999999999, 98.02999999999997, 98.02999999999997, 98.00749999999998, 98.00749999999998, 97.84249999999997, 97.67, 97.67, 97.67, 97.67, 97.605, 97.60499999999999, 97.60499999999999, 97.55749999999998, 97.5075, 97.5075, 97.5075, 97.46999999999997, 97.45499999999998, 97.44999999999996, 97.42749999999998, 97.42749999999998, 97.42749999999998, 97.42749999999998, 97.36999999999998, 97.36999999999998, 97.36999999999998, 97.36999999999996, 97.335, 97.3025, 97.3025, 97.3025]

