A-BRKGA-Heuristic:

Execution 1:
Parametros: Y=0.998
Start Time (hh:mm:ss.ms) 2023-07-16 19:53:25.292245
generations	MaxGenenerations	Populationk1	Populationk	PopulationElite	PopulationMutant	fitnessElite	alpha	min    	max    	avg   	std     
0          	0               	0           	0          	0              	0               	0           	0    	29.8275	30.8675	30.374	0.165583
1          	31.7289         	998         	1000       	100            	200             	30.1395     	0.3  	29.66  	30.845 	30.2599	0.187981
3          	31.5532         	994         	996        	109            	190             	30.0184     	0.287	29.62  	30.7625	30.1736	0.204879
4          	31.5015         	992         	994        	114            	185             	29.941      	0.280	29.5925	30.8275	30.1432	0.215647
7          	31.4775         	986         	988        	127            	170             	29.9205     	0.261	29.515 	30.83  	30.0685	0.237409
8          	31.3941         	984         	986        	132            	164             	29.8509     	0.255	29.5025	30.795 	30.0429	0.247026
10         	31.3769         	980         	982        	141            	154             	29.8094     	0.242	29.3725	30.815 	29.9778	0.254055
13         	31.2411         	974         	976        	154            	139             	29.6928     	0.223	29.305 	30.815 	29.8907	0.285736
15         	31.1654         	970         	972        	163            	129             	29.6076     	0.210	29.3   	30.71  	29.8014	0.30665 
16         	31.1579         	968         	970        	167            	124             	29.5872     	0.203	29.2975	30.79  	29.7579	0.306592
17         	31.1603         	966         	968        	172            	119             	29.592      	0.197	29.2575	30.785 	29.7273	0.309464
18         	31.1174         	964         	966        	176            	114             	29.5488     	0.190	29.1725	30.7375	29.6821	0.31366 
19         	31.0241         	962         	964        	180            	109             	29.4604     	0.183	29.16  	30.895 	29.6368	0.332523
20         	31.0205         	960         	962        	185            	104             	29.468      	0.177	29.105 	30.8375	29.6035	0.349889
21         	30.9585         	958         	960        	189            	99              	29.4009     	0.170	29.09  	30.715 	29.5666	0.351816
22         	30.9349         	956         	958        	193            	94              	29.3569     	0.164	29.035 	30.92  	29.5117	0.358217
24         	30.8837         	952         	954        	202            	85              	29.3065     	0.151	29.01  	30.7725	29.4303	0.371521
25         	30.8534         	950         	952        	206            	80              	29.2646     	0.144	28.945 	30.785 	29.3995	0.371153
27         	30.7871         	946         	948        	215            	70              	29.1905     	0.131	28.92  	30.8325	29.3201	0.381107
28         	30.7614         	944         	946        	219            	65              	29.158      	0.124	28.8075	30.8575	29.2781	0.373595
31         	30.639          	938         	940        	232            	50              	29.0138     	0.104	28.7875	30.7725	29.1225	0.359238
End Time (hh:mm:ss.ms) 2023-07-16 19:53:33.364279
Total Time (hh:mm:ss.ms) 0:00:08.072034
Individuo: [[7, 26, 14, 29, 9, 13, 27, 0, 19, 41, 22, 25, 28, 18, 4, 42, 17, 36, 23, 20, 30, 2, 5, 35, 15, 24, 21, 33, 12, 37, 11, 40, 10, 34, 32, 3, 8, 16, 38, 1, 39, 6, 31], [1, 0, 1, 0, 1, 1, 1, 0, 0, 1, 1, 0, 0, 1, 1, 0, 0, 1, 1, 1, 1, 0, 1, 0, 0, 0, 0, 1, 1, 0, 0, 0, 0, 0, 1, 0, 1, 1, 0, 0, 1, 0, 0]]
Fitness:  28.787499999999987
Gens:  [0, 1, 2, 3, 4, 5, 6, 7, 8, 9, 10, 11, 12, 13, 14, 15, 16, 17, 18, 19, 20, 21, 22, 23, 24, 25, 26, 27, 28, 29, 30, 31]
Inds:  [29.827499999999993, 29.660000000000004, 29.660000000000004, 29.620000000000005, 29.592499999999994, 29.592499999999994, 29.592499999999994, 29.514999999999997, 29.5025, 29.5025, 29.3725, 29.3725, 29.3725, 29.305, 29.305, 29.299999999999994, 29.2975, 29.257499999999997, 29.172499999999992, 29.159999999999997, 29.104999999999997, 29.09, 29.035000000000004, 29.035000000000004, 29.009999999999994, 28.945000000000004, 28.945000000000004, 28.919999999999995, 28.807499999999997, 28.807499999999997, 28.807499999999997, 28.787499999999987]

Execution 2:
Parametros: Y=0.998
Start Time (hh:mm:ss.ms) 2023-07-16 19:53:34.480244
generations	MaxGenenerations	Populationk1	Populationk	PopulationElite	PopulationMutant	fitnessElite	alpha	min    	max    	avg  	std     
0          	0               	0           	0          	0              	0               	0           	0    	29.8225	30.8675	30.38	0.178524
1          	31.7236         	998         	1000       	100            	200             	30.136      	0.3  	29.695 	30.8325	30.2543	0.183374
2          	31.5857         	996         	998        	105            	195             	30.029      	0.293	29.635 	30.8275	30.2033	0.200615
3          	31.5216         	994         	996        	109            	190             	29.9776     	0.287	29.5375	30.83  	30.1593	0.207772
7          	31.4188         	986         	988        	127            	169             	29.8792     	0.261	29.43  	30.7825	30.0775	0.237891
12         	31.299          	976         	978        	150            	144             	29.7344     	0.229	29.4175	30.78  	29.9694	0.256136
15         	31.2845         	970         	972        	163            	129             	29.6948     	0.210	29.4075	30.8325	29.9178	0.276689
16         	31.2799         	968         	970        	167            	124             	29.6983     	0.204	29.34  	30.8025	29.9079	0.277653
17         	31.2063         	966         	968        	171            	119             	29.6288     	0.197	29.31  	30.78  	29.8753	0.283003
18         	31.1729         	964         	966        	176            	114             	29.5907     	0.190	29.29  	30.6975	29.8397	0.278195
20         	31.1515         	960         	962        	184            	105             	29.5548     	0.178	29.2325	30.7975	29.7711	0.300496
22         	31.0872         	956         	958        	193            	95              	29.479      	0.164	29.1025	30.7875	29.7019	0.296106
25         	30.9478         	950         	952        	206            	80              	29.3351     	0.144	29.045 	30.635 	29.5263	0.315719
26         	30.8821         	948         	950        	210            	75              	29.2646     	0.138	29.0225	30.7225	29.4826	0.330339
27         	30.8636         	946         	948        	215            	70              	29.2461     	0.131	28.945 	30.73  	29.436 	0.332755
28         	30.7817         	944         	946        	219            	65              	29.1674     	0.124	28.915 	30.7425	29.3889	0.334747
29         	30.7505         	942         	944        	223            	60              	29.1304     	0.117	28.905 	30.8575	29.32  	0.332502
30         	30.747          	940         	942        	227            	56              	29.1224     	0.111	28.8625	30.8075	29.2783	0.343794
31         	30.6987         	938         	940        	232            	51              	29.0659     	0.104	28.8375	30.755 	29.2278	0.329937
End Time (hh:mm:ss.ms) 2023-07-16 19:53:42.889244
Total Time (hh:mm:ss.ms) 0:00:08.409000
Individuo: [[1, 6, 36, 31, 17, 23, 34, 2, 20, 3, 32, 19, 18, 24, 12, 37, 30, 11, 14, 29, 10, 9, 8, 40, 33, 35, 15, 5, 21, 41, 27, 42, 22, 25, 28, 39, 16, 0, 4, 13, 7, 26, 38], [0, 0, 1, 1, 1, 0, 0, 1, 0, 0, 0, 1, 0, 0, 1, 0, 1, 1, 0, 0, 0, 0, 1, 0, 1, 0, 0, 1, 0, 0, 0, 0, 0, 1, 1, 0, 0, 0, 1, 0, 1, 0, 0]]
Fitness:  28.8375
Gens:  [0, 1, 2, 3, 4, 5, 6, 7, 8, 9, 10, 11, 12, 13, 14, 15, 16, 17, 18, 19, 20, 21, 22, 23, 24, 25, 26, 27, 28, 29, 30, 31]
Inds:  [29.822500000000005, 29.694999999999997, 29.635, 29.53749999999999, 29.53749999999999, 29.53749999999999, 29.53749999999999, 29.429999999999996, 29.429999999999996, 29.429999999999996, 29.429999999999996, 29.429999999999996, 29.417499999999997, 29.417499999999997, 29.417499999999997, 29.407499999999995, 29.34, 29.31, 29.29, 29.29, 29.232499999999998, 29.232499999999998, 29.102500000000003, 29.102500000000003, 29.102500000000003, 29.044999999999998, 29.022500000000004, 28.944999999999993, 28.914999999999996, 28.905, 28.86249999999999, 28.8375]

Execution 3:
Parametros: Y=0.998
Start Time (hh:mm:ss.ms) 2023-07-16 19:53:44.096245
generations	MaxGenenerations	Populationk1	Populationk	PopulationElite	PopulationMutant	fitnessElite	alpha	min  	max  	avg    	std     
0          	0               	0           	0          	0              	0               	0           	0    	29.83	30.88	30.3892	0.166608
1          	31.7323         	998         	1000       	100            	200             	30.145      	0.3  	29.7575	30.8475	30.2627	0.175935
2          	31.6532         	996         	998        	105            	195             	30.0776     	0.293	29.565 	30.855 	30.2021	0.200258
4          	31.4486         	992         	994        	114            	185             	29.926      	0.280	29.5475	30.74  	30.1297	0.214866
6          	31.4241         	988         	990        	123            	175             	29.872      	0.268	29.505 	30.8125	30.0891	0.238086
8          	31.3879         	984         	986        	132            	164             	29.8613     	0.255	29.4725	30.8325	30.0352	0.25631 
11         	31.3478         	978         	980        	145            	149             	29.789      	0.236	29.4075	30.9   	29.9416	0.281051
12         	31.2842         	976         	978        	150            	144             	29.7503     	0.229	29.3575	30.75  	29.9022	0.284507
13         	31.2216         	974         	976        	154            	139             	29.6682     	0.223	29.3475	30.8525	29.8563	0.291794
14         	31.2174         	972         	974        	158            	134             	29.6737     	0.216	29.315 	30.815 	29.8168	0.302062
16         	31.18           	968         	970        	167            	124             	29.6191     	0.203	29.26  	30.8025	29.7454	0.323115
17         	31.1212         	966         	968        	172            	119             	29.5641     	0.197	29.1875	30.7975	29.6934	0.32547 
19         	31.0464         	962         	964        	180            	109             	29.4916     	0.184	29.1725	30.7575	29.6337	0.345499
20         	31.0253         	960         	962        	185            	104             	29.4539     	0.177	29.08  	30.745 	29.5979	0.349754
22         	30.931          	956         	958        	193            	94              	29.3661     	0.164	29.045 	30.7125	29.5334	0.364791
23         	30.8869         	954         	956        	198            	89              	29.3077     	0.157	29.025 	30.835 	29.4809	0.362567
24         	30.8732         	952         	954        	202            	85              	29.2983     	0.151	29.0225	30.805 	29.4626	0.378975
25         	30.8687         	950         	952        	206            	80              	29.2801     	0.144	28.8925	30.775 	29.4352	0.372917
26         	30.7286         	948         	950        	211            	74              	29.1509     	0.137	28.875 	30.7575	29.3565	0.367034
28         	30.712          	944         	946        	219            	65              	29.115      	0.124	28.855 	30.86  	29.2665	0.370781
30         	30.6895         	940         	942        	228            	55              	29.0695     	0.111	28.7925	30.7125	29.1916	0.363292
31         	30.6184         	938         	940        	232            	50              	28.9923     	0.104	28.79  	30.7925	29.1418	0.36062 
End Time (hh:mm:ss.ms) 2023-07-16 19:53:52.262439
Total Time (hh:mm:ss.ms) 0:00:08.166194
Individuo: [[1, 23, 31, 10, 37, 25, 28, 42, 4, 35, 15, 30, 18, 20, 12, 5, 2, 40, 38, 26, 7, 39, 13, 3, 29, 16, 9, 33, 21, 24, 32, 41, 27, 19, 0, 8, 22, 11, 34, 17, 36, 14, 6], [0, 0, 1, 1, 1, 0, 1, 1, 0, 0, 0, 1, 1, 0, 0, 0, 1, 0, 0, 1, 1, 1, 1, 1, 0, 0, 0, 1, 1, 0, 0, 0, 0, 1, 0, 1, 0, 1, 1, 0, 0, 1, 0]]
Fitness:  28.789999999999996
Gens:  [0, 1, 2, 3, 4, 5, 6, 7, 8, 9, 10, 11, 12, 13, 14, 15, 16, 17, 18, 19, 20, 21, 22, 23, 24, 25, 26, 27, 28, 29, 30, 31]
Inds:  [29.830000000000002, 29.75749999999999, 29.564999999999994, 29.564999999999994, 29.5475, 29.5475, 29.505, 29.505, 29.4725, 29.4725, 29.4725, 29.4075, 29.357499999999995, 29.347499999999997, 29.314999999999994, 29.314999999999994, 29.259999999999987, 29.18749999999999, 29.18749999999999, 29.17249999999999, 29.07999999999999, 29.07999999999999, 29.044999999999998, 29.025, 29.02249999999999, 28.89249999999999, 28.875, 28.875, 28.854999999999997, 28.854999999999997, 28.792499999999993, 28.789999999999996]

Execution 4:
Parametros: Y=0.998
Start Time (hh:mm:ss.ms) 2023-07-16 19:53:53.427442
generations	MaxGenenerations	Populationk1	Populationk	PopulationElite	PopulationMutant	fitnessElite	alpha	min    	max  	avg    	std     
0          	0               	0           	0          	0              	0               	0           	0    	29.8225	30.88	30.3896	0.167185
1          	31.7244         	998         	1000       	100            	200             	30.1397     	0.3  	29.7925	30.79	30.2733	0.176222
2          	31.6867         	996         	998        	105            	195             	30.0855     	0.293	29.7625	30.8 	30.2145	0.192285
3          	31.6555         	994         	996        	109            	190             	30.0606     	0.287	29.6775	30.79	30.1828	0.203528
4          	31.5644         	992         	994        	114            	185             	29.9901     	0.280	29.6125	30.795	30.142 	0.211812
6          	31.4997         	988         	990        	123            	175             	29.9471     	0.268	29.59  	30.93 	30.1038	0.226813
7          	31.4802         	986         	988        	127            	170             	29.9409     	0.261	29.5875	30.8325	30.0934	0.23006 
8          	31.4714         	984         	986        	132            	164             	29.9056     	0.255	29.585 	30.845 	30.0741	0.227564
9          	31.4695         	982         	984        	136            	159             	29.8989     	0.249	29.5425	30.8625	30.0587	0.238456
10         	31.4254         	980         	982        	141            	154             	29.8629     	0.242	29.3975	30.71  	30.0295	0.242478
15         	31.2669         	970         	972        	163            	129             	29.6916     	0.210	29.3   	30.8275	29.9302	0.272903
19         	31.1629         	962         	964        	180            	110             	29.5749     	0.184	29.2325	30.785 	29.8011	0.297744
20         	31.0908         	960         	962        	185            	104             	29.5085     	0.177	29.185 	30.6925	29.7524	0.293201
22         	31.0388         	956         	958        	193            	95              	29.4444     	0.164	29.08  	30.7225	29.6277	0.319923
24         	30.9285         	952         	954        	202            	85              	29.3375     	0.151	28.99  	30.75  	29.4888	0.340954
25         	30.8307         	950         	952        	206            	80              	29.244      	0.144	28.95  	30.78  	29.4294	0.356956
26         	30.7901         	948         	950        	211            	75              	29.2018     	0.137	28.9375	30.85  	29.3614	0.366939
27         	30.7811         	946         	948        	215            	70              	29.1882     	0.131	28.8875	30.815 	29.3147	0.370444
30         	30.7156         	940         	942        	228            	55              	29.0834     	0.111	28.84  	30.6925	29.2271	0.373099
31         	30.6677         	938         	940        	232            	50              	29.0333     	0.104	28.8225	30.7375	29.1688	0.351622
End Time (hh:mm:ss.ms) 2023-07-16 19:54:01.510475
Total Time (hh:mm:ss.ms) 0:00:08.083033
Individuo: [[23, 36, 14, 31, 17, 38, 9, 40, 33, 12, 24, 41, 27, 32, 19, 42, 22, 25, 8, 28, 20, 5, 21, 35, 15, 34, 6, 10, 2, 30, 11, 37, 1, 13, 4, 0, 18, 29, 3, 16, 39, 26, 7], [0, 0, 1, 0, 0, 1, 1, 1, 1, 0, 0, 0, 0, 1, 0, 0, 0, 0, 0, 0, 1, 1, 1, 0, 0, 1, 1, 0, 1, 1, 1, 0, 1, 1, 0, 1, 0, 1, 0, 1, 0, 0, 0]]
Fitness:  28.822499999999994
Gens:  [0, 1, 2, 3, 4, 5, 6, 7, 8, 9, 10, 11, 12, 13, 14, 15, 16, 17, 18, 19, 20, 21, 22, 23, 24, 25, 26, 27, 28, 29, 30, 31]
Inds:  [29.822499999999998, 29.7925, 29.762499999999996, 29.677500000000002, 29.6125, 29.6125, 29.59, 29.5875, 29.584999999999997, 29.542499999999997, 29.397499999999994, 29.397499999999994, 29.397499999999994, 29.397499999999994, 29.397499999999994, 29.299999999999994, 29.299999999999994, 29.299999999999994, 29.299999999999994, 29.2325, 29.18499999999999, 29.18499999999999, 29.079999999999995, 29.079999999999995, 28.989999999999995, 28.95, 28.9375, 28.8875, 28.8875, 28.8875, 28.84, 28.822499999999994]

Execution 5:
Parametros: Y=0.998
Start Time (hh:mm:ss.ms) 2023-07-16 19:54:02.654475
generations	MaxGenenerations	Populationk1	Populationk	PopulationElite	PopulationMutant	fitnessElite	alpha	min    	max  	avg   	std     
0          	0               	0           	0          	0              	0               	0           	0    	29.6875	30.94	30.379	0.176451
1          	31.5845         	998         	1000       	100            	200             	30.0633     	0.3  	29.585 	30.84	30.2394	0.193006
5          	31.4698         	990         	992        	118            	180             	29.9323     	0.274	29.43  	30.785	30.0758	0.237671
9          	31.2968         	982         	984        	136            	159             	29.7511     	0.248	29.425 	30.7325	29.9976	0.267667
12         	31.3007         	976         	978        	150            	144             	29.7564     	0.229	29.42  	30.7525	29.9404	0.285413
14         	31.2917         	972         	974        	158            	134             	29.721      	0.216	29.4025	30.815 	29.8921	0.295481
15         	31.2735         	970         	972        	163            	129             	29.6998     	0.210	29.355 	30.77  	29.8494	0.29361 
17         	31.2199         	966         	968        	171            	119             	29.6335     	0.197	29.34  	30.87  	29.7935	0.312182
18         	31.2105         	964         	966        	176            	115             	29.6323     	0.191	29.2125	30.9725	29.7528	0.320012
19         	31.0812         	962         	964        	180            	109             	29.5366     	0.184	29.08  	30.68  	29.6963	0.317641
20         	30.9221         	960         	962        	185            	104             	29.3634     	0.177	29.0725	30.905 	29.609 	0.341425
22         	30.9227         	956         	958        	193            	94              	29.359      	0.164	28.9375	30.8025	29.5285	0.351669
25         	30.7822         	950         	952        	207            	79              	29.2155     	0.144	28.8875	30.6925	29.379 	0.363282
28         	30.717          	944         	946        	219            	65              	29.1092     	0.124	28.88  	30.8175	29.2837	0.375723
29         	30.7179         	942         	944        	223            	60              	29.108      	0.117	28.865 	30.6775	29.2612	0.374346
30         	30.6934         	940         	942        	228            	55              	29.0662     	0.111	28.7725	30.8125	29.2118	0.364377
End Time (hh:mm:ss.ms) 2023-07-16 19:54:10.756282
Total Time (hh:mm:ss.ms) 0:00:08.101807
Individuo: [[23, 30, 33, 8, 0, 42, 41, 20, 11, 35, 21, 5, 15, 12, 24, 18, 22, 2, 25, 16, 38, 1, 9, 7, 29, 17, 31, 36, 28, 27, 3, 4, 32, 19, 37, 10, 26, 13, 39, 40, 34, 14, 6], [1, 0, 0, 0, 1, 1, 1, 0, 0, 0, 0, 1, 0, 0, 1, 0, 1, 0, 0, 1, 1, 0, 1, 0, 1, 1, 0, 1, 0, 1, 0, 0, 0, 1, 0, 1, 1, 0, 1, 1, 1, 1, 1]]
Fitness:  28.7725
Gens:  [0, 1, 2, 3, 4, 5, 6, 7, 8, 9, 10, 11, 12, 13, 14, 15, 16, 17, 18, 19, 20, 21, 22, 23, 24, 25, 26, 27, 28, 29, 30, 31]
Inds:  [29.6875, 29.585000000000004, 29.585000000000004, 29.585000000000004, 29.585000000000004, 29.429999999999993, 29.429999999999993, 29.429999999999993, 29.429999999999993, 29.424999999999997, 29.424999999999997, 29.424999999999997, 29.419999999999998, 29.419999999999998, 29.402500000000007, 29.355000000000004, 29.355000000000004, 29.34, 29.2125, 29.08, 29.0725, 29.0725, 28.937500000000004, 28.937500000000004, 28.937500000000004, 28.887500000000006, 28.887500000000006, 28.887500000000006, 28.879999999999995, 28.865, 28.7725, 28.7725]

Execution 6:
Parametros: Y=0.998
Start Time (hh:mm:ss.ms) 2023-07-16 19:54:11.847277
generations	MaxGenenerations	Populationk1	Populationk	PopulationElite	PopulationMutant	fitnessElite	alpha	min   	max  	avg    	std     
0          	0               	0           	0          	0              	0               	0           	0    	29.815	30.94	30.3763	0.167734
1          	31.7202         	998         	1000       	100            	200             	30.1525     	0.3  	29.7375	30.96	30.2526	0.178656
2          	31.639          	996         	998        	105            	195             	30.0965     	0.293	29.7325	30.815	30.2161	0.193605
3          	31.6245         	994         	996        	109            	190             	30.0436     	0.287	29.58  	30.8575	30.168 	0.20383 
6          	31.4667         	988         	990        	123            	175             	29.93       	0.268	29.575 	30.7375	30.1053	0.224798
7          	31.4521         	986         	988        	127            	169             	29.8794     	0.261	29.5725	30.7975	30.0809	0.230066
8          	31.4532         	984         	986        	132            	164             	29.8855     	0.255	29.5425	30.9   	30.0681	0.239858
9          	31.4278         	982         	984        	136            	159             	29.8806     	0.249	29.49  	30.7275	30.0414	0.247691
10         	31.3611         	980         	982        	141            	154             	29.7902     	0.242	29.435 	30.865 	30.0108	0.251374
13         	31.3147         	974         	976        	154            	139             	29.7667     	0.223	29.3925	30.675 	29.9498	0.270409
16         	31.2583         	968         	970        	167            	124             	29.6679     	0.204	29.3775	30.7675	29.881 	0.282297
17         	31.2439         	966         	968        	171            	119             	29.6521     	0.197	29.3775	30.825 	29.8578	0.28371 
18         	31.2475         	964         	966        	176            	115             	29.6542     	0.191	29.355 	30.775 	29.8301	0.297744
19         	31.2205         	962         	964        	180            	110             	29.6173     	0.184	29.235 	30.7525	29.7982	0.293948
21         	31.0947         	958         	960        	189            	100             	29.504      	0.171	29.1825	30.8725	29.7172	0.295982
22         	31.0431         	956         	958        	193            	95              	29.4609     	0.164	29.13  	30.805 	29.6924	0.313269
24         	30.9849         	952         	954        	202            	85              	29.3884     	0.151	29.105 	30.83  	29.5778	0.321336
25         	30.958          	950         	952        	206            	80              	29.355      	0.144	29.0875	30.785 	29.5308	0.3281  
26         	30.9366         	948         	950        	210            	75              	29.3224     	0.138	29.0475	30.87  	29.4723	0.323164
27         	30.8993         	946         	948        	215            	70              	29.2875     	0.131	29.005 	30.7975	29.4419	0.333309
29         	30.8453         	942         	944        	223            	61              	29.209      	0.118	28.9875	30.8275	29.3553	0.345703
30         	30.8329         	940         	942        	227            	56              	29.1934     	0.111	28.925 	30.795 	29.3305	0.341022
31         	30.7644         	938         	940        	232            	51              	29.1213     	0.104	28.9125	30.8325	29.2716	0.32865 
End Time (hh:mm:ss.ms) 2023-07-16 19:54:20.535898
Total Time (hh:mm:ss.ms) 0:00:08.688621
Individuo: [[7, 1, 25, 23, 31, 17, 29, 38, 10, 26, 9, 14, 40, 30, 12, 21, 35, 18, 19, 41, 5, 15, 2, 33, 37, 39, 13, 4, 28, 32, 42, 3, 8, 16, 6, 34, 20, 0, 27, 24, 22, 11, 36], [1, 0, 0, 1, 1, 1, 0, 0, 0, 1, 0, 1, 1, 0, 1, 1, 0, 0, 1, 1, 0, 0, 0, 0, 0, 0, 1, 0, 0, 1, 0, 0, 1, 1, 0, 0, 1, 1, 1, 1, 1, 0, 1]]
Fitness:  28.912500000000005
Gens:  [0, 1, 2, 3, 4, 5, 6, 7, 8, 9, 10, 11, 12, 13, 14, 15, 16, 17, 18, 19, 20, 21, 22, 23, 24, 25, 26, 27, 28, 29, 30, 31]
Inds:  [29.815, 29.7375, 29.732500000000005, 29.58000000000001, 29.58000000000001, 29.58000000000001, 29.575, 29.5725, 29.542500000000004, 29.489999999999995, 29.435000000000002, 29.435000000000002, 29.435000000000002, 29.3925, 29.3925, 29.3925, 29.377500000000005, 29.3775, 29.355000000000004, 29.235, 29.235, 29.182500000000008, 29.13, 29.13, 29.105, 29.0875, 29.047500000000003, 29.005000000000003, 29.005000000000003, 28.9875, 28.924999999999997, 28.912500000000005]

Execution 7:
Parametros: Y=0.998
Start Time (hh:mm:ss.ms) 2023-07-16 19:54:21.624897
generations	MaxGenenerations	Populationk1	Populationk	PopulationElite	PopulationMutant	fitnessElite	alpha	min   	max    	avg    	std     
0          	0               	0           	0          	0              	0               	0           	0    	29.835	30.8925	30.3863	0.164891
1          	31.7385         	998         	1000       	100            	200             	30.1522     	0.3  	29.8  	30.8325	30.2631	0.174452
2          	31.6974         	996         	998        	105            	195             	30.1032     	0.293	29.6675	30.825 	30.2096	0.18904 
3          	31.556          	994         	996        	109            	190             	30.0001     	0.287	29.6075	30.7025	30.1683	0.200167
7          	31.4903         	986         	988        	127            	170             	29.9185     	0.261	29.605 	30.915 	30.0776	0.233454
8          	31.4952         	984         	986        	132            	164             	29.9398     	0.255	29.515 	30.8025	30.0648	0.243201
11         	31.3914         	978         	980        	145            	149             	29.8157     	0.236	29.45  	30.81  	29.9981	0.256688
12         	31.3237         	976         	978        	150            	144             	29.7625     	0.229	29.38  	30.74  	29.9616	0.255797
13         	31.2449         	974         	976        	154            	139             	29.6835     	0.223	29.32  	30.775 	29.9342	0.268459
15         	31.1828         	970         	972        	163            	129             	29.6243     	0.210	29.31  	30.715 	29.8796	0.280223
16         	31.1689         	968         	970        	167            	124             	29.5963     	0.203	29.28  	30.955 	29.8535	0.281715
20         	31.1362         	960         	962        	184            	105             	29.5331     	0.177	29.22  	30.7925	29.7203	0.296754
21         	31.078          	958         	960        	189            	100             	29.4894     	0.171	29.21  	30.65  	29.6981	0.29888 
22         	31.0585         	956         	958        	193            	95              	29.4473     	0.164	29.13  	30.71  	29.6556	0.302798
24         	30.9768         	952         	954        	202            	85              	29.3686     	0.151	29.1   	30.8625	29.5733	0.317017
25         	30.9547         	950         	952        	206            	80              	29.3554     	0.144	28.9975	30.6975	29.5347	0.312825
26         	30.8355         	948         	950        	211            	75              	29.2318     	0.137	28.935 	30.745 	29.4955	0.321507
30         	30.7683         	940         	942        	227            	56              	29.1301     	0.111	28.8975	30.79  	29.298 	0.33493 
End Time (hh:mm:ss.ms) 2023-07-16 19:54:29.525874
Total Time (hh:mm:ss.ms) 0:00:07.900977
Individuo: [[23, 17, 6, 1, 42, 40, 29, 36, 14, 16, 38, 10, 34, 22, 41, 5, 35, 3, 4, 32, 0, 2, 37, 20, 24, 21, 15, 12, 28, 19, 18, 27, 33, 11, 30, 25, 39, 9, 7, 26, 13, 8, 31], [0, 0, 1, 0, 1, 0, 0, 1, 0, 1, 0, 0, 0, 0, 0, 1, 0, 1, 0, 0, 0, 1, 1, 1, 1, 0, 0, 0, 0, 1, 0, 1, 0, 0, 1, 0, 1, 1, 0, 0, 1, 1, 0]]
Fitness:  28.897499999999997
Gens:  [0, 1, 2, 3, 4, 5, 6, 7, 8, 9, 10, 11, 12, 13, 14, 15, 16, 17, 18, 19, 20, 21, 22, 23, 24, 25, 26, 27, 28, 29, 30, 31]
Inds:  [29.834999999999997, 29.799999999999997, 29.667499999999997, 29.607499999999998, 29.607499999999998, 29.607499999999998, 29.607499999999998, 29.605, 29.515, 29.515, 29.515, 29.45, 29.38, 29.320000000000007, 29.320000000000007, 29.310000000000002, 29.279999999999994, 29.279999999999994, 29.279999999999994, 29.279999999999994, 29.21999999999999, 29.21, 29.13, 29.13, 29.10000000000001, 28.997500000000002, 28.935000000000006, 28.935000000000006, 28.935000000000006, 28.935000000000006, 28.897499999999997, 28.897499999999997]

Execution 8:
Parametros: Y=0.998
Start Time (hh:mm:ss.ms) 2023-07-16 19:54:30.696847
generations	MaxGenenerations	Populationk1	Populationk	PopulationElite	PopulationMutant	fitnessElite	alpha	min   	max  	avg    	std     
0          	0               	0           	0          	0              	0               	0           	0    	29.925	30.88	30.3774	0.163578
1          	31.8334         	998         	1000       	100            	200             	30.2115     	0.3  	29.7475	31.04	30.264 	0.174098
2          	31.6547         	996         	998        	105            	195             	30.1271     	0.293	29.71  	30.8325	30.2232	0.188072
3          	31.6017         	994         	996        	109            	190             	30.0325     	0.287	29.66  	30.855 	30.1852	0.198231
4          	31.5499         	992         	994        	114            	185             	29.9958     	0.280	29.58  	30.8375	30.1591	0.206665
5          	31.4637         	990         	992        	118            	180             	29.9253     	0.274	29.5525	30.77  	30.1216	0.212532
9          	31.4298         	982         	984        	136            	159             	29.8539     	0.249	29.5475	30.7975	30.05  	0.233749
10         	31.4266         	980         	982        	141            	154             	29.8509     	0.242	29.53  	30.7525	30.0321	0.245549
11         	31.4052         	978         	980        	145            	149             	29.8189     	0.236	29.435 	30.795 	30.0128	0.250303
12         	31.3068         	976         	978        	150            	144             	29.7474     	0.229	29.43  	30.835 	29.9898	0.257067
16         	31.2982         	968         	970        	167            	125             	29.6979     	0.204	29.375 	30.88  	29.9234	0.266191
17         	31.2483         	966         	968        	171            	120             	29.6724     	0.197	29.3575	30.705 	29.9092	0.269007
21         	31.2222         	958         	960        	188            	100             	29.5986     	0.171	29.35  	30.79  	29.8301	0.283648
23         	31.2185         	954         	956        	197            	90              	29.585      	0.159	29.17  	30.73  	29.79  	0.281103
26         	31.0216         	948         	950        	210            	76              	29.388      	0.138	29.17  	30.7325	29.6868	0.294439
28         	31.0183         	944         	946        	218            	66              	29.3611     	0.125	29.0925	30.78  	29.6243	0.30783 
29         	30.9416         	942         	944        	223            	61              	29.2933     	0.119	29.0475	30.74  	29.5767	0.301513
30         	30.8913         	940         	942        	227            	56              	29.2375     	0.112	28.97  	30.7   	29.4441	0.309241
31         	30.8064         	938         	940        	231            	51              	29.1521     	0.105	28.915 	30.63  	29.3269	0.311742
End Time (hh:mm:ss.ms) 2023-07-16 19:54:38.501845
Total Time (hh:mm:ss.ms) 0:00:07.804998
Individuo: [[14, 1, 9, 8, 25, 37, 30, 11, 42, 18, 33, 15, 5, 21, 2, 32, 28, 19, 0, 13, 38, 29, 16, 22, 20, 12, 27, 41, 24, 35, 3, 4, 39, 7, 6, 34, 17, 36, 31, 23, 10, 40, 26], [0, 1, 1, 0, 1, 1, 1, 1, 1, 0, 1, 1, 0, 0, 1, 1, 0, 0, 0, 0, 0, 0, 0, 0, 0, 1, 1, 0, 0, 1, 1, 1, 0, 0, 0, 1, 0, 0, 1, 1, 0, 0, 0]]
Fitness:  28.915000000000006
Gens:  [0, 1, 2, 3, 4, 5, 6, 7, 8, 9, 10, 11, 12, 13, 14, 15, 16, 17, 18, 19, 20, 21, 22, 23, 24, 25, 26, 27, 28, 29, 30, 31]
Inds:  [29.924999999999997, 29.7475, 29.709999999999997, 29.659999999999993, 29.580000000000005, 29.5525, 29.5525, 29.5525, 29.5525, 29.547500000000007, 29.529999999999998, 29.435000000000006, 29.43000000000001, 29.43000000000001, 29.43000000000001, 29.43000000000001, 29.375, 29.357499999999998, 29.357499999999998, 29.357499999999998, 29.357499999999998, 29.349999999999998, 29.349999999999998, 29.17000000000001, 29.17000000000001, 29.17000000000001, 29.17, 29.17, 29.092500000000005, 29.047500000000007, 28.970000000000006, 28.915000000000006]

Execution 9:
Parametros: Y=0.998
Start Time (hh:mm:ss.ms) 2023-07-16 19:54:39.552848
generations	MaxGenenerations	Populationk1	Populationk	PopulationElite	PopulationMutant	fitnessElite	alpha	min    	max    	avg    	std     
0          	0               	0           	0          	0              	0               	0           	0    	29.8675	30.8275	30.3818	0.168601
1          	31.7689         	998         	1000       	100            	200             	30.1555     	0.3  	29.7325	30.76  	30.2606	0.173238
2          	31.621          	996         	998        	105            	195             	30.0343     	0.293	29.6875	30.835 	30.2075	0.18989 
3          	31.5779         	994         	996        	109            	190             	30.0172     	0.287	29.6825	30.74  	30.1592	0.204896
4          	31.5666         	992         	994        	114            	185             	29.9796     	0.280	29.65  	30.7675	30.1428	0.20873 
5          	31.5338         	990         	992        	118            	180             	29.9569     	0.274	29.6   	30.88  	30.1173	0.216249
6          	31.4877         	988         	990        	123            	175             	29.9433     	0.268	29.5725	30.8775	30.0963	0.224723
8          	31.4575         	984         	986        	132            	164             	29.9027     	0.255	29.45  	30.9425	30.0605	0.245037
12         	31.3242         	976         	978        	150            	144             	29.7642     	0.229	29.415 	30.845 	29.9812	0.256233
14         	31.2876         	972         	974        	158            	134             	29.7214     	0.216	29.3975	30.82  	29.9354	0.262858
15         	31.2685         	970         	972        	163            	129             	29.6969     	0.210	29.3825	30.75  	29.9015	0.273039
17         	31.245          	966         	968        	171            	119             	29.6428     	0.197	29.245 	30.835 	29.8302	0.282269
18         	31.1072         	964         	966        	176            	114             	29.5482     	0.190	29.2075	30.775 	29.7935	0.292893
19         	31.0636         	962         	964        	180            	109             	29.4961     	0.184	29.1075	30.7475	29.7345	0.300154
22         	30.9597         	956         	958        	193            	94              	29.3881     	0.164	29.0625	30.755 	29.548 	0.334945
24         	30.906          	952         	954        	202            	85              	29.3131     	0.151	29.0025	30.7775	29.4688	0.346778
25         	30.8457         	950         	952        	206            	80              	29.2588     	0.144	28.9725	30.805 	29.4252	0.361374
26         	30.8155         	948         	950        	211            	75              	29.2249     	0.137	28.93  	30.9125	29.3739	0.353886
28         	30.7685         	944         	946        	219            	65              	29.1597     	0.124	28.9175	30.7375	29.3049	0.360118
29         	30.7529         	942         	944        	223            	60              	29.1321     	0.117	28.915 	30.76  	29.269 	0.365563
30         	30.7516         	940         	942        	227            	56              	29.1205     	0.111	28.8575	30.805 	29.24  	0.363034
31         	30.6932         	938         	940        	232            	51              	29.061      	0.104	28.8   	30.7125	29.1888	0.351444
End Time (hh:mm:ss.ms) 2023-07-16 19:54:47.387940
Total Time (hh:mm:ss.ms) 0:00:07.835092
Individuo: [[17, 31, 36, 14, 10, 25, 3, 26, 40, 20, 24, 18, 21, 35, 15, 12, 34, 30, 37, 5, 41, 33, 29, 42, 27, 0, 8, 4, 32, 19, 22, 28, 13, 1, 39, 16, 2, 11, 23, 9, 7, 38, 6], [0, 0, 1, 0, 1, 0, 0, 0, 1, 1, 0, 0, 0, 0, 0, 1, 1, 0, 1, 0, 0, 1, 1, 1, 0, 0, 0, 0, 0, 1, 0, 1, 0, 0, 0, 0, 1, 0, 1, 1, 0, 0, 0]]
Fitness:  28.800000000000008
Gens:  [0, 1, 2, 3, 4, 5, 6, 7, 8, 9, 10, 11, 12, 13, 14, 15, 16, 17, 18, 19, 20, 21, 22, 23, 24, 25, 26, 27, 28, 29, 30, 31]
Inds:  [29.867500000000003, 29.73250000000001, 29.687500000000007, 29.682500000000008, 29.65, 29.6, 29.572500000000005, 29.572500000000005, 29.450000000000003, 29.450000000000003, 29.450000000000003, 29.450000000000003, 29.414999999999992, 29.414999999999992, 29.397499999999997, 29.3825, 29.3825, 29.245, 29.207500000000003, 29.1075, 29.1075, 29.1075, 29.0625, 29.0625, 29.002499999999998, 28.972499999999997, 28.93, 28.93, 28.917500000000004, 28.915000000000003, 28.857500000000005, 28.800000000000008]

Execution 10:
Parametros: Y=0.998
Start Time (hh:mm:ss.ms) 2023-07-16 19:54:48.492975
generations	MaxGenenerations	Populationk1	Populationk	PopulationElite	PopulationMutant	fitnessElite	alpha	min    	max   	avg    	std     
0          	0               	0           	0          	0              	0               	0           	0    	29.9375	30.875	30.3914	0.163035
1          	31.8464         	998         	1000       	100            	200             	30.2188     	0.3  	29.8025	30.8375	30.2774	0.169323
2          	31.7004         	996         	998        	105            	195             	30.1065     	0.293	29.7225	30.77  	30.225 	0.185595
3          	31.611          	994         	996        	109            	190             	30.0235     	0.287	29.5875	30.8175	30.179 	0.205803
4          	31.4704         	992         	994        	114            	185             	29.933      	0.280	29.5275	30.8625	30.1417	0.218569
8          	31.4113         	984         	986        	132            	164             	29.8762     	0.255	29.47  	30.8   	30.0563	0.246179
11         	31.3459         	978         	980        	145            	149             	29.79       	0.236	29.4225	30.705 	29.9944	0.262726
16         	31.2923         	968         	970        	167            	124             	29.6986     	0.204	29.415 	30.82  	29.8979	0.27255 
18         	31.279          	964         	966        	175            	115             	29.6589     	0.191	29.355 	30.7475	29.8698	0.277945
19         	31.2188         	962         	964        	180            	110             	29.6122     	0.184	29.335 	30.78  	29.8586	0.283163
21         	31.2            	958         	960        	188            	100             	29.5845     	0.171	29.2125	30.6725	29.8098	0.282029
24         	31.0657         	952         	954        	201            	85              	29.4419     	0.151	29.1525	30.715 	29.6478	0.299249
26         	31.0082         	948         	950        	210            	75              	29.3846     	0.138	29.0225	30.885 	29.5343	0.304317
27         	30.8737         	946         	948        	215            	70              	29.2676     	0.131	28.9875	30.8525	29.4794	0.313685
30         	30.8286         	940         	942        	227            	56              	29.1855     	0.111	28.9625	30.8225	29.3168	0.319259
31         	30.806          	938         	940        	231            	51              	29.1582     	0.105	28.925 	30.73  	29.2794	0.322087
End Time (hh:mm:ss.ms) 2023-07-16 19:54:56.101940
Total Time (hh:mm:ss.ms) 0:00:07.608965
Individuo: [[17, 36, 31, 14, 23, 30, 10, 29, 1, 26, 39, 40, 4, 9, 8, 22, 0, 11, 35, 12, 15, 2, 16, 37, 34, 33, 20, 21, 24, 5, 41, 18, 27, 25, 28, 42, 19, 32, 3, 13, 7, 38, 6], [0, 0, 0, 1, 0, 1, 1, 0, 0, 1, 1, 0, 0, 0, 0, 0, 0, 0, 1, 0, 0, 0, 1, 0, 0, 1, 1, 1, 0, 0, 0, 1, 1, 0, 0, 0, 0, 1, 0, 0, 1, 0, 0]]
Fitness:  28.925
Gens:  [0, 1, 2, 3, 4, 5, 6, 7, 8, 9, 10, 11, 12, 13, 14, 15, 16, 17, 18, 19, 20, 21, 22, 23, 24, 25, 26, 27, 28, 29, 30, 31]
Inds:  [29.9375, 29.80249999999999, 29.72249999999999, 29.5875, 29.52749999999999, 29.52749999999999, 29.52749999999999, 29.52749999999999, 29.469999999999995, 29.469999999999995, 29.469999999999995, 29.422499999999996, 29.422499999999996, 29.422499999999996, 29.422499999999996, 29.422499999999996, 29.415000000000003, 29.415000000000003, 29.355, 29.335000000000004, 29.335000000000004, 29.212500000000002, 29.212500000000002, 29.212500000000002, 29.152499999999993, 29.152499999999993, 29.0225, 28.987499999999997, 28.987499999999997, 28.987499999999997, 28.9625, 28.925]

