A-BRKGA-Heuristic:

Execution 1:
Parametros: Y=0.999
Start Time (hh:mm:ss.ms) 2023-07-16 20:06:55.226572
generations	MaxGenenerations	Populationk1	Populationk	PopulationElite	PopulationMutant	fitnessElite	alpha	min   	max    	avg    	std     
0          	0               	0           	0          	0              	0               	0           	0    	119.35	122.975	121.315	0.602586
1          	134.976         	999         	1000       	100            	200             	120.438     	0.3  	118.95	122.775	120.886	0.63649 
2          	134.497         	998         	999        	101            	199             	120.092     	0.298	118.575	122.8  	120.687	0.700626
3          	134.076         	997         	998        	102            	198             	119.83      	0.297	118.525	122.7  	120.582	0.756088
5          	133.996         	995         	996        	104            	195             	119.731     	0.294	118.4  	122.4  	120.384	0.831255
6          	133.825         	994         	995        	105            	194             	119.57      	0.292	118.375	122.75 	120.337	0.856652
7          	133.843         	993         	994        	106            	192             	119.648     	0.291	118.225	122.675	120.282	0.895117
8          	133.664         	992         	993        	107            	191             	119.513     	0.289	117.75 	122.575	120.195	0.935185
10         	133.123         	990         	991        	110            	188             	119.154     	0.286	117.75 	122.775	119.978	0.979946
11         	133.14          	989         	990        	111            	187             	119.182     	0.284	117.5  	122.475	119.912	1.0413  
12         	132.817         	988         	989        	112            	186             	118.91      	0.283	117.25 	122.625	119.765	1.04678 
15         	132.561         	985         	986        	115            	182             	118.763     	0.278	117.1  	123.175	119.474	1.17621 
16         	132.458         	984         	985        	116            	181             	118.785     	0.277	116.95 	122.75 	119.358	1.22912 
18         	132.196         	982         	983        	118            	178             	118.465     	0.274	116.85 	123.325	119.167	1.29195 
19         	132.195         	981         	982        	119            	177             	118.616     	0.272	116.6  	122.5  	119.152	1.34496 
21         	131.843         	979         	980        	121            	174             	118.272     	0.269	116.425	122.975	118.867	1.43916 
24         	131.635         	976         	977        	124            	170             	118.095     	0.265	116.1  	122.45 	118.578	1.55649 
28         	131.281         	972         	973        	128            	165             	117.841     	0.258	116.025	122.625	118.444	1.66011 
30         	131.163         	970         	971        	130            	162             	117.7       	0.255	115.95 	122.525	118.329	1.7203  
32         	131.072         	968         	969        	132            	160             	117.611     	0.252	115.75 	122.625	118.225	1.76644 
34         	130.849         	966         	967        	134            	157             	117.447     	0.249	115.525	122.95 	118.112	1.84532 
37         	130.608         	963         	964        	137            	153             	117.27      	0.244	115.5  	122.525	117.945	1.86472 
39         	130.589         	961         	962        	139            	151             	117.247     	0.241	115.45 	122.675	117.889	1.92016 
41         	130.526         	959         	960        	140            	148             	117.175     	0.238	115.425	122.425	117.692	1.93863 
43         	130.521         	957         	958        	142            	146             	117.175     	0.235	115.375	122.625	117.719	1.97388 
45         	130.441         	955         	956        	144            	143             	117.073     	0.232	115.35 	122.625	117.647	1.97451 
46         	130.407         	954         	955        	145            	142             	117.03      	0.230	115.35 	122.65 	117.632	1.98629 
47         	130.41          	953         	954        	146            	141             	117.025     	0.229	115.325	122.875	117.548	2.00555 
48         	130.411         	952         	953        	147            	139             	117.046     	0.227	115.2  	122.775	117.607	2.03048 
49         	130.257         	951         	952        	148            	138             	116.914     	0.226	115.175	122.725	117.485	2.06352 
50         	130.222         	950         	951        	149            	137             	116.872     	0.224	115    	122.825	117.444	2.04645 
53         	130.011         	947         	948        	152            	133             	116.678     	0.220	114.975	122.85 	117.351	2.08058 
54         	130.012         	946         	947        	153            	132             	116.695     	0.218	114.75 	122.35 	117.338	2.09009 
62         	129.757         	938         	939        	160            	122             	116.418     	0.205	114.725	122.9  	117.008	2.17236 
68         	129.745         	932         	933        	166            	115             	116.348     	0.196	114.675	122.35 	116.901	2.23248 
74         	129.66          	926         	927        	171            	107             	116.188     	0.187	114.475	122.675	116.805	2.20202 
End Time (hh:mm:ss.ms) 2023-07-16 20:07:11.436574
Total Time (hh:mm:ss.ms) 0:00:16.210002
Individuo: [[11, 15, 14, 13, 22, 17, 23, 16, 0, 20, 18, 10, 21, 1, 4, 9, 6, 3, 19, 8, 7, 2, 5, 12], [0, 0, 0, 1, 0, 1, 1, 1, 1, 1, 1, 1, 1, 1, 0, 0, 0, 0, 0, 0, 1, 1, 1, 0]]
Fitness:  114.47500000000001
Gens:  [0, 1, 2, 3, 4, 5, 6, 7, 8, 9, 10, 11, 12, 13, 14, 15, 16, 17, 18, 19, 20, 21, 22, 23, 24, 25, 26, 27, 28, 29, 30, 31, 32, 33, 34, 35, 36, 37, 38, 39, 40, 41, 42, 43, 44, 45, 46, 47, 48, 49, 50, 51, 52, 53, 54, 55, 56, 57, 58, 59, 60, 61, 62, 63, 64, 65, 66, 67, 68, 69, 70, 71, 72, 73, 74, 75, 76, 77, 78, 79, 80, 81, 82, 83, 84, 85, 86, 87, 88, 89, 90, 91, 92, 93, 94, 95, 96, 97, 98, 99, 100, 101, 102, 103, 104, 105, 106, 107, 108, 109, 110, 111, 112, 113, 114, 115, 116, 117, 118, 119, 120, 121, 122, 123, 124, 125, 126, 127, 128, 129, 130]
Inds:  [119.35000000000002, 118.95000000000002, 118.575, 118.525, 118.525, 118.4, 118.375, 118.225, 117.75000000000003, 117.75000000000003, 117.74999999999999, 117.50000000000003, 117.25, 117.25, 117.25, 117.1, 116.94999999999999, 116.94999999999999, 116.85000000000001, 116.60000000000001, 116.60000000000001, 116.425, 116.425, 116.425, 116.09999999999998, 116.09999999999998, 116.09999999999998, 116.09999999999998, 116.025, 116.025, 115.95, 115.95, 115.74999999999999, 115.74999999999999, 115.52499999999998, 115.52499999999998, 115.52499999999998, 115.49999999999999, 115.49999999999999, 115.45, 115.45, 115.425, 115.425, 115.37499999999999, 115.37499999999999, 115.35000000000001, 115.35, 115.325, 115.2, 115.175, 115.0, 115.0, 115.0, 114.97500000000001, 114.75, 114.75, 114.75, 114.75, 114.75, 114.75, 114.75, 114.75, 114.72500000000001, 114.72500000000001, 114.72500000000001, 114.72500000000001, 114.72500000000001, 114.72500000000001, 114.675, 114.675, 114.675, 114.675, 114.675, 114.675, 114.47500000000001, 114.47500000000001, 114.47500000000001, 114.47500000000001, 114.47500000000001, 114.47500000000001, 114.47500000000001, 114.47500000000001, 114.47500000000001, 114.47500000000001, 114.47500000000001, 114.47500000000001, 114.47500000000001, 114.47500000000001, 114.47500000000001, 114.47500000000001, 114.47500000000001, 114.47500000000001, 114.47500000000001, 114.47500000000001, 114.47500000000001, 114.47500000000001, 114.47500000000001, 114.47500000000001, 114.47500000000001, 114.47500000000001, 114.47500000000001, 114.47500000000001, 114.47500000000001, 114.47500000000001, 114.47500000000001, 114.47500000000001, 114.47500000000001, 114.47500000000001, 114.47500000000001, 114.47500000000001, 114.47500000000001, 114.47500000000001, 114.47500000000001, 114.47500000000001, 114.47500000000001, 114.47500000000001, 114.47500000000001, 114.47500000000001, 114.47500000000001, 114.47500000000001, 114.47500000000001, 114.47500000000001, 114.47500000000001, 114.47500000000001, 114.47500000000001, 114.47500000000001, 114.47500000000001, 114.47500000000001, 114.47500000000001, 114.47500000000001, 114.47500000000001]

Execution 2:
Parametros: Y=0.999
Start Time (hh:mm:ss.ms) 2023-07-16 20:07:12.197569
generations	MaxGenenerations	Populationk1	Populationk	PopulationElite	PopulationMutant	fitnessElite	alpha	min    	max    	avg    	std     
0          	0               	0           	0          	0              	0               	0           	0    	119.325	122.625	121.292	0.572727
1          	134.9           	999         	1000       	100            	200             	120.315     	0.3  	118.45 	122.75 	120.811	0.65989 
3          	133.918         	997         	998        	102            	198             	119.705     	0.297	118.225	122.5  	120.492	0.799489
4          	133.64          	996         	997        	103            	196             	119.488     	0.295	118.075	122.45 	120.393	0.837017
6          	133.487         	994         	995        	105            	194             	119.406     	0.292	117.825	122.625	120.211	0.909174
7          	133.205         	993         	994        	107            	192             	119.222     	0.290	117.8  	122.7  	120.121	0.984747
8          	133.186         	992         	993        	108            	191             	119.218     	0.289	117.775	123.075	120.045	0.998168
9          	133.208         	991         	992        	109            	190             	119.301     	0.287	117.425	122.55 	119.993	1.04312 
12         	132.772         	988         	989        	112            	186             	118.941     	0.283	117.425	123.025	119.787	1.08843 
15         	132.733         	985         	986        	115            	182             	118.833     	0.278	117.35 	122.5  	119.616	1.20767 
17         	132.668         	983         	984        	117            	179             	118.805     	0.275	117.1  	122.55 	119.424	1.28026 
18         	132.375         	982         	983        	118            	178             	118.595     	0.274	117.075	122.775	119.263	1.35786 
20         	132.38          	980         	981        	120            	175             	118.628     	0.271	116.825	122.75 	119.123	1.39457 
21         	132.091         	979         	980        	121            	174             	118.423     	0.269	116.55 	122.975	118.949	1.47788 
23         	131.747         	977         	978        	123            	171             	118.136     	0.266	116.475	122.45 	118.775	1.56591 
26         	131.688         	974         	975        	126            	168             	118.106     	0.262	116.25 	122.625	118.611	1.61566 
30         	131.434         	970         	971        	130            	162             	117.9       	0.255	116.225	122.65 	118.485	1.71608 
31         	131.399         	969         	970        	131            	161             	117.859     	0.254	116    	122.45 	118.412	1.69588 
34         	131.204         	966         	967        	134            	157             	117.773     	0.249	115.975	122.65 	118.335	1.75818 
38         	131.107         	962         	963        	137            	152             	117.582     	0.243	115.95 	122.55 	118.199	1.79861 
39         	131.075         	961         	962        	138            	151             	117.547     	0.242	115.8  	122.75 	118.093	1.82395 
40         	130.932         	960         	961        	139            	150             	117.471     	0.240	115.75 	122.625	118.08 	1.87831 
42         	130.846         	958         	959        	141            	147             	117.358     	0.237	115.55 	122.925	117.968	1.88694 
47         	130.623         	953         	954        	146            	141             	117.157     	0.229	115.5  	122.475	117.779	1.93557 
51         	130.632         	949         	950        	150            	136             	117.187     	0.223	115.475	122.5  	117.687	2.01115 
61         	130.597         	939         	940        	159            	124             	117.041     	0.208	115.35 	122.825	117.438	2.05125 
79         	130.439         	921         	922        	175            	102             	116.708     	0.180	115.2  	122.7  	117.113	1.98658 
95         	130.182         	905         	906        	189            	83              	116.289     	0.155	115.1  	122.375	116.77 	1.96287 
99         	130.088         	901         	902        	192            	79              	116.183     	0.149	114.95 	122.45 	116.745	1.95626 
End Time (hh:mm:ss.ms) 2023-07-16 20:07:27.983571
Total Time (hh:mm:ss.ms) 0:00:15.786002
Individuo: [[15, 23, 2, 7, 8, 19, 3, 4, 9, 6, 18, 0, 16, 5, 13, 22, 20, 1, 21, 11, 12, 14, 17, 10], [0, 1, 0, 0, 1, 1, 1, 0, 0, 0, 1, 0, 0, 1, 1, 0, 1, 0, 0, 1, 1, 1, 0, 1]]
Fitness:  114.95
Gens:  [0, 1, 2, 3, 4, 5, 6, 7, 8, 9, 10, 11, 12, 13, 14, 15, 16, 17, 18, 19, 20, 21, 22, 23, 24, 25, 26, 27, 28, 29, 30, 31, 32, 33, 34, 35, 36, 37, 38, 39, 40, 41, 42, 43, 44, 45, 46, 47, 48, 49, 50, 51, 52, 53, 54, 55, 56, 57, 58, 59, 60, 61, 62, 63, 64, 65, 66, 67, 68, 69, 70, 71, 72, 73, 74, 75, 76, 77, 78, 79, 80, 81, 82, 83, 84, 85, 86, 87, 88, 89, 90, 91, 92, 93, 94, 95, 96, 97, 98, 99, 100, 101, 102, 103, 104, 105, 106, 107, 108, 109, 110, 111, 112, 113, 114, 115, 116, 117, 118, 119, 120, 121, 122, 123, 124, 125, 126, 127, 128, 129, 130]
Inds:  [119.32500000000002, 118.45, 118.45, 118.225, 118.075, 118.075, 117.82499999999999, 117.80000000000001, 117.77499999999999, 117.42500000000003, 117.42500000000003, 117.42500000000003, 117.425, 117.425, 117.425, 117.35000000000002, 117.35000000000002, 117.10000000000001, 117.075, 117.075, 116.825, 116.55000000000001, 116.55000000000001, 116.47500000000001, 116.47500000000001, 116.47500000000001, 116.25, 116.25, 116.25, 116.25, 116.22500000000001, 116.00000000000001, 116.00000000000001, 116.00000000000001, 115.97500000000001, 115.97500000000001, 115.97500000000001, 115.97500000000001, 115.95000000000002, 115.80000000000001, 115.75000000000001, 115.75000000000001, 115.55000000000003, 115.55000000000003, 115.55000000000003, 115.55000000000003, 115.55000000000003, 115.50000000000001, 115.50000000000001, 115.50000000000001, 115.50000000000001, 115.47500000000001, 115.47500000000001, 115.47500000000001, 115.47500000000001, 115.47500000000001, 115.47500000000001, 115.47500000000001, 115.47500000000001, 115.47500000000001, 115.47500000000001, 115.35000000000001, 115.35000000000001, 115.35000000000001, 115.35000000000001, 115.35000000000001, 115.35000000000001, 115.35000000000001, 115.35000000000001, 115.35000000000001, 115.35000000000001, 115.35000000000001, 115.35000000000001, 115.35000000000001, 115.35000000000001, 115.35000000000001, 115.35000000000001, 115.35000000000001, 115.35000000000001, 115.2, 115.2, 115.2, 115.2, 115.2, 115.2, 115.2, 115.2, 115.2, 115.2, 115.2, 115.2, 115.2, 115.2, 115.2, 115.2, 115.10000000000001, 115.10000000000001, 115.10000000000001, 115.10000000000001, 114.95, 114.95, 114.95, 114.95, 114.95, 114.95, 114.95, 114.95, 114.95, 114.95, 114.95, 114.95, 114.95, 114.95, 114.95, 114.95, 114.95, 114.95, 114.95, 114.95, 114.95, 114.95, 114.95, 114.95, 114.95, 114.95, 114.95, 114.95, 114.95, 114.95, 114.95, 114.95]

Execution 3:
Parametros: Y=0.999
Start Time (hh:mm:ss.ms) 2023-07-16 20:07:28.766599
generations	MaxGenenerations	Populationk1	Populationk	PopulationElite	PopulationMutant	fitnessElite	alpha	min    	max    	avg    	std     
0          	0               	0           	0          	0              	0               	0           	0    	119.325	122.875	121.335	0.557324
1          	134.934         	999         	1000       	100            	200             	120.39      	0.3  	119.025	122.675	120.895	0.639865
3          	134.608         	997         	998        	102            	198             	120.198     	0.297	118.775	122.475	120.687	0.738511
4          	134.259         	996         	997        	103            	196             	119.868     	0.295	118.275	122.6  	120.575	0.763236
8          	133.747         	992         	993        	107            	191             	119.607     	0.289	118.225	122.575	120.251	0.89407 
9          	133.65          	991         	992        	108            	190             	119.478     	0.288	118.125	123    	120.207	0.926243
11         	133.537         	989         	990        	111            	187             	119.393     	0.285	117.775	122.575	120.092	0.98653 
12         	133.141         	988         	989        	112            	186             	119.136     	0.283	117.625	122.875	120.037	1.01274 
13         	133.012         	987         	988        	113            	185             	119.105     	0.281	116.8  	122.6  	119.96 	1.03608 
19         	132.079         	981         	982        	119            	177             	118.457     	0.272	116.725	122.7  	119.24 	1.3156  
20         	131.971         	980         	981        	120            	175             	118.345     	0.271	116.5  	122.6  	119.092	1.40695 
21         	131.703         	979         	980        	121            	174             	118.145     	0.269	116.375	122.725	118.898	1.45248 
23         	131.556         	977         	978        	123            	171             	118.021     	0.266	116.25 	122.475	118.672	1.61213 
26         	131.434         	974         	975        	126            	168             	117.94      	0.261	116.125	123.1  	118.484	1.71162 
27         	131.345         	973         	974        	127            	166             	117.941     	0.260	116.1  	122.725	118.504	1.75046 
28         	131.268         	972         	973        	128            	165             	117.815     	0.258	115.975	122.775	118.43 	1.75098 
29         	131.133         	971         	972        	129            	164             	117.725     	0.257	115.75 	122.425	118.382	1.76611 
33         	130.865         	967         	968        	133            	158             	117.489     	0.251	115.675	122.7  	118.202	1.8864  
37         	130.79          	963         	964        	137            	153             	117.408     	0.244	115.625	122.675	118.05 	1.93681 
39         	130.767         	961         	962        	138            	151             	117.409     	0.241	115.575	122.625	118.003	1.92497 
43         	130.697         	957         	958        	142            	146             	117.302     	0.235	115.525	122.7  	117.868	1.93922 
45         	130.637         	955         	956        	144            	143             	117.235     	0.232	115.5  	122.475	117.844	1.97193 
47         	130.619         	953         	954        	146            	141             	117.21      	0.229	115.475	122.9  	117.736	1.97654 
48         	130.584         	952         	953        	147            	140             	117.168     	0.228	115.45 	122.775	117.729	2.01891 
49         	130.539         	951         	952        	148            	138             	117.109     	0.226	115.375	122.4  	117.625	1.95226 
52         	130.438         	948         	949        	151            	135             	116.989     	0.221	115.35 	122.875	117.58 	2.03185 
56         	130.426         	944         	945        	155            	130             	116.951     	0.215	115.275	122.525	117.482	2.04148 
59         	130.361         	941         	942        	157            	126             	116.889     	0.211	115.25 	122.7  	117.354	2.02937 
60         	130.303         	940         	941        	158            	125             	116.81      	0.209	115.125	122.725	117.438	2.05834 
63         	130.12          	937         	938        	161            	121             	116.609     	0.204	115.1  	122.675	117.282	2.03274 
64         	130.13          	936         	937        	162            	120             	116.639     	0.203	114.975	122.625	117.302	2.06237 
68         	129.96          	932         	933        	166            	115             	116.447     	0.196	114.9  	122.6  	117.217	2.1201  
75         	129.885         	925         	926        	172            	106             	116.319     	0.186	114.875	122.525	116.891	2.07481 
77         	129.902         	923         	924        	174            	104             	116.339     	0.182	114.825	122.5  	116.943	2.12258 
79         	129.813         	921         	922        	176            	102             	116.228     	0.179	114.7  	122.35 	116.859	2.12407 
88         	129.639         	912         	913        	184            	91              	115.972     	0.165	114.625	122.6  	116.559	2.1061  
96         	129.58          	904         	905        	190            	82              	115.844     	0.153	114.475	122.275	116.442	2.12518 
129        	129.411         	871         	872        	217            	45              	115.303     	0.102	114.475	122.325	115.677	1.87224 
End Time (hh:mm:ss.ms) 2023-07-16 20:07:45.207141
Total Time (hh:mm:ss.ms) 0:00:16.440542
Individuo: [[12, 2, 0, 4, 9, 6, 20, 18, 1, 21, 10, 22, 7, 16, 23, 17, 3, 19, 8, 13, 5, 14, 15, 11], [1, 0, 1, 0, 0, 0, 0, 0, 0, 0, 0, 1, 1, 0, 0, 0, 0, 0, 0, 0, 0, 1, 1, 1]]
Fitness:  114.47500000000001
Gens:  [0, 1, 2, 3, 4, 5, 6, 7, 8, 9, 10, 11, 12, 13, 14, 15, 16, 17, 18, 19, 20, 21, 22, 23, 24, 25, 26, 27, 28, 29, 30, 31, 32, 33, 34, 35, 36, 37, 38, 39, 40, 41, 42, 43, 44, 45, 46, 47, 48, 49, 50, 51, 52, 53, 54, 55, 56, 57, 58, 59, 60, 61, 62, 63, 64, 65, 66, 67, 68, 69, 70, 71, 72, 73, 74, 75, 76, 77, 78, 79, 80, 81, 82, 83, 84, 85, 86, 87, 88, 89, 90, 91, 92, 93, 94, 95, 96, 97, 98, 99, 100, 101, 102, 103, 104, 105, 106, 107, 108, 109, 110, 111, 112, 113, 114, 115, 116, 117, 118, 119, 120, 121, 122, 123, 124, 125, 126, 127, 128, 129, 130]
Inds:  [119.325, 119.025, 119.025, 118.77500000000003, 118.275, 118.275, 118.275, 118.275, 118.225, 118.12500000000004, 118.12500000000004, 117.77500000000003, 117.62500000000001, 116.8, 116.8, 116.8, 116.8, 116.8, 116.8, 116.725, 116.5, 116.37500000000001, 116.37500000000001, 116.25000000000003, 116.25000000000003, 116.25000000000003, 116.125, 116.10000000000002, 115.97500000000001, 115.75, 115.75, 115.75, 115.75, 115.67500000000001, 115.67500000000001, 115.67500000000001, 115.67500000000001, 115.625, 115.625, 115.57499999999999, 115.57499999999999, 115.57499999999999, 115.57499999999999, 115.525, 115.525, 115.5, 115.5, 115.47500000000002, 115.45000000000002, 115.375, 115.375, 115.375, 115.35, 115.35, 115.35, 115.35, 115.27500000000002, 115.27500000000002, 115.27500000000002, 115.25, 115.12500000000003, 115.12500000000003, 115.12500000000003, 115.10000000000002, 114.97500000000002, 114.97500000000002, 114.97500000000002, 114.97500000000002, 114.90000000000002, 114.90000000000002, 114.90000000000002, 114.90000000000002, 114.90000000000002, 114.90000000000002, 114.90000000000002, 114.87500000000003, 114.87500000000003, 114.82500000000002, 114.82500000000002, 114.70000000000002, 114.70000000000002, 114.70000000000002, 114.70000000000002, 114.70000000000002, 114.70000000000002, 114.70000000000002, 114.70000000000002, 114.70000000000002, 114.62500000000003, 114.62500000000003, 114.62500000000003, 114.62500000000003, 114.62500000000003, 114.62500000000003, 114.62500000000003, 114.62500000000003, 114.47500000000002, 114.47500000000002, 114.47500000000002, 114.47500000000002, 114.47500000000002, 114.47500000000002, 114.47500000000002, 114.47500000000002, 114.47500000000002, 114.47500000000002, 114.47500000000002, 114.47500000000002, 114.47500000000002, 114.47500000000002, 114.47500000000002, 114.47500000000002, 114.47500000000002, 114.47500000000002, 114.47500000000002, 114.47500000000002, 114.47500000000002, 114.47500000000002, 114.47500000000002, 114.47500000000002, 114.47500000000002, 114.47500000000002, 114.47500000000002, 114.47500000000002, 114.47500000000002, 114.47500000000002, 114.47500000000002, 114.47500000000002, 114.47500000000002, 114.47500000000001, 114.47500000000001]

Execution 4:
Parametros: Y=0.999
Start Time (hh:mm:ss.ms) 2023-07-16 20:07:45.924158
generations	MaxGenenerations	Populationk1	Populationk	PopulationElite	PopulationMutant	fitnessElite	alpha	min    	max    	avg    	std     
0          	0               	0           	0          	0              	0               	0           	0    	119.375	122.825	121.274	0.585094
1          	134.984         	999         	1000       	100            	200             	120.41      	0.3  	119.15 	122.9  	120.904	0.646681
2          	134.74          	998         	999        	101            	199             	120.269     	0.298	118.5  	122.675	120.722	0.704768
4          	133.951         	996         	997        	103            	196             	119.682     	0.295	118.3  	122.575	120.464	0.817884
6          	133.718         	994         	995        	105            	194             	119.514     	0.292	117.95 	122.7  	120.311	0.896057
8          	133.403         	992         	993        	108            	191             	119.426     	0.289	117.9  	122.75 	120.126	0.968045
9          	133.306         	991         	992        	109            	190             	119.297     	0.287	117.225	122.9  	120.041	0.987312
14         	132.573         	986         	987        	114            	183             	118.837     	0.280	117.175	122.775	119.618	1.19553 
16         	132.443         	984         	985        	116            	181             	118.631     	0.277	116.725	123.025	119.448	1.25973 
19         	131.981         	981         	982        	119            	177             	118.375     	0.272	116.6  	122.85 	119.082	1.41471 
21         	131.889         	979         	980        	121            	174             	118.366     	0.269	116.5  	122.65 	118.849	1.51645 
22         	131.71          	978         	979        	122            	173             	118.149     	0.268	116.375	122.55 	118.828	1.51099 
23         	131.556         	977         	978        	123            	171             	118.021     	0.266	116.325	122.725	118.677	1.56917 
25         	131.519         	975         	976        	125            	169             	118.005     	0.263	116.05 	122.9  	118.601	1.64871 
28         	131.224         	972         	973        	128            	165             	117.804     	0.258	115.875	123    	118.396	1.68661 
29         	131.049         	971         	972        	129            	164             	117.708     	0.257	115.8  	122.6  	118.324	1.70813 
30         	130.912         	970         	971        	130            	162             	117.539     	0.255	115.5  	122.75 	118.24 	1.78495 
41         	130.563         	959         	960        	140            	148             	117.177     	0.238	115.4  	122.675	117.849	1.94118 
46         	130.493         	954         	955        	145            	142             	117.121     	0.231	115.35 	123.125	117.665	2.02209 
48         	130.407         	952         	953        	147            	139             	117.008     	0.227	115.225	122.55 	117.581	2.0537  
50         	130.288         	950         	951        	149            	137             	116.928     	0.224	115.225	122.8  	117.555	2.05453 
52         	130.291         	948         	949        	151            	134             	116.91      	0.221	115.2  	122.55 	117.458	2.04928 
53         	130.227         	947         	948        	152            	133             	116.818     	0.220	115.175	122.45 	117.47 	2.04861 
59         	130.222         	941         	942        	157            	126             	116.767     	0.210	115.025	122.425	117.332	2.12189 
79         	130.078         	921         	922        	175            	102             	116.448     	0.180	115    	122.8  	116.984	2.13326 
End Time (hh:mm:ss.ms) 2023-07-16 20:08:01.652132
Total Time (hh:mm:ss.ms) 0:00:15.727974
Individuo: [[11, 16, 7, 8, 19, 3, 17, 23, 14, 15, 10, 0, 2, 5, 13, 22, 4, 9, 6, 20, 18, 1, 21, 12], [0, 1, 0, 1, 1, 1, 1, 1, 1, 1, 0, 0, 1, 1, 1, 0, 0, 0, 0, 0, 0, 0, 0, 0]]
Fitness:  115.0
Gens:  [0, 1, 2, 3, 4, 5, 6, 7, 8, 9, 10, 11, 12, 13, 14, 15, 16, 17, 18, 19, 20, 21, 22, 23, 24, 25, 26, 27, 28, 29, 30, 31, 32, 33, 34, 35, 36, 37, 38, 39, 40, 41, 42, 43, 44, 45, 46, 47, 48, 49, 50, 51, 52, 53, 54, 55, 56, 57, 58, 59, 60, 61, 62, 63, 64, 65, 66, 67, 68, 69, 70, 71, 72, 73, 74, 75, 76, 77, 78, 79, 80, 81, 82, 83, 84, 85, 86, 87, 88, 89, 90, 91, 92, 93, 94, 95, 96, 97, 98, 99, 100, 101, 102, 103, 104, 105, 106, 107, 108, 109, 110, 111, 112, 113, 114, 115, 116, 117, 118, 119, 120, 121, 122, 123, 124, 125, 126, 127, 128, 129, 130]
Inds:  [119.375, 119.15000000000002, 118.50000000000001, 118.50000000000001, 118.3, 118.3, 117.95, 117.95, 117.9, 117.22500000000001, 117.22500000000001, 117.22500000000001, 117.22500000000001, 117.22500000000001, 117.17499999999998, 117.17499999999998, 116.72500000000001, 116.72500000000001, 116.72500000000001, 116.60000000000001, 116.60000000000001, 116.5, 116.375, 116.325, 116.325, 116.05000000000001, 116.05000000000001, 116.05000000000001, 115.875, 115.79999999999998, 115.5, 115.5, 115.5, 115.5, 115.5, 115.5, 115.5, 115.5, 115.5, 115.5, 115.5, 115.4, 115.4, 115.4, 115.4, 115.4, 115.35000000000001, 115.35000000000001, 115.22500000000002, 115.22500000000002, 115.22500000000001, 115.22500000000001, 115.20000000000002, 115.17500000000001, 115.17500000000001, 115.17500000000001, 115.17500000000001, 115.17500000000001, 115.17500000000001, 115.025, 115.025, 115.025, 115.025, 115.025, 115.025, 115.025, 115.025, 115.025, 115.025, 115.025, 115.025, 115.025, 115.025, 115.025, 115.025, 115.025, 115.025, 115.025, 115.025, 115.0, 115.0, 115.0, 115.0, 115.0, 115.0, 115.0, 115.0, 115.0, 115.0, 115.0, 115.0, 115.0, 115.0, 115.0, 115.0, 115.0, 115.0, 115.0, 115.0, 115.0, 115.0, 115.0, 115.0, 115.0, 115.0, 115.0, 115.0, 115.0, 115.0, 115.0, 115.0, 115.0, 115.0, 115.0, 115.0, 115.0, 115.0, 115.0, 115.0, 115.0, 115.0, 115.0, 115.0, 115.0, 115.0, 115.0, 115.0, 115.0, 115.0, 115.0, 115.0]

Execution 5:
Parametros: Y=0.999
Start Time (hh:mm:ss.ms) 2023-07-16 20:08:02.367129
generations	MaxGenenerations	Populationk1	Populationk	PopulationElite	PopulationMutant	fitnessElite	alpha	min    	max    	avg    	std     
0          	0               	0           	0          	0              	0               	0           	0    	118.875	123.025	121.286	0.588196
1          	134.446         	999         	1000       	100            	200             	120.12      	0.3  	118.7  	123.05 	120.744	0.67383 
4          	134.207         	996         	997        	103            	196             	119.89      	0.295	118.45 	122.85 	120.378	0.81016 
5          	133.941         	995         	996        	104            	195             	119.744     	0.294	118.3  	122.7  	120.322	0.872526
6          	133.752         	994         	995        	105            	194             	119.587     	0.292	118    	122.925	120.261	0.896161
7          	133.443         	993         	994        	106            	192             	119.433     	0.291	117.8  	122.65 	120.154	0.928777
9          	133.16          	991         	992        	109            	190             	119.154     	0.287	117.75 	122.6  	120.008	0.984949
10         	133.117         	990         	991        	110            	188             	119.139     	0.286	117.575	122.75 	119.923	0.999104
12         	132.952         	988         	989        	112            	186             	119.07      	0.283	117.525	122.95 	119.794	1.06407 
13         	132.909         	987         	988        	113            	185             	119.055     	0.281	117.4  	122.55 	119.708	1.07397 
15         	132.724         	985         	986        	115            	182             	118.857     	0.278	117.3  	122.75 	119.59 	1.14536 
16         	132.628         	984         	985        	116            	181             	118.812     	0.277	117    	122.9  	119.487	1.23625 
17         	132.308         	983         	984        	117            	179             	118.627     	0.275	116.975	122.775	119.366	1.28276 
19         	132.24          	981         	982        	119            	177             	118.509     	0.272	116.725	122.45 	119.15 	1.33742 
20         	131.938         	980         	981        	120            	175             	118.278     	0.271	116.625	122.5  	119.001	1.38018 
22         	131.868         	978         	979        	122            	173             	118.274     	0.268	116.05 	122.675	118.854	1.46884 
26         	131.195         	974         	975        	126            	167             	117.765     	0.261	116    	122.475	118.382	1.65963 
28         	131.164         	972         	973        	128            	165             	117.76      	0.258	115.975	122.45 	118.315	1.74441 
29         	131.09          	971         	972        	129            	164             	117.641     	0.257	115.85 	122.875	118.291	1.76884 
30         	131.005         	970         	971        	130            	162             	117.646     	0.255	115.8  	122.725	118.203	1.78902 
31         	130.928         	969         	970        	131            	161             	117.56      	0.254	115.725	122.625	118.186	1.83586 
32         	130.831         	968         	969        	132            	160             	117.468     	0.252	115.6  	122.675	118.097	1.8393  
33         	130.696         	967         	968        	133            	158             	117.376     	0.251	115.525	122.7  	118.047	1.8512  
36         	130.572         	964         	965        	136            	155             	117.213     	0.246	115.375	122.5  	117.965	1.88936 
39         	130.487         	961         	962        	139            	151             	117.224     	0.241	115.3  	122.925	117.863	1.89741 
42         	130.379         	958         	959        	141            	147             	117.09      	0.237	115.225	122.725	117.806	1.92399 
47         	130.288         	953         	954        	146            	141             	116.963     	0.229	115.2  	122.5  	117.635	1.96483 
48         	130.221         	952         	953        	147            	139             	116.863     	0.227	114.825	122.525	117.575	1.96702 
End Time (hh:mm:ss.ms) 2023-07-16 20:08:18.354132
Total Time (hh:mm:ss.ms) 0:00:15.987003
Individuo: [[12, 14, 10, 21, 1, 6, 9, 3, 18, 20, 0, 22, 13, 5, 2, 16, 23, 4, 19, 8, 7, 17, 15, 11], [1, 1, 1, 1, 1, 1, 1, 1, 0, 0, 0, 1, 0, 0, 0, 0, 0, 0, 0, 0, 1, 1, 1, 1]]
Fitness:  114.82500000000002
Gens:  [0, 1, 2, 3, 4, 5, 6, 7, 8, 9, 10, 11, 12, 13, 14, 15, 16, 17, 18, 19, 20, 21, 22, 23, 24, 25, 26, 27, 28, 29, 30, 31, 32, 33, 34, 35, 36, 37, 38, 39, 40, 41, 42, 43, 44, 45, 46, 47, 48, 49, 50, 51, 52, 53, 54, 55, 56, 57, 58, 59, 60, 61, 62, 63, 64, 65, 66, 67, 68, 69, 70, 71, 72, 73, 74, 75, 76, 77, 78, 79, 80, 81, 82, 83, 84, 85, 86, 87, 88, 89, 90, 91, 92, 93, 94, 95, 96, 97, 98, 99, 100, 101, 102, 103, 104, 105, 106, 107, 108, 109, 110, 111, 112, 113, 114, 115, 116, 117, 118, 119, 120, 121, 122, 123, 124, 125, 126, 127, 128, 129, 130]
Inds:  [118.87500000000004, 118.70000000000002, 118.70000000000002, 118.70000000000002, 118.45000000000002, 118.3, 118.00000000000001, 117.80000000000001, 117.80000000000001, 117.75, 117.57500000000002, 117.57500000000002, 117.52500000000003, 117.40000000000002, 117.40000000000002, 117.30000000000004, 117.0, 116.97500000000002, 116.97500000000002, 116.725, 116.62500000000001, 116.62500000000001, 116.05000000000003, 116.05000000000003, 116.05000000000003, 116.05000000000003, 116.00000000000001, 116.00000000000001, 115.975, 115.85000000000001, 115.80000000000003, 115.72500000000001, 115.60000000000001, 115.52500000000003, 115.52500000000003, 115.52500000000003, 115.37500000000001, 115.37500000000001, 115.37500000000001, 115.30000000000001, 115.30000000000001, 115.30000000000001, 115.22500000000001, 115.22500000000001, 115.22500000000001, 115.22500000000001, 115.22500000000001, 115.2, 114.82500000000002, 114.82500000000002, 114.82500000000002, 114.82500000000002, 114.82500000000002, 114.82500000000002, 114.82500000000002, 114.82500000000002, 114.82500000000002, 114.82500000000002, 114.82500000000002, 114.82500000000002, 114.82500000000002, 114.82500000000002, 114.82500000000002, 114.82500000000002, 114.82500000000002, 114.82500000000002, 114.82500000000002, 114.82500000000002, 114.82500000000002, 114.82500000000002, 114.82500000000002, 114.82500000000002, 114.82500000000002, 114.82500000000002, 114.82500000000002, 114.82500000000002, 114.82500000000002, 114.82500000000002, 114.82500000000002, 114.82500000000002, 114.82500000000002, 114.82500000000002, 114.82500000000002, 114.82500000000002, 114.82500000000002, 114.82500000000002, 114.82500000000002, 114.82500000000002, 114.82500000000002, 114.82500000000002, 114.82500000000002, 114.82500000000002, 114.82500000000002, 114.82500000000002, 114.82500000000002, 114.82500000000002, 114.82500000000002, 114.82500000000002, 114.82500000000002, 114.82500000000002, 114.82500000000002, 114.82500000000002, 114.82500000000002, 114.82500000000002, 114.82500000000002, 114.82500000000002, 114.82500000000002, 114.82500000000002, 114.82500000000002, 114.82500000000002, 114.82500000000002, 114.82500000000002, 114.82500000000002, 114.82500000000002, 114.82500000000002, 114.82500000000002, 114.82500000000002, 114.82500000000002, 114.82500000000002, 114.82500000000002, 114.82500000000002, 114.82500000000002, 114.82500000000002, 114.82500000000002, 114.82500000000002, 114.82500000000002, 114.82500000000002, 114.82500000000002, 114.82500000000002, 114.82500000000002, 114.82500000000002]

Execution 6:
Parametros: Y=0.999
Start Time (hh:mm:ss.ms) 2023-07-16 20:08:19.087167
generations	MaxGenenerations	Populationk1	Populationk	PopulationElite	PopulationMutant	fitnessElite	alpha	min    	max	avg    	std     
0          	0               	0           	0          	0              	0               	0           	0    	119.175	123	121.308	0.570388
1          	134.781         	999         	1000       	100            	200             	120.323     	0.3  	118.65 	122.75	120.849	0.651834
3          	134.121         	997         	998        	102            	198             	119.794     	0.297	118.25 	122.55	120.558	0.771799
6          	133.732         	994         	995        	105            	194             	119.632     	0.292	118.05 	122.9  	120.323	0.876658
9          	133.459         	991         	992        	109            	190             	119.368     	0.288	117.875	122.625	120.128	0.938841
12         	133.275         	988         	989        	112            	186             	119.25      	0.283	117.675	122.775	119.976	1.05589 
13         	133.055         	987         	988        	113            	185             	119.113     	0.281	117.475	122.75 	119.881	1.02429 
17         	132.829         	983         	984        	117            	179             	118.937     	0.275	117.075	122.7  	119.615	1.14708 
20         	132.37          	980         	981        	120            	175             	118.608     	0.271	116.875	122.775	119.327	1.21863 
21         	132.15          	979         	980        	121            	174             	118.466     	0.269	116.525	122.5  	119.256	1.28884 
25         	131.722         	975         	976        	125            	169             	118.106     	0.263	116.375	122.475	118.946	1.41839 
26         	131.546         	974         	975        	126            	168             	117.973     	0.261	116.35 	122.8  	118.869	1.43955 
29         	131.55          	971         	972        	129            	164             	117.991     	0.257	115.925	122.85 	118.678	1.58444 
33         	131.066         	967         	968        	133            	158             	117.627     	0.251	115.9  	122.75 	118.349	1.73331 
34         	131.045         	966         	967        	134            	157             	117.61      	0.249	115.7  	122.8  	118.226	1.7427  
36         	130.848         	964         	965        	136            	155             	117.493     	0.246	115.6  	122.875	118.182	1.80438 
38         	130.683         	962         	963        	138            	152             	117.298     	0.243	115.5  	122.875	118.031	1.8351  
39         	130.609         	961         	962        	139            	151             	117.283     	0.241	115.4  	122.8  	117.955	1.86789 
40         	130.486         	960         	961        	140            	149             	117.178     	0.240	115.375	122.725	117.883	1.90619 
41         	130.448         	959         	960        	141            	148             	117.129     	0.238	115.2  	122.625	117.81 	1.92888 
42         	130.237         	958         	959        	142            	147             	116.96      	0.237	115.175	122.7  	117.716	1.94883 
44         	130.248         	956         	957        	143            	144             	116.988     	0.233	115.075	122.7  	117.596	2.03523 
45         	130.105         	955         	956        	144            	143             	116.847     	0.232	115.05 	122.625	117.527	2.00713 
51         	130.074         	949         	950        	150            	136             	116.751     	0.223	114.9  	122.475	117.44 	2.12474 
54         	129.908         	946         	947        	153            	132             	116.604     	0.218	114.8  	123.1  	117.258	2.14751 
55         	129.847         	945         	946        	154            	131             	116.6       	0.216	114.75 	122.825	117.258	2.13242 
58         	129.706         	942         	943        	157            	127             	116.383     	0.212	114.625	122.55 	117.057	2.15985 
62         	129.571         	938         	939        	161            	122             	116.246     	0.205	114.625	123.15 	116.952	2.21502 
64         	129.59          	936         	937        	162            	119             	116.252     	0.202	114.6  	122.725	116.882	2.21654 
66         	129.559         	934         	935        	164            	117             	116.202     	0.199	114.575	122.625	116.908	2.25753 
71         	129.505         	929         	930        	169            	111             	116.081     	0.191	114.375	123.1  	116.682	2.22491 
End Time (hh:mm:ss.ms) 2023-07-16 20:08:34.754131
Total Time (hh:mm:ss.ms) 0:00:15.666964
Individuo: [[12, 14, 23, 16, 7, 13, 5, 2, 0, 20, 18, 3, 19, 8, 22, 17, 15, 10, 4, 9, 6, 1, 21, 11], [1, 1, 1, 1, 0, 0, 0, 0, 1, 1, 1, 0, 0, 0, 0, 1, 1, 0, 0, 0, 0, 0, 0, 1]]
Fitness:  114.375
Gens:  [0, 1, 2, 3, 4, 5, 6, 7, 8, 9, 10, 11, 12, 13, 14, 15, 16, 17, 18, 19, 20, 21, 22, 23, 24, 25, 26, 27, 28, 29, 30, 31, 32, 33, 34, 35, 36, 37, 38, 39, 40, 41, 42, 43, 44, 45, 46, 47, 48, 49, 50, 51, 52, 53, 54, 55, 56, 57, 58, 59, 60, 61, 62, 63, 64, 65, 66, 67, 68, 69, 70, 71, 72, 73, 74, 75, 76, 77, 78, 79, 80, 81, 82, 83, 84, 85, 86, 87, 88, 89, 90, 91, 92, 93, 94, 95, 96, 97, 98, 99, 100, 101, 102, 103, 104, 105, 106, 107, 108, 109, 110, 111, 112, 113, 114, 115, 116, 117, 118, 119, 120, 121, 122, 123, 124, 125, 126, 127, 128, 129, 130]
Inds:  [119.17500000000003, 118.65, 118.65, 118.25000000000001, 118.25000000000001, 118.25000000000001, 118.05000000000001, 118.05000000000001, 118.05000000000001, 117.875, 117.875, 117.875, 117.675, 117.47500000000001, 117.47500000000001, 117.47500000000001, 117.47500000000001, 117.07499999999999, 117.07499999999999, 117.07499999999999, 116.875, 116.525, 116.525, 116.525, 116.525, 116.375, 116.35, 116.35, 116.35, 115.925, 115.925, 115.925, 115.925, 115.89999999999999, 115.69999999999999, 115.69999999999999, 115.6, 115.6, 115.5, 115.39999999999999, 115.375, 115.2, 115.17500000000001, 115.17500000000001, 115.075, 115.05, 115.05, 115.05, 115.05, 115.05, 115.05, 114.9, 114.9, 114.9, 114.8, 114.75, 114.75, 114.75, 114.62500000000001, 114.62500000000001, 114.62500000000001, 114.62500000000001, 114.625, 114.625, 114.60000000000001, 114.60000000000001, 114.575, 114.575, 114.575, 114.575, 114.575, 114.375, 114.375, 114.375, 114.375, 114.375, 114.375, 114.375, 114.375, 114.375, 114.375, 114.375, 114.375, 114.375, 114.375, 114.375, 114.375, 114.375, 114.375, 114.375, 114.375, 114.375, 114.375, 114.375, 114.375, 114.375, 114.375, 114.375, 114.375, 114.375, 114.375, 114.375, 114.375, 114.375, 114.375, 114.375, 114.375, 114.375, 114.375, 114.375, 114.375, 114.375, 114.375, 114.375, 114.375, 114.375, 114.375, 114.375, 114.375, 114.375, 114.375, 114.375, 114.375, 114.375, 114.375, 114.375, 114.375, 114.375, 114.375, 114.375, 114.375]

Execution 7:
Parametros: Y=0.999
Start Time (hh:mm:ss.ms) 2023-07-16 20:08:35.511139
generations	MaxGenenerations	Populationk1	Populationk	PopulationElite	PopulationMutant	fitnessElite	alpha	min    	max  	avg   	std     
0          	0               	0           	0          	0              	0               	0           	0    	119.325	122.9	121.28	0.575234
1          	134.938         	999         	1000       	100            	200             	120.398     	0.3  	118.1  	122.65	120.827	0.62519 
2          	133.519         	998         	999        	101            	199             	119.458     	0.298	118.025	122.475	120.423	0.807325
3          	133.411         	997         	998        	102            	198             	119.347     	0.297	117.875	122.975	120.166	0.904802
4          	133.308         	996         	997        	103            	196             	119.382     	0.295	117.875	122.7  	120.071	0.971262
5          	133.271         	995         	996        	104            	195             	119.294     	0.293	117.85 	122.525	119.92 	0.994804
6          	133.22          	994         	995        	105            	194             	119.217     	0.292	117.525	122.875	119.769	1.0609  
7          	132.899         	993         	994        	107            	192             	119.082     	0.290	117.3  	122.65 	119.666	1.14742 
8          	132.614         	992         	993        	108            	191             	118.849     	0.289	117.3  	122.475	119.496	1.20161 
9          	132.591         	991         	992        	109            	190             	118.79      	0.287	116.6  	122.625	119.387	1.23796 
11         	131.84          	989         	990        	111            	187             	118.359     	0.284	116.55 	122.625	119.069	1.3408  
13         	131.77          	987         	988        	113            	184             	118.276     	0.281	116.275	122.875	118.953	1.47057 
16         	131.439         	984         	985        	116            	180             	118.007     	0.277	116.175	122.6  	118.567	1.67078 
17         	131.336         	983         	984        	117            	179             	117.946     	0.275	116    	122.625	118.545	1.70119 
18         	131.141         	982         	983        	118            	178             	117.816     	0.274	115.9  	123.075	118.474	1.71998 
19         	131.087         	981         	982        	119            	176             	117.855     	0.272	115.825	122.775	118.368	1.76145 
21         	130.96          	979         	980        	121            	174             	117.691     	0.269	115.675	122.875	118.234	1.82014 
24         	130.826         	976         	977        	124            	170             	117.622     	0.264	115.625	122.825	118.142	1.92359 
26         	130.708         	974         	975        	126            	167             	117.438     	0.261	115.6  	122.65 	118.02 	1.95864 
29         	130.683         	971         	972        	129            	163             	117.394     	0.257	115.575	122.825	117.874	1.99748 
31         	130.677         	969         	970        	131            	161             	117.398     	0.254	115.475	122.7  	117.942	2.01053 
37         	130.561         	963         	964        	137            	153             	117.25      	0.244	115.35 	122.7  	117.805	2.01736 
44         	130.413         	956         	957        	143            	144             	117.064     	0.234	115.3  	122.625	117.634	2.09301 
45         	130.35          	955         	956        	144            	143             	117.003     	0.232	115.15 	122.525	117.546	2.02612 
51         	130.2           	949         	950        	150            	136             	116.852     	0.223	115.125	122.575	117.496	2.09246 
62         	130.185         	938         	939        	160            	122             	116.724     	0.206	115.075	122.375	117.208	2.08865 
68         	130.066         	932         	933        	166            	115             	116.518     	0.196	115.025	122.725	117.098	2.1042  
70         	130.036         	930         	931        	168            	112             	116.494     	0.193	114.825	122.95 	117.053	2.10224 
End Time (hh:mm:ss.ms) 2023-07-16 20:08:51.631130
Total Time (hh:mm:ss.ms) 0:00:16.119991
Individuo: [[12, 14, 16, 0, 22, 7, 2, 23, 17, 4, 9, 6, 1, 10, 20, 18, 3, 19, 8, 13, 5, 15, 21, 11], [1, 1, 1, 1, 1, 1, 1, 0, 0, 0, 0, 0, 0, 0, 1, 1, 0, 0, 0, 0, 0, 1, 0, 1]]
Fitness:  114.825
Gens:  [0, 1, 2, 3, 4, 5, 6, 7, 8, 9, 10, 11, 12, 13, 14, 15, 16, 17, 18, 19, 20, 21, 22, 23, 24, 25, 26, 27, 28, 29, 30, 31, 32, 33, 34, 35, 36, 37, 38, 39, 40, 41, 42, 43, 44, 45, 46, 47, 48, 49, 50, 51, 52, 53, 54, 55, 56, 57, 58, 59, 60, 61, 62, 63, 64, 65, 66, 67, 68, 69, 70, 71, 72, 73, 74, 75, 76, 77, 78, 79, 80, 81, 82, 83, 84, 85, 86, 87, 88, 89, 90, 91, 92, 93, 94, 95, 96, 97, 98, 99, 100, 101, 102, 103, 104, 105, 106, 107, 108, 109, 110, 111, 112, 113, 114, 115, 116, 117, 118, 119, 120, 121, 122, 123, 124, 125, 126, 127, 128, 129, 130]
Inds:  [119.32500000000003, 118.1, 118.02499999999999, 117.87500000000003, 117.87500000000001, 117.85, 117.525, 117.30000000000001, 117.3, 116.60000000000001, 116.60000000000001, 116.55, 116.55, 116.27499999999999, 116.27499999999999, 116.27499999999999, 116.17500000000001, 115.99999999999999, 115.89999999999999, 115.82500000000002, 115.82500000000002, 115.67500000000001, 115.67500000000001, 115.67500000000001, 115.62499999999999, 115.62499999999999, 115.6, 115.6, 115.6, 115.575, 115.575, 115.475, 115.475, 115.475, 115.475, 115.475, 115.475, 115.35000000000001, 115.35000000000001, 115.35000000000001, 115.35000000000001, 115.35000000000001, 115.35000000000001, 115.35000000000001, 115.29999999999998, 115.14999999999999, 115.14999999999999, 115.14999999999999, 115.14999999999999, 115.14999999999999, 115.14999999999999, 115.125, 115.125, 115.125, 115.125, 115.125, 115.125, 115.125, 115.125, 115.125, 115.125, 115.125, 115.075, 115.075, 115.075, 115.075, 115.075, 115.075, 115.02499999999999, 115.02499999999999, 114.825, 114.825, 114.825, 114.825, 114.825, 114.825, 114.825, 114.825, 114.825, 114.825, 114.825, 114.825, 114.825, 114.825, 114.825, 114.825, 114.825, 114.825, 114.825, 114.825, 114.825, 114.825, 114.825, 114.825, 114.825, 114.825, 114.825, 114.825, 114.825, 114.825, 114.825, 114.825, 114.825, 114.825, 114.825, 114.825, 114.825, 114.825, 114.825, 114.825, 114.825, 114.825, 114.825, 114.825, 114.825, 114.825, 114.825, 114.825, 114.825, 114.825, 114.825, 114.825, 114.825, 114.825, 114.825, 114.825, 114.825, 114.825, 114.825, 114.825, 114.825]

Execution 8:
Parametros: Y=0.999
Start Time (hh:mm:ss.ms) 2023-07-16 20:08:52.424143
generations	MaxGenenerations	Populationk1	Populationk	PopulationElite	PopulationMutant	fitnessElite	alpha	min   	max  	avg    	std     
0          	0               	0           	0          	0              	0               	0           	0    	119.15	122.9	121.298	0.562838
1          	134.74          	999         	1000       	100            	200             	120.275     	0.3  	118.775	122.675	120.873	0.648207
2          	134.285         	998         	999        	101            	199             	119.939     	0.298	118.6  	122.875	120.687	0.721798
5          	134.081         	995         	996        	104            	195             	119.783     	0.294	118.4  	122.5  	120.376	0.853508
7          	133.895         	993         	994        	106            	192             	119.717     	0.291	118.275	122.675	120.237	0.913991
8          	133.72          	992         	993        	107            	191             	119.549     	0.289	118.225	122.875	120.201	0.925058
9          	133.69          	991         	992        	108            	190             	119.564     	0.288	118.025	122.9  	120.174	0.947909
11         	133.441         	989         	990        	111            	187             	119.357     	0.285	117.475	122.75 	120.025	0.993583
15         	132.816         	985         	986        	115            	182             	118.925     	0.278	117.425	122.475	119.602	1.11495 
16         	132.733         	984         	985        	116            	181             	118.826     	0.277	117.1  	122.65 	119.506	1.16988 
17         	132.388         	983         	984        	117            	179             	118.631     	0.275	116.9  	122.825	119.425	1.20558 
19         	132.149         	981         	982        	119            	177             	118.441     	0.272	116.75 	122.75 	119.226	1.2935  
20         	132.006         	980         	981        	120            	175             	118.377     	0.271	116.7  	122.575	119.16 	1.32655 
21         	131.926         	979         	980        	121            	174             	118.284     	0.269	116.45 	122.875	119.06 	1.34486 
22         	131.683         	978         	979        	122            	173             	118.173     	0.268	116.425	122.5  	119.026	1.36507 
25         	131.638         	975         	976        	125            	169             	118.092     	0.263	116.325	122.75 	118.83 	1.47968 
27         	131.492         	973         	974        	127            	166             	117.933     	0.260	116.275	122.75 	118.654	1.52607 
28         	131.469         	972         	973        	128            	165             	117.952     	0.258	116.2  	122.825	118.638	1.5776  
29         	131.394         	971         	972        	129            	164             	117.905     	0.257	116.175	122.85 	118.56 	1.5651  
30         	131.369         	970         	971        	130            	162             	117.883     	0.255	116    	122.775	118.625	1.62155 
35         	131.204         	965         	966        	135            	156             	117.762     	0.248	115.875	122.9  	118.208	1.7795  
36         	131.036         	964         	965        	136            	155             	117.607     	0.246	115.775	122.95 	118.133	1.77278 
37         	130.93          	963         	964        	137            	153             	117.533     	0.245	115.75 	122.825	118.132	1.82465 
38         	130.885         	962         	963        	137            	152             	117.472     	0.243	115.65 	122.4  	117.974	1.80136 
41         	130.739         	959         	960        	140            	148             	117.304     	0.238	115.55 	122.5  	117.841	1.9207  
42         	130.616         	958         	959        	141            	147             	117.199     	0.237	115.375	123.4  	117.795	1.94443 
48         	130.526         	952         	953        	147            	139             	117.187     	0.227	115.3  	122.875	117.578	1.98336 
50         	130.35          	950         	951        	149            	137             	116.947     	0.224	115.275	123.075	117.552	2.0053  
52         	130.325         	948         	949        	151            	134             	116.91      	0.221	115    	122.75 	117.458	2.02225 
59         	130.011         	941         	942        	158            	126             	116.607     	0.210	114.925	122.725	117.255	2.05657 
62         	129.897         	938         	939        	160            	122             	116.465     	0.206	114.7  	122.575	117.111	2.03425 
71         	129.672         	929         	930        	169            	111             	116.222     	0.192	114.45 	122.525	116.792	2.14064 
101        	129.37          	899         	900        	195            	76              	115.617     	0.145	114.225	122.45 	116.067	2.12016 
End Time (hh:mm:ss.ms) 2023-07-16 20:09:08.058130
Total Time (hh:mm:ss.ms) 0:00:15.633987
Individuo: [[11, 15, 23, 5, 13, 7, 2, 16, 0, 3, 19, 8, 22, 10, 21, 1, 18, 4, 9, 6, 20, 17, 14, 12], [0, 0, 1, 1, 1, 1, 1, 1, 1, 0, 0, 0, 0, 1, 1, 1, 1, 0, 0, 0, 0, 1, 0, 0]]
Fitness:  114.22500000000002
Gens:  [0, 1, 2, 3, 4, 5, 6, 7, 8, 9, 10, 11, 12, 13, 14, 15, 16, 17, 18, 19, 20, 21, 22, 23, 24, 25, 26, 27, 28, 29, 30, 31, 32, 33, 34, 35, 36, 37, 38, 39, 40, 41, 42, 43, 44, 45, 46, 47, 48, 49, 50, 51, 52, 53, 54, 55, 56, 57, 58, 59, 60, 61, 62, 63, 64, 65, 66, 67, 68, 69, 70, 71, 72, 73, 74, 75, 76, 77, 78, 79, 80, 81, 82, 83, 84, 85, 86, 87, 88, 89, 90, 91, 92, 93, 94, 95, 96, 97, 98, 99, 100, 101, 102, 103, 104, 105, 106, 107, 108, 109, 110, 111, 112, 113, 114, 115, 116, 117, 118, 119, 120, 121, 122, 123, 124, 125, 126, 127, 128, 129, 130]
Inds:  [119.15, 118.77500000000002, 118.6, 118.6, 118.6, 118.4, 118.4, 118.27500000000005, 118.22500000000002, 118.02500000000003, 118.02500000000003, 117.47500000000004, 117.47500000000004, 117.47500000000004, 117.47500000000004, 117.42500000000003, 117.10000000000001, 116.90000000000002, 116.90000000000002, 116.75000000000003, 116.70000000000002, 116.45, 116.42500000000001, 116.42500000000001, 116.42500000000001, 116.325, 116.325, 116.27500000000002, 116.20000000000002, 116.17500000000001, 116.00000000000001, 116.00000000000001, 116.00000000000001, 116.00000000000001, 116.00000000000001, 115.87500000000003, 115.775, 115.75000000000001, 115.65000000000002, 115.65000000000002, 115.65000000000002, 115.55000000000001, 115.375, 115.375, 115.375, 115.375, 115.375, 115.375, 115.30000000000003, 115.30000000000003, 115.27500000000002, 115.27500000000002, 115.00000000000001, 115.00000000000001, 115.00000000000001, 115.00000000000001, 115.00000000000001, 115.00000000000001, 115.00000000000001, 114.92500000000001, 114.92500000000001, 114.92500000000001, 114.70000000000002, 114.70000000000002, 114.70000000000002, 114.70000000000002, 114.70000000000002, 114.70000000000002, 114.70000000000002, 114.70000000000002, 114.70000000000002, 114.45000000000002, 114.45000000000002, 114.45000000000002, 114.45000000000002, 114.45000000000002, 114.45000000000002, 114.45000000000002, 114.45000000000002, 114.45000000000002, 114.45000000000002, 114.45000000000002, 114.45000000000002, 114.45000000000002, 114.45000000000002, 114.45000000000002, 114.45000000000002, 114.45000000000002, 114.45000000000002, 114.45000000000002, 114.45000000000002, 114.45000000000002, 114.45000000000002, 114.45000000000002, 114.45000000000002, 114.45000000000002, 114.45000000000002, 114.45000000000002, 114.45000000000002, 114.45000000000002, 114.45000000000002, 114.22500000000002, 114.22500000000002, 114.22500000000002, 114.22500000000002, 114.22500000000002, 114.22500000000002, 114.22500000000002, 114.22500000000002, 114.22500000000002, 114.22500000000002, 114.22500000000002, 114.22500000000002, 114.22500000000002, 114.22500000000002, 114.22500000000002, 114.22500000000002, 114.22500000000002, 114.22500000000002, 114.22500000000002, 114.22500000000002, 114.22500000000002, 114.22500000000002, 114.22500000000002, 114.22500000000002, 114.22500000000002, 114.22500000000002, 114.22500000000002, 114.22500000000002, 114.22500000000002, 114.22500000000002]

Execution 9:
Parametros: Y=0.999
Start Time (hh:mm:ss.ms) 2023-07-16 20:09:08.813162
generations	MaxGenenerations	Populationk1	Populationk	PopulationElite	PopulationMutant	fitnessElite	alpha	min	max    	avg    	std     
0          	0               	0           	0          	0              	0               	0           	0    	119	122.825	121.301	0.577726
1          	134.56          	999         	1000       	100            	200             	120.147     	0.3  	118.9	122.775	120.816	0.652124
2          	134.44          	998         	999        	101            	199             	120.057     	0.298	118.45	122.725	120.632	0.726211
3          	133.925         	997         	998        	102            	198             	119.72      	0.297	118.375	122.55 	120.489	0.769435
4          	133.816         	996         	997        	103            	196             	119.609     	0.295	117.75 	122.7  	120.437	0.839148
7          	133.107         	993         	994        	107            	192             	119.139     	0.290	117.75 	122.625	120.124	0.989666
8          	133.12          	992         	993        	108            	191             	119.161     	0.289	117.575	122.725	120.049	1.00903 
9          	132.935         	991         	992        	109            	190             	119.058     	0.287	117.425	122.9  	119.918	1.05885 
10         	132.789         	990         	991        	110            	188             	118.993     	0.286	117.275	122.7  	119.836	1.11919 
11         	132.593         	989         	990        	111            	187             	118.821     	0.284	117.25 	122.375	119.68 	1.12387 
12         	132.521         	988         	989        	112            	186             	118.702     	0.283	116.85 	122.7  	119.543	1.2372  
13         	132.112         	987         	988        	113            	184             	118.499     	0.281	116.625	122.675	119.309	1.31872 
15         	131.851         	985         	986        	115            	182             	118.305     	0.278	116.5  	122.65 	119.026	1.45255 
16         	131.71          	984         	985        	116            	180             	118.205     	0.277	116.125	122.45 	118.898	1.57707 
18         	131.312         	982         	983        	118            	178             	117.968     	0.274	115.95 	122.7  	118.636	1.66361 
20         	131.137         	980         	981        	120            	175             	117.867     	0.271	115.625	122.625	118.448	1.79191 
21         	130.718         	979         	980        	121            	174             	117.511     	0.269	115.525	122.8  	118.275	1.84656 
23         	130.627         	977         	978        	123            	171             	117.462     	0.266	115.35 	122.425	118.259	1.92362 
24         	130.381         	976         	977        	124            	170             	117.223     	0.264	115.2  	122.675	118.009	1.99082 
27         	130.237         	973         	974        	127            	166             	117.131     	0.260	115.125	123.075	117.921	2.05647 
28         	130.211         	972         	973        	128            	165             	117.18      	0.258	115.025	122.725	117.882	2.09502 
31         	130.049         	969         	970        	131            	161             	116.973     	0.253	115    	122.675	117.713	2.12584 
33         	130.027         	967         	968        	133            	158             	116.944     	0.250	114.975	122.825	117.64 	2.12923 
35         	130.022         	965         	966        	135            	156             	116.944     	0.247	114.875	122.7  	117.591	2.19262 
36         	129.879         	964         	965        	136            	154             	116.801     	0.246	114.875	122.725	117.537	2.1955  
38         	129.85          	962         	963        	138            	152             	116.722     	0.243	114.775	122.6  	117.483	2.21486 
40         	129.753         	960         	961        	140            	149             	116.652     	0.239	114.75 	122.525	117.364	2.22213 
42         	129.751         	958         	959        	142            	147             	116.656     	0.236	114.7  	122.325	117.345	2.27867 
44         	129.704         	956         	957        	144            	144             	116.61      	0.233	114.6  	122.725	117.272	2.22832 
48         	129.568         	952         	953        	147            	139             	116.442     	0.227	114.5  	123    	117.145	2.28335 
End Time (hh:mm:ss.ms) 2023-07-16 20:09:24.276133
Total Time (hh:mm:ss.ms) 0:00:15.462971
Individuo: [[11, 10, 18, 20, 3, 9, 6, 1, 21, 15, 23, 16, 2, 5, 13, 8, 19, 4, 0, 7, 22, 17, 14, 12], [0, 0, 0, 0, 0, 0, 0, 0, 0, 0, 1, 1, 1, 1, 1, 1, 1, 1, 0, 0, 0, 1, 0, 0]]
Fitness:  114.50000000000001
Gens:  [0, 1, 2, 3, 4, 5, 6, 7, 8, 9, 10, 11, 12, 13, 14, 15, 16, 17, 18, 19, 20, 21, 22, 23, 24, 25, 26, 27, 28, 29, 30, 31, 32, 33, 34, 35, 36, 37, 38, 39, 40, 41, 42, 43, 44, 45, 46, 47, 48, 49, 50, 51, 52, 53, 54, 55, 56, 57, 58, 59, 60, 61, 62, 63, 64, 65, 66, 67, 68, 69, 70, 71, 72, 73, 74, 75, 76, 77, 78, 79, 80, 81, 82, 83, 84, 85, 86, 87, 88, 89, 90, 91, 92, 93, 94, 95, 96, 97, 98, 99, 100, 101, 102, 103, 104, 105, 106, 107, 108, 109, 110, 111, 112, 113, 114, 115, 116, 117, 118, 119, 120, 121, 122, 123, 124, 125, 126, 127, 128, 129, 130]
Inds:  [119.0, 118.9, 118.45, 118.375, 117.75000000000003, 117.75000000000003, 117.75000000000003, 117.75, 117.575, 117.42500000000001, 117.275, 117.25000000000001, 116.85000000000001, 116.62500000000003, 116.62500000000003, 116.50000000000001, 116.12500000000001, 116.12500000000001, 115.95000000000002, 115.95000000000002, 115.62500000000003, 115.525, 115.525, 115.35000000000001, 115.20000000000003, 115.20000000000003, 115.20000000000003, 115.12500000000001, 115.02500000000002, 115.02500000000002, 115.02500000000002, 115.00000000000001, 115.00000000000001, 114.97500000000001, 114.97500000000001, 114.87500000000003, 114.87500000000001, 114.87500000000001, 114.77500000000002, 114.77500000000002, 114.75000000000001, 114.75000000000001, 114.70000000000003, 114.70000000000003, 114.60000000000004, 114.60000000000004, 114.60000000000004, 114.60000000000004, 114.50000000000001, 114.50000000000001, 114.50000000000001, 114.50000000000001, 114.50000000000001, 114.50000000000001, 114.50000000000001, 114.50000000000001, 114.50000000000001, 114.50000000000001, 114.50000000000001, 114.50000000000001, 114.50000000000001, 114.50000000000001, 114.50000000000001, 114.50000000000001, 114.50000000000001, 114.50000000000001, 114.50000000000001, 114.50000000000001, 114.50000000000001, 114.50000000000001, 114.50000000000001, 114.50000000000001, 114.50000000000001, 114.50000000000001, 114.50000000000001, 114.50000000000001, 114.50000000000001, 114.50000000000001, 114.50000000000001, 114.50000000000001, 114.50000000000001, 114.50000000000001, 114.50000000000001, 114.50000000000001, 114.50000000000001, 114.50000000000001, 114.50000000000001, 114.50000000000001, 114.50000000000001, 114.50000000000001, 114.50000000000001, 114.50000000000001, 114.50000000000001, 114.50000000000001, 114.50000000000001, 114.50000000000001, 114.50000000000001, 114.50000000000001, 114.50000000000001, 114.50000000000001, 114.50000000000001, 114.50000000000001, 114.50000000000001, 114.50000000000001, 114.50000000000001, 114.50000000000001, 114.50000000000001, 114.50000000000001, 114.50000000000001, 114.50000000000001, 114.50000000000001, 114.50000000000001, 114.50000000000001, 114.50000000000001, 114.50000000000001, 114.50000000000001, 114.50000000000001, 114.50000000000001, 114.50000000000001, 114.50000000000001, 114.50000000000001, 114.50000000000001, 114.50000000000001, 114.50000000000001, 114.50000000000001, 114.50000000000001, 114.50000000000001, 114.50000000000001, 114.50000000000001, 114.50000000000001, 114.50000000000001]

Execution 10:
Parametros: Y=0.999
Start Time (hh:mm:ss.ms) 2023-07-16 20:09:25.023163
generations	MaxGenenerations	Populationk1	Populationk	PopulationElite	PopulationMutant	fitnessElite	alpha	min    	max    	avg    	std     
0          	0               	0           	0          	0              	0               	0           	0    	119.125	122.875	121.322	0.589691
1          	134.708         	999         	1000       	100            	200             	120.25      	0.3  	118.875	122.7  	120.862	0.644239
3          	134.398         	997         	998        	102            	198             	120.004     	0.297	118.675	122.575	120.555	0.73804 
5          	134.203         	995         	996        	104            	195             	119.917     	0.294	118.35 	122.55 	120.449	0.81849 
7          	133.852         	993         	994        	106            	192             	119.711     	0.291	117.925	122.85 	120.328	0.881602
13         	133.294         	987         	988        	113            	185             	119.201     	0.281	117.75 	122.75 	119.993	0.998698
15         	133.15          	985         	986        	115            	182             	119.173     	0.278	117.725	122.825	119.876	1.05418 
16         	133.118         	984         	985        	116            	181             	119.14      	0.277	117.4  	122.95 	119.805	1.07117 
20         	132.721         	980         	981        	120            	175             	118.811     	0.271	117.3  	122.725	119.542	1.22058 
23         	132.595         	977         	978        	123            	172             	118.687     	0.266	117.175	122.425	119.273	1.25973 
24         	132.443         	976         	977        	124            	170             	118.568     	0.265	117.125	122.55 	119.205	1.31147 
25         	132.403         	975         	976        	125            	169             	118.556     	0.263	116.8  	122.475	119.138	1.36294 
26         	132.026         	974         	975        	126            	168             	118.288     	0.262	116.775	122.75 	119.006	1.37345 
27         	132.034         	973         	974        	127            	166             	118.332     	0.260	116.55 	123.1  	118.922	1.45604 
31         	131.77          	969         	970        	130            	161             	118.109     	0.254	116.55 	122.625	118.665	1.56464 
32         	131.763         	968         	969        	131            	160             	118.087     	0.252	116.45 	123.025	118.63 	1.57441 
33         	131.703         	967         	968        	132            	159             	118.103     	0.251	116.3  	122.525	118.546	1.59532 
35         	131.464         	965         	966        	134            	156             	117.839     	0.248	116.075	122.775	118.417	1.68847 
40         	131.207         	960         	961        	139            	150             	117.615     	0.240	116.025	122.775	118.172	1.73238 
44         	131.166         	956         	957        	143            	145             	117.566     	0.234	116    	123.2  	118.122	1.75317 
46         	131.138         	954         	955        	145            	142             	117.527     	0.231	115.95 	122.75 	118    	1.74969 
48         	131.062         	952         	953        	147            	140             	117.434     	0.228	115.9  	122.6  	117.967	1.82441 
49         	131.025         	951         	952        	148            	138             	117.419     	0.226	115.9  	122.625	118.079	1.83867 
51         	131.051         	949         	950        	150            	136             	117.443     	0.223	115.85 	122.975	117.892	1.81123 
52         	131.018         	948         	949        	151            	135             	117.433     	0.222	115.8  	122.55 	117.887	1.79383 
53         	130.906         	947         	948        	152            	133             	117.289     	0.220	115.675	122.675	117.816	1.83277 
56         	130.781         	944         	945        	154            	130             	117.186     	0.215	115.65 	123    	117.789	1.85688 
57         	130.795         	943         	944        	155            	129             	117.226     	0.214	115.625	122.6  	117.767	1.85455 
58         	130.714         	942         	943        	156            	127             	117.109     	0.212	115.375	122.35 	117.73 	1.84607 
59         	130.399         	941         	942        	157            	126             	116.847     	0.211	115.275	122.575	117.634	1.83582 
64         	130.296         	936         	937        	162            	120             	116.729     	0.203	115.25 	122.725	117.536	1.92272 
68         	130.271         	932         	933        	166            	115             	116.669     	0.197	115.2  	122.625	117.384	1.89778 
74         	130.263         	926         	927        	171            	108             	116.633     	0.187	115.125	122.35 	117.19 	1.97543 
76         	130.172         	924         	925        	173            	105             	116.538     	0.184	115    	122.325	117.142	1.99012 
80         	130.014         	920         	921        	176            	101             	116.365     	0.178	114.875	122.6  	116.971	2.04959 
85         	129.902         	915         	916        	181            	95              	116.24      	0.170	114.675	122.375	116.778	1.992   
100        	129.598         	900         	901        	194            	77              	115.794     	0.147	114.65 	122.625	116.4  	2.08151 
End Time (hh:mm:ss.ms) 2023-07-16 20:09:40.915133
Total Time (hh:mm:ss.ms) 0:00:15.891970
Individuo: [[11, 15, 23, 0, 20, 6, 9, 19, 8, 16, 2, 5, 13, 7, 22, 3, 4, 18, 1, 21, 10, 17, 14, 12], [0, 0, 1, 1, 1, 1, 1, 0, 0, 1, 1, 1, 1, 1, 0, 0, 1, 0, 0, 0, 0, 1, 0, 0]]
Fitness:  114.65
Gens:  [0, 1, 2, 3, 4, 5, 6, 7, 8, 9, 10, 11, 12, 13, 14, 15, 16, 17, 18, 19, 20, 21, 22, 23, 24, 25, 26, 27, 28, 29, 30, 31, 32, 33, 34, 35, 36, 37, 38, 39, 40, 41, 42, 43, 44, 45, 46, 47, 48, 49, 50, 51, 52, 53, 54, 55, 56, 57, 58, 59, 60, 61, 62, 63, 64, 65, 66, 67, 68, 69, 70, 71, 72, 73, 74, 75, 76, 77, 78, 79, 80, 81, 82, 83, 84, 85, 86, 87, 88, 89, 90, 91, 92, 93, 94, 95, 96, 97, 98, 99, 100, 101, 102, 103, 104, 105, 106, 107, 108, 109, 110, 111, 112, 113, 114, 115, 116, 117, 118, 119, 120, 121, 122, 123, 124, 125, 126, 127, 128, 129, 130]
Inds:  [119.12500000000003, 118.87500000000001, 118.87500000000001, 118.675, 118.675, 118.35000000000001, 118.35000000000001, 117.92500000000004, 117.92500000000004, 117.92500000000004, 117.92500000000004, 117.92500000000004, 117.92500000000004, 117.75000000000001, 117.75000000000001, 117.72499999999998, 117.4, 117.4, 117.4, 117.4, 117.3, 117.3, 117.3, 117.17500000000003, 117.12499999999999, 116.80000000000001, 116.77500000000002, 116.55000000000003, 116.55000000000003, 116.55000000000003, 116.55000000000003, 116.55000000000001, 116.45, 116.30000000000001, 116.30000000000001, 116.07500000000002, 116.07500000000002, 116.07500000000002, 116.07500000000002, 116.07500000000002, 116.02500000000002, 116.02500000000002, 116.02500000000002, 116.02500000000002, 116.00000000000003, 116.00000000000003, 115.95, 115.95, 115.90000000000002, 115.9, 115.9, 115.85000000000002, 115.80000000000001, 115.67500000000001, 115.67500000000001, 115.67500000000001, 115.65, 115.62500000000001, 115.37500000000001, 115.27500000000002, 115.27500000000002, 115.27500000000002, 115.27500000000002, 115.27500000000002, 115.25000000000001, 115.25000000000001, 115.25000000000001, 115.25000000000001, 115.2, 115.2, 115.2, 115.2, 115.2, 115.2, 115.12500000000001, 115.12500000000001, 114.99999999999999, 114.99999999999999, 114.99999999999999, 114.99999999999999, 114.87499999999999, 114.87499999999999, 114.87499999999999, 114.87499999999999, 114.87499999999999, 114.675, 114.675, 114.675, 114.675, 114.675, 114.675, 114.675, 114.675, 114.675, 114.675, 114.675, 114.675, 114.675, 114.675, 114.675, 114.65, 114.65, 114.65, 114.65, 114.65, 114.65, 114.65, 114.65, 114.65, 114.65, 114.65, 114.65, 114.65, 114.65, 114.65, 114.65, 114.65, 114.65, 114.65, 114.65, 114.65, 114.65, 114.65, 114.65, 114.65, 114.65, 114.65, 114.65, 114.65, 114.65, 114.65]

