A-BRKGA-Heuristic:

Execution 1:
Parametros: Y=0.998
Start Time (hh:mm:ss.ms) 2023-07-16 20:18:27.645502
generations	MaxGenenerations	Populationk1	Populationk	PopulationElite	PopulationMutant	fitnessElite	alpha	min    	max    	avg    	std     
0          	0               	0           	0          	0              	0               	0           	0    	145.085	149.735	147.887	0.737906
1          	195.799         	998         	1000       	100            	200             	146.48      	0.3  	144.975	149.625	147.238	0.833161
2          	195.608         	996         	998        	101            	199             	146.365     	0.298	144.575	149.855	147.054	0.937522
3          	195.158         	994         	996        	101            	198             	146.148     	0.297	144.575	149.975	146.91 	1.01416 
4          	195.205         	992         	994        	102            	197             	146.178     	0.296	144.43 	149.415	146.8  	1.0544  
5          	194.79          	990         	992        	103            	195             	145.905     	0.295	144.01 	149.36 	146.65 	1.06899 
6          	194.203         	988         	990        	103            	194             	145.587     	0.294	143.885	150.115	146.483	1.11513 
7          	194.328         	986         	988        	104            	193             	145.716     	0.293	143.67 	149.49 	146.445	1.18587 
8          	193.795         	984         	986        	104            	192             	145.374     	0.292	143.485	150.01 	146.35 	1.21556 
10         	193.717         	980         	982        	105            	190             	145.36      	0.290	143.11 	149.725	146.228	1.28878 
15         	193.093         	970         	972        	108            	184             	144.971     	0.285	143.065	149.765	145.841	1.43237 
16         	193.085         	968         	970        	109            	183             	144.971     	0.284	143.045	150.16 	145.808	1.46011 
17         	193.21          	966         	968        	109            	182             	145.062     	0.283	143.01 	149.865	145.707	1.46761 
18         	193.049         	964         	966        	110            	181             	144.946     	0.282	142.86 	149.665	145.658	1.47683 
19         	192.769         	962         	964        	110            	179             	144.774     	0.281	142.685	149.825	145.588	1.54726 
21         	192.815         	958         	960        	111            	177             	144.838     	0.279	142.34 	149.75 	145.413	1.61244 
24         	192.141         	952         	954        	113            	174             	144.415     	0.276	142.135	149.795	145.032	1.80346 
25         	191.841         	950         	952        	113            	173             	144.241     	0.274	142.04 	149.545	144.881	1.85052 
28         	191.68          	944         	946        	115            	169             	144.125     	0.271	141.91 	149.505	144.758	1.9021  
29         	191.426         	942         	944        	115            	168             	143.966     	0.270	141.76 	149.33 	144.573	1.93886 
31         	191.369         	938         	940        	116            	166             	143.943     	0.268	141.675	149.9  	144.541	2.06134 
32         	191.26          	936         	938        	117            	165             	143.876     	0.267	141.625	149.53 	144.448	2.04839 
34         	191.201         	932         	934        	118            	163             	143.827     	0.265	141.435	149.85 	144.41 	2.07374 
35         	190.917         	930         	932        	118            	162             	143.66      	0.264	141.285	149.655	144.277	2.07222 
39         	190.537         	922         	924        	120            	157             	143.392     	0.260	140.98 	149.72 	144.168	2.2154  
43         	190.318         	914         	916        	122            	153             	143.26      	0.255	140.97 	149.7  	143.887	2.2534  
44         	190.232         	912         	914        	123            	152             	143.194     	0.254	140.805	149.505	143.853	2.27305 
47         	189.997         	906         	908        	124            	149             	143.034     	0.251	140.675	149.735	143.809	2.38841 
49         	190.129         	902         	904        	125            	147             	143.12      	0.249	140.32 	149.695	143.843	2.40583 
50         	189.353         	900         	902        	125            	146             	142.647     	0.248	140.25 	149.825	143.512	2.3943  
56         	189.274         	888         	890        	128            	139             	142.544     	0.241	140.17 	149.655	143.311	2.55633 
60         	189.024         	880         	882        	130            	135             	142.353     	0.237	140.11 	149.655	142.939	2.62404 
61         	189.055         	878         	880        	130            	134             	142.368     	0.236	140.005	149.765	143.033	2.68655 
68         	189.017         	864         	866        	133            	127             	142.279     	0.229	139.98 	149.38 	142.826	2.7109  
77         	188.938         	846         	848        	136            	119             	142.138     	0.219	139.945	149.67 	142.701	2.75923 
80         	188.863         	840         	842        	137            	116             	142.063     	0.216	139.895	149.955	142.543	2.72673 
81         	188.878         	838         	840        	138            	115             	142.061     	0.215	139.79 	149.88 	142.572	2.70583 
87         	188.625         	826         	828        	140            	109             	141.851     	0.208	139.745	150.675	142.425	2.76703 
93         	188.638         	814         	816        	141            	104             	141.792     	0.202	139.675	150.12 	142.415	2.78671 
100        	188.504         	800         	802        	144            	97              	141.639     	0.194	139.645	150.075	142.246	2.76828 
101        	188.586         	798         	800        	144            	97              	141.668     	0.193	139.595	149.76 	142.284	2.73465 
103        	188.458         	794         	796        	144            	95              	141.574     	0.191	139.51 	149.46 	142.264	2.72448 
107        	188.468         	786         	788        	145            	91              	141.523     	0.187	139.475	149.955	142.131	2.75501 
108        	188.311         	784         	786        	146            	90              	141.428     	0.186	139.425	149.685	141.95 	2.72552 
115        	187.941         	770         	772        	148            	84              	141.163     	0.178	139.34 	149.38 	141.945	2.87791 
119        	187.943         	762         	764        	148            	81              	141.105     	0.174	139.305	149.54 	141.747	2.79664 
123        	187.984         	754         	756        	149            	78              	141.073     	0.170	139.29 	149.985	141.504	2.73439 
138        	188.033         	724         	726        	152            	66              	140.924     	0.154	139.23 	149.405	141.514	2.7392  
End Time (hh:mm:ss.ms) 2023-07-16 20:18:47.989552
Total Time (hh:mm:ss.ms) 0:00:20.344050
Individuo: [[13, 2, 3, 23, 7, 14, 6, 20, 8, 24, 26, 1, 17, 9, 25, 19, 27, 0, 10, 18, 16, 11, 22, 5, 4, 21, 15, 12], [1, 1, 1, 1, 1, 1, 0, 0, 0, 0, 0, 0, 0, 0, 0, 0, 0, 0, 0, 0, 0, 0, 0, 1, 1, 1, 1, 1]]
Fitness:  139.23
Gens:  [0, 1, 2, 3, 4, 5, 6, 7, 8, 9, 10, 11, 12, 13, 14, 15, 16, 17, 18, 19, 20, 21, 22, 23, 24, 25, 26, 27, 28, 29, 30, 31, 32, 33, 34, 35, 36, 37, 38, 39, 40, 41, 42, 43, 44, 45, 46, 47, 48, 49, 50, 51, 52, 53, 54, 55, 56, 57, 58, 59, 60, 61, 62, 63, 64, 65, 66, 67, 68, 69, 70, 71, 72, 73, 74, 75, 76, 77, 78, 79, 80, 81, 82, 83, 84, 85, 86, 87, 88, 89, 90, 91, 92, 93, 94, 95, 96, 97, 98, 99, 100, 101, 102, 103, 104, 105, 106, 107, 108, 109, 110, 111, 112, 113, 114, 115, 116, 117, 118, 119, 120, 121, 122, 123, 124, 125, 126, 127, 128, 129, 130, 131, 132, 133, 134, 135, 136, 137, 138, 139, 140, 141, 142, 143, 144, 145, 146, 147, 148, 149, 150, 151, 152, 153, 154, 155, 156, 157, 158, 159, 160, 161, 162, 163, 164, 165, 166, 167, 168, 169, 170, 171, 172, 173, 174, 175, 176, 177, 178, 179, 180, 181, 182, 183, 184, 185, 186, 187, 188]
Inds:  [145.08500000000004, 144.975, 144.57500000000005, 144.575, 144.43, 144.01, 143.885, 143.67, 143.48499999999999, 143.48499999999999, 143.10999999999999, 143.10999999999999, 143.10999999999999, 143.10999999999999, 143.10999999999999, 143.065, 143.045, 143.00999999999996, 142.86, 142.685, 142.685, 142.34, 142.34, 142.34, 142.13499999999996, 142.03999999999996, 142.03999999999996, 142.03999999999996, 141.91, 141.76, 141.76, 141.67499999999998, 141.62500000000003, 141.62500000000003, 141.435, 141.28499999999997, 141.28499999999997, 141.28499999999997, 141.28499999999997, 140.98000000000002, 140.98000000000002, 140.98000000000002, 140.98000000000002, 140.97000000000003, 140.80499999999998, 140.80499999999998, 140.80499999999998, 140.675, 140.675, 140.32, 140.25, 140.25, 140.25, 140.25, 140.25, 140.25, 140.17, 140.17, 140.17, 140.17, 140.11, 140.00499999999997, 140.00499999999997, 140.00499999999997, 140.00499999999997, 140.00499999999997, 140.00499999999997, 140.00499999999997, 139.97999999999996, 139.97999999999996, 139.97999999999996, 139.97999999999996, 139.97999999999996, 139.97999999999996, 139.97999999999996, 139.97999999999996, 139.97999999999996, 139.94499999999996, 139.94499999999996, 139.94499999999996, 139.89499999999998, 139.79000000000002, 139.79000000000002, 139.79000000000002, 139.79000000000002, 139.79000000000002, 139.79000000000002, 139.74499999999998, 139.74499999999998, 139.74499999999998, 139.74499999999998, 139.74499999999998, 139.74499999999998, 139.67499999999995, 139.67499999999995, 139.67499999999995, 139.67499999999995, 139.67499999999995, 139.67499999999995, 139.67499999999995, 139.64499999999998, 139.59499999999997, 139.59499999999997, 139.51, 139.51, 139.51, 139.51, 139.47499999999997, 139.425, 139.425, 139.425, 139.425, 139.425, 139.425, 139.425, 139.33999999999997, 139.33999999999997, 139.33999999999997, 139.33999999999997, 139.305, 139.305, 139.305, 139.305, 139.29, 139.29, 139.29, 139.29, 139.29, 139.29, 139.29, 139.29, 139.29, 139.29, 139.29, 139.29, 139.29, 139.29, 139.29, 139.23, 139.23, 139.23, 139.23, 139.23, 139.23, 139.23, 139.23, 139.23, 139.23, 139.23, 139.23, 139.23, 139.23, 139.23, 139.23, 139.23, 139.23, 139.23, 139.23, 139.23, 139.23, 139.23, 139.23, 139.23, 139.23, 139.23, 139.23, 139.23, 139.23, 139.23, 139.23, 139.23, 139.23, 139.23, 139.23, 139.23, 139.23, 139.23, 139.23, 139.23, 139.23, 139.23, 139.23, 139.23, 139.23, 139.23, 139.23, 139.23, 139.23, 139.23]

Execution 2:
Parametros: Y=0.998
Start Time (hh:mm:ss.ms) 2023-07-16 20:18:48.713529
generations	MaxGenenerations	Populationk1	Populationk	PopulationElite	PopulationMutant	fitnessElite	alpha	min   	max   	avg    	std     
0          	0               	0           	0          	0              	0               	0           	0    	145.33	149.87	147.915	0.776786
1          	196.183         	998         	1000       	100            	200             	146.692     	0.3  	144.77	149.745	147.349	0.801365
2          	195.378         	996         	998        	101            	199             	146.257     	0.298	144.56	149.665	147.144	0.863995
3          	195.063         	994         	996        	101            	198             	146.081     	0.297	144.015	149.86 	146.965	1.00259 
6          	194.439         	988         	990        	103            	194             	145.765     	0.294	143.555	149.4  	146.594	1.11208 
9          	193.74          	982         	984        	105            	191             	145.362     	0.291	143.495	150    	146.203	1.28878 
10         	193.756         	980         	982        	105            	190             	145.386     	0.290	143.17 	149.87 	146.053	1.33788 
12         	193.108         	976         	978        	106            	187             	144.985     	0.288	143.04 	150.06 	145.739	1.50665 
13         	193.165         	974         	976        	107            	186             	145.059     	0.287	142.12 	150.08 	145.61 	1.57382 
16         	191.811         	968         	970        	109            	183             	144.295     	0.284	142.05 	149.935	145.151	1.7684  
19         	191.746         	962         	964        	110            	179             	144.242     	0.281	141.7  	149.555	144.87 	1.85391 
20         	191.162         	960         	962        	111            	178             	143.9       	0.280	141.6  	149.54 	144.729	1.9372  
22         	191.058         	956         	958        	112            	176             	143.834     	0.278	141.335	150.075	144.583	2.02879 
23         	190.868         	954         	956        	112            	175             	143.756     	0.276	141.17 	150.31 	144.501	2.09592 
26         	190.474         	948         	950        	114            	171             	143.485     	0.273	141.005	149.495	144.253	2.19998 
27         	190.202         	946         	948        	114            	170             	143.32      	0.272	140.705	150.05 	144.104	2.25618 
29         	189.82          	942         	944        	116            	168             	143.099     	0.270	140.49 	149.74 	143.928	2.35757 
30         	189.6           	940         	942        	116            	167             	142.982     	0.269	140.445	149.655	143.778	2.41313 
32         	189.59          	936         	938        	117            	165             	142.966     	0.267	140.215	149.895	143.724	2.53762 
35         	189.244         	930         	932        	119            	161             	142.741     	0.264	140.215	149.88 	143.57 	2.59736 
36         	189.282         	928         	930        	119            	160             	142.757     	0.263	140.165	149.75 	143.497	2.57923 
37         	189.165         	926         	928        	120            	159             	142.676     	0.261	140.055	149.61 	143.383	2.6112  
40         	189.17          	920         	922        	121            	156             	142.669     	0.258	140.02 	149.955	143.268	2.6608  
43         	188.905         	914         	916        	122            	153             	142.463     	0.255	139.985	149.84 	143.289	2.68322 
45         	188.917         	910         	912        	123            	151             	142.456     	0.253	139.93 	150.04 	143.142	2.67261 
46         	188.958         	908         	910        	124            	150             	142.481     	0.252	139.92 	149.56 	143.173	2.6802  
48         	188.912         	904         	906        	125            	148             	142.431     	0.250	139.83 	149.86 	143.171	2.71144 
49         	188.755         	902         	904        	125            	146             	142.329     	0.249	139.695	149.53 	143.101	2.71094 
51         	188.45          	898         	900        	126            	144             	142.125     	0.246	139.68 	150.375	142.9  	2.76057 
52         	188.747         	896         	898        	126            	143             	142.311     	0.245	139.655	149.66 	143.112	2.72743 
55         	188.507         	890         	892        	128            	140             	142.125     	0.242	139.59 	149.68 	142.91 	2.77775 
56         	188.363         	888         	890        	128            	139             	142.028     	0.241	139.49 	149.84 	142.824	2.82603 
64         	188.192         	872         	874        	131            	131             	141.843     	0.233	139.46 	149.31 	142.679	2.96929 
70         	188.442         	860         	862        	134            	125             	141.931     	0.226	139.37 	149.73 	142.489	2.93019 
75         	188.141         	850         	852        	136            	120             	141.696     	0.221	139.345	149.31 	142.367	2.95789 
82         	187.959         	836         	838        	138            	114             	141.513     	0.213	139.325	149.88 	142.173	2.92305 
86         	187.977         	828         	830        	139            	110             	141.479     	0.209	139.185	149.645	142.21 	2.96455 
96         	187.752         	808         	810        	143            	101             	141.238     	0.198	139.085	149.365	141.96 	2.97394 
101        	187.632         	798         	800        	144            	96              	141.109     	0.193	138.935	149.82 	141.867	2.92976 
106        	187.363         	788         	790        	146            	92              	140.896     	0.187	138.915	149.335	141.772	2.93157 
114        	187.497         	772         	774        	147            	85              	140.868     	0.179	138.685	149.755	141.549	3.01402 
145        	187.025         	710         	712        	153            	61              	140.245     	0.146	138.51 	149.695	140.909	2.92427 
End Time (hh:mm:ss.ms) 2023-07-16 20:19:09.064502
Total Time (hh:mm:ss.ms) 0:00:20.350973
Individuo: [[12, 15, 20, 23, 6, 7, 2, 17, 1, 26, 5, 0, 27, 19, 21, 24, 3, 9, 10, 18, 16, 11, 22, 25, 4, 8, 14, 13], [0, 0, 1, 0, 0, 1, 1, 1, 1, 1, 1, 1, 1, 1, 1, 0, 0, 0, 0, 0, 0, 0, 0, 0, 0, 1, 0, 0]]
Fitness:  138.51
Gens:  [0, 1, 2, 3, 4, 5, 6, 7, 8, 9, 10, 11, 12, 13, 14, 15, 16, 17, 18, 19, 20, 21, 22, 23, 24, 25, 26, 27, 28, 29, 30, 31, 32, 33, 34, 35, 36, 37, 38, 39, 40, 41, 42, 43, 44, 45, 46, 47, 48, 49, 50, 51, 52, 53, 54, 55, 56, 57, 58, 59, 60, 61, 62, 63, 64, 65, 66, 67, 68, 69, 70, 71, 72, 73, 74, 75, 76, 77, 78, 79, 80, 81, 82, 83, 84, 85, 86, 87, 88, 89, 90, 91, 92, 93, 94, 95, 96, 97, 98, 99, 100, 101, 102, 103, 104, 105, 106, 107, 108, 109, 110, 111, 112, 113, 114, 115, 116, 117, 118, 119, 120, 121, 122, 123, 124, 125, 126, 127, 128, 129, 130, 131, 132, 133, 134, 135, 136, 137, 138, 139, 140, 141, 142, 143, 144, 145, 146, 147, 148, 149, 150, 151, 152, 153, 154, 155, 156, 157, 158, 159, 160, 161, 162, 163, 164, 165, 166, 167, 168, 169, 170, 171, 172, 173, 174, 175, 176, 177, 178, 179, 180, 181, 182, 183, 184, 185, 186, 187, 188]
Inds:  [145.33000000000004, 144.77, 144.56, 144.01500000000004, 144.01500000000004, 144.01500000000004, 143.55500000000004, 143.55500000000004, 143.55500000000004, 143.495, 143.17, 143.17, 143.04, 142.12, 142.12, 142.12, 142.05, 142.05, 142.05, 141.70000000000002, 141.60000000000002, 141.60000000000002, 141.335, 141.17000000000002, 141.17000000000002, 141.17000000000002, 141.00500000000002, 140.705, 140.705, 140.49, 140.44500000000002, 140.44500000000002, 140.215, 140.215, 140.215, 140.21499999999997, 140.165, 140.05500000000004, 140.05500000000004, 140.05500000000004, 140.02000000000004, 140.02000000000004, 140.02000000000004, 139.98500000000004, 139.98500000000004, 139.92999999999998, 139.92000000000002, 139.92000000000002, 139.83000000000004, 139.695, 139.695, 139.68, 139.655, 139.655, 139.655, 139.59, 139.49, 139.49, 139.49, 139.49, 139.49, 139.49, 139.49, 139.49, 139.46, 139.46, 139.46, 139.46, 139.46, 139.46, 139.37, 139.37, 139.37, 139.37, 139.37, 139.345, 139.345, 139.345, 139.345, 139.345, 139.345, 139.345, 139.32500000000002, 139.32500000000002, 139.32500000000002, 139.32500000000002, 139.18499999999997, 139.18499999999997, 139.18499999999997, 139.18499999999997, 139.18499999999997, 139.18499999999997, 139.18499999999997, 139.18499999999997, 139.18499999999997, 139.18499999999997, 139.085, 139.085, 139.085, 139.085, 139.085, 138.935, 138.935, 138.935, 138.935, 138.935, 138.915, 138.915, 138.915, 138.915, 138.915, 138.915, 138.915, 138.915, 138.685, 138.685, 138.685, 138.685, 138.685, 138.685, 138.685, 138.685, 138.685, 138.685, 138.685, 138.685, 138.685, 138.685, 138.685, 138.685, 138.685, 138.685, 138.685, 138.685, 138.685, 138.685, 138.685, 138.685, 138.685, 138.685, 138.685, 138.685, 138.685, 138.685, 138.685, 138.51, 138.51, 138.51, 138.51, 138.51, 138.51, 138.51, 138.51, 138.51, 138.51, 138.51, 138.51, 138.51, 138.51, 138.51, 138.51, 138.51, 138.51, 138.51, 138.51, 138.51, 138.51, 138.51, 138.51, 138.51, 138.51, 138.51, 138.51, 138.51, 138.51, 138.51, 138.51, 138.51, 138.51, 138.51, 138.51, 138.51, 138.51, 138.51, 138.51, 138.51, 138.51, 138.51, 138.51]

Execution 3:
Parametros: Y=0.998
Start Time (hh:mm:ss.ms) 2023-07-16 20:19:09.817536
generations	MaxGenenerations	Populationk1	Populationk	PopulationElite	PopulationMutant	fitnessElite	alpha	min    	max   	avg    	std     
0          	0               	0           	0          	0              	0               	0           	0    	144.565	149.92	147.885	0.794501
1          	195.17          	998         	1000       	100            	200             	146.171     	0.3  	144.425	149.83	147.11 	0.922871
2          	194.946         	996         	998        	101            	199             	146.041     	0.298	144.355	149.535	146.854	0.985377
4          	194.888         	992         	994        	102            	197             	146.009     	0.296	143.935	149.595	146.608	1.13351 
5          	194.193         	990         	992        	103            	195             	145.61      	0.295	143.525	150.05 	146.482	1.18258 
6          	193.816         	988         	990        	103            	194             	145.449     	0.294	143.405	150.015	146.31 	1.21819 
7          	193.64          	986         	988        	104            	193             	145.347     	0.293	143.29 	149.69 	146.2  	1.31052 
9          	193.288         	982         	984        	105            	191             	145.103     	0.291	142.755	149.475	145.847	1.45863 
10         	192.554         	980         	982        	105            	190             	144.708     	0.290	142.455	149.8  	145.658	1.56002 
12         	192.209         	976         	978        	106            	187             	144.525     	0.288	142.195	149.745	145.238	1.70921 
14         	191.782         	972         	974        	108            	185             	144.267     	0.286	141.505	149.895	144.999	1.83777 
18         	191.06          	964         	966        	110            	180             	143.895     	0.282	141.475	150.015	144.74 	2.00408 
19         	191.034         	962         	964        	110            	179             	143.876     	0.281	141.445	149.645	144.533	2.06951 
20         	190.852         	960         	962        	111            	178             	143.742     	0.280	141.425	149.585	144.403	2.12595 
21         	190.803         	958         	960        	111            	177             	143.702     	0.279	141.22 	149.865	144.354	2.14549 
24         	190.465         	952         	954        	113            	174             	143.483     	0.275	140.795	149.875	144.153	2.24433 
26         	190.074         	948         	950        	114            	171             	143.288     	0.273	140.69 	149.53 	144.056	2.24408 
28         	190.062         	944         	946        	115            	169             	143.285     	0.271	140.385	149.695	143.984	2.36327 
30         	189.333         	940         	942        	116            	167             	142.816     	0.269	140.345	149.55 	143.808	2.42809 
32         	189.459         	936         	938        	117            	165             	142.895     	0.267	140.27 	149.965	143.627	2.43852 
34         	189.288         	932         	934        	118            	163             	142.77      	0.265	140.22 	150.175	143.473	2.56048 
35         	189.4           	930         	932        	119            	161             	142.849     	0.264	140.19 	149.99 	143.511	2.58472 
36         	189.29          	928         	930        	119            	160             	142.768     	0.263	140.03 	150.015	143.46 	2.57924 
37         	189.083         	926         	928        	120            	159             	142.645     	0.261	139.945	149.81 	143.37 	2.6092  
38         	188.891         	924         	926        	120            	158             	142.518     	0.260	139.66 	149.9  	143.407	2.63232 
44         	188.374         	912         	914        	123            	152             	142.153     	0.254	139.645	149.315	143.137	2.75357 
49         	188.388         	902         	904        	125            	146             	142.112     	0.249	139.545	149.475	142.861	2.83037 
53         	188.385         	894         	896        	127            	142             	142.08      	0.244	139.5  	150.065	142.865	2.87306 
54         	188.386         	892         	894        	127            	141             	142.075     	0.243	139.4  	149.49 	142.759	2.82289 
55         	188.035         	890         	892        	128            	140             	141.847     	0.242	139.395	149.63 	142.759	2.90969 
58         	188.079         	884         	886        	129            	137             	141.844     	0.239	139.295	150.16 	142.553	2.89359 
62         	188.059         	876         	878        	131            	133             	141.796     	0.235	139.295	149.455	142.686	2.95231 
67         	187.942         	866         	868        	133            	128             	141.667     	0.229	139.24 	149.47 	142.479	2.89948 
69         	187.96          	862         	864        	133            	126             	141.659     	0.227	139.1  	150.065	142.448	2.96543 
73         	187.662         	854         	856        	135            	122             	141.439     	0.223	138.9  	149.655	142.281	2.97579 
End Time (hh:mm:ss.ms) 2023-07-16 20:19:29.916505
Total Time (hh:mm:ss.ms) 0:00:20.098969
Individuo: [[13, 7, 6, 24, 5, 10, 8, 14, 2, 17, 18, 26, 22, 11, 16, 1, 25, 4, 9, 3, 23, 20, 15, 19, 21, 0, 27, 12], [1, 0, 1, 1, 0, 1, 1, 0, 1, 1, 1, 0, 1, 1, 1, 1, 0, 0, 1, 1, 1, 0, 1, 1, 1, 1, 1, 1]]
Fitness:  138.89999999999998
Gens:  [0, 1, 2, 3, 4, 5, 6, 7, 8, 9, 10, 11, 12, 13, 14, 15, 16, 17, 18, 19, 20, 21, 22, 23, 24, 25, 26, 27, 28, 29, 30, 31, 32, 33, 34, 35, 36, 37, 38, 39, 40, 41, 42, 43, 44, 45, 46, 47, 48, 49, 50, 51, 52, 53, 54, 55, 56, 57, 58, 59, 60, 61, 62, 63, 64, 65, 66, 67, 68, 69, 70, 71, 72, 73, 74, 75, 76, 77, 78, 79, 80, 81, 82, 83, 84, 85, 86, 87, 88, 89, 90, 91, 92, 93, 94, 95, 96, 97, 98, 99, 100, 101, 102, 103, 104, 105, 106, 107, 108, 109, 110, 111, 112, 113, 114, 115, 116, 117, 118, 119, 120, 121, 122, 123, 124, 125, 126, 127, 128, 129, 130, 131, 132, 133, 134, 135, 136, 137, 138, 139, 140, 141, 142, 143, 144, 145, 146, 147, 148, 149, 150, 151, 152, 153, 154, 155, 156, 157, 158, 159, 160, 161, 162, 163, 164, 165, 166, 167, 168, 169, 170, 171, 172, 173, 174, 175, 176, 177, 178, 179, 180, 181, 182, 183, 184, 185, 186, 187, 188]
Inds:  [144.565, 144.425, 144.35500000000002, 144.35500000000002, 143.93500000000003, 143.525, 143.40499999999997, 143.29, 143.29, 142.755, 142.45499999999998, 142.45499999999998, 142.19500000000005, 142.19500000000005, 141.505, 141.505, 141.505, 141.505, 141.475, 141.44499999999996, 141.425, 141.22, 141.22, 141.22, 140.795, 140.795, 140.69, 140.69, 140.385, 140.385, 140.34499999999997, 140.34499999999997, 140.26999999999998, 140.26999999999998, 140.21999999999997, 140.19, 140.03000000000003, 139.945, 139.66, 139.66, 139.66, 139.66, 139.66, 139.66, 139.64499999999998, 139.64499999999998, 139.64499999999998, 139.64499999999998, 139.64499999999998, 139.54500000000002, 139.54500000000002, 139.54500000000002, 139.54500000000002, 139.5, 139.39999999999998, 139.39499999999998, 139.39499999999998, 139.39499999999998, 139.29500000000002, 139.29500000000002, 139.29500000000002, 139.29500000000002, 139.295, 139.295, 139.295, 139.295, 139.295, 139.24, 139.24, 139.09999999999997, 139.09999999999997, 139.09999999999997, 139.09999999999997, 138.89999999999998, 138.89999999999998, 138.89999999999998, 138.89999999999998, 138.89999999999998, 138.89999999999998, 138.89999999999998, 138.89999999999998, 138.89999999999998, 138.89999999999998, 138.89999999999998, 138.89999999999998, 138.89999999999998, 138.89999999999998, 138.89999999999998, 138.89999999999998, 138.89999999999998, 138.89999999999998, 138.89999999999998, 138.89999999999998, 138.89999999999998, 138.89999999999998, 138.89999999999998, 138.89999999999998, 138.89999999999998, 138.89999999999998, 138.89999999999998, 138.89999999999998, 138.89999999999998, 138.89999999999998, 138.89999999999998, 138.89999999999998, 138.89999999999998, 138.89999999999998, 138.89999999999998, 138.89999999999998, 138.89999999999998, 138.89999999999998, 138.89999999999998, 138.89999999999998, 138.89999999999998, 138.89999999999998, 138.89999999999998, 138.89999999999998, 138.89999999999998, 138.89999999999998, 138.89999999999998, 138.89999999999998, 138.89999999999998, 138.89999999999998, 138.89999999999998, 138.89999999999998, 138.89999999999998, 138.89999999999998, 138.89999999999998, 138.89999999999998, 138.89999999999998, 138.89999999999998, 138.89999999999998, 138.89999999999998, 138.89999999999998, 138.89999999999998, 138.89999999999998, 138.89999999999998, 138.89999999999998, 138.89999999999998, 138.89999999999998, 138.89999999999998, 138.89999999999998, 138.89999999999998, 138.89999999999998, 138.89999999999998, 138.89999999999998, 138.89999999999998, 138.89999999999998, 138.89999999999998, 138.89999999999998, 138.89999999999998, 138.89999999999998, 138.89999999999998, 138.89999999999998, 138.89999999999998, 138.89999999999998, 138.89999999999998, 138.89999999999998, 138.89999999999998, 138.89999999999998, 138.89999999999998, 138.89999999999998, 138.89999999999998, 138.89999999999998, 138.89999999999998, 138.89999999999998, 138.89999999999998, 138.89999999999998, 138.89999999999998, 138.89999999999998, 138.89999999999998, 138.89999999999998, 138.89999999999998, 138.89999999999998, 138.89999999999998, 138.89999999999998, 138.89999999999998, 138.89999999999998, 138.89999999999998, 138.89999999999998, 138.89999999999998, 138.89999999999998, 138.89999999999998, 138.89999999999998, 138.89999999999998, 138.89999999999998, 138.89999999999998, 138.89999999999998, 138.89999999999998]

Execution 4:
Parametros: Y=0.998
Start Time (hh:mm:ss.ms) 2023-07-16 20:19:30.657504
generations	MaxGenenerations	Populationk1	Populationk	PopulationElite	PopulationMutant	fitnessElite	alpha	min    	max    	avg    	std     
0          	0               	0           	0          	0              	0               	0           	0    	145.385	149.755	147.869	0.759622
1          	196.212         	998         	1000       	100            	200             	146.696     	0.3  	144.525	149.845	147.368	0.847251
3          	195.118         	994         	996        	101            	198             	146.134     	0.297	144.175	149.74 	146.956	0.989388
5          	194.505         	990         	992        	103            	195             	145.77      	0.295	143.845	150.075	146.752	1.08116 
8          	194.093         	984         	986        	104            	192             	145.545     	0.292	143.37 	149.9  	146.354	1.22186 
9          	193.549         	982         	984        	105            	191             	145.275     	0.291	143.165	149.795	146.147	1.24336 
10         	193.231         	980         	982        	105            	190             	145.092     	0.290	143.015	149.63 	146.011	1.39707 
13         	193.021         	974         	976        	107            	186             	144.959     	0.287	142.755	149.62 	145.606	1.51749 
17         	192.651         	966         	968        	109            	182             	144.73      	0.283	142.455	149.715	145.244	1.69434 
18         	192.242         	964         	966        	110            	181             	144.505     	0.282	141.97 	149.79 	145.116	1.76693 
21         	191.649         	958         	960        	111            	177             	144.177     	0.279	141.895	149.42 	144.936	1.88355 
22         	191.373         	956         	958        	112            	176             	143.987     	0.278	141.63 	149.745	144.743	1.91496 
27         	191.19          	946         	948        	114            	170             	143.879     	0.272	141.47 	149.53 	144.548	2.07083 
29         	190.947         	942         	944        	115            	168             	143.726     	0.270	141.41 	149.66 	144.414	2.10554 
31         	190.979         	938         	940        	116            	166             	143.744     	0.268	141.26 	149.53 	144.312	2.1483  
32         	190.559         	936         	938        	117            	165             	143.472     	0.267	140.92 	149.59 	144.174	2.19333 
41         	190.241         	918         	920        	121            	155             	143.236     	0.257	140.795	149.62 	143.888	2.37458 
44         	189.897         	912         	914        	123            	152             	142.997     	0.254	140.745	149.575	143.669	2.42812 
47         	189.927         	906         	908        	124            	149             	142.996     	0.251	140.725	149.685	143.728	2.48864 
48         	189.896         	904         	906        	124            	148             	142.969     	0.250	140.7  	150.21 	143.573	2.41571 
49         	190.062         	902         	904        	125            	147             	143.073     	0.249	140.64 	149.575	143.619	2.48323 
54         	189.861         	892         	894        	127            	142             	142.9       	0.244	140.59 	149.57 	143.631	2.51098 
60         	189.883         	880         	882        	130            	135             	142.859     	0.237	140.58 	149.645	143.415	2.51407 
71         	189.634         	858         	860        	134            	125             	142.6       	0.226	140.55 	150.065	143.193	2.55274 
79         	189.544         	842         	844        	137            	117             	142.472     	0.217	140.53 	149.94 	143.005	2.53569 
80         	189.73          	840         	842        	137            	116             	142.569     	0.216	140.525	149.62 	143.218	2.53756 
86         	189.583         	828         	830        	139            	110             	142.427     	0.210	140.5  	149.78 	142.975	2.52947 
102        	189.556         	796         	798        	144            	96              	142.258     	0.193	140.4  	149.775	142.668	2.48353 
105        	189.484         	790         	792        	145            	93              	142.18      	0.190	140.35 	149.935	142.748	2.46744 
113        	189.263         	774         	776        	147            	87              	141.985     	0.181	140.26 	149.78 	142.618	2.55983 
120        	189.225         	760         	762        	148            	81              	141.882     	0.174	140.245	149.69 	142.387	2.52136 
123        	189.231         	754         	756        	149            	78              	141.852     	0.171	140.08 	149.675	142.384	2.47731 
128        	188.999         	744         	746        	150            	74              	141.659     	0.165	140.02 	149.865	142.344	2.49816 
End Time (hh:mm:ss.ms) 2023-07-16 20:19:50.717502
Total Time (hh:mm:ss.ms) 0:00:20.059998
Individuo: [[14, 20, 8, 10, 26, 25, 19, 0, 9, 6, 24, 21, 4, 5, 22, 1, 18, 11, 16, 17, 3, 23, 7, 2, 13, 12, 27, 15], [1, 0, 0, 0, 0, 0, 0, 0, 1, 1, 1, 0, 0, 0, 0, 0, 1, 1, 1, 0, 1, 1, 1, 1, 0, 0, 0, 0]]
Fitness:  140.01999999999998
Gens:  [0, 1, 2, 3, 4, 5, 6, 7, 8, 9, 10, 11, 12, 13, 14, 15, 16, 17, 18, 19, 20, 21, 22, 23, 24, 25, 26, 27, 28, 29, 30, 31, 32, 33, 34, 35, 36, 37, 38, 39, 40, 41, 42, 43, 44, 45, 46, 47, 48, 49, 50, 51, 52, 53, 54, 55, 56, 57, 58, 59, 60, 61, 62, 63, 64, 65, 66, 67, 68, 69, 70, 71, 72, 73, 74, 75, 76, 77, 78, 79, 80, 81, 82, 83, 84, 85, 86, 87, 88, 89, 90, 91, 92, 93, 94, 95, 96, 97, 98, 99, 100, 101, 102, 103, 104, 105, 106, 107, 108, 109, 110, 111, 112, 113, 114, 115, 116, 117, 118, 119, 120, 121, 122, 123, 124, 125, 126, 127, 128, 129, 130, 131, 132, 133, 134, 135, 136, 137, 138, 139, 140, 141, 142, 143, 144, 145, 146, 147, 148, 149, 150, 151, 152, 153, 154, 155, 156, 157, 158, 159, 160, 161, 162, 163, 164, 165, 166, 167, 168, 169, 170, 171, 172, 173, 174, 175, 176, 177, 178, 179, 180, 181, 182, 183, 184, 185, 186, 187, 188, 189]
Inds:  [145.38500000000002, 144.52499999999995, 144.52499999999995, 144.175, 144.175, 143.84500000000003, 143.84500000000003, 143.84500000000003, 143.37, 143.16500000000002, 143.01500000000001, 143.01500000000001, 143.01500000000001, 142.755, 142.755, 142.755, 142.755, 142.455, 141.97, 141.97, 141.97, 141.895, 141.63000000000002, 141.63000000000002, 141.63000000000002, 141.63000000000002, 141.63000000000002, 141.47000000000003, 141.47000000000003, 141.41, 141.41, 141.26000000000002, 140.92000000000004, 140.92000000000004, 140.92000000000004, 140.92000000000004, 140.92000000000004, 140.92000000000004, 140.92000000000004, 140.92000000000004, 140.92000000000004, 140.79500000000002, 140.79500000000002, 140.79500000000002, 140.745, 140.745, 140.745, 140.72500000000002, 140.7, 140.64000000000001, 140.64000000000001, 140.64000000000001, 140.64000000000001, 140.64000000000001, 140.59, 140.59, 140.59, 140.59, 140.59, 140.59, 140.58, 140.58, 140.58, 140.58, 140.58, 140.58, 140.58, 140.58, 140.58, 140.58, 140.58, 140.55, 140.55, 140.55, 140.55, 140.55, 140.55, 140.55, 140.55, 140.53000000000003, 140.525, 140.525, 140.525, 140.525, 140.525, 140.525, 140.5, 140.5, 140.5, 140.5, 140.5, 140.5, 140.5, 140.5, 140.5, 140.5, 140.5, 140.5, 140.5, 140.5, 140.5, 140.5, 140.39999999999998, 140.39999999999998, 140.39999999999998, 140.34999999999997, 140.34999999999997, 140.34999999999997, 140.34999999999997, 140.34999999999997, 140.34999999999997, 140.34999999999997, 140.34999999999997, 140.26, 140.26, 140.26, 140.26, 140.26, 140.26, 140.26, 140.24499999999998, 140.24499999999998, 140.24499999999998, 140.07999999999998, 140.07999999999998, 140.07999999999998, 140.07999999999998, 140.07999999999998, 140.01999999999998, 140.01999999999998, 140.01999999999998, 140.01999999999998, 140.01999999999998, 140.01999999999998, 140.01999999999998, 140.01999999999998, 140.01999999999998, 140.01999999999998, 140.01999999999998, 140.01999999999998, 140.01999999999998, 140.01999999999998, 140.01999999999998, 140.01999999999998, 140.01999999999998, 140.01999999999998, 140.01999999999998, 140.01999999999998, 140.01999999999998, 140.01999999999998, 140.01999999999998, 140.01999999999998, 140.01999999999998, 140.01999999999998, 140.01999999999998, 140.01999999999998, 140.01999999999998, 140.01999999999998, 140.01999999999998, 140.01999999999998, 140.01999999999998, 140.01999999999998, 140.01999999999998, 140.01999999999998, 140.01999999999998, 140.01999999999998, 140.01999999999998, 140.01999999999998, 140.01999999999998, 140.01999999999998, 140.01999999999998, 140.01999999999998, 140.01999999999998, 140.01999999999998, 140.01999999999998, 140.01999999999998, 140.01999999999998, 140.01999999999998, 140.01999999999998, 140.01999999999998, 140.01999999999998, 140.01999999999998, 140.01999999999998, 140.01999999999998, 140.01999999999998, 140.01999999999998, 140.01999999999998, 140.01999999999998, 140.01999999999998, 140.01999999999998]

Execution 5:
Parametros: Y=0.998
Start Time (hh:mm:ss.ms) 2023-07-16 20:19:51.489536
generations	MaxGenenerations	Populationk1	Populationk	PopulationElite	PopulationMutant	fitnessElite	alpha	min   	max    	avg    	std     
0          	0               	0           	0          	0              	0               	0           	0    	145.28	149.885	147.851	0.772288
1          	196.121         	998         	1000       	100            	200             	146.662     	0.3  	145.13	149.55 	147.288	0.846371
2          	195.787         	996         	998        	101            	199             	146.451     	0.298	144.52	149.935	147.055	0.909905
3          	195.115         	994         	996        	101            	198             	146.133     	0.297	144.095	149.775	146.918	0.981017
7          	194.539         	986         	988        	104            	193             	145.81      	0.293	143.95 	149.79 	146.515	1.16711 
8          	194.289         	984         	986        	104            	192             	145.66      	0.292	143.525	149.895	146.406	1.17493 
10         	193.69          	980         	982        	105            	190             	145.327     	0.290	143.505	150.095	146.258	1.26297 
11         	193.807         	978         	980        	106            	189             	145.414     	0.289	143.47 	149.94 	146.132	1.31315 
12         	193.699         	976         	978        	106            	187             	145.338     	0.288	143.41 	149.655	146.046	1.32698 
13         	193.508         	974         	976        	107            	186             	145.206     	0.287	143.31 	149.56 	145.989	1.39867 
14         	193.336         	972         	974        	108            	185             	145.101     	0.286	143.24 	149.885	145.87 	1.45288 
15         	193.367         	970         	972        	108            	184             	145.137     	0.285	142.935	149.5  	145.809	1.4521  
16         	192.807         	968         	970        	109            	183             	144.802     	0.284	142.815	149.615	145.665	1.48641 
17         	192.689         	966         	968        	109            	182             	144.742     	0.283	142.79 	149.82 	145.562	1.54622 
19         	192.76          	962         	964        	110            	179             	144.786     	0.281	142.01 	149.955	145.303	1.62365 
22         	191.559         	956         	958        	112            	176             	144.093     	0.278	141.935	149.8  	144.847	1.83087 
23         	191.573         	954         	956        	112            	175             	144.114     	0.277	141.82 	149.545	144.833	1.89191 
24         	191.32          	952         	954        	113            	174             	143.952     	0.275	141.71 	149.725	144.715	1.90177 
25         	191.241         	950         	952        	113            	173             	143.913     	0.274	140.905	149.67 	144.675	1.99734 
30         	190.227         	940         	942        	116            	167             	143.333     	0.269	140.795	149.845	144.109	2.29146 
31         	190.051         	938         	940        	117            	166             	143.224     	0.268	140.745	149.39 	144.045	2.32306 
32         	189.811         	936         	938        	117            	165             	143.056     	0.267	140.585	149.505	143.906	2.40356 
33         	189.639         	934         	936        	118            	164             	142.96      	0.266	140.335	149.77 	143.793	2.45494 
34         	189.402         	932         	934        	118            	163             	142.837     	0.265	140.25 	149.54 	143.682	2.51223 
35         	189.2           	930         	932        	119            	161             	142.703     	0.264	139.6  	149.625	143.667	2.59238 
41         	188.527         	918         	920        	122            	155             	142.299     	0.257	139.525	150.07 	143.115	2.76538 
44         	188.381         	912         	914        	123            	152             	142.179     	0.254	138.96 	149.445	142.962	2.83517 
47         	187.453         	906         	908        	124            	148             	141.61      	0.250	138.63 	149.51 	142.731	2.95127 
End Time (hh:mm:ss.ms) 2023-07-16 20:20:11.239501
Total Time (hh:mm:ss.ms) 0:00:19.749965
Individuo: [[12, 27, 19, 21, 24, 3, 17, 18, 22, 11, 16, 1, 10, 9, 2, 7, 23, 6, 20, 8, 5, 26, 25, 4, 0, 15, 14, 13], [0, 1, 1, 1, 0, 0, 1, 1, 1, 1, 1, 1, 1, 1, 0, 0, 0, 0, 0, 0, 0, 0, 0, 0, 1, 0, 0, 0]]
Fitness:  138.63
Gens:  [0, 1, 2, 3, 4, 5, 6, 7, 8, 9, 10, 11, 12, 13, 14, 15, 16, 17, 18, 19, 20, 21, 22, 23, 24, 25, 26, 27, 28, 29, 30, 31, 32, 33, 34, 35, 36, 37, 38, 39, 40, 41, 42, 43, 44, 45, 46, 47, 48, 49, 50, 51, 52, 53, 54, 55, 56, 57, 58, 59, 60, 61, 62, 63, 64, 65, 66, 67, 68, 69, 70, 71, 72, 73, 74, 75, 76, 77, 78, 79, 80, 81, 82, 83, 84, 85, 86, 87, 88, 89, 90, 91, 92, 93, 94, 95, 96, 97, 98, 99, 100, 101, 102, 103, 104, 105, 106, 107, 108, 109, 110, 111, 112, 113, 114, 115, 116, 117, 118, 119, 120, 121, 122, 123, 124, 125, 126, 127, 128, 129, 130, 131, 132, 133, 134, 135, 136, 137, 138, 139, 140, 141, 142, 143, 144, 145, 146, 147, 148, 149, 150, 151, 152, 153, 154, 155, 156, 157, 158, 159, 160, 161, 162, 163, 164, 165, 166, 167, 168, 169, 170, 171, 172, 173, 174, 175, 176, 177, 178, 179, 180, 181, 182, 183, 184, 185, 186, 187]
Inds:  [145.28, 145.13, 144.52, 144.09500000000003, 144.09500000000003, 144.09500000000003, 144.09500000000003, 143.95, 143.525, 143.525, 143.505, 143.47, 143.41, 143.31, 143.23999999999998, 142.93500000000003, 142.815, 142.79000000000002, 142.79000000000002, 142.01, 142.01, 142.01, 141.935, 141.82, 141.70999999999998, 140.905, 140.905, 140.905, 140.905, 140.905, 140.795, 140.745, 140.585, 140.335, 140.25, 139.60000000000002, 139.60000000000002, 139.60000000000002, 139.60000000000002, 139.60000000000002, 139.60000000000002, 139.525, 139.525, 139.525, 138.95999999999998, 138.95999999999998, 138.95999999999998, 138.63, 138.63, 138.63, 138.63, 138.63, 138.63, 138.63, 138.63, 138.63, 138.63, 138.63, 138.63, 138.63, 138.63, 138.63, 138.63, 138.63, 138.63, 138.63, 138.63, 138.63, 138.63, 138.63, 138.63, 138.63, 138.63, 138.63, 138.63, 138.63, 138.63, 138.63, 138.63, 138.63, 138.63, 138.63, 138.63, 138.63, 138.63, 138.63, 138.63, 138.63, 138.63, 138.63, 138.63, 138.63, 138.63, 138.63, 138.63, 138.63, 138.63, 138.63, 138.63, 138.63, 138.63, 138.63, 138.63, 138.63, 138.63, 138.63, 138.63, 138.63, 138.63, 138.63, 138.63, 138.63, 138.63, 138.63, 138.63, 138.63, 138.63, 138.63, 138.63, 138.63, 138.63, 138.63, 138.63, 138.63, 138.63, 138.63, 138.63, 138.63, 138.63, 138.63, 138.63, 138.63, 138.63, 138.63, 138.63, 138.63, 138.63, 138.63, 138.63, 138.63, 138.63, 138.63, 138.63, 138.63, 138.63, 138.63, 138.63, 138.63, 138.63, 138.63, 138.63, 138.63, 138.63, 138.63, 138.63, 138.63, 138.63, 138.63, 138.63, 138.63, 138.63, 138.63, 138.63, 138.63, 138.63, 138.63, 138.63, 138.63, 138.63, 138.63, 138.63, 138.63, 138.63, 138.63, 138.63, 138.63, 138.63, 138.63, 138.63, 138.63, 138.63, 138.63, 138.63, 138.63, 138.63, 138.63, 138.63, 138.63]

Execution 6:
Parametros: Y=0.998
Start Time (hh:mm:ss.ms) 2023-07-16 20:20:11.960536
generations	MaxGenenerations	Populationk1	Populationk	PopulationElite	PopulationMutant	fitnessElite	alpha	min   	max    	avg    	std     
0          	0               	0           	0          	0              	0               	0           	0    	145.28	150.145	147.852	0.768641
1          	196.223         	998         	1000       	100            	200             	146.74      	0.3  	144.945	149.55 	147.324	0.821768
3          	195.651         	994         	996        	101            	198             	146.403     	0.297	144.195	149.82 	146.934	0.978304
6          	194.53          	988         	990        	103            	194             	145.777     	0.294	143.985	149.72 	146.611	1.11371 
9          	194.359         	982         	984        	105            	191             	145.696     	0.291	143.625	149.705	146.328	1.22091 
11         	193.817         	978         	980        	106            	189             	145.386     	0.289	143.31 	149.5  	146.114	1.26616 
13         	193.41          	974         	976        	107            	186             	145.162     	0.287	142.98 	149.98 	145.938	1.34505 
15         	192.999         	970         	972        	108            	184             	144.938     	0.285	142.975	149.98 	145.772	1.41313 
18         	192.797         	964         	966        	110            	181             	144.771     	0.282	142.885	149.475	145.656	1.47867 
20         	192.753         	960         	962        	111            	178             	144.749     	0.280	142.86 	149.955	145.53 	1.5049  
21         	192.881         	958         	960        	111            	177             	144.841     	0.279	142.61 	149.35 	145.528	1.5599  
22         	192.311         	956         	958        	112            	176             	144.485     	0.278	142.59 	149.735	145.45 	1.58632 
25         	192.607         	950         	952        	113            	173             	144.681     	0.275	142.5  	150.05 	145.272	1.66031 
26         	192.432         	948         	950        	114            	172             	144.569     	0.274	142.485	149.675	145.279	1.64397 
27         	192.267         	946         	948        	114            	171             	144.448     	0.272	142.27 	149.635	145.121	1.68284 
29         	191.889         	942         	944        	115            	168             	144.213     	0.270	141.86 	149.435	144.918	1.75087 
30         	191.332         	940         	942        	116            	167             	143.903     	0.269	141.57 	149.835	144.865	1.79433 
35         	191             	930         	932        	118            	162             	143.69      	0.264	141.455	149.49 	144.469	1.98236 
37         	190.812         	926         	928        	119            	159             	143.566     	0.262	140.97 	149.315	144.267	2.03517 
40         	190.168         	920         	922        	121            	156             	143.187     	0.258	140.895	149.34 	144.035	2.12613 
44         	190.025         	912         	914        	123            	152             	143.067     	0.254	140.815	149.92 	143.829	2.31997 
47         	190.037         	906         	908        	124            	149             	143.059     	0.251	140.77 	149.665	143.772	2.35653 
49         	189.887         	902         	904        	125            	147             	142.948     	0.249	140.75 	149.27 	143.64 	2.38651 
50         	189.772         	900         	902        	125            	146             	142.866     	0.248	140.63 	149.57 	143.576	2.41178 
51         	189.724         	898         	900        	126            	145             	142.841     	0.247	140.595	149.35 	143.691	2.41868 
53         	189.763         	894         	896        	127            	143             	142.851     	0.245	140.415	149.545	143.528	2.40292 
59         	189.298         	882         	884        	129            	136             	142.515     	0.238	140.32 	149.54 	143.16 	2.49132 
60         	189.295         	880         	882        	130            	135             	142.511     	0.237	140.225	150.075	143.233	2.51481 
67         	189.074         	866         	868        	132            	128             	142.313     	0.230	140.205	149.56 	143.055	2.57858 
68         	189.147         	864         	866        	133            	127             	142.349     	0.229	140.065	149.28 	143.028	2.56831 
69         	188.852         	862         	864        	133            	126             	142.166     	0.227	139.865	149.615	142.977	2.60117 
77         	188.9           	846         	848        	136            	119             	142.116     	0.219	139.805	149.73 	142.786	2.66112 
78         	188.672         	844         	846        	137            	118             	141.972     	0.218	139.755	149.975	142.702	2.70579 
81         	188.529         	838         	840        	138            	115             	141.858     	0.215	139.74 	149.495	142.518	2.64226 
99         	188.567         	802         	804        	143            	98              	141.69      	0.196	139.705	149.885	142.367	2.75113 
134        	188.607         	732         	734        	151            	69              	141.328     	0.158	139.555	149.455	141.816	2.60924 
End Time (hh:mm:ss.ms) 2023-07-16 20:20:32.360504
Total Time (hh:mm:ss.ms) 0:00:20.399968
Individuo: [[13, 14, 21, 19, 27, 0, 20, 7, 2, 3, 6, 23, 5, 18, 17, 9, 16, 1, 26, 24, 4, 25, 22, 11, 10, 8, 15, 12], [1, 1, 0, 0, 0, 0, 1, 1, 1, 1, 0, 0, 0, 0, 0, 0, 0, 1, 1, 1, 1, 1, 1, 1, 1, 1, 1, 1]]
Fitness:  139.555
Gens:  [0, 1, 2, 3, 4, 5, 6, 7, 8, 9, 10, 11, 12, 13, 14, 15, 16, 17, 18, 19, 20, 21, 22, 23, 24, 25, 26, 27, 28, 29, 30, 31, 32, 33, 34, 35, 36, 37, 38, 39, 40, 41, 42, 43, 44, 45, 46, 47, 48, 49, 50, 51, 52, 53, 54, 55, 56, 57, 58, 59, 60, 61, 62, 63, 64, 65, 66, 67, 68, 69, 70, 71, 72, 73, 74, 75, 76, 77, 78, 79, 80, 81, 82, 83, 84, 85, 86, 87, 88, 89, 90, 91, 92, 93, 94, 95, 96, 97, 98, 99, 100, 101, 102, 103, 104, 105, 106, 107, 108, 109, 110, 111, 112, 113, 114, 115, 116, 117, 118, 119, 120, 121, 122, 123, 124, 125, 126, 127, 128, 129, 130, 131, 132, 133, 134, 135, 136, 137, 138, 139, 140, 141, 142, 143, 144, 145, 146, 147, 148, 149, 150, 151, 152, 153, 154, 155, 156, 157, 158, 159, 160, 161, 162, 163, 164, 165, 166, 167, 168, 169, 170, 171, 172, 173, 174, 175, 176, 177, 178, 179, 180, 181, 182, 183, 184, 185, 186, 187, 188, 189]
Inds:  [145.28000000000003, 144.945, 144.945, 144.19500000000002, 144.19500000000002, 144.19500000000002, 143.985, 143.985, 143.985, 143.62499999999997, 143.62499999999997, 143.31000000000003, 143.31000000000003, 142.98000000000002, 142.98000000000002, 142.97500000000002, 142.97500000000002, 142.97500000000002, 142.88500000000002, 142.88500000000002, 142.85999999999999, 142.61, 142.59, 142.59, 142.59, 142.5, 142.485, 142.27, 142.27, 141.86, 141.57, 141.57, 141.57, 141.57, 141.57, 141.455, 141.455, 140.97, 140.97, 140.97, 140.895, 140.895, 140.895, 140.895, 140.815, 140.815, 140.815, 140.77, 140.77, 140.75, 140.63, 140.59500000000003, 140.59500000000003, 140.415, 140.415, 140.415, 140.415, 140.415, 140.415, 140.32, 140.22500000000002, 140.22500000000002, 140.22500000000002, 140.22500000000002, 140.22500000000002, 140.22500000000002, 140.22500000000002, 140.205, 140.065, 139.865, 139.865, 139.865, 139.865, 139.865, 139.865, 139.865, 139.865, 139.805, 139.755, 139.755, 139.755, 139.74, 139.74, 139.74, 139.74, 139.74, 139.74, 139.74, 139.74, 139.74, 139.74, 139.74, 139.74, 139.74, 139.74, 139.74, 139.74, 139.74, 139.74, 139.705, 139.705, 139.705, 139.705, 139.705, 139.705, 139.705, 139.705, 139.705, 139.705, 139.705, 139.705, 139.705, 139.705, 139.705, 139.705, 139.705, 139.705, 139.705, 139.705, 139.705, 139.705, 139.705, 139.705, 139.705, 139.705, 139.705, 139.705, 139.705, 139.705, 139.705, 139.705, 139.705, 139.705, 139.705, 139.555, 139.555, 139.555, 139.555, 139.555, 139.555, 139.555, 139.555, 139.555, 139.555, 139.555, 139.555, 139.555, 139.555, 139.555, 139.555, 139.555, 139.555, 139.555, 139.555, 139.555, 139.555, 139.555, 139.555, 139.555, 139.555, 139.555, 139.555, 139.555, 139.555, 139.555, 139.555, 139.555, 139.555, 139.555, 139.555, 139.555, 139.555, 139.555, 139.555, 139.555, 139.555, 139.555, 139.555, 139.555, 139.555, 139.555, 139.555, 139.555, 139.555, 139.555, 139.555, 139.555, 139.555, 139.555, 139.555]

Execution 7:
Parametros: Y=0.998
Start Time (hh:mm:ss.ms) 2023-07-16 20:20:33.118538
generations	MaxGenenerations	Populationk1	Populationk	PopulationElite	PopulationMutant	fitnessElite	alpha	min    	max    	avg    	std    
0          	0               	0           	0          	0              	0               	0           	0    	145.645	149.825	147.887	0.77884
1          	196.59          	998         	1000       	100            	200             	146.899     	0.3  	144.8  	149.915	147.344	0.829027
3          	195.422         	994         	996        	101            	198             	146.276     	0.297	144.695	149.935	146.983	0.96864 
4          	195.351         	992         	994        	102            	197             	146.251     	0.296	144.18 	149.77 	146.804	0.988484
5          	194.591         	990         	992        	103            	195             	145.834     	0.295	144.145	150.075	146.673	1.05079 
7          	194.706         	986         	988        	104            	193             	145.92      	0.293	143.67 	149.93 	146.513	1.1261  
8          	193.965         	984         	986        	104            	192             	145.503     	0.292	143.245	149.625	146.457	1.21203 
12         	193.281         	976         	978        	106            	187             	145.092     	0.288	143.19 	149.655	145.856	1.39404 
13         	193.211         	974         	976        	107            	186             	145.049     	0.287	142.965	149.985	145.774	1.43525 
14         	193.035         	972         	974        	108            	185             	144.976     	0.286	142.815	149.545	145.589	1.4971  
15         	192.662         	970         	972        	108            	184             	144.736     	0.285	142.45 	149.935	145.444	1.58517 
16         	192.32          	968         	970        	109            	183             	144.579     	0.284	142.125	149.43 	145.271	1.62267 
18         	191.791         	964         	966        	110            	180             	144.263     	0.282	141.64 	149.515	144.992	1.79086 
21         	191.137         	958         	960        	111            	177             	143.889     	0.279	141.48 	149.95 	144.566	1.97379 
22         	191.016         	956         	958        	112            	176             	143.835     	0.278	141.33 	149.845	144.535	2.04092 
23         	190.774         	954         	956        	112            	175             	143.688     	0.276	141.235	149.45 	144.441	2.07722 
25         	190.682         	950         	952        	113            	173             	143.627     	0.274	141.16 	149.69 	144.278	2.14563 
26         	190.485         	948         	950        	114            	171             	143.495     	0.273	141.025	149.775	144.141	2.16958 
27         	190.335         	946         	948        	114            	170             	143.411     	0.272	140.695	149.675	144.104	2.24008 
29         	189.821         	942         	944        	116            	168             	143.102     	0.270	140.545	149.575	143.854	2.29058 
32         	189.701         	936         	938        	117            	165             	143.022     	0.267	140.46 	149.56 	143.695	2.41584 
33         	189.491         	934         	936        	118            	164             	142.883     	0.266	140.46 	149.725	143.7  	2.41019 
34         	189.554         	932         	934        	118            	163             	142.917     	0.265	140.37 	149.9  	143.707	2.42775 
35         	189.499         	930         	932        	119            	161             	142.887     	0.264	140.26 	149.86 	143.647	2.45124 
39         	189.248         	922         	924        	120            	157             	142.695     	0.259	140.01 	149.645	143.522	2.5179  
40         	188.916         	920         	922        	121            	156             	142.503     	0.258	139.81 	149.475	143.264	2.54635 
50         	188.847         	900         	902        	126            	145             	142.382     	0.248	139.525	149.795	143.018	2.69327 
56         	188.175         	888         	890        	128            	139             	141.914     	0.241	139.465	150.05 	142.683	2.79915 
60         	188.337         	880         	882        	130            	135             	141.98      	0.237	139.34 	150.355	142.637	2.789   
61         	188.28          	878         	880        	130            	134             	141.942     	0.236	139.29 	149.475	142.531	2.83181 
65         	188.026         	870         	872        	132            	130             	141.741     	0.231	139.24 	149.82 	142.398	2.79273 
68         	187.842         	864         	866        	133            	127             	141.598     	0.228	139.14 	149.89 	142.385	2.85386 
70         	187.881         	860         	862        	134            	125             	141.604     	0.226	139.09 	149.61 	142.344	2.91702 
71         	187.662         	858         	860        	134            	124             	141.461     	0.225	138.79 	149.745	142.369	2.91754 
87         	187.294         	826         	828        	140            	109             	141.063     	0.208	138.54 	149.47 	141.858	3.05684 
94         	186.994         	812         	814        	142            	102             	140.8       	0.200	138.34 	149.4  	141.537	3.01947 
End Time (hh:mm:ss.ms) 2023-07-16 20:20:52.949503
Total Time (hh:mm:ss.ms) 0:00:19.830965
Individuo: [[13, 7, 23, 6, 20, 8, 21, 19, 27, 0, 4, 25, 26, 5, 10, 18, 1, 22, 11, 16, 17, 9, 24, 3, 2, 14, 15, 12], [1, 0, 0, 0, 0, 0, 0, 0, 0, 0, 1, 1, 1, 1, 0, 0, 1, 1, 1, 1, 0, 0, 0, 0, 0, 1, 1, 1]]
Fitness:  138.34000000000003
Gens:  [0, 1, 2, 3, 4, 5, 6, 7, 8, 9, 10, 11, 12, 13, 14, 15, 16, 17, 18, 19, 20, 21, 22, 23, 24, 25, 26, 27, 28, 29, 30, 31, 32, 33, 34, 35, 36, 37, 38, 39, 40, 41, 42, 43, 44, 45, 46, 47, 48, 49, 50, 51, 52, 53, 54, 55, 56, 57, 58, 59, 60, 61, 62, 63, 64, 65, 66, 67, 68, 69, 70, 71, 72, 73, 74, 75, 76, 77, 78, 79, 80, 81, 82, 83, 84, 85, 86, 87, 88, 89, 90, 91, 92, 93, 94, 95, 96, 97, 98, 99, 100, 101, 102, 103, 104, 105, 106, 107, 108, 109, 110, 111, 112, 113, 114, 115, 116, 117, 118, 119, 120, 121, 122, 123, 124, 125, 126, 127, 128, 129, 130, 131, 132, 133, 134, 135, 136, 137, 138, 139, 140, 141, 142, 143, 144, 145, 146, 147, 148, 149, 150, 151, 152, 153, 154, 155, 156, 157, 158, 159, 160, 161, 162, 163, 164, 165, 166, 167, 168, 169, 170, 171, 172, 173, 174, 175, 176, 177, 178, 179, 180, 181, 182, 183, 184, 185, 186, 187]
Inds:  [145.64499999999998, 144.79999999999998, 144.79999999999998, 144.695, 144.17999999999998, 144.145, 144.145, 143.67000000000002, 143.24499999999998, 143.24499999999998, 143.24499999999998, 143.24499999999998, 143.19000000000005, 142.96499999999997, 142.815, 142.45, 142.125, 142.125, 141.64, 141.64, 141.64, 141.48, 141.33, 141.235, 141.235, 141.16, 141.02500000000003, 140.69500000000002, 140.69500000000002, 140.54500000000002, 140.54500000000002, 140.54500000000002, 140.46, 140.45999999999998, 140.37, 140.26, 140.26, 140.26, 140.26, 140.01, 139.81, 139.81, 139.81, 139.81, 139.81, 139.81, 139.81, 139.81, 139.81, 139.81, 139.525, 139.525, 139.525, 139.525, 139.525, 139.525, 139.465, 139.465, 139.465, 139.465, 139.34000000000003, 139.29000000000002, 139.29000000000002, 139.29000000000002, 139.29000000000002, 139.24, 139.24, 139.24, 139.14000000000001, 139.14000000000001, 139.09000000000003, 138.79000000000002, 138.79000000000002, 138.79000000000002, 138.79000000000002, 138.79000000000002, 138.79000000000002, 138.79000000000002, 138.79000000000002, 138.79000000000002, 138.79000000000002, 138.79000000000002, 138.79000000000002, 138.79000000000002, 138.79000000000002, 138.79000000000002, 138.79000000000002, 138.54000000000002, 138.54000000000002, 138.54000000000002, 138.54000000000002, 138.54000000000002, 138.54000000000002, 138.54000000000002, 138.34000000000003, 138.34000000000003, 138.34000000000003, 138.34000000000003, 138.34000000000003, 138.34000000000003, 138.34000000000003, 138.34000000000003, 138.34000000000003, 138.34000000000003, 138.34000000000003, 138.34000000000003, 138.34000000000003, 138.34000000000003, 138.34000000000003, 138.34000000000003, 138.34000000000003, 138.34000000000003, 138.34000000000003, 138.34000000000003, 138.34000000000003, 138.34000000000003, 138.34000000000003, 138.34000000000003, 138.34000000000003, 138.34000000000003, 138.34000000000003, 138.34000000000003, 138.34000000000003, 138.34000000000003, 138.34000000000003, 138.34000000000003, 138.34000000000003, 138.34000000000003, 138.34000000000003, 138.34000000000003, 138.34000000000003, 138.34000000000003, 138.34000000000003, 138.34000000000003, 138.34000000000003, 138.34000000000003, 138.34000000000003, 138.34000000000003, 138.34000000000003, 138.34000000000003, 138.34000000000003, 138.34000000000003, 138.34000000000003, 138.34000000000003, 138.34000000000003, 138.34000000000003, 138.34000000000003, 138.34000000000003, 138.34000000000003, 138.34000000000003, 138.34000000000003, 138.34000000000003, 138.34000000000003, 138.34000000000003, 138.34000000000003, 138.34000000000003, 138.34000000000003, 138.34000000000003, 138.34000000000003, 138.34000000000003, 138.34000000000003, 138.34000000000003, 138.34000000000003, 138.34000000000003, 138.34000000000003, 138.34000000000003, 138.34000000000003, 138.34000000000003, 138.34000000000003, 138.34000000000003, 138.34000000000003, 138.34000000000003, 138.34000000000003, 138.34000000000003, 138.34000000000003, 138.34000000000003, 138.34000000000003, 138.34000000000003, 138.34000000000003, 138.34000000000003, 138.34000000000003, 138.34000000000003, 138.34000000000003, 138.34000000000003, 138.34000000000003, 138.34000000000003, 138.34000000000003, 138.34000000000003]

Execution 8:
Parametros: Y=0.998
Start Time (hh:mm:ss.ms) 2023-07-16 20:20:53.675530
generations	MaxGenenerations	Populationk1	Populationk	PopulationElite	PopulationMutant	fitnessElite	alpha	min    	max    	avg    	std     
0          	0               	0           	0          	0              	0               	0           	0    	144.915	149.745	147.929	0.752691
1          	195.574         	998         	1000       	100            	200             	146.364     	0.3  	144.735	149.835	147.287	0.808023
2          	195.366         	996         	998        	101            	199             	146.26      	0.298	144.485	149.52 	147.069	0.917927
3          	194.906         	994         	996        	101            	198             	145.985     	0.297	144.135	150.145	146.959	0.971259
6          	194.404         	988         	990        	103            	194             	145.701     	0.294	143.875	149.955	146.545	1.14209 
7          	194.252         	986         	988        	104            	193             	145.661     	0.293	143.71 	149.67 	146.32 	1.2345  
8          	193.918         	984         	986        	104            	192             	145.455     	0.292	143.58 	149.575	146.16 	1.28617 
9          	193.706         	982         	984        	105            	191             	145.329     	0.291	143.1  	149.29 	146.057	1.32556 
10         	192.948         	980         	982        	105            	190             	144.899     	0.290	142.52 	149.795	145.981	1.41814 
15         	192.341         	970         	972        	108            	184             	144.582     	0.285	142.485	149.485	145.241	1.66448 
16         	192.194         	968         	970        	109            	183             	144.476     	0.284	142.405	149.71 	145.27 	1.76939 
17         	192.173         	966         	968        	109            	182             	144.475     	0.283	142.04 	149.875	145.127	1.77267 
18         	191.744         	964         	966        	110            	180             	144.252     	0.282	141.93 	149.615	145    	1.85534 
19         	191.495         	962         	964        	110            	179             	144.091     	0.281	141.68 	149.755	144.934	1.86386 
21         	191.131         	958         	960        	111            	177             	143.875     	0.279	141.58 	149.535	144.654	1.96763 
23         	191.159         	954         	956        	112            	175             	143.904     	0.276	141.515	150.33 	144.569	2.07922 
24         	191.209         	952         	954        	113            	174             	143.947     	0.275	141.045	149.605	144.544	2.09428 
27         	190.29          	946         	948        	114            	170             	143.374     	0.272	140.975	149.5  	144.238	2.17127 
28         	190.163         	944         	946        	115            	169             	143.29      	0.271	140.755	149.645	144.247	2.19172 
31         	190.199         	938         	940        	116            	166             	143.338     	0.268	140.73 	149.5  	144.131	2.27986 
35         	189.719         	930         	932        	119            	161             	142.967     	0.264	140.37 	149.72 	143.839	2.3911  
37         	189.379         	926         	928        	120            	159             	142.784     	0.261	140.355	149.43 	143.755	2.46064 
42         	189.602         	916         	918        	122            	154             	142.889     	0.256	140.15 	149.345	143.493	2.50688 
44         	189.135         	912         	914        	123            	152             	142.587     	0.254	140.095	150.235	143.359	2.5088  
49         	189.067         	902         	904        	125            	147             	142.499     	0.249	139.97 	149.57 	143.298	2.68798 
53         	189.01          	894         	896        	127            	142             	142.436     	0.244	139.945	150.03 	143.05 	2.71692 
58         	188.874         	884         	886        	129            	137             	142.298     	0.239	139.855	149.775	142.979	2.74559 
59         	188.756         	882         	884        	129            	136             	142.221     	0.238	139.795	149.71 	142.714	2.78006 
66         	188.688         	868         	870        	132            	129             	142.11      	0.231	139.705	149.2  	142.688	2.79772 
68         	188.384         	864         	866        	133            	127             	141.907     	0.228	139.67 	149.56 	142.526	2.8122  
75         	188.554         	850         	852        	136            	120             	141.936     	0.221	139.555	149.435	142.499	2.83368 
77         	188.18          	846         	848        	136            	118             	141.696     	0.219	139.495	150.18 	142.451	2.85173 
84         	188.276         	832         	834        	139            	112             	141.676     	0.211	139.38 	149.4  	142.346	2.83732 
99         	188.136         	802         	804        	143            	98              	141.426     	0.195	139.32 	149.855	141.938	2.83683 
100        	188.064         	800         	802        	144            	97              	141.371     	0.194	139.295	149.415	142.027	2.92029 
101        	187.865         	798         	800        	144            	96              	141.254     	0.193	139.28 	149.61 	142.076	2.92279 
110        	187.89          	780         	782        	146            	89              	141.167     	0.183	139.22 	149.625	141.908	2.92951 
115        	187.799         	770         	772        	148            	84              	141.058     	0.178	139.19 	149.55 	141.72 	2.85167 
End Time (hh:mm:ss.ms) 2023-07-16 20:21:13.647506
Total Time (hh:mm:ss.ms) 0:00:19.971976
Individuo: [[13, 15, 0, 8, 14, 20, 21, 4, 24, 23, 7, 2, 9, 10, 18, 17, 3, 6, 5, 26, 1, 16, 11, 22, 25, 19, 27, 12], [1, 1, 0, 1, 0, 0, 0, 0, 0, 1, 1, 1, 0, 0, 0, 0, 1, 0, 0, 0, 0, 0, 0, 0, 0, 0, 0, 1]]
Fitness:  139.19
Gens:  [0, 1, 2, 3, 4, 5, 6, 7, 8, 9, 10, 11, 12, 13, 14, 15, 16, 17, 18, 19, 20, 21, 22, 23, 24, 25, 26, 27, 28, 29, 30, 31, 32, 33, 34, 35, 36, 37, 38, 39, 40, 41, 42, 43, 44, 45, 46, 47, 48, 49, 50, 51, 52, 53, 54, 55, 56, 57, 58, 59, 60, 61, 62, 63, 64, 65, 66, 67, 68, 69, 70, 71, 72, 73, 74, 75, 76, 77, 78, 79, 80, 81, 82, 83, 84, 85, 86, 87, 88, 89, 90, 91, 92, 93, 94, 95, 96, 97, 98, 99, 100, 101, 102, 103, 104, 105, 106, 107, 108, 109, 110, 111, 112, 113, 114, 115, 116, 117, 118, 119, 120, 121, 122, 123, 124, 125, 126, 127, 128, 129, 130, 131, 132, 133, 134, 135, 136, 137, 138, 139, 140, 141, 142, 143, 144, 145, 146, 147, 148, 149, 150, 151, 152, 153, 154, 155, 156, 157, 158, 159, 160, 161, 162, 163, 164, 165, 166, 167, 168, 169, 170, 171, 172, 173, 174, 175, 176, 177, 178, 179, 180, 181, 182, 183, 184, 185, 186, 187, 188]
Inds:  [144.915, 144.735, 144.485, 144.13500000000002, 144.13500000000002, 144.13500000000002, 143.875, 143.70999999999998, 143.58, 143.1, 142.51999999999998, 142.51999999999998, 142.51999999999998, 142.51999999999998, 142.51999999999998, 142.485, 142.405, 142.04, 141.92999999999998, 141.68, 141.68, 141.57999999999998, 141.57999999999998, 141.51500000000001, 141.045, 141.045, 141.045, 140.97499999999997, 140.755, 140.755, 140.755, 140.73, 140.73, 140.73, 140.73, 140.36999999999998, 140.36999999999998, 140.355, 140.355, 140.355, 140.355, 140.355, 140.14999999999998, 140.14999999999998, 140.09499999999997, 140.09499999999997, 140.09499999999997, 140.09499999999997, 140.09499999999997, 139.96999999999997, 139.96999999999997, 139.96999999999997, 139.96999999999997, 139.945, 139.945, 139.945, 139.945, 139.945, 139.855, 139.79499999999996, 139.79499999999996, 139.79499999999996, 139.79499999999996, 139.79499999999996, 139.79499999999996, 139.79499999999996, 139.70499999999998, 139.70499999999998, 139.66999999999996, 139.66999999999996, 139.66999999999996, 139.66999999999996, 139.66999999999996, 139.66999999999996, 139.66999999999996, 139.55499999999998, 139.55499999999998, 139.49499999999998, 139.49499999999998, 139.49499999999998, 139.49499999999998, 139.49499999999998, 139.49499999999998, 139.49499999999998, 139.37999999999997, 139.37999999999997, 139.37999999999997, 139.37999999999997, 139.37999999999997, 139.37999999999997, 139.37999999999997, 139.37999999999997, 139.37999999999997, 139.37999999999997, 139.37999999999997, 139.37999999999997, 139.37999999999997, 139.37999999999997, 139.37999999999997, 139.31999999999996, 139.295, 139.27999999999997, 139.27999999999997, 139.27999999999997, 139.27999999999997, 139.27999999999997, 139.27999999999997, 139.27999999999997, 139.27999999999997, 139.27999999999997, 139.21999999999997, 139.21999999999997, 139.21999999999997, 139.21999999999997, 139.21999999999997, 139.19, 139.19, 139.19, 139.19, 139.19, 139.19, 139.19, 139.19, 139.19, 139.19, 139.19, 139.19, 139.19, 139.19, 139.19, 139.19, 139.19, 139.19, 139.19, 139.19, 139.19, 139.19, 139.19, 139.19, 139.19, 139.19, 139.19, 139.19, 139.19, 139.19, 139.19, 139.19, 139.19, 139.19, 139.19, 139.19, 139.19, 139.19, 139.19, 139.19, 139.19, 139.19, 139.19, 139.19, 139.19, 139.19, 139.19, 139.19, 139.19, 139.19, 139.19, 139.19, 139.19, 139.19, 139.19, 139.19, 139.19, 139.19, 139.19, 139.19, 139.19, 139.19, 139.19, 139.19, 139.19, 139.19, 139.19, 139.19, 139.19, 139.19, 139.19, 139.19, 139.19, 139.19]

Execution 9:
Parametros: Y=0.998
Start Time (hh:mm:ss.ms) 2023-07-16 20:21:14.394502
generations	MaxGenenerations	Populationk1	Populationk	PopulationElite	PopulationMutant	fitnessElite	alpha	min    	max    	avg    	std     
0          	0               	0           	0          	0              	0               	0           	0    	145.255	149.825	147.911	0.775898
1          	196.064         	998         	1000       	100            	200             	146.626     	0.3  	144.86 	149.625	147.299	0.818873
2          	195.453         	996         	998        	101            	199             	146.285     	0.298	144.21 	149.89 	147.056	0.958896
3          	194.679         	994         	996        	101            	198             	145.902     	0.297	144.16 	150.03 	146.845	1.03538 
4          	194.666         	992         	994        	102            	197             	145.903     	0.296	143.75 	150    	146.674	1.11387 
7          	193.97          	986         	988        	104            	193             	145.488     	0.293	143.4  	150.36 	146.076	1.2752  
8          	193.768         	984         	986        	104            	192             	145.438     	0.292	143.36 	150.2  	145.973	1.37515 
9          	193.651         	982         	984        	105            	191             	145.355     	0.291	143.275	150.13 	145.777	1.4798  
10         	193.509         	980         	982        	105            	190             	145.268     	0.290	142.95 	150.215	145.647	1.49087 
11         	193.103         	978         	980        	106            	189             	145.054     	0.289	142.725	149.585	145.521	1.57048 
12         	192.556         	976         	978        	106            	187             	144.705     	0.288	142.54 	149.46 	145.381	1.63065 
13         	192.259         	974         	976        	107            	186             	144.53      	0.287	142.065	149.5  	145.316	1.64737 
14         	191.633         	972         	974        	108            	185             	144.195     	0.286	141.98 	149.745	145.144	1.75369 
17         	191.693         	966         	968        	109            	182             	144.239     	0.283	141.905	150    	144.97 	1.86996 
18         	191.609         	964         	966        	110            	180             	144.19      	0.282	141.33 	149.865	144.875	1.85556 
21         	190.848         	958         	960        	111            	177             	143.76      	0.279	141.18 	149.955	144.553	1.97906 
25         	190.48          	950         	952        	113            	173             	143.495     	0.274	141.085	149.745	144.258	2.1839  
27         	190.306         	946         	948        	114            	170             	143.375     	0.272	140.98 	149.665	144.215	2.21071 
31         	190.377         	938         	940        	116            	166             	143.414     	0.268	140.79 	149.7  	143.983	2.19306 
35         	189.955         	930         	932        	118            	162             	143.12      	0.264	140.69 	149.725	143.844	2.35876 
38         	190.06          	924         	926        	120            	158             	143.183     	0.261	140.525	149.355	143.795	2.36233 
39         	189.501         	922         	924        	120            	157             	142.82      	0.259	140.35 	149.685	143.636	2.41713 
42         	189.428         	916         	918        	122            	154             	142.772     	0.256	140.31 	149.66 	143.654	2.45855 
46         	189.463         	908         	910        	124            	150             	142.762     	0.252	140.28 	149.58 	143.475	2.52804 
47         	189.256         	906         	908        	124            	149             	142.618     	0.251	140.135	149.695	143.303	2.53879 
48         	189.104         	904         	906        	125            	148             	142.528     	0.250	140.06 	149.365	143.387	2.5481  
51         	188.987         	898         	900        	126            	144             	142.431     	0.247	139.755	149.405	143.086	2.66804 
58         	188.548         	884         	886        	129            	137             	142.108     	0.239	139.655	149.49 	142.789	2.72308 
68         	188.573         	864         	866        	133            	127             	142.025     	0.228	139.595	149.5  	142.728	2.80882 
71         	188.585         	858         	860        	134            	124             	142.001     	0.225	139.43 	149.63 	142.596	2.80525 
75         	188.169         	850         	852        	136            	120             	141.712     	0.221	139.42 	149.525	142.384	2.83384 
77         	188.169         	846         	848        	136            	118             	141.69      	0.219	139.345	149.405	142.483	2.85692 
78         	187.929         	844         	846        	137            	117             	141.539     	0.218	139.32 	150.09 	142.304	2.8534  
80         	187.991         	840         	842        	137            	116             	141.553     	0.215	139.22 	150.09 	142.271	2.82932 
87         	187.739         	826         	828        	140            	109             	141.331     	0.208	139.205	149.375	142.055	2.93847 
88         	187.729         	824         	826        	140            	108             	141.313     	0.207	139.17 	149.83 	142.007	2.94868 
91         	187.73          	818         	820        	141            	105             	141.28      	0.204	139.07 	149.225	142.009	2.91949 
110        	187.682         	780         	782        	146            	89              	141.031     	0.183	138.99 	149.67 	141.788	2.97533 
118        	187.422         	764         	766        	148            	82              	140.801     	0.175	138.82 	149.75 	141.413	2.93781 
127        	187.239         	746         	748        	150            	74              	140.579     	0.165	138.74 	149.295	141.359	2.8458  
182        	187.137         	636         	638        	156            	35              	139.883     	0.106	138.66 	150.055	140.211	2.36681 
End Time (hh:mm:ss.ms) 2023-07-16 20:21:34.282514
Total Time (hh:mm:ss.ms) 0:00:19.888012
Individuo: [[12, 0, 8, 20, 6, 23, 7, 2, 3, 24, 9, 17, 1, 18, 16, 11, 22, 10, 4, 25, 26, 5, 21, 19, 27, 15, 14, 13], [0, 0, 1, 1, 1, 1, 1, 1, 1, 1, 1, 1, 1, 0, 0, 0, 0, 1, 1, 1, 1, 1, 0, 0, 0, 0, 0, 0]]
Fitness:  138.66
Gens:  [0, 1, 2, 3, 4, 5, 6, 7, 8, 9, 10, 11, 12, 13, 14, 15, 16, 17, 18, 19, 20, 21, 22, 23, 24, 25, 26, 27, 28, 29, 30, 31, 32, 33, 34, 35, 36, 37, 38, 39, 40, 41, 42, 43, 44, 45, 46, 47, 48, 49, 50, 51, 52, 53, 54, 55, 56, 57, 58, 59, 60, 61, 62, 63, 64, 65, 66, 67, 68, 69, 70, 71, 72, 73, 74, 75, 76, 77, 78, 79, 80, 81, 82, 83, 84, 85, 86, 87, 88, 89, 90, 91, 92, 93, 94, 95, 96, 97, 98, 99, 100, 101, 102, 103, 104, 105, 106, 107, 108, 109, 110, 111, 112, 113, 114, 115, 116, 117, 118, 119, 120, 121, 122, 123, 124, 125, 126, 127, 128, 129, 130, 131, 132, 133, 134, 135, 136, 137, 138, 139, 140, 141, 142, 143, 144, 145, 146, 147, 148, 149, 150, 151, 152, 153, 154, 155, 156, 157, 158, 159, 160, 161, 162, 163, 164, 165, 166, 167, 168, 169, 170, 171, 172, 173, 174, 175, 176, 177, 178, 179, 180, 181, 182, 183, 184, 185, 186, 187]
Inds:  [145.25500000000002, 144.85999999999999, 144.20999999999995, 144.15999999999997, 143.74999999999997, 143.74999999999997, 143.74999999999997, 143.4, 143.35999999999999, 143.275, 142.95, 142.725, 142.54, 142.06499999999997, 141.97999999999996, 141.97999999999996, 141.97999999999996, 141.90499999999997, 141.32999999999998, 141.32999999999998, 141.32999999999998, 141.17999999999998, 141.17999999999998, 141.17999999999998, 141.17999999999998, 141.085, 141.085, 140.98, 140.98, 140.98, 140.98, 140.79, 140.79, 140.79, 140.79, 140.69000000000003, 140.69000000000003, 140.69000000000003, 140.52499999999998, 140.34999999999997, 140.34999999999997, 140.34999999999997, 140.30999999999997, 140.30999999999997, 140.30999999999997, 140.30999999999997, 140.27999999999997, 140.135, 140.06, 140.06, 140.06, 139.755, 139.755, 139.755, 139.755, 139.755, 139.755, 139.755, 139.65499999999997, 139.65499999999997, 139.65499999999997, 139.65499999999997, 139.65499999999997, 139.65499999999997, 139.65499999999997, 139.65499999999997, 139.65499999999997, 139.65499999999997, 139.595, 139.595, 139.595, 139.43, 139.43, 139.43, 139.43, 139.42000000000002, 139.42000000000002, 139.34500000000003, 139.32000000000002, 139.32000000000002, 139.22000000000003, 139.22000000000003, 139.22000000000003, 139.22000000000003, 139.22000000000003, 139.22000000000003, 139.22000000000003, 139.205, 139.17000000000002, 139.17000000000002, 139.17000000000002, 139.07000000000002, 139.07000000000002, 139.07000000000002, 139.07000000000002, 139.07000000000002, 139.07000000000002, 139.07000000000002, 139.07000000000002, 139.07000000000002, 139.07000000000002, 139.07000000000002, 139.07000000000002, 139.07000000000002, 139.07000000000002, 139.07000000000002, 139.07000000000002, 139.07000000000002, 139.07000000000002, 139.07000000000002, 138.99, 138.99, 138.99, 138.99, 138.99, 138.99, 138.99, 138.99, 138.82000000000002, 138.82000000000002, 138.82000000000002, 138.82000000000002, 138.82000000000002, 138.82000000000002, 138.82000000000002, 138.82000000000002, 138.82000000000002, 138.74, 138.74, 138.74, 138.74, 138.74, 138.74, 138.74, 138.74, 138.74, 138.74, 138.74, 138.74, 138.74, 138.74, 138.74, 138.74, 138.74, 138.74, 138.74, 138.74, 138.74, 138.74, 138.74, 138.74, 138.74, 138.74, 138.74, 138.74, 138.74, 138.74, 138.74, 138.74, 138.74, 138.74, 138.74, 138.74, 138.74, 138.74, 138.74, 138.74, 138.74, 138.74, 138.74, 138.74, 138.74, 138.74, 138.74, 138.74, 138.74, 138.74, 138.74, 138.74, 138.74, 138.74, 138.74, 138.66, 138.66, 138.66, 138.66, 138.66, 138.66]

Execution 10:
Parametros: Y=0.998
Start Time (hh:mm:ss.ms) 2023-07-16 20:21:35.025536
generations	MaxGenenerations	Populationk1	Populationk	PopulationElite	PopulationMutant	fitnessElite	alpha	min    	max    	avg    	std     
0          	0               	0           	0          	0              	0               	0           	0    	145.535	150.075	147.892	0.742165
1          	196.54          	998         	1000       	100            	200             	146.897     	0.3  	144.885	149.6  	147.352	0.807033
2          	195.476         	996         	998        	101            	199             	146.295     	0.298	144.57 	149.735	147.131	0.876094
3          	195.104         	994         	996        	101            	198             	146.109     	0.297	144.515	149.675	146.959	0.997264
4          	195.007         	992         	994        	102            	197             	146.047     	0.296	144.44 	149.53 	146.827	1.01833 
5          	194.849         	990         	992        	103            	195             	145.946     	0.295	143.89 	149.655	146.655	1.09113 
7          	194.128         	986         	988        	104            	193             	145.563     	0.293	143.475	149.405	146.417	1.16059 
8          	193.499         	984         	986        	104            	192             	145.211     	0.292	142.93 	149.66 	146.312	1.22484 
15         	192.974         	970         	972        	108            	184             	144.934     	0.285	142.835	149.565	145.844	1.45214 
18         	192.869         	964         	966        	110            	181             	144.861     	0.282	142.8  	149.455	145.563	1.53739 
20         	192.579         	960         	962        	111            	178             	144.644     	0.280	142.73 	149.75 	145.525	1.58548 
23         	192.656         	954         	956        	112            	175             	144.696     	0.277	142.25 	149.68 	145.428	1.65602 
25         	191.983         	950         	952        	113            	173             	144.315     	0.274	142.235	149.655	145.324	1.71921 
26         	191.922         	948         	950        	114            	172             	144.268     	0.273	142.23 	149.755	145.228	1.6799  
29         	192.035         	942         	944        	115            	168             	144.325     	0.270	141.995	149.845	145.177	1.75751 
30         	191.671         	940         	942        	116            	167             	144.112     	0.269	141.985	150.19 	145.139	1.79109 
32         	191.637         	936         	938        	117            	165             	144.074     	0.267	141.96 	149.585	145.009	1.85497 
33         	191.524         	934         	936        	117            	164             	143.993     	0.266	141.855	149.735	145.062	1.81996 
37         	191.482         	926         	928        	119            	160             	143.952     	0.262	141.355	150.32 	144.768	1.93716 
46         	190.918         	908         	910        	123            	150             	143.575     	0.252	141.145	149.72 	144.248	2.19708 
48         	190.328         	904         	906        	124            	148             	143.196     	0.250	141.035	149.52 	144.092	2.19454 
52         	190.259         	896         	898        	126            	144             	143.131     	0.246	141.035	149.92 	143.947	2.26028 
53         	190.404         	894         	896        	127            	143             	143.215     	0.245	140.775	149.67 	143.848	2.30279 
57         	189.943         	886         	888        	128            	139             	142.909     	0.241	140.765	149.82 	143.524	2.3869  
58         	190.001         	884         	886        	129            	138             	142.938     	0.240	140.69 	149.715	143.542	2.44159 
59         	189.86          	882         	884        	129            	136             	142.846     	0.238	140.56 	149.505	143.559	2.3846  
61         	189.814         	878         	880        	130            	134             	142.808     	0.236	140.535	149.7  	143.389	2.50331 
62         	189.645         	876         	878        	130            	133             	142.695     	0.235	140.465	149.63 	143.357	2.45587 
64         	189.758         	872         	874        	131            	131             	142.75      	0.233	140.435	149.59 	143.318	2.50475 
66         	189.676         	868         	870        	132            	129             	142.68      	0.231	140.315	149.415	143.282	2.49271 
68         	189.358         	864         	866        	133            	127             	142.472     	0.229	140.03 	149.75 	143.157	2.54949 
72         	189.123         	856         	858        	134            	123             	142.299     	0.224	139.95 	149.57 	143.044	2.58634 
80         	188.958         	840         	842        	137            	116             	142.118     	0.216	139.88 	149.6  	142.781	2.63806 
83         	188.69          	834         	836        	138            	113             	141.932     	0.213	139.845	149.77 	142.618	2.69367 
84         	188.741         	832         	834        	139            	112             	141.95      	0.212	139.805	149.525	142.612	2.64852 
85         	188.594         	830         	832        	139            	111             	141.855     	0.210	139.715	149.53 	142.637	2.72933 
91         	188.347         	818         	820        	141            	105             	141.652     	0.204	139.53 	149.52 	142.346	2.7088  
97         	188.336         	806         	808        	143            	100             	141.569     	0.198	139.48 	149.185	142.365	2.77851 
100        	188.235         	800         	802        	144            	97              	141.478     	0.194	139.445	149.72 	142.181	2.74957 
104        	188.197         	792         	794        	145            	94              	141.41      	0.190	139.26 	149.65 	142.114	2.82874 
110        	187.919         	780         	782        	146            	89              	141.178     	0.183	139.13 	149.43 	141.886	2.78396 
114        	187.629         	772         	774        	147            	85              	140.97      	0.179	139.13 	149.615	141.683	2.83781 
115        	187.718         	770         	772        	148            	84              	141.002     	0.178	138.91 	149.535	141.788	2.78684 
125        	187.424         	750         	752        	150            	76              	140.707     	0.167	138.81 	149.945	141.29 	2.92751 
133        	187.376         	734         	736        	151            	70              	140.567     	0.159	138.685	149.395	141.127	2.88129 
End Time (hh:mm:ss.ms) 2023-07-16 20:21:55.090513
Total Time (hh:mm:ss.ms) 0:00:20.064977
Individuo: [[12, 15, 20, 6, 24, 5, 25, 4, 9, 3, 23, 7, 2, 17, 16, 11, 22, 18, 1, 26, 10, 21, 19, 27, 0, 8, 14, 13], [0, 0, 1, 1, 1, 0, 0, 0, 1, 1, 1, 1, 1, 1, 0, 0, 0, 0, 1, 1, 1, 0, 0, 0, 0, 1, 0, 0]]
Fitness:  138.685
Gens:  [0, 1, 2, 3, 4, 5, 6, 7, 8, 9, 10, 11, 12, 13, 14, 15, 16, 17, 18, 19, 20, 21, 22, 23, 24, 25, 26, 27, 28, 29, 30, 31, 32, 33, 34, 35, 36, 37, 38, 39, 40, 41, 42, 43, 44, 45, 46, 47, 48, 49, 50, 51, 52, 53, 54, 55, 56, 57, 58, 59, 60, 61, 62, 63, 64, 65, 66, 67, 68, 69, 70, 71, 72, 73, 74, 75, 76, 77, 78, 79, 80, 81, 82, 83, 84, 85, 86, 87, 88, 89, 90, 91, 92, 93, 94, 95, 96, 97, 98, 99, 100, 101, 102, 103, 104, 105, 106, 107, 108, 109, 110, 111, 112, 113, 114, 115, 116, 117, 118, 119, 120, 121, 122, 123, 124, 125, 126, 127, 128, 129, 130, 131, 132, 133, 134, 135, 136, 137, 138, 139, 140, 141, 142, 143, 144, 145, 146, 147, 148, 149, 150, 151, 152, 153, 154, 155, 156, 157, 158, 159, 160, 161, 162, 163, 164, 165, 166, 167, 168, 169, 170, 171, 172, 173, 174, 175, 176, 177, 178, 179, 180, 181, 182, 183, 184, 185, 186, 187]
Inds:  [145.535, 144.88500000000005, 144.57000000000002, 144.51500000000001, 144.44, 143.89, 143.89, 143.475, 142.93, 142.93, 142.93, 142.93, 142.93, 142.93, 142.93, 142.83499999999998, 142.83499999999998, 142.83499999999998, 142.8, 142.8, 142.73, 142.73, 142.73, 142.25, 142.25, 142.23499999999999, 142.23000000000002, 142.23000000000002, 142.23000000000002, 141.995, 141.985, 141.985, 141.96, 141.85500000000002, 141.85500000000002, 141.85500000000002, 141.85500000000002, 141.35500000000002, 141.35500000000002, 141.35500000000002, 141.35500000000002, 141.35500000000002, 141.35500000000002, 141.35500000000002, 141.35500000000002, 141.35500000000002, 141.145, 141.145, 141.03500000000003, 141.03500000000003, 141.03500000000003, 141.03500000000003, 141.035, 140.775, 140.775, 140.775, 140.775, 140.76500000000001, 140.69000000000003, 140.56, 140.56, 140.535, 140.465, 140.465, 140.435, 140.435, 140.31500000000003, 140.31500000000003, 140.03000000000003, 140.03000000000003, 140.03000000000003, 140.03000000000003, 139.95, 139.95, 139.95, 139.95, 139.95, 139.95, 139.95, 139.95, 139.88000000000002, 139.88000000000002, 139.88000000000002, 139.845, 139.80500000000004, 139.71500000000003, 139.71500000000003, 139.71500000000003, 139.71500000000003, 139.71500000000003, 139.71500000000003, 139.53000000000003, 139.53000000000003, 139.53000000000003, 139.53000000000003, 139.53000000000003, 139.53000000000003, 139.48000000000002, 139.48000000000002, 139.48000000000002, 139.445, 139.445, 139.445, 139.445, 139.26, 139.26, 139.26, 139.26, 139.26, 139.26, 139.13000000000002, 139.13000000000002, 139.13000000000002, 139.13000000000002, 139.13, 138.91, 138.91, 138.91, 138.91, 138.91, 138.91, 138.91, 138.91, 138.91, 138.91, 138.81, 138.81, 138.81, 138.81, 138.81, 138.81, 138.81, 138.81, 138.685, 138.685, 138.685, 138.685, 138.685, 138.685, 138.685, 138.685, 138.685, 138.685, 138.685, 138.685, 138.685, 138.685, 138.685, 138.685, 138.685, 138.685, 138.685, 138.685, 138.685, 138.685, 138.685, 138.685, 138.685, 138.685, 138.685, 138.685, 138.685, 138.685, 138.685, 138.685, 138.685, 138.685, 138.685, 138.685, 138.685, 138.685, 138.685, 138.685, 138.685, 138.685, 138.685, 138.685, 138.685, 138.685, 138.685, 138.685, 138.685, 138.685, 138.685, 138.685, 138.685, 138.685, 138.685]

