A-BRKGA-Heuristic:

Execution 1:
Parametros: Y=0.999
Start Time (hh:mm:ss.ms) 2023-07-16 19:51:21.428710
generations	MaxGenenerations	Populationk1	Populationk	PopulationElite	PopulationMutant	fitnessElite	alpha	min 	max  	avg    	std     
0          	0               	0           	0          	0              	0               	0           	0    	36.7	38.75	37.9642	0.313556
1          	38.1508         	999         	1000       	100            	200             	37.315      	0.3  	36.5	38.65	37.6765	0.391714
2          	37.9391         	998         	999        	104            	196             	37.1337     	0.294	36.3	38.625	37.5497	0.448746
4          	37.7359         	996         	997        	112            	188             	37.0031     	0.284	36.25	38.625	37.3488	0.538822
8          	37.6745         	992         	993        	127            	171             	36.848      	0.262	36.05	38.65 	37.1906	0.589837
End Time (hh:mm:ss.ms) 2023-07-16 19:51:23.958440
Total Time (hh:mm:ss.ms) 0:00:02.529730
Individuo: [[7, 1, 2, 0, 6, 5, 3, 4], [1, 1, 1, 1, 1, 1, 1, 1]]
Fitness:  36.05
Gens:  [0, 1, 2, 3, 4, 5, 6, 7, 8, 9, 10, 11, 12, 13, 14, 15, 16, 17, 18, 19, 20, 21, 22, 23, 24, 25, 26, 27, 28, 29, 30, 31, 32, 33, 34, 35, 36, 37, 38]
Inds:  [36.7, 36.5, 36.3, 36.3, 36.25, 36.25, 36.25, 36.25, 36.05, 36.05, 36.05, 36.05, 36.05, 36.05, 36.05, 36.05, 36.05, 36.05, 36.05, 36.05, 36.05, 36.05, 36.05, 36.05, 36.05, 36.05, 36.05, 36.05, 36.05, 36.05, 36.05, 36.05, 36.05, 36.05, 36.05, 36.05, 36.05, 36.05, 36.05]

Execution 2:
Parametros: Y=0.999
Start Time (hh:mm:ss.ms) 2023-07-16 19:51:24.807483
generations	MaxGenenerations	Populationk1	Populationk	PopulationElite	PopulationMutant	fitnessElite	alpha	min 	max   	avg    	std     
0          	0               	0           	0          	0              	0               	0           	0    	36.8	38.775	37.9669	0.316848
1          	38.2557         	999         	1000       	100            	200             	37.3925     	0.3  	36.575	38.55 	37.6914	0.380423
2          	38.0132         	998         	999        	104            	196             	37.1571     	0.294	36.05 	38.625	37.5407	0.425964
End Time (hh:mm:ss.ms) 2023-07-16 19:51:27.454323
Total Time (hh:mm:ss.ms) 0:00:02.646840
Individuo: [[7, 1, 2, 3, 5, 6, 0, 4], [1, 1, 1, 0, 0, 0, 0, 1]]
Fitness:  36.05
Gens:  [0, 1, 2, 3, 4, 5, 6, 7, 8, 9, 10, 11, 12, 13, 14, 15, 16, 17, 18, 19, 20, 21, 22, 23, 24, 25, 26, 27, 28, 29, 30, 31, 32, 33, 34, 35, 36, 37, 38]
Inds:  [36.8, 36.574999999999996, 36.05, 36.05, 36.05, 36.05, 36.05, 36.05, 36.05, 36.05, 36.05, 36.05, 36.05, 36.05, 36.05, 36.05, 36.05, 36.05, 36.05, 36.05, 36.05, 36.05, 36.05, 36.05, 36.05, 36.05, 36.05, 36.05, 36.05, 36.05, 36.05, 36.05, 36.05, 36.05, 36.05, 36.05, 36.05, 36.05, 36.05]

Execution 3:
Parametros: Y=0.999
Start Time (hh:mm:ss.ms) 2023-07-16 19:51:28.150991
generations	MaxGenenerations	Populationk1	Populationk	PopulationElite	PopulationMutant	fitnessElite	alpha	min   	max   	avg    	std     
0          	0               	0           	0          	0              	0               	0           	0    	36.975	38.675	37.9877	0.304265
1          	38.4338         	999         	1000       	100            	200             	37.485      	0.3  	36.8  	38.625	37.7435	0.353009
2          	38.2499         	998         	999        	104            	196             	37.338      	0.294	36.65 	38.675	37.6312	0.402919
3          	38.0959         	997         	998        	108            	192             	37.2362     	0.289	36.525	38.525	37.5378	0.421252
4          	37.9603         	996         	997        	112            	188             	37.0934     	0.284	36.05 	38.55 	37.4754	0.463487
End Time (hh:mm:ss.ms) 2023-07-16 19:51:30.616080
Total Time (hh:mm:ss.ms) 0:00:02.465089
Individuo: [[7, 1, 2, 3, 5, 6, 0, 4], [1, 1, 1, 0, 0, 0, 0, 1]]
Fitness:  36.05
Gens:  [0, 1, 2, 3, 4, 5, 6, 7, 8, 9, 10, 11, 12, 13, 14, 15, 16, 17, 18, 19, 20, 21, 22, 23, 24, 25, 26, 27, 28, 29, 30, 31, 32, 33, 34, 35, 36, 37, 38]
Inds:  [36.974999999999994, 36.8, 36.65, 36.525, 36.05, 36.05, 36.05, 36.05, 36.05, 36.05, 36.05, 36.05, 36.05, 36.05, 36.05, 36.05, 36.05, 36.05, 36.05, 36.05, 36.05, 36.05, 36.05, 36.05, 36.05, 36.05, 36.05, 36.05, 36.05, 36.05, 36.05, 36.05, 36.05, 36.05, 36.05, 36.05, 36.05, 36.05, 36.05]

Execution 4:
Parametros: Y=0.999
Start Time (hh:mm:ss.ms) 2023-07-16 19:51:31.355016
generations	MaxGenenerations	Populationk1	Populationk	PopulationElite	PopulationMutant	fitnessElite	alpha	min   	max   	avg    	std     
0          	0               	0           	0          	0              	0               	0           	0    	37.025	38.775	37.9811	0.309898
1          	38.4896         	999         	1000       	100            	200             	37.55       	0.3  	36.65 	38.675	37.733 	0.344721
2          	38.0959         	998         	999        	104            	196             	37.2469     	0.294	36.425	38.625	37.6108	0.388307
3          	37.8602         	997         	998        	108            	192             	37.0618     	0.289	36.05 	38.65 	37.5153	0.426366
End Time (hh:mm:ss.ms) 2023-07-16 19:51:33.818014
Total Time (hh:mm:ss.ms) 0:00:02.462998
Individuo: [[4, 3, 5, 6, 0, 2, 1, 7], [0, 0, 0, 0, 0, 0, 0, 0]]
Fitness:  36.05
Gens:  [0, 1, 2, 3, 4, 5, 6, 7, 8, 9, 10, 11, 12, 13, 14, 15, 16, 17, 18, 19, 20, 21, 22, 23, 24, 25, 26, 27, 28, 29, 30, 31, 32, 33, 34, 35, 36, 37, 38]
Inds:  [37.025, 36.65, 36.425, 36.05, 36.05, 36.05, 36.05, 36.05, 36.05, 36.05, 36.05, 36.05, 36.05, 36.05, 36.05, 36.05, 36.05, 36.05, 36.05, 36.05, 36.05, 36.05, 36.05, 36.05, 36.05, 36.05, 36.05, 36.05, 36.05, 36.05, 36.05, 36.05, 36.05, 36.05, 36.05, 36.05, 36.05, 36.05, 36.05]

Execution 5:
Parametros: Y=0.999
Start Time (hh:mm:ss.ms) 2023-07-16 19:51:34.470015
generations	MaxGenenerations	Populationk1	Populationk	PopulationElite	PopulationMutant	fitnessElite	alpha	min  	max   	avg    	std     
0          	0               	0           	0          	0              	0               	0           	0    	36.55	38.625	37.9662	0.305168
2          	37.992          	998         	999        	104            	196             	37.1763     	0.294	36.425	38.625	37.503 	0.465041
3          	37.8602         	997         	998        	108            	192             	37.0618     	0.289	36.3  	38.55 	37.393 	0.508936
4          	37.7274         	996         	997        	112            	188             	36.9392     	0.284	36.05 	38.675	37.2664	0.563685
End Time (hh:mm:ss.ms) 2023-07-16 19:51:37.174575
Total Time (hh:mm:ss.ms) 0:00:02.704560
Individuo: [[7, 1, 2, 0, 6, 5, 3, 4], [1, 1, 1, 1, 1, 1, 1, 1]]
Fitness:  36.05
Gens:  [0, 1, 2, 3, 4, 5, 6, 7, 8, 9, 10, 11, 12, 13, 14, 15, 16, 17, 18, 19, 20, 21, 22, 23, 24, 25, 26, 27, 28, 29, 30, 31, 32, 33, 34, 35, 36, 37, 38]
Inds:  [36.55, 36.55, 36.425, 36.3, 36.05, 36.05, 36.05, 36.05, 36.05, 36.05, 36.05, 36.05, 36.05, 36.05, 36.05, 36.05, 36.05, 36.05, 36.05, 36.05, 36.05, 36.05, 36.05, 36.05, 36.05, 36.05, 36.05, 36.05, 36.05, 36.05, 36.05, 36.05, 36.05, 36.05, 36.05, 36.05, 36.05, 36.05, 36.05]

Execution 6:
Parametros: Y=0.999
Start Time (hh:mm:ss.ms) 2023-07-16 19:51:37.896602
generations	MaxGenenerations	Populationk1	Populationk	PopulationElite	PopulationMutant	fitnessElite	alpha	min 	max   	avg   	std     
0          	0               	0           	0          	0              	0               	0           	0    	36.9	38.625	37.988	0.305949
1          	38.3539         	999         	1000       	100            	200             	37.4175     	0.3  	36.575	38.675	37.6863	0.375432
2          	38.018          	998         	999        	104            	196             	37.194      	0.294	36.425	38.65 	37.5868	0.428739
3          	37.8611         	997         	998        	108            	192             	37.069      	0.289	36.25 	38.625	37.4678	0.454562
6          	37.6839         	994         	995        	120            	180             	36.9405     	0.273	36.05 	38.625	37.2813	0.574281
End Time (hh:mm:ss.ms) 2023-07-16 19:51:40.365587
Total Time (hh:mm:ss.ms) 0:00:02.468985
Individuo: [[7, 1, 2, 3, 5, 6, 0, 4], [1, 1, 1, 0, 0, 0, 0, 1]]
Fitness:  36.05
Gens:  [0, 1, 2, 3, 4, 5, 6, 7, 8, 9, 10, 11, 12, 13, 14, 15, 16, 17, 18, 19, 20, 21, 22, 23, 24, 25, 26, 27, 28, 29, 30, 31, 32, 33, 34, 35, 36, 37, 38]
Inds:  [36.9, 36.574999999999996, 36.425, 36.25, 36.25, 36.25, 36.05, 36.05, 36.05, 36.05, 36.05, 36.05, 36.05, 36.05, 36.05, 36.05, 36.05, 36.05, 36.05, 36.05, 36.05, 36.05, 36.05, 36.05, 36.05, 36.05, 36.05, 36.05, 36.05, 36.05, 36.05, 36.05, 36.05, 36.05, 36.05, 36.05, 36.05, 36.05, 36.05]

Execution 7:
Parametros: Y=0.999
Start Time (hh:mm:ss.ms) 2023-07-16 19:51:41.105588
generations	MaxGenenerations	Populationk1	Populationk	PopulationElite	PopulationMutant	fitnessElite	alpha	min 	max  	avg    	std     
0          	0               	0           	0          	0              	0               	0           	0    	36.8	38.75	37.9781	0.319255
1          	38.2547         	999         	1000       	100            	200             	37.385      	0.3  	36.6	38.625	37.7114	0.367587
2          	38.0421         	998         	999        	104            	196             	37.1969     	0.294	36.3	38.775	37.6053	0.434357
3          	37.7359         	997         	998        	108            	192             	37.0163     	0.289	36.25	38.65 	37.4622	0.495131
7          	37.6802         	993         	994        	124            	175             	36.9003     	0.268	36.05	38.55 	37.0793	0.60962 
End Time (hh:mm:ss.ms) 2023-07-16 19:51:43.915586
Total Time (hh:mm:ss.ms) 0:00:02.809998
Individuo: [[7, 1, 2, 3, 5, 6, 0, 4], [1, 1, 1, 0, 0, 0, 0, 1]]
Fitness:  36.05
Gens:  [0, 1, 2, 3, 4, 5, 6, 7, 8, 9, 10, 11, 12, 13, 14, 15, 16, 17, 18, 19, 20, 21, 22, 23, 24, 25, 26, 27, 28, 29, 30, 31, 32, 33, 34, 35, 36, 37, 38]
Inds:  [36.8, 36.6, 36.3, 36.25, 36.25, 36.25, 36.25, 36.05, 36.05, 36.05, 36.05, 36.05, 36.05, 36.05, 36.05, 36.05, 36.05, 36.05, 36.05, 36.05, 36.05, 36.05, 36.05, 36.05, 36.05, 36.05, 36.05, 36.05, 36.05, 36.05, 36.05, 36.05, 36.05, 36.05, 36.05, 36.05, 36.05, 36.05, 36.05]

Execution 8:
Parametros: Y=0.999
Start Time (hh:mm:ss.ms) 2023-07-16 19:51:44.752380
generations	MaxGenenerations	Populationk1	Populationk	PopulationElite	PopulationMutant	fitnessElite	alpha	min 	max   	avg    	std     
0          	0               	0           	0          	0              	0               	0           	0    	36.7	38.775	37.9643	0.320463
1          	38.1517         	999         	1000       	100            	200             	37.3225     	0.3  	36.4	38.65 	37.6855	0.396545
4          	37.8389         	996         	997        	112            	188             	37.0677     	0.284	36.3	38.625	37.3816	0.537583
6          	37.7293         	994         	995        	120            	180             	36.929      	0.273	36.05	38.625	37.2225	0.588178
End Time (hh:mm:ss.ms) 2023-07-16 19:51:47.412862
Total Time (hh:mm:ss.ms) 0:00:02.660482
Individuo: [[4, 0, 6, 5, 3, 2, 1, 7], [0, 1, 1, 1, 1, 0, 0, 0]]
Fitness:  36.05
Gens:  [0, 1, 2, 3, 4, 5, 6, 7, 8, 9, 10, 11, 12, 13, 14, 15, 16, 17, 18, 19, 20, 21, 22, 23, 24, 25, 26, 27, 28, 29, 30, 31, 32, 33, 34, 35, 36, 37, 38]
Inds:  [36.699999999999996, 36.4, 36.4, 36.4, 36.3, 36.3, 36.05, 36.05, 36.05, 36.05, 36.05, 36.05, 36.05, 36.05, 36.05, 36.05, 36.05, 36.05, 36.05, 36.05, 36.05, 36.05, 36.05, 36.05, 36.05, 36.05, 36.05, 36.05, 36.05, 36.05, 36.05, 36.05, 36.05, 36.05, 36.05, 36.05, 36.05, 36.05, 36.05]

Execution 9:
Parametros: Y=0.999
Start Time (hh:mm:ss.ms) 2023-07-16 19:51:48.128855
generations	MaxGenenerations	Populationk1	Populationk	PopulationElite	PopulationMutant	fitnessElite	alpha	min 	max  	avg    	std     
0          	0               	0           	0          	0              	0               	0           	0    	36.8	38.75	37.9827	0.311421
1          	38.2547         	999         	1000       	100            	200             	37.385      	0.3  	36.65	38.775	37.6669	0.379519
2          	38.0998         	998         	999        	104            	196             	37.2763     	0.294	36.425	38.65 	37.5578	0.435825
3          	37.8611         	997         	998        	108            	192             	37.069      	0.289	36.3  	38.65 	37.4681	0.485432
5          	37.735          	995         	996        	116            	184             	36.9831     	0.278	36.05 	38.775	37.3125	0.566718
End Time (hh:mm:ss.ms) 2023-07-16 19:51:50.762855
Total Time (hh:mm:ss.ms) 0:00:02.634000
Individuo: [[7, 1, 2, 0, 6, 5, 3, 4], [1, 1, 1, 1, 1, 1, 1, 1]]
Fitness:  36.05
Gens:  [0, 1, 2, 3, 4, 5, 6, 7, 8, 9, 10, 11, 12, 13, 14, 15, 16, 17, 18, 19, 20, 21, 22, 23, 24, 25, 26, 27, 28, 29, 30, 31, 32, 33, 34, 35, 36, 37, 38]
Inds:  [36.8, 36.65, 36.425, 36.3, 36.3, 36.05, 36.05, 36.05, 36.05, 36.05, 36.05, 36.05, 36.05, 36.05, 36.05, 36.05, 36.05, 36.05, 36.05, 36.05, 36.05, 36.05, 36.05, 36.05, 36.05, 36.05, 36.05, 36.05, 36.05, 36.05, 36.05, 36.05, 36.05, 36.05, 36.05, 36.05, 36.05, 36.05, 36.05]

Execution 10:
Parametros: Y=0.999
Start Time (hh:mm:ss.ms) 2023-07-16 19:51:51.437853
generations	MaxGenenerations	Populationk1	Populationk	PopulationElite	PopulationMutant	fitnessElite	alpha	min 	max  	avg    	std     
0          	0               	0           	0          	0              	0               	0           	0    	36.4	38.75	37.9653	0.313717
1          	37.8389         	999         	1000       	100            	200             	37.105      	0.3  	36.05	38.625	37.592 	0.431549
End Time (hh:mm:ss.ms) 2023-07-16 19:51:54.641855
Total Time (hh:mm:ss.ms) 0:00:03.204002
Individuo: [[4, 0, 6, 5, 3, 2, 1, 7], [0, 1, 1, 1, 1, 0, 0, 0]]
Fitness:  36.05
Gens:  [0, 1, 2, 3, 4, 5, 6, 7, 8, 9, 10, 11, 12, 13, 14, 15, 16, 17, 18, 19, 20, 21, 22, 23, 24, 25, 26, 27, 28, 29, 30, 31, 32, 33, 34, 35, 36, 37, 38]
Inds:  [36.4, 36.05, 36.05, 36.05, 36.05, 36.05, 36.05, 36.05, 36.05, 36.05, 36.05, 36.05, 36.05, 36.05, 36.05, 36.05, 36.05, 36.05, 36.05, 36.05, 36.05, 36.05, 36.05, 36.05, 36.05, 36.05, 36.05, 36.05, 36.05, 36.05, 36.05, 36.05, 36.05, 36.05, 36.05, 36.05, 36.05, 36.05, 36.05]

