A-BRKGA-Heuristic:

Execution 1:
Parametros: Y=0.998
Start Time (hh:mm:ss.ms) 2023-07-16 20:09:41.734130
generations	MaxGenenerations	Populationk1	Populationk	PopulationElite	PopulationMutant	fitnessElite	alpha	min   	max  	avg    	std     
0          	0               	0           	0          	0              	0               	0           	0    	119.35	122.9	121.285	0.563935
1          	152.644         	998         	1000       	100            	200             	120.415     	0.3  	119.25	122.5	120.859	0.634236
2          	152.394         	996         	998        	101            	199             	120.221     	0.298	118.825	122.65	120.699	0.68713 
3          	151.896         	994         	996        	102            	197             	119.962     	0.297	118.35 	122.825	120.562	0.757172
4          	151.342         	992         	994        	103            	196             	119.675     	0.296	118.05 	122.7  	120.437	0.815795
6          	150.845         	988         	990        	104            	193             	119.341     	0.293	117.775	122.725	120.181	0.900593
9          	150.539         	982         	984        	107            	189             	119.171     	0.289	117.575	122.6  	119.847	1.03918 
10         	150.283         	980         	982        	107            	188             	119.022     	0.288	117.5  	122.775	119.744	1.08449 
11         	150.24          	978         	980        	108            	186             	119.012     	0.286	117.05 	122.975	119.647	1.14615 
16         	149.612         	968         	970        	112            	180             	118.604     	0.279	116.575	122.475	119.321	1.28643 
20         	148.938         	960         	962        	115            	174             	118.167     	0.274	116.45 	122.875	118.943	1.44115 
23         	148.853         	954         	956        	117            	170             	118.12      	0.270	116.125	122.8  	118.861	1.51383 
29         	148.541         	942         	944        	121            	162             	117.922     	0.262	115.975	122.5  	118.42 	1.63547 
33         	148.201         	934         	936        	124            	157             	117.644     	0.256	115.925	122.875	118.316	1.70128 
35         	148.122         	930         	932        	126            	154             	117.577     	0.254	115.875	123    	118.2  	1.72755 
36         	148.229         	928         	930        	126            	153             	117.676     	0.252	115.75 	122.875	118.178	1.77957 
38         	147.943         	924         	926        	128            	151             	117.456     	0.249	115.725	122.8  	118.084	1.85338 
39         	147.978         	922         	924        	128            	149             	117.484     	0.248	115.575	122.525	118.054	1.85065 
40         	147.705         	920         	922        	129            	148             	117.293     	0.247	115.175	122.5  	117.965	1.87865 
52         	147.267         	896         	898        	137            	133             	116.929     	0.230	115.125	122.9  	117.501	2.12006 
53         	147.24          	894         	896        	137            	132             	116.908     	0.229	115.075	122.95 	117.4  	2.09045 
58         	147.058         	884         	886        	140            	126             	116.727     	0.222	115    	122.5  	117.359	2.1682  
59         	146.963         	882         	884        	141            	125             	116.658     	0.221	114.975	122.75 	117.326	2.10234 
69         	147.011         	862         	864        	147            	113             	116.593     	0.207	114.9  	122.625	117.13 	2.16462 
122        	146.82          	756         	758        	170            	58              	115.921     	0.135	114.725	122.2  	116.381	1.92011 
143        	146.508         	714         	716        	176            	39              	115.513     	0.106	114.675	122.4  	115.834	1.78518 
End Time (hh:mm:ss.ms) 2023-07-16 20:09:58.001130
Total Time (hh:mm:ss.ms) 0:00:16.267000
Individuo: [[12, 14, 23, 2, 16, 7, 13, 5, 0, 3, 4, 22, 8, 19, 9, 6, 20, 10, 15, 17, 18, 1, 21, 11], [1, 1, 1, 1, 1, 0, 0, 0, 1, 0, 1, 1, 1, 1, 0, 0, 0, 1, 0, 0, 0, 0, 0, 1]]
Fitness:  114.675
Gens:  [0, 1, 2, 3, 4, 5, 6, 7, 8, 9, 10, 11, 12, 13, 14, 15, 16, 17, 18, 19, 20, 21, 22, 23, 24, 25, 26, 27, 28, 29, 30, 31, 32, 33, 34, 35, 36, 37, 38, 39, 40, 41, 42, 43, 44, 45, 46, 47, 48, 49, 50, 51, 52, 53, 54, 55, 56, 57, 58, 59, 60, 61, 62, 63, 64, 65, 66, 67, 68, 69, 70, 71, 72, 73, 74, 75, 76, 77, 78, 79, 80, 81, 82, 83, 84, 85, 86, 87, 88, 89, 90, 91, 92, 93, 94, 95, 96, 97, 98, 99, 100, 101, 102, 103, 104, 105, 106, 107, 108, 109, 110, 111, 112, 113, 114, 115, 116, 117, 118, 119, 120, 121, 122, 123, 124, 125, 126, 127, 128, 129, 130, 131, 132, 133, 134, 135, 136, 137, 138, 139, 140, 141, 142, 143, 144, 145, 146, 147]
Inds:  [119.35000000000001, 119.25000000000001, 118.82499999999999, 118.35000000000002, 118.05000000000003, 118.05000000000003, 117.77500000000003, 117.77500000000003, 117.77500000000003, 117.575, 117.49999999999999, 117.05, 117.05, 117.05, 117.05, 117.05, 116.57499999999999, 116.57499999999999, 116.57499999999999, 116.57499999999999, 116.45000000000003, 116.45000000000003, 116.45000000000003, 116.125, 116.125, 116.125, 116.125, 116.125, 116.125, 115.97499999999998, 115.97499999999998, 115.97499999999998, 115.97499999999998, 115.92499999999998, 115.92499999999998, 115.87499999999997, 115.74999999999997, 115.74999999999997, 115.72499999999998, 115.57499999999999, 115.17499999999998, 115.17499999999998, 115.17499999999998, 115.17499999999998, 115.17499999999998, 115.17499999999998, 115.17499999999998, 115.17499999999998, 115.17499999999998, 115.17499999999998, 115.17499999999998, 115.17499999999998, 115.125, 115.07499999999999, 115.07499999999999, 115.07499999999999, 115.07499999999999, 115.07499999999999, 114.99999999999999, 114.975, 114.975, 114.975, 114.975, 114.975, 114.975, 114.975, 114.975, 114.975, 114.975, 114.89999999999999, 114.89999999999999, 114.89999999999999, 114.89999999999999, 114.89999999999999, 114.89999999999999, 114.89999999999999, 114.89999999999999, 114.89999999999999, 114.89999999999999, 114.89999999999999, 114.89999999999999, 114.89999999999999, 114.89999999999999, 114.89999999999999, 114.89999999999999, 114.89999999999999, 114.89999999999999, 114.89999999999999, 114.89999999999999, 114.89999999999999, 114.89999999999999, 114.89999999999999, 114.89999999999999, 114.89999999999999, 114.89999999999999, 114.89999999999999, 114.89999999999999, 114.89999999999999, 114.89999999999999, 114.89999999999999, 114.89999999999999, 114.89999999999999, 114.89999999999999, 114.89999999999999, 114.89999999999999, 114.89999999999999, 114.89999999999999, 114.89999999999999, 114.89999999999999, 114.89999999999999, 114.89999999999999, 114.89999999999999, 114.89999999999999, 114.89999999999999, 114.89999999999999, 114.89999999999999, 114.89999999999999, 114.89999999999999, 114.89999999999999, 114.89999999999999, 114.89999999999999, 114.89999999999999, 114.72500000000001, 114.72500000000001, 114.72500000000001, 114.72500000000001, 114.72500000000001, 114.72500000000001, 114.72500000000001, 114.72500000000001, 114.72500000000001, 114.72500000000001, 114.72500000000001, 114.72500000000001, 114.72500000000001, 114.72500000000001, 114.72500000000001, 114.72500000000001, 114.72500000000001, 114.72500000000001, 114.72500000000001, 114.72500000000001, 114.72500000000001, 114.675, 114.675, 114.675, 114.675, 114.675]

Execution 2:
Parametros: Y=0.998
Start Time (hh:mm:ss.ms) 2023-07-16 20:09:58.793129
generations	MaxGenenerations	Populationk1	Populationk	PopulationElite	PopulationMutant	fitnessElite	alpha	min    	max   	avg   	std     
0          	0               	0           	0          	0              	0               	0           	0    	119.475	122.75	121.29	0.588891
1          	152.758         	998         	1000       	100            	200             	120.457     	0.3  	118.9  	122.675	120.861	0.648401
2          	152             	996         	998        	101            	199             	120.028     	0.298	118.775	122.775	120.642	0.688476
3          	151.87          	994         	996        	102            	197             	119.964     	0.297	118.225	122.725	120.577	0.776631
4          	151.152         	992         	994        	103            	196             	119.557     	0.296	117.9  	122.375	120.439	0.801796
7          	150.676         	986         	988        	105            	192             	119.251     	0.292	117.525	122.675	120.125	0.968382
10         	150.189         	980         	982        	107            	188             	118.958     	0.288	117.5  	122.7  	119.908	1.06318 
12         	150.187         	976         	978        	109            	185             	118.955     	0.285	117.45 	122.85 	119.761	1.08337 
14         	150.131         	972         	974        	110            	182             	118.913     	0.282	117.25 	122.675	119.696	1.12924 
15         	149.89          	970         	972        	111            	181             	118.776     	0.281	117.175	122.875	119.63 	1.17517 
16         	149.854         	968         	970        	112            	180             	118.771     	0.279	116.5  	122.475	119.535	1.19835 
23         	148.946         	954         	956        	117            	170             	118.184     	0.270	116.45 	122.75 	119.032	1.37367 
24         	148.89          	952         	954        	118            	169             	118.145     	0.269	116.35 	122.475	118.963	1.42621 
27         	148.792         	946         	948        	120            	165             	118.073     	0.265	116.325	122.65 	118.724	1.52931 
29         	148.82          	942         	944        	121            	162             	118.089     	0.262	116.05 	122.6  	118.598	1.62605 
30         	148.334         	940         	942        	122            	161             	117.759     	0.260	115.7  	122.775	118.542	1.64005 
36         	147.938         	928         	930        	126            	153             	117.488     	0.252	115.675	122.925	118.231	1.74613 
39         	147.951         	922         	924        	128            	149             	117.478     	0.248	115.6  	122.725	118.085	1.81077 
43         	147.774         	914         	916        	131            	144             	117.314     	0.243	115.5  	122.95 	117.897	1.93335 
45         	147.616         	910         	912        	132            	142             	117.195     	0.240	115.425	123.175	117.853	1.93061 
47         	147.579         	906         	908        	133            	139             	117.166     	0.237	115.4  	122.825	117.74 	1.97041 
49         	147.452         	902         	904        	135            	137             	117.05      	0.234	115.375	122.85 	117.691	2.00512 
50         	147.545         	900         	902        	135            	136             	117.121     	0.233	115.35 	122.425	117.71 	2.00332 
55         	147.439         	890         	892        	138            	130             	116.994     	0.226	115.325	122.7  	117.526	2.0355  
56         	147.437         	888         	890        	139            	128             	116.987     	0.225	115.175	122.725	117.574	2.06507 
67         	147.223         	866         	868        	145            	115             	116.742     	0.210	115.1  	122.55 	117.348	2.03403 
68         	147.105         	864         	866        	146            	114             	116.656     	0.208	115.05 	122.65 	117.28 	2.03665 
75         	147.026         	850         	852        	150            	106             	116.535     	0.199	114.95 	122.525	117.052	2.06309 
76         	146.906         	848         	850        	150            	105             	116.449     	0.197	114.9  	122.8  	117.074	2.0782  
83         	146.857         	834         	836        	154            	97              	116.345     	0.188	114.825	122.475	116.899	2.11654 
92         	146.658         	816         	818        	158            	88              	116.127     	0.175	114.8  	122.875	116.663	2.11279 
99         	146.78          	802         	804        	161            	81              	116.123     	0.166	114.75 	122.525	116.693	2.13757 
100        	146.65          	800         	802        	162            	79              	116.033     	0.164	114.6  	122.825	116.574	2.07324 
119        	146.444         	762         	764        	169            	61              	115.693     	0.138	114.525	122.725	116.097	2.03662 
End Time (hh:mm:ss.ms) 2023-07-16 20:10:13.984130
Total Time (hh:mm:ss.ms) 0:00:15.191001
Individuo: [[12, 5, 23, 4, 9, 6, 20, 3, 19, 8, 22, 0, 16, 2, 7, 13, 14, 15, 10, 17, 18, 1, 21, 11], [1, 0, 0, 0, 0, 0, 0, 0, 0, 0, 0, 0, 0, 0, 0, 0, 1, 1, 0, 0, 0, 0, 0, 1]]
Fitness:  114.525
Gens:  [0, 1, 2, 3, 4, 5, 6, 7, 8, 9, 10, 11, 12, 13, 14, 15, 16, 17, 18, 19, 20, 21, 22, 23, 24, 25, 26, 27, 28, 29, 30, 31, 32, 33, 34, 35, 36, 37, 38, 39, 40, 41, 42, 43, 44, 45, 46, 47, 48, 49, 50, 51, 52, 53, 54, 55, 56, 57, 58, 59, 60, 61, 62, 63, 64, 65, 66, 67, 68, 69, 70, 71, 72, 73, 74, 75, 76, 77, 78, 79, 80, 81, 82, 83, 84, 85, 86, 87, 88, 89, 90, 91, 92, 93, 94, 95, 96, 97, 98, 99, 100, 101, 102, 103, 104, 105, 106, 107, 108, 109, 110, 111, 112, 113, 114, 115, 116, 117, 118, 119, 120, 121, 122, 123, 124, 125, 126, 127, 128, 129, 130, 131, 132, 133, 134, 135, 136, 137, 138, 139, 140, 141, 142, 143, 144, 145, 146, 147]
Inds:  [119.475, 118.90000000000002, 118.775, 118.22500000000001, 117.9, 117.9, 117.9, 117.52500000000002, 117.52500000000002, 117.52500000000002, 117.49999999999999, 117.49999999999999, 117.44999999999999, 117.44999999999999, 117.25, 117.17500000000001, 116.5, 116.5, 116.5, 116.5, 116.5, 116.5, 116.5, 116.45, 116.35000000000001, 116.35000000000001, 116.35000000000001, 116.325, 116.325, 116.05, 115.69999999999999, 115.69999999999999, 115.69999999999999, 115.69999999999999, 115.69999999999999, 115.69999999999999, 115.675, 115.675, 115.675, 115.6, 115.6, 115.6, 115.6, 115.5, 115.5, 115.425, 115.425, 115.39999999999999, 115.39999999999999, 115.375, 115.35, 115.35, 115.35, 115.35, 115.35, 115.32499999999999, 115.175, 115.175, 115.175, 115.175, 115.175, 115.175, 115.175, 115.175, 115.175, 115.175, 115.175, 115.1, 115.05000000000001, 115.05000000000001, 115.05000000000001, 115.05000000000001, 115.05000000000001, 115.05000000000001, 115.05000000000001, 114.95, 114.9, 114.9, 114.9, 114.9, 114.9, 114.9, 114.9, 114.82500000000002, 114.82500000000002, 114.82500000000002, 114.82500000000002, 114.82500000000002, 114.82500000000002, 114.82500000000002, 114.82500000000002, 114.82500000000002, 114.80000000000001, 114.80000000000001, 114.80000000000001, 114.80000000000001, 114.80000000000001, 114.80000000000001, 114.80000000000001, 114.75, 114.60000000000001, 114.60000000000001, 114.60000000000001, 114.60000000000001, 114.60000000000001, 114.60000000000001, 114.60000000000001, 114.60000000000001, 114.60000000000001, 114.60000000000001, 114.60000000000001, 114.60000000000001, 114.60000000000001, 114.60000000000001, 114.60000000000001, 114.60000000000001, 114.60000000000001, 114.60000000000001, 114.60000000000001, 114.525, 114.525, 114.525, 114.525, 114.525, 114.525, 114.525, 114.525, 114.525, 114.525, 114.525, 114.525, 114.525, 114.525, 114.525, 114.525, 114.525, 114.525, 114.525, 114.525, 114.525, 114.525, 114.525, 114.525, 114.525, 114.525, 114.525, 114.525, 114.525]

Execution 3:
Parametros: Y=0.998
Start Time (hh:mm:ss.ms) 2023-07-16 20:10:14.698163
generations	MaxGenenerations	Populationk1	Populationk	PopulationElite	PopulationMutant	fitnessElite	alpha	min    	max    	avg    	std     
0          	0               	0           	0          	0              	0               	0           	0    	119.325	122.875	121.282	0.568953
1          	152.604         	998         	1000       	100            	200             	120.39      	0.3  	118.75 	122.675	120.873	0.650977
2          	151.808         	996         	998        	101            	199             	119.922     	0.298	118.525	122.9  	120.641	0.710862
4          	151.535         	992         	994        	103            	196             	119.768     	0.296	118.5  	122.575	120.436	0.82246 
5          	151.458         	990         	992        	103            	195             	119.701     	0.294	118.275	122.8  	120.367	0.864559
7          	151.208         	986         	988        	105            	192             	119.567     	0.292	118.025	122.775	120.197	0.914098
9          	150.821         	982         	984        	107            	189             	119.313     	0.289	118    	122.85 	120.072	0.955457
11         	150.962         	978         	980        	108            	186             	119.448     	0.286	117.85 	122.7  	120.024	0.983372
12         	150.665         	976         	978        	109            	185             	119.234     	0.285	117.2  	122.8  	119.914	1.03036 
16         	149.789         	968         	970        	112            	180             	118.698     	0.279	117.2  	122.8  	119.691	1.12835 
18         	149.841         	964         	966        	113            	177             	118.732     	0.277	116.875	122.65 	119.544	1.20757 
19         	149.403         	962         	964        	114            	176             	118.468     	0.275	116.85 	122.525	119.489	1.26953 
20         	149.334         	960         	962        	115            	174             	118.408     	0.274	116.75 	122.575	119.265	1.31561 
21         	149.221         	958         	960        	116            	173             	118.341     	0.273	116.725	122.9  	119.149	1.36444 
22         	149.286         	956         	958        	116            	172             	118.404     	0.271	116.45 	122.75 	119.11 	1.44691 
25         	148.897         	950         	952        	118            	168             	118.144     	0.267	116.425	122.625	118.739	1.57855 
26         	148.821         	948         	950        	119            	166             	118.077     	0.266	116.25 	123.05 	118.612	1.6394  
27         	148.724         	946         	948        	120            	165             	118.052     	0.265	116.225	122.725	118.583	1.67981 
28         	148.595         	944         	946        	121            	164             	117.939     	0.263	115.975	122.625	118.479	1.67961 
32         	148.253         	936         	938        	123            	158             	117.698     	0.258	115.95 	122.7  	118.303	1.75138 
33         	148.236         	934         	936        	124            	157             	117.684     	0.256	115.7  	122.75 	118.198	1.83776 
36         	147.879         	928         	930        	126            	153             	117.437     	0.252	115.375	122.575	118.084	1.91452 
39         	147.493         	922         	924        	128            	149             	117.189     	0.248	115.35 	122.6  	117.945	1.9885  
41         	147.476         	918         	920        	130            	147             	117.162     	0.245	115.325	122.4  	117.786	1.96768 
42         	147.348         	916         	918        	130            	145             	117.054     	0.244	115.1  	122.675	117.823	2.03138 
48         	147.193         	904         	906        	134            	138             	116.93      	0.236	114.9  	122.725	117.423	2.07812 
51         	146.901         	898         	900        	136            	134             	116.715     	0.231	114.7  	122.525	117.318	2.18602 
56         	146.572         	888         	890        	139            	128             	116.449     	0.224	114.525	122.525	117.135	2.25472 
144        	146.304         	712         	714        	176            	39              	115.34      	0.104	114.45 	122.55 	115.702	1.82316 
End Time (hh:mm:ss.ms) 2023-07-16 20:10:30.064132
Total Time (hh:mm:ss.ms) 0:00:15.365969
Individuo: [[12, 5, 2, 0, 17, 4, 19, 8, 22, 3, 9, 6, 20, 18, 1, 21, 10, 23, 16, 7, 13, 14, 15, 11], [1, 0, 0, 1, 1, 0, 0, 0, 0, 0, 0, 0, 0, 0, 0, 0, 0, 1, 1, 0, 0, 1, 1, 1]]
Fitness:  114.45
Gens:  [0, 1, 2, 3, 4, 5, 6, 7, 8, 9, 10, 11, 12, 13, 14, 15, 16, 17, 18, 19, 20, 21, 22, 23, 24, 25, 26, 27, 28, 29, 30, 31, 32, 33, 34, 35, 36, 37, 38, 39, 40, 41, 42, 43, 44, 45, 46, 47, 48, 49, 50, 51, 52, 53, 54, 55, 56, 57, 58, 59, 60, 61, 62, 63, 64, 65, 66, 67, 68, 69, 70, 71, 72, 73, 74, 75, 76, 77, 78, 79, 80, 81, 82, 83, 84, 85, 86, 87, 88, 89, 90, 91, 92, 93, 94, 95, 96, 97, 98, 99, 100, 101, 102, 103, 104, 105, 106, 107, 108, 109, 110, 111, 112, 113, 114, 115, 116, 117, 118, 119, 120, 121, 122, 123, 124, 125, 126, 127, 128, 129, 130, 131, 132, 133, 134, 135, 136, 137, 138, 139, 140, 141, 142, 143, 144, 145, 146, 147]
Inds:  [119.325, 118.75000000000003, 118.52500000000003, 118.52500000000003, 118.50000000000003, 118.27500000000002, 118.27500000000002, 118.02500000000002, 118.02500000000002, 117.99999999999999, 117.99999999999999, 117.85000000000001, 117.19999999999999, 117.19999999999999, 117.19999999999999, 117.19999999999999, 117.19999999999997, 117.19999999999997, 116.87500000000003, 116.85000000000001, 116.75000000000004, 116.72500000000001, 116.45000000000002, 116.45000000000002, 116.45000000000002, 116.42500000000001, 116.25, 116.22500000000002, 115.97500000000001, 115.97500000000001, 115.97500000000001, 115.97500000000001, 115.95, 115.70000000000002, 115.70000000000002, 115.70000000000002, 115.37500000000001, 115.37500000000001, 115.37500000000001, 115.35000000000001, 115.35000000000001, 115.325, 115.10000000000001, 115.10000000000001, 115.10000000000001, 115.10000000000001, 115.10000000000001, 115.10000000000001, 114.9, 114.9, 114.9, 114.70000000000002, 114.70000000000002, 114.70000000000002, 114.70000000000002, 114.70000000000002, 114.525, 114.525, 114.525, 114.525, 114.525, 114.525, 114.525, 114.525, 114.525, 114.525, 114.525, 114.525, 114.525, 114.525, 114.525, 114.525, 114.525, 114.525, 114.525, 114.525, 114.525, 114.525, 114.525, 114.525, 114.525, 114.525, 114.525, 114.525, 114.525, 114.525, 114.525, 114.525, 114.525, 114.525, 114.525, 114.525, 114.525, 114.525, 114.525, 114.525, 114.525, 114.525, 114.525, 114.525, 114.525, 114.525, 114.525, 114.525, 114.525, 114.525, 114.525, 114.525, 114.525, 114.525, 114.525, 114.525, 114.525, 114.525, 114.525, 114.525, 114.525, 114.525, 114.525, 114.525, 114.525, 114.525, 114.525, 114.525, 114.525, 114.525, 114.525, 114.525, 114.525, 114.525, 114.525, 114.525, 114.525, 114.525, 114.525, 114.525, 114.525, 114.525, 114.525, 114.525, 114.525, 114.525, 114.525, 114.525, 114.45, 114.45, 114.45, 114.45]

Execution 4:
Parametros: Y=0.998
Start Time (hh:mm:ss.ms) 2023-07-16 20:10:30.776131
generations	MaxGenenerations	Populationk1	Populationk	PopulationElite	PopulationMutant	fitnessElite	alpha	min    	max  	avg  	std     
0          	0               	0           	0          	0              	0               	0           	0    	119.175	123.1	121.3	0.587308
1          	152.481         	998         	1000       	100            	200             	120.353     	0.3  	118.35 	123.025	120.837	0.65805 
5          	151.281         	990         	992        	103            	195             	119.61      	0.294	118.3  	122.95 	120.318	0.860702
6          	151.316         	988         	990        	104            	193             	119.664     	0.293	118.075	123.05 	120.226	0.890648
8          	150.953         	984         	986        	106            	190             	119.42      	0.290	117.7  	122.525	120.075	0.957417
10         	150.458         	980         	982        	107            	188             	119.126     	0.288	117.3  	123.05 	119.951	1.02718 
11         	150.067         	978         	980        	108            	186             	118.948     	0.286	117.225	122.65 	119.838	1.05797 
16         	149.903         	968         	970        	112            	180             	118.793     	0.279	117.125	122.75 	119.431	1.22456 
19         	149.738         	962         	964        	114            	176             	118.663     	0.275	116.675	122.65 	119.172	1.36862 
22         	149.2           	956         	958        	116            	172             	118.347     	0.271	116.6  	122.75 	118.921	1.45693 
25         	149.119         	950         	952        	118            	168             	118.281     	0.267	116.575	123.075	118.813	1.55111 
27         	148.945         	946         	948        	120            	165             	118.119     	0.265	116.55 	122.725	118.632	1.58913 
30         	149.048         	940         	942        	122            	161             	118.195     	0.261	116.45 	122.625	118.565	1.61502 
31         	148.853         	938         	940        	123            	160             	118.054     	0.259	116.4  	122.55 	118.543	1.64338 
33         	148.841         	934         	936        	124            	157             	118.045     	0.257	116.375	122.725	118.4  	1.66851 
34         	148.787         	932         	934        	125            	156             	117.998     	0.255	116.35 	122.575	118.541	1.68122 
35         	148.71          	930         	932        	125            	155             	117.933     	0.254	116.15 	122.675	118.435	1.68233 
40         	148.469         	920         	922        	129            	148             	117.752     	0.247	116.125	122.675	118.28 	1.74252 
42         	148.452         	916         	918        	130            	146             	117.728     	0.244	116.125	122.85 	118.213	1.74755 
43         	148.504         	914         	916        	131            	145             	117.762     	0.243	115.725	122.875	118.235	1.75943 
44         	148             	912         	914        	131            	143             	117.455     	0.241	115.65 	122.75 	118.108	1.77537 
45         	147.867         	910         	912        	132            	142             	117.357     	0.240	115.4  	122.6  	118.061	1.78362 
47         	147.525         	906         	908        	133            	139             	117.129     	0.237	115.325	122.95 	117.912	1.83285 
49         	147.393         	902         	904        	135            	137             	117.022     	0.234	115.2  	122.65 	117.699	1.92988 
51         	147.233         	898         	900        	136            	134             	116.906     	0.232	115.025	122.55 	117.568	1.99602 
52         	147.009         	896         	898        	137            	133             	116.76      	0.230	114.9  	122.725	117.465	2.06514 
59         	146.886         	882         	884        	141            	125             	116.618     	0.221	114.625	122.7  	117.221	2.18747 
70         	146.542         	860         	862        	147            	112             	116.287     	0.205	114.6  	122.5  	116.873	2.19333 
80         	146.495         	840         	842        	152            	101             	116.147     	0.192	114.6  	122.625	116.677	2.22069 
End Time (hh:mm:ss.ms) 2023-07-16 20:10:46.157131
Total Time (hh:mm:ss.ms) 0:00:15.381000
Individuo: [[12, 14, 15, 21, 1, 18, 4, 3, 22, 7, 8, 19, 9, 6, 20, 17, 23, 5, 13, 2, 16, 0, 10, 11], [1, 1, 1, 1, 1, 1, 0, 1, 1, 1, 1, 1, 0, 0, 0, 1, 1, 1, 1, 1, 1, 1, 1, 1]]
Fitness:  114.60000000000001
Gens:  [0, 1, 2, 3, 4, 5, 6, 7, 8, 9, 10, 11, 12, 13, 14, 15, 16, 17, 18, 19, 20, 21, 22, 23, 24, 25, 26, 27, 28, 29, 30, 31, 32, 33, 34, 35, 36, 37, 38, 39, 40, 41, 42, 43, 44, 45, 46, 47, 48, 49, 50, 51, 52, 53, 54, 55, 56, 57, 58, 59, 60, 61, 62, 63, 64, 65, 66, 67, 68, 69, 70, 71, 72, 73, 74, 75, 76, 77, 78, 79, 80, 81, 82, 83, 84, 85, 86, 87, 88, 89, 90, 91, 92, 93, 94, 95, 96, 97, 98, 99, 100, 101, 102, 103, 104, 105, 106, 107, 108, 109, 110, 111, 112, 113, 114, 115, 116, 117, 118, 119, 120, 121, 122, 123, 124, 125, 126, 127, 128, 129, 130, 131, 132, 133, 134, 135, 136, 137, 138, 139, 140, 141, 142, 143, 144, 145, 146, 147]
Inds:  [119.17500000000001, 118.35000000000002, 118.35000000000002, 118.35000000000002, 118.35000000000002, 118.3, 118.07499999999999, 118.07499999999999, 117.7, 117.7, 117.30000000000003, 117.22500000000001, 117.22500000000001, 117.22500000000001, 117.22500000000001, 117.22500000000001, 117.12500000000003, 117.12500000000003, 117.12500000000003, 116.67500000000003, 116.67500000000003, 116.67500000000003, 116.60000000000004, 116.60000000000004, 116.60000000000004, 116.57500000000003, 116.57500000000003, 116.55000000000001, 116.55000000000001, 116.55000000000001, 116.45000000000002, 116.40000000000002, 116.40000000000002, 116.375, 116.35000000000004, 116.15, 116.15, 116.15, 116.15, 116.15, 116.12500000000003, 116.12500000000003, 116.125, 115.72500000000002, 115.65000000000002, 115.40000000000002, 115.40000000000002, 115.32500000000002, 115.32500000000002, 115.20000000000002, 115.20000000000002, 115.025, 114.9, 114.9, 114.9, 114.9, 114.9, 114.9, 114.9, 114.625, 114.625, 114.625, 114.625, 114.625, 114.625, 114.625, 114.625, 114.625, 114.625, 114.625, 114.60000000000002, 114.60000000000002, 114.60000000000002, 114.60000000000002, 114.60000000000002, 114.60000000000002, 114.60000000000002, 114.60000000000002, 114.60000000000002, 114.60000000000002, 114.60000000000001, 114.60000000000001, 114.60000000000001, 114.60000000000001, 114.60000000000001, 114.60000000000001, 114.60000000000001, 114.60000000000001, 114.60000000000001, 114.60000000000001, 114.60000000000001, 114.60000000000001, 114.60000000000001, 114.60000000000001, 114.60000000000001, 114.60000000000001, 114.60000000000001, 114.60000000000001, 114.60000000000001, 114.60000000000001, 114.60000000000001, 114.60000000000001, 114.60000000000001, 114.60000000000001, 114.60000000000001, 114.60000000000001, 114.60000000000001, 114.60000000000001, 114.60000000000001, 114.60000000000001, 114.60000000000001, 114.60000000000001, 114.60000000000001, 114.60000000000001, 114.60000000000001, 114.60000000000001, 114.60000000000001, 114.60000000000001, 114.60000000000001, 114.60000000000001, 114.60000000000001, 114.60000000000001, 114.60000000000001, 114.60000000000001, 114.60000000000001, 114.60000000000001, 114.60000000000001, 114.60000000000001, 114.60000000000001, 114.60000000000001, 114.60000000000001, 114.60000000000001, 114.60000000000001, 114.60000000000001, 114.60000000000001, 114.60000000000001, 114.60000000000001, 114.60000000000001, 114.60000000000001, 114.60000000000001, 114.60000000000001, 114.60000000000001, 114.60000000000001, 114.60000000000001, 114.60000000000001, 114.60000000000001, 114.60000000000001, 114.60000000000001]

Execution 5:
Parametros: Y=0.998
Start Time (hh:mm:ss.ms) 2023-07-16 20:10:46.875130
generations	MaxGenenerations	Populationk1	Populationk	PopulationElite	PopulationMutant	fitnessElite	alpha	min   	max  	avg    	std     
0          	0               	0           	0          	0              	0               	0           	0    	118.65	122.9	121.314	0.577981
1          	151.748         	998         	1000       	100            	200             	119.925     	0.3  	118.525	122.7	120.671	0.739665
2          	151.528         	996         	998        	101            	199             	119.772     	0.298	117.95 	122.6	120.454	0.837678
6          	150.778         	988         	990        	104            	193             	119.329     	0.293	117.8  	122.675	119.847	1.08033 
7          	150.593         	986         	988        	105            	192             	119.224     	0.292	117.525	122.475	119.679	1.12973 
8          	150.182         	984         	986        	106            	190             	118.964     	0.290	117.5  	122.775	119.556	1.18682 
9          	150.24          	982         	984        	107            	189             	119.026     	0.289	117.4  	122.675	119.473	1.20202 
10         	150.082         	980         	982        	107            	188             	118.919     	0.288	117.35 	122.65 	119.379	1.25856 
11         	150.011         	978         	980        	108            	186             	118.869     	0.286	117.25 	122.625	119.297	1.28806 
12         	149.875         	976         	978        	109            	185             	118.784     	0.285	116.95 	122.6  	119.184	1.30498 
16         	149.529         	968         	970        	112            	180             	118.574     	0.279	116.675	122.425	118.991	1.44754 
17         	149.081         	966         	968        	113            	178             	118.277     	0.278	116.6  	122.6  	118.768	1.47243 
18         	149.037         	964         	966        	113            	177             	118.263     	0.277	116.5  	122.6  	118.756	1.51617 
19         	148.909         	962         	964        	114            	175             	118.183     	0.275	116.225	122.55 	118.723	1.52465 
27         	148.632         	946         	948        	120            	165             	117.981     	0.265	116.175	122.65 	118.459	1.73483 
29         	148.524         	942         	944        	121            	162             	117.886     	0.262	115.95 	122.475	118.31 	1.69152 
32         	148.258         	936         	938        	123            	158             	117.712     	0.258	115.8  	122.6  	118.296	1.76713 
36         	148.066         	928         	930        	126            	153             	117.563     	0.252	115.775	122.475	118.093	1.79995 
38         	148.249         	924         	926        	127            	151             	117.707     	0.250	115.675	122.9  	118.137	1.83629 
40         	147.892         	920         	922        	129            	148             	117.418     	0.247	115.575	122.4  	117.97 	1.88655 
41         	147.668         	918         	920        	130            	147             	117.253     	0.245	115.475	122.375	117.838	1.89411 
44         	147.562         	912         	914        	132            	143             	117.167     	0.241	115.475	122.6  	117.759	1.93826 
45         	147.599         	910         	912        	132            	142             	117.188     	0.240	115.45 	122.725	117.744	1.96018 
47         	147.604         	906         	908        	133            	139             	117.179     	0.237	115.45 	122.875	117.657	2.00507 
48         	147.648         	904         	906        	134            	138             	117.205     	0.236	115.425	122.7  	117.691	1.9534  
54         	147.572         	892         	894        	138            	131             	117.091     	0.228	115.35 	122.45 	117.482	2.00325 
56         	147.439         	888         	890        	139            	128             	116.984     	0.225	115.2  	122.725	117.524	2.02326 
End Time (hh:mm:ss.ms) 2023-07-16 20:11:02.320221
Total Time (hh:mm:ss.ms) 0:00:15.445091
Individuo: [[12, 14, 16, 2, 5, 13, 7, 19, 8, 22, 0, 23, 1, 21, 15, 17, 4, 9, 6, 3, 20, 18, 10, 11], [1, 1, 1, 1, 1, 1, 1, 0, 0, 0, 0, 0, 0, 0, 0, 0, 0, 0, 0, 1, 1, 1, 1, 1]]
Fitness:  115.20000000000002
Gens:  [0, 1, 2, 3, 4, 5, 6, 7, 8, 9, 10, 11, 12, 13, 14, 15, 16, 17, 18, 19, 20, 21, 22, 23, 24, 25, 26, 27, 28, 29, 30, 31, 32, 33, 34, 35, 36, 37, 38, 39, 40, 41, 42, 43, 44, 45, 46, 47, 48, 49, 50, 51, 52, 53, 54, 55, 56, 57, 58, 59, 60, 61, 62, 63, 64, 65, 66, 67, 68, 69, 70, 71, 72, 73, 74, 75, 76, 77, 78, 79, 80, 81, 82, 83, 84, 85, 86, 87, 88, 89, 90, 91, 92, 93, 94, 95, 96, 97, 98, 99, 100, 101, 102, 103, 104, 105, 106, 107, 108, 109, 110, 111, 112, 113, 114, 115, 116, 117, 118, 119, 120, 121, 122, 123, 124, 125, 126, 127, 128, 129, 130, 131, 132, 133, 134, 135, 136, 137, 138, 139, 140, 141, 142, 143, 144, 145, 146, 147, 148]
Inds:  [118.64999999999999, 118.52499999999999, 117.95, 117.95, 117.95, 117.95, 117.8, 117.52499999999999, 117.49999999999999, 117.39999999999999, 117.35, 117.25, 116.94999999999999, 116.94999999999999, 116.94999999999999, 116.94999999999999, 116.675, 116.60000000000001, 116.50000000000001, 116.22499999999998, 116.22499999999998, 116.22499999999998, 116.22499999999998, 116.22499999999998, 116.22499999999998, 116.22499999999998, 116.22499999999998, 116.17500000000001, 116.17500000000001, 115.95, 115.95, 115.95, 115.80000000000001, 115.80000000000001, 115.80000000000001, 115.80000000000001, 115.775, 115.775, 115.67500000000001, 115.67500000000001, 115.575, 115.47500000000002, 115.47500000000002, 115.47500000000002, 115.47500000000001, 115.45000000000002, 115.45000000000002, 115.45, 115.425, 115.425, 115.425, 115.425, 115.425, 115.425, 115.35000000000001, 115.35000000000001, 115.20000000000002, 115.20000000000002, 115.20000000000002, 115.20000000000002, 115.20000000000002, 115.20000000000002, 115.20000000000002, 115.20000000000002, 115.20000000000002, 115.20000000000002, 115.20000000000002, 115.20000000000002, 115.20000000000002, 115.20000000000002, 115.20000000000002, 115.20000000000002, 115.20000000000002, 115.20000000000002, 115.20000000000002, 115.20000000000002, 115.20000000000002, 115.20000000000002, 115.20000000000002, 115.20000000000002, 115.20000000000002, 115.20000000000002, 115.20000000000002, 115.20000000000002, 115.20000000000002, 115.20000000000002, 115.20000000000002, 115.20000000000002, 115.20000000000002, 115.20000000000002, 115.20000000000002, 115.20000000000002, 115.20000000000002, 115.20000000000002, 115.20000000000002, 115.20000000000002, 115.20000000000002, 115.20000000000002, 115.20000000000002, 115.20000000000002, 115.20000000000002, 115.20000000000002, 115.20000000000002, 115.20000000000002, 115.20000000000002, 115.20000000000002, 115.20000000000002, 115.20000000000002, 115.20000000000002, 115.20000000000002, 115.20000000000002, 115.20000000000002, 115.20000000000002, 115.20000000000002, 115.20000000000002, 115.20000000000002, 115.20000000000002, 115.20000000000002, 115.20000000000002, 115.20000000000002, 115.20000000000002, 115.20000000000002, 115.20000000000002, 115.20000000000002, 115.20000000000002, 115.20000000000002, 115.20000000000002, 115.20000000000002, 115.20000000000002, 115.20000000000002, 115.20000000000002, 115.20000000000002, 115.20000000000002, 115.20000000000002, 115.20000000000002, 115.20000000000002, 115.20000000000002, 115.20000000000002, 115.20000000000002, 115.20000000000002, 115.20000000000002, 115.20000000000002, 115.20000000000002, 115.20000000000002, 115.20000000000002, 115.20000000000002, 115.20000000000002, 115.20000000000002, 115.20000000000002]

Execution 6:
Parametros: Y=0.998
Start Time (hh:mm:ss.ms) 2023-07-16 20:11:03.112209
generations	MaxGenenerations	Populationk1	Populationk	PopulationElite	PopulationMutant	fitnessElite	alpha	min    	max    	avg    	std     
0          	0               	0           	0          	0              	0               	0           	0    	119.175	123.025	121.296	0.563893
1          	152.458         	998         	1000       	100            	200             	120.33      	0.3  	118.55 	122.875	120.869	0.645234
3          	151.689         	994         	996        	102            	197             	119.91      	0.297	118.45 	122.5  	120.5  	0.779307
4          	151.371         	992         	994        	103            	196             	119.649     	0.296	118.05 	122.8  	120.416	0.831598
7          	150.883         	986         	988        	105            	192             	119.372     	0.292	117.625	122.65 	120.24 	0.922311
12         	150.317         	976         	978        	109            	185             	119.016     	0.285	117.4  	122.5  	119.92 	1.01584 
19         	150.112         	962         	964        	114            	176             	118.884     	0.276	117.3  	122.75 	119.484	1.25004 
20         	149.977         	960         	962        	115            	174             	118.797     	0.274	117.225	122.975	119.413	1.28361 
22         	149.933         	956         	958        	116            	172             	118.775     	0.271	116.875	122.65 	119.211	1.36022 
23         	149.403         	954         	956        	117            	170             	118.437     	0.270	116.5  	122.8  	119.072	1.38899 
25         	148.946         	950         	952        	118            	168             	118.167     	0.267	116.3  	122.4  	118.83 	1.46301 
29         	148.81          	942         	944        	121            	162             	118.091     	0.262	116.1  	122.45 	118.602	1.63478 
31         	148.45          	938         	940        	123            	160             	117.833     	0.259	116    	123.25 	118.461	1.74852 
34         	148.233         	932         	934        	125            	156             	117.654     	0.255	115.85 	122.3  	118.233	1.75414 
38         	148.078         	924         	926        	128            	151             	117.538     	0.250	115.85 	122.725	118.174	1.86974 
39         	148.115         	922         	924        	128            	149             	117.56      	0.248	115.65 	122.6  	118.12 	1.8633  
53         	147.83          	894         	896        	137            	132             	117.252     	0.229	115.575	122.4  	117.801	1.88598 
54         	147.668         	892         	894        	138            	131             	117.133     	0.228	115.55 	122.625	117.83 	1.93649 
64         	147.673         	872         	874        	144            	119             	117.047     	0.214	115.525	122.475	117.642	1.94232 
70         	147.722         	860         	862        	147            	112             	117.028     	0.206	115.5  	122.6  	117.592	2.03052 
78         	147.69          	844         	846        	151            	103             	116.929     	0.195	115.475	122.825	117.434	1.96733 
80         	147.57          	840         	842        	152            	101             	116.83      	0.192	115.45 	123.05 	117.349	1.9474  
84         	147.501         	832         	834        	154            	97              	116.748     	0.187	115.25 	122.8  	117.357	1.97904 
End Time (hh:mm:ss.ms) 2023-07-16 20:11:18.575209
Total Time (hh:mm:ss.ms) 0:00:15.463000
Individuo: [[12, 5, 13, 8, 19, 4, 20, 0, 16, 23, 15, 2, 7, 22, 18, 1, 21, 10, 3, 9, 6, 17, 14, 11], [1, 1, 1, 1, 1, 1, 0, 0, 0, 0, 1, 0, 0, 0, 0, 0, 0, 0, 0, 0, 0, 1, 0, 1]]
Fitness:  115.25
Gens:  [0, 1, 2, 3, 4, 5, 6, 7, 8, 9, 10, 11, 12, 13, 14, 15, 16, 17, 18, 19, 20, 21, 22, 23, 24, 25, 26, 27, 28, 29, 30, 31, 32, 33, 34, 35, 36, 37, 38, 39, 40, 41, 42, 43, 44, 45, 46, 47, 48, 49, 50, 51, 52, 53, 54, 55, 56, 57, 58, 59, 60, 61, 62, 63, 64, 65, 66, 67, 68, 69, 70, 71, 72, 73, 74, 75, 76, 77, 78, 79, 80, 81, 82, 83, 84, 85, 86, 87, 88, 89, 90, 91, 92, 93, 94, 95, 96, 97, 98, 99, 100, 101, 102, 103, 104, 105, 106, 107, 108, 109, 110, 111, 112, 113, 114, 115, 116, 117, 118, 119, 120, 121, 122, 123, 124, 125, 126, 127, 128, 129, 130, 131, 132, 133, 134, 135, 136, 137, 138, 139, 140, 141, 142, 143, 144, 145, 146, 147, 148]
Inds:  [119.17500000000001, 118.55, 118.55, 118.44999999999999, 118.05000000000003, 118.05000000000003, 118.05000000000003, 117.625, 117.625, 117.625, 117.625, 117.625, 117.4, 117.4, 117.4, 117.4, 117.4, 117.4, 117.4, 117.30000000000003, 117.225, 117.225, 116.87500000000001, 116.5, 116.5, 116.3, 116.3, 116.3, 116.3, 116.09999999999998, 116.09999999999998, 116.0, 116.0, 116.0, 115.85000000000001, 115.85000000000001, 115.85000000000001, 115.85000000000001, 115.85, 115.64999999999999, 115.64999999999999, 115.64999999999999, 115.64999999999999, 115.64999999999999, 115.64999999999999, 115.64999999999999, 115.64999999999999, 115.64999999999999, 115.64999999999999, 115.64999999999999, 115.64999999999999, 115.64999999999999, 115.64999999999999, 115.575, 115.55, 115.55, 115.55, 115.55, 115.55, 115.55, 115.55, 115.55, 115.55, 115.55, 115.52499999999999, 115.52499999999999, 115.52499999999999, 115.52499999999999, 115.52499999999999, 115.52499999999999, 115.5, 115.5, 115.5, 115.5, 115.5, 115.5, 115.5, 115.5, 115.47500000000001, 115.47500000000001, 115.45, 115.45, 115.45, 115.45, 115.25, 115.25, 115.25, 115.25, 115.25, 115.25, 115.25, 115.25, 115.25, 115.25, 115.25, 115.25, 115.25, 115.25, 115.25, 115.25, 115.25, 115.25, 115.25, 115.25, 115.25, 115.25, 115.25, 115.25, 115.25, 115.25, 115.25, 115.25, 115.25, 115.25, 115.25, 115.25, 115.25, 115.25, 115.25, 115.25, 115.25, 115.25, 115.25, 115.25, 115.25, 115.25, 115.25, 115.25, 115.25, 115.25, 115.25, 115.25, 115.25, 115.25, 115.25, 115.25, 115.25, 115.25, 115.25, 115.25, 115.25, 115.25, 115.25, 115.25, 115.25, 115.25, 115.25, 115.25, 115.25]

Execution 7:
Parametros: Y=0.998
Start Time (hh:mm:ss.ms) 2023-07-16 20:11:19.341209
generations	MaxGenenerations	Populationk1	Populationk	PopulationElite	PopulationMutant	fitnessElite	alpha	min    	max  	avg   	std     
0          	0               	0           	0          	0              	0               	0           	0    	119.275	122.9	121.28	0.570106
1          	152.548         	998         	1000       	100            	200             	120.363     	0.3  	118.45 	122.75	120.886	0.635374
4          	151.417         	992         	994        	103            	196             	119.693     	0.296	118.075	122.8  	120.427	0.834347
5          	150.983         	990         	992        	103            	195             	119.467     	0.294	117.75 	122.75 	120.364	0.898068
13         	150.514         	974         	976        	110            	184             	119.135     	0.284	117.65 	122.7  	119.856	1.04656 
15         	150.387         	970         	972        	111            	181             	119.05      	0.281	117.525	122.625	119.78 	1.09073 
16         	150.227         	968         	970        	112            	180             	118.953     	0.280	117.05 	122.575	119.733	1.13356 
20         	149.702         	960         	962        	115            	174             	118.657     	0.274	117.025	122.875	119.44 	1.24577 
23         	149.655         	954         	956        	117            	170             	118.601     	0.270	116.95 	122.85 	119.227	1.32984 
24         	149.559         	952         	954        	118            	169             	118.539     	0.269	116.575	122.825	119.137	1.3857  
28         	149.065         	944         	946        	121            	164             	118.217     	0.263	116.575	122.775	118.643	1.51687 
30         	149.192         	940         	942        	122            	161             	118.311     	0.261	116.425	122.775	118.689	1.56585 
32         	148.769         	936         	938        	123            	158             	117.981     	0.258	116.175	122.5  	118.564	1.63277 
33         	148.464         	934         	936        	124            	157             	117.8       	0.256	116.125	122.925	118.442	1.67635 
37         	148.393         	926         	928        	127            	152             	117.722     	0.251	115.75 	122.725	118.362	1.7524  
42         	147.951         	916         	918        	130            	146             	117.425     	0.244	115.625	122.5  	118.09 	1.83869 
45         	147.746         	910         	912        	132            	142             	117.266     	0.240	115.375	122.575	117.903	1.87276 
51         	147.538         	898         	900        	136            	134             	117.105     	0.232	115.3  	122.9  	117.804	1.9559  
55         	147.368         	890         	892        	138            	130             	116.949     	0.226	115.275	122.65 	117.705	2.0463  
56         	147.358         	888         	890        	139            	128             	116.937     	0.225	115.25 	122.5  	117.597	2.01    
57         	147.282         	886         	888        	140            	127             	116.874     	0.223	115.225	122.825	117.522	2.06461 
58         	147.346         	884         	886        	140            	126             	116.917     	0.222	115.2  	122.8  	117.457	2.06087 
59         	147.307         	882         	884        	141            	125             	116.882     	0.221	115.1  	122.675	117.428	2.09316 
60         	147.142         	880         	882        	141            	124             	116.765     	0.219	114.95 	122.65 	117.383	2.13335 
72         	146.994         	856         	858        	148            	110             	116.552     	0.203	114.875	122.75 	117.044	2.24515 
93         	146.898         	814         	816        	158            	87              	116.264     	0.174	114.8  	122.55 	116.752	2.16059 
112        	146.67          	776         	778        	166            	68              	115.926     	0.148	114.725	122.5  	116.409	2.06584 
121        	146.626         	758         	760        	169            	59              	115.792     	0.136	114.7  	122.475	116.355	2.02088 
End Time (hh:mm:ss.ms) 2023-07-16 20:11:34.886246
Total Time (hh:mm:ss.ms) 0:00:15.545037
Individuo: [[11, 10, 15, 21, 1, 20, 18, 6, 9, 3, 17, 4, 19, 8, 22, 0, 16, 2, 7, 13, 14, 23, 5, 12], [0, 0, 1, 1, 1, 0, 0, 1, 1, 1, 1, 0, 0, 0, 0, 0, 0, 0, 0, 0, 1, 1, 1, 0]]
Fitness:  114.70000000000003
Gens:  [0, 1, 2, 3, 4, 5, 6, 7, 8, 9, 10, 11, 12, 13, 14, 15, 16, 17, 18, 19, 20, 21, 22, 23, 24, 25, 26, 27, 28, 29, 30, 31, 32, 33, 34, 35, 36, 37, 38, 39, 40, 41, 42, 43, 44, 45, 46, 47, 48, 49, 50, 51, 52, 53, 54, 55, 56, 57, 58, 59, 60, 61, 62, 63, 64, 65, 66, 67, 68, 69, 70, 71, 72, 73, 74, 75, 76, 77, 78, 79, 80, 81, 82, 83, 84, 85, 86, 87, 88, 89, 90, 91, 92, 93, 94, 95, 96, 97, 98, 99, 100, 101, 102, 103, 104, 105, 106, 107, 108, 109, 110, 111, 112, 113, 114, 115, 116, 117, 118, 119, 120, 121, 122, 123, 124, 125, 126, 127, 128, 129, 130, 131, 132, 133, 134, 135, 136, 137, 138, 139, 140, 141, 142, 143, 144, 145, 146, 147]
Inds:  [119.27500000000002, 118.45, 118.45, 118.45, 118.07500000000002, 117.75000000000001, 117.75000000000001, 117.75000000000001, 117.75000000000001, 117.75000000000001, 117.75000000000001, 117.75000000000001, 117.75000000000001, 117.65, 117.65, 117.52499999999999, 117.05, 117.05, 117.05, 117.05, 117.025, 117.025, 117.025, 116.95000000000002, 116.57500000000002, 116.57500000000002, 116.57500000000002, 116.57500000000002, 116.575, 116.575, 116.42500000000001, 116.42500000000001, 116.17500000000001, 116.12500000000001, 116.12500000000001, 116.12500000000001, 116.12500000000001, 115.75000000000001, 115.75000000000001, 115.75000000000001, 115.75000000000001, 115.75000000000001, 115.62500000000001, 115.62500000000001, 115.62500000000001, 115.37500000000003, 115.37500000000003, 115.37500000000003, 115.37500000000003, 115.37500000000003, 115.37500000000003, 115.30000000000003, 115.30000000000003, 115.30000000000003, 115.30000000000003, 115.27500000000002, 115.25000000000003, 115.22500000000002, 115.20000000000002, 115.10000000000001, 114.95000000000002, 114.95000000000002, 114.95000000000002, 114.95000000000002, 114.95000000000002, 114.95000000000002, 114.95000000000002, 114.95000000000002, 114.95000000000002, 114.95000000000002, 114.95000000000002, 114.95000000000002, 114.875, 114.875, 114.875, 114.875, 114.875, 114.875, 114.875, 114.875, 114.875, 114.875, 114.875, 114.875, 114.875, 114.875, 114.875, 114.875, 114.875, 114.875, 114.875, 114.875, 114.875, 114.80000000000001, 114.80000000000001, 114.80000000000001, 114.80000000000001, 114.80000000000001, 114.80000000000001, 114.80000000000001, 114.80000000000001, 114.80000000000001, 114.80000000000001, 114.80000000000001, 114.80000000000001, 114.80000000000001, 114.80000000000001, 114.80000000000001, 114.80000000000001, 114.80000000000001, 114.80000000000001, 114.80000000000001, 114.72500000000002, 114.72500000000002, 114.72500000000002, 114.72500000000002, 114.72500000000002, 114.72500000000002, 114.72500000000002, 114.72500000000002, 114.72500000000002, 114.70000000000003, 114.70000000000003, 114.70000000000003, 114.70000000000003, 114.70000000000003, 114.70000000000003, 114.70000000000003, 114.70000000000003, 114.70000000000003, 114.70000000000003, 114.70000000000003, 114.70000000000003, 114.70000000000003, 114.70000000000003, 114.70000000000003, 114.70000000000003, 114.70000000000003, 114.70000000000003, 114.70000000000003, 114.70000000000003, 114.70000000000003, 114.70000000000003, 114.70000000000003, 114.70000000000003, 114.70000000000003, 114.70000000000003, 114.70000000000003]

Execution 8:
Parametros: Y=0.998
Start Time (hh:mm:ss.ms) 2023-07-16 20:11:35.753243
generations	MaxGenenerations	Populationk1	Populationk	PopulationElite	PopulationMutant	fitnessElite	alpha	min   	max	avg    	std     
0          	0               	0           	0          	0              	0               	0           	0    	118.95	123	121.283	0.567763
2          	152.064         	996         	998        	101            	199             	120.063     	0.298	118.4 	122.85 	120.672	0.725569
5          	151.368         	990         	992        	103            	195             	119.667     	0.294	118.325	122.75 	120.389	0.858845
7          	151.439         	986         	988        	105            	192             	119.763     	0.292	117.95 	122.6  	120.33 	0.9345  
9          	150.853         	982         	984        	107            	189             	119.382     	0.289	117.45 	122.55 	120.065	0.968571
16         	150.274         	968         	970        	112            	180             	119.032     	0.280	117.325	122.85 	119.659	1.178   
18         	149.979         	964         	966        	113            	177             	118.802     	0.277	117.1  	122.475	119.519	1.24737 
20         	149.691         	960         	962        	115            	174             	118.624     	0.274	116.9  	122.65 	119.316	1.3233  
21         	149.435         	958         	960        	116            	173             	118.471     	0.273	116.775	122.925	119.158	1.36545 
23         	149.343         	954         	956        	117            	170             	118.425     	0.270	116.425	122.8  	118.995	1.40896 
28         	148.821         	944         	946        	121            	164             	118.06      	0.263	116.275	122.75 	118.727	1.57898 
33         	148.674         	934         	936        	124            	157             	117.945     	0.256	116.025	122.625	118.521	1.6617  
37         	148.295         	926         	928        	127            	152             	117.672     	0.251	115.925	122.7  	118.327	1.70963 
40         	148.211         	920         	922        	129            	148             	117.607     	0.247	115.825	122.8  	118.181	1.78347 
43         	148.121         	914         	916        	131            	144             	117.534     	0.243	115.775	122.575	118.141	1.81178 
45         	148.034         	910         	912        	132            	142             	117.459     	0.240	115.7  	122.45 	118.123	1.82345 
47         	147.983         	906         	908        	133            	139             	117.418     	0.237	115.6  	122.5  	118.047	1.88907 
49         	147.744         	902         	904        	135            	137             	117.233     	0.235	115.35 	122.275	117.848	1.90478 
52         	147.425         	896         	898        	137            	133             	117.012     	0.230	115.3  	122.45 	117.702	1.92474 
53         	147.331         	894         	896        	137            	132             	116.94      	0.229	115.25 	122.9  	117.783	2.06102 
54         	147.4           	892         	894        	138            	131             	116.995     	0.228	115.2  	122.7  	117.755	2.00929 
64         	147.307         	872         	874        	144            	119             	116.83      	0.214	115.2  	122.725	117.306	2.11551 
78         	147.218         	844         	846        	151            	103             	116.626     	0.195	115.15 	122.275	117.065	2.08241 
94         	147.22          	812         	814        	159            	86              	116.465     	0.173	115.125	122.25 	116.936	2.03204 
110        	147.071         	780         	782        	165            	70              	116.218     	0.151	115.1  	122.3  	116.604	1.96073 
121        	147.105         	758         	760        	169            	59              	116.12      	0.136	115.05 	122.5  	116.62 	1.94254 
139        	147.107         	722         	724        	174            	43              	115.918     	0.112	114.75 	122.15 	116.263	1.70672 
End Time (hh:mm:ss.ms) 2023-07-16 20:11:51.193210
Total Time (hh:mm:ss.ms) 0:00:15.439967
Individuo: [[11, 15, 4, 19, 8, 13, 5, 2, 0, 20, 6, 9, 3, 1, 21, 10, 18, 23, 16, 7, 22, 17, 14, 12], [0, 0, 0, 0, 0, 0, 0, 0, 1, 1, 1, 1, 1, 0, 0, 0, 0, 1, 1, 0, 0, 1, 0, 0]]
Fitness:  114.75000000000003
Gens:  [0, 1, 2, 3, 4, 5, 6, 7, 8, 9, 10, 11, 12, 13, 14, 15, 16, 17, 18, 19, 20, 21, 22, 23, 24, 25, 26, 27, 28, 29, 30, 31, 32, 33, 34, 35, 36, 37, 38, 39, 40, 41, 42, 43, 44, 45, 46, 47, 48, 49, 50, 51, 52, 53, 54, 55, 56, 57, 58, 59, 60, 61, 62, 63, 64, 65, 66, 67, 68, 69, 70, 71, 72, 73, 74, 75, 76, 77, 78, 79, 80, 81, 82, 83, 84, 85, 86, 87, 88, 89, 90, 91, 92, 93, 94, 95, 96, 97, 98, 99, 100, 101, 102, 103, 104, 105, 106, 107, 108, 109, 110, 111, 112, 113, 114, 115, 116, 117, 118, 119, 120, 121, 122, 123, 124, 125, 126, 127, 128, 129, 130, 131, 132, 133, 134, 135, 136, 137, 138, 139, 140, 141, 142, 143, 144, 145, 146, 147]
Inds:  [118.95, 118.95, 118.4, 118.4, 118.4, 118.32500000000002, 118.32500000000002, 117.94999999999999, 117.94999999999999, 117.45000000000002, 117.45000000000002, 117.45000000000002, 117.45000000000002, 117.45000000000002, 117.45000000000002, 117.45000000000002, 117.325, 117.325, 117.10000000000001, 117.10000000000001, 116.9, 116.77500000000002, 116.77500000000002, 116.42500000000003, 116.42500000000003, 116.42500000000003, 116.42500000000003, 116.42500000000003, 116.27500000000002, 116.27500000000002, 116.27500000000002, 116.27500000000002, 116.27500000000002, 116.025, 116.025, 116.025, 116.025, 115.92500000000003, 115.92500000000003, 115.92500000000003, 115.825, 115.825, 115.825, 115.77500000000002, 115.77500000000002, 115.70000000000002, 115.70000000000002, 115.60000000000002, 115.60000000000002, 115.35000000000001, 115.35000000000001, 115.35000000000001, 115.3, 115.25000000000001, 115.20000000000002, 115.20000000000002, 115.20000000000002, 115.20000000000002, 115.20000000000002, 115.20000000000002, 115.20000000000002, 115.20000000000002, 115.20000000000002, 115.20000000000002, 115.2, 115.2, 115.2, 115.2, 115.2, 115.2, 115.2, 115.2, 115.2, 115.2, 115.2, 115.2, 115.2, 115.2, 115.15000000000002, 115.15000000000002, 115.15000000000002, 115.15000000000002, 115.15000000000002, 115.15000000000002, 115.15000000000002, 115.15000000000002, 115.15000000000002, 115.15000000000002, 115.15000000000002, 115.15000000000002, 115.15000000000002, 115.15000000000002, 115.15000000000002, 115.15000000000002, 115.12500000000003, 115.12500000000003, 115.12500000000003, 115.12500000000003, 115.12500000000003, 115.12500000000003, 115.12500000000003, 115.12500000000003, 115.12500000000003, 115.12500000000003, 115.12500000000003, 115.12500000000003, 115.12500000000003, 115.12500000000003, 115.12500000000003, 115.12500000000003, 115.10000000000002, 115.10000000000002, 115.10000000000002, 115.10000000000002, 115.10000000000002, 115.10000000000002, 115.10000000000002, 115.10000000000002, 115.10000000000002, 115.10000000000002, 115.10000000000002, 115.05000000000003, 115.05000000000003, 115.05000000000003, 115.05000000000003, 115.05000000000003, 115.05000000000003, 115.05000000000003, 115.05000000000003, 115.05000000000003, 115.05000000000003, 115.05000000000003, 115.05000000000003, 115.05000000000003, 115.05000000000003, 115.05000000000003, 115.05000000000003, 115.05000000000003, 115.05000000000003, 114.75000000000003, 114.75000000000003, 114.75000000000003, 114.75000000000003, 114.75000000000003, 114.75000000000003, 114.75000000000003, 114.75000000000003, 114.75000000000003]

Execution 9:
Parametros: Y=0.998
Start Time (hh:mm:ss.ms) 2023-07-16 20:11:51.894245
generations	MaxGenenerations	Populationk1	Populationk	PopulationElite	PopulationMutant	fitnessElite	alpha	min    	max    	avg    	std     
0          	0               	0           	0          	0              	0               	0           	0    	119.425	122.925	121.285	0.605356
1          	152.747         	998         	1000       	100            	200             	120.475     	0.3  	119.225	122.725	120.919	0.637308
2          	152.43          	996         	998        	101            	199             	120.27      	0.298	118.875	122.75 	120.733	0.687917
3          	151.991         	994         	996        	102            	197             	120.027     	0.297	118.475	122.9  	120.606	0.76856 
6          	151.388         	988         	990        	104            	193             	119.641     	0.293	117.45 	122.725	120.303	0.899157
13         	150.086         	974         	976        	110            	184             	118.877     	0.284	117.425	122.6  	119.545	1.15915 
14         	150.092         	972         	974        	110            	182             	118.888     	0.282	117.4  	122.675	119.54 	1.20075 
16         	150.075         	968         	970        	112            	180             	118.87      	0.280	116.5  	122.65 	119.367	1.25116 
20         	148.924         	960         	962        	115            	174             	118.188     	0.274	116.35 	122.9  	118.941	1.47522 
22         	148.792         	956         	958        	116            	171             	118.117     	0.271	116.2  	122.65 	118.735	1.55713 
23         	148.541         	954         	956        	117            	170             	117.944     	0.270	116.025	122.625	118.62 	1.63127 
25         	148.332         	950         	952        	119            	167             	117.811     	0.267	115.8  	122.85 	118.476	1.73155 
27         	147.992         	946         	948        	120            	165             	117.581     	0.264	115.575	122.775	118.194	1.83309 
31         	147.756         	938         	940        	123            	160             	117.423     	0.259	115.475	122.35 	118.007	1.92426 
33         	147.71          	934         	936        	124            	157             	117.4       	0.256	115.375	122.675	117.999	1.97097 
36         	147.442         	928         	930        	126            	153             	117.174     	0.252	115.275	122.925	117.778	2.03582 
37         	147.439         	926         	928        	127            	152             	117.196     	0.251	115.225	122.725	117.823	2.0101  
39         	147.449         	922         	924        	128            	149             	117.2       	0.248	115    	122.6  	117.811	2.04261 
44         	147.073         	912         	914        	132            	143             	116.902     	0.241	114.975	122.675	117.587	2.12427 
55         	146.923         	890         	892        	139            	129             	116.674     	0.226	114.925	122.4  	117.173	2.23062 
64         	146.918         	872         	874        	144            	119             	116.585     	0.214	114.925	122.95 	117.08 	2.20978 
124        	146.83          	752         	754        	170            	56              	115.912     	0.132	114.875	122.425	116.341	1.92488 
138        	146.795         	724         	726        	174            	44              	115.736     	0.113	114.825	122.4  	116.127	1.83056 
End Time (hh:mm:ss.ms) 2023-07-16 20:12:07.704211
Total Time (hh:mm:ss.ms) 0:00:15.809966
Individuo: [[11, 21, 1, 20, 0, 16, 14, 2, 7, 22, 17, 23, 5, 13, 8, 19, 3, 18, 6, 9, 4, 10, 15, 12], [0, 1, 1, 0, 0, 0, 0, 0, 0, 0, 1, 1, 1, 1, 1, 1, 1, 0, 1, 1, 1, 1, 0, 0]]
Fitness:  114.82499999999999
Gens:  [0, 1, 2, 3, 4, 5, 6, 7, 8, 9, 10, 11, 12, 13, 14, 15, 16, 17, 18, 19, 20, 21, 22, 23, 24, 25, 26, 27, 28, 29, 30, 31, 32, 33, 34, 35, 36, 37, 38, 39, 40, 41, 42, 43, 44, 45, 46, 47, 48, 49, 50, 51, 52, 53, 54, 55, 56, 57, 58, 59, 60, 61, 62, 63, 64, 65, 66, 67, 68, 69, 70, 71, 72, 73, 74, 75, 76, 77, 78, 79, 80, 81, 82, 83, 84, 85, 86, 87, 88, 89, 90, 91, 92, 93, 94, 95, 96, 97, 98, 99, 100, 101, 102, 103, 104, 105, 106, 107, 108, 109, 110, 111, 112, 113, 114, 115, 116, 117, 118, 119, 120, 121, 122, 123, 124, 125, 126, 127, 128, 129, 130, 131, 132, 133, 134, 135, 136, 137, 138, 139, 140, 141, 142, 143, 144, 145, 146, 147]
Inds:  [119.42500000000001, 119.22500000000001, 118.875, 118.47500000000001, 118.47500000000001, 118.47500000000001, 117.45, 117.45, 117.45, 117.45, 117.45, 117.45, 117.45, 117.42500000000001, 117.40000000000002, 117.40000000000002, 116.5, 116.5, 116.5, 116.5, 116.35000000000001, 116.35000000000001, 116.20000000000002, 116.02500000000002, 116.02500000000002, 115.80000000000001, 115.80000000000001, 115.575, 115.575, 115.575, 115.575, 115.475, 115.475, 115.375, 115.375, 115.375, 115.27499999999999, 115.225, 115.225, 115.0, 115.0, 115.0, 115.0, 115.0, 114.975, 114.975, 114.975, 114.975, 114.975, 114.975, 114.975, 114.975, 114.975, 114.975, 114.975, 114.92500000000001, 114.92500000000001, 114.92500000000001, 114.92500000000001, 114.92500000000001, 114.92500000000001, 114.92500000000001, 114.92500000000001, 114.92500000000001, 114.925, 114.925, 114.925, 114.925, 114.925, 114.925, 114.925, 114.925, 114.925, 114.925, 114.925, 114.925, 114.925, 114.925, 114.925, 114.925, 114.925, 114.925, 114.925, 114.925, 114.925, 114.925, 114.925, 114.925, 114.925, 114.925, 114.925, 114.925, 114.925, 114.925, 114.925, 114.925, 114.925, 114.925, 114.925, 114.925, 114.925, 114.925, 114.925, 114.925, 114.925, 114.925, 114.925, 114.925, 114.925, 114.925, 114.925, 114.925, 114.925, 114.925, 114.925, 114.925, 114.925, 114.925, 114.925, 114.925, 114.925, 114.925, 114.925, 114.925, 114.875, 114.875, 114.875, 114.875, 114.875, 114.875, 114.875, 114.875, 114.875, 114.875, 114.875, 114.875, 114.875, 114.875, 114.82499999999999, 114.82499999999999, 114.82499999999999, 114.82499999999999, 114.82499999999999, 114.82499999999999, 114.82499999999999, 114.82499999999999, 114.82499999999999, 114.82499999999999]

Execution 10:
Parametros: Y=0.998
Start Time (hh:mm:ss.ms) 2023-07-16 20:12:08.467210
generations	MaxGenenerations	Populationk1	Populationk	PopulationElite	PopulationMutant	fitnessElite	alpha	min    	max    	avg    	std     
0          	0               	0           	0          	0              	0               	0           	0    	118.975	123.075	121.281	0.589311
1          	152.217         	998         	1000       	100            	200             	120.205     	0.3  	118.875	122.775	120.858	0.649687
2          	151.998         	996         	998        	101            	199             	120.04      	0.298	118.525	122.775	120.664	0.733369
4          	151.558         	992         	994        	103            	196             	119.791     	0.296	118.4  	122.6  	120.447	0.841408
5          	151.338         	990         	992        	103            	195             	119.638     	0.294	118.15 	122.975	120.347	0.874395
8          	151.056         	984         	986        	106            	190             	119.48      	0.290	118.025	122.55 	120.109	0.951308
9          	150.843         	982         	984        	107            	189             	119.335     	0.289	117.55 	122.925	120.084	0.984998
15         	150.296         	970         	972        	111            	181             	119.013     	0.281	117.475	122.6  	119.757	1.07429 
19         	150.253         	962         	964        	114            	176             	118.979     	0.276	117.05 	122.875	119.565	1.17808 
22         	149.612         	956         	958        	116            	172             	118.559     	0.271	116.55 	122.55 	119.276	1.28635 
26         	149.01          	948         	950        	119            	166             	118.195     	0.266	116.525	122.625	118.882	1.44982 
28         	148.964         	944         	946        	121            	164             	118.147     	0.263	116.1  	122.6  	118.758	1.5494  
30         	148.368         	940         	942        	122            	161             	117.77      	0.260	115.9  	122.525	118.549	1.63355 
35         	148.165         	930         	932        	126            	154             	117.622     	0.254	115.75 	122.525	118.237	1.77392 
37         	147.899         	926         	928        	127            	152             	117.428     	0.251	115.7  	122.7  	118.169	1.77958 
41         	147.998         	918         	920        	130            	147             	117.489     	0.245	115.625	122.75 	118.119	1.84895 
47         	147.732         	906         	908        	133            	139             	117.236     	0.237	115.475	122.65 	117.834	1.96181 
49         	147.621         	902         	904        	135            	137             	117.167     	0.234	115.25 	122.8  	117.759	1.96587 
58         	147.363         	884         	886        	140            	126             	116.925     	0.222	115.125	122.7  	117.6  	2.0766  
62         	147.115         	876         	878        	143            	121             	116.72      	0.217	115.025	122.625	117.328	2.07059 
71         	146.914         	858         	860        	148            	111             	116.499     	0.204	114.975	122.35 	117.025	2.14648 
75         	146.953         	850         	852        	150            	106             	116.49      	0.199	114.925	122.575	117.05 	2.16602 
76         	146.889         	848         	850        	150            	105             	116.439     	0.197	114.875	122.7  	117.008	2.19636 
82         	146.957         	836         	838        	153            	99              	116.422     	0.189	114.825	122.825	116.966	2.18102 
84         	146.798         	832         	834        	154            	96              	116.297     	0.186	114.775	122.7  	116.79 	2.17936 
95         	146.719         	810         	812        	159            	85              	116.128     	0.171	114.65 	122.45 	116.592	2.10977 
End Time (hh:mm:ss.ms) 2023-07-16 20:12:24.081210
Total Time (hh:mm:ss.ms) 0:00:15.614000
Individuo: [[12, 5, 2, 7, 13, 14, 17, 3, 19, 8, 22, 10, 21, 1, 6, 9, 4, 23, 16, 18, 20, 0, 15, 11], [1, 0, 0, 0, 0, 1, 0, 0, 0, 0, 0, 1, 1, 1, 1, 1, 1, 1, 1, 0, 0, 0, 1, 1]]
Fitness:  114.65000000000002
Gens:  [0, 1, 2, 3, 4, 5, 6, 7, 8, 9, 10, 11, 12, 13, 14, 15, 16, 17, 18, 19, 20, 21, 22, 23, 24, 25, 26, 27, 28, 29, 30, 31, 32, 33, 34, 35, 36, 37, 38, 39, 40, 41, 42, 43, 44, 45, 46, 47, 48, 49, 50, 51, 52, 53, 54, 55, 56, 57, 58, 59, 60, 61, 62, 63, 64, 65, 66, 67, 68, 69, 70, 71, 72, 73, 74, 75, 76, 77, 78, 79, 80, 81, 82, 83, 84, 85, 86, 87, 88, 89, 90, 91, 92, 93, 94, 95, 96, 97, 98, 99, 100, 101, 102, 103, 104, 105, 106, 107, 108, 109, 110, 111, 112, 113, 114, 115, 116, 117, 118, 119, 120, 121, 122, 123, 124, 125, 126, 127, 128, 129, 130, 131, 132, 133, 134, 135, 136, 137, 138, 139, 140, 141, 142, 143, 144, 145, 146, 147]
Inds:  [118.975, 118.875, 118.52499999999999, 118.52499999999999, 118.4, 118.14999999999998, 118.14999999999998, 118.14999999999998, 118.025, 117.55000000000001, 117.55000000000001, 117.55000000000001, 117.55000000000001, 117.55000000000001, 117.55000000000001, 117.47499999999998, 117.47499999999998, 117.47499999999998, 117.47499999999998, 117.05, 117.05, 117.05, 116.55, 116.55, 116.55, 116.55, 116.525, 116.525, 116.10000000000001, 116.10000000000001, 115.9, 115.9, 115.9, 115.9, 115.9, 115.75, 115.75, 115.70000000000002, 115.70000000000002, 115.70000000000002, 115.70000000000002, 115.62500000000001, 115.62500000000001, 115.62500000000001, 115.62500000000001, 115.62500000000001, 115.62500000000001, 115.47500000000001, 115.47500000000001, 115.25000000000003, 115.25000000000003, 115.25000000000003, 115.25000000000003, 115.25000000000003, 115.25000000000003, 115.25000000000003, 115.25000000000003, 115.25000000000003, 115.12500000000001, 115.12500000000001, 115.12500000000001, 115.12500000000001, 115.02500000000003, 115.02500000000003, 115.02500000000003, 115.02500000000003, 115.02500000000003, 115.02500000000003, 115.02500000000003, 115.02500000000003, 115.02500000000003, 114.97500000000002, 114.97500000000002, 114.97500000000002, 114.97500000000002, 114.92500000000004, 114.87500000000004, 114.87500000000004, 114.87500000000004, 114.87500000000004, 114.87500000000004, 114.87500000000004, 114.82500000000003, 114.82500000000003, 114.77500000000002, 114.77500000000002, 114.77500000000002, 114.77500000000002, 114.77500000000002, 114.77500000000002, 114.77500000000002, 114.77500000000002, 114.77500000000002, 114.77500000000002, 114.77500000000002, 114.65000000000002, 114.65000000000002, 114.65000000000002, 114.65000000000002, 114.65000000000002, 114.65000000000002, 114.65000000000002, 114.65000000000002, 114.65000000000002, 114.65000000000002, 114.65000000000002, 114.65000000000002, 114.65000000000002, 114.65000000000002, 114.65000000000002, 114.65000000000002, 114.65000000000002, 114.65000000000002, 114.65000000000002, 114.65000000000002, 114.65000000000002, 114.65000000000002, 114.65000000000002, 114.65000000000002, 114.65000000000002, 114.65000000000002, 114.65000000000002, 114.65000000000002, 114.65000000000002, 114.65000000000002, 114.65000000000002, 114.65000000000002, 114.65000000000002, 114.65000000000002, 114.65000000000002, 114.65000000000002, 114.65000000000002, 114.65000000000002, 114.65000000000002, 114.65000000000002, 114.65000000000002, 114.65000000000002, 114.65000000000002, 114.65000000000002, 114.65000000000002, 114.65000000000002, 114.65000000000002, 114.65000000000002, 114.65000000000002, 114.65000000000002, 114.65000000000002, 114.65000000000002, 114.65000000000002]

