A-BRKGA-Heuristic:

Execution 1:
Parametros: Y=0.997
Start Time (hh:mm:ss.ms) 2023-07-16 19:54:58.386449
generations	MaxGenenerations	Populationk1	Populationk	PopulationElite	PopulationMutant	fitnessElite	alpha	min 	max   	avg    	std    
0          	0               	0           	0          	0              	0               	0           	0    	49.8	52.175	51.1591	0.40346
1          	58.2518         	997         	1000       	100            	200             	50.5125     	0.3  	49.75	52.15 	50.8295	0.456021
2          	58.189          	994         	997        	102            	197             	50.4618     	0.296	49.475	52    	50.6949	0.49706 
3          	57.8412         	991         	994        	105            	194             	50.215      	0.293	49.4  	52.025	50.5993	0.551812
4          	57.7579         	988         	991        	107            	190             	50.1602     	0.289	49.075	52.175	50.4944	0.589419
5          	57.4038         	985         	988        	109            	187             	49.9618     	0.286	49.025	52.05 	50.4071	0.599466
8          	57.3238         	976         	979        	116            	178             	49.8586     	0.275	48.85 	51.925	50.2642	0.703582
10         	57.1191         	970         	973        	120            	172             	49.7092     	0.268	48.825	52.225	50.1953	0.778258
11         	57.1199         	967         	970        	123            	169             	49.726      	0.264	48.65 	52.125	50.1219	0.772122
14         	56.8853         	958         	961        	129            	159             	49.5146     	0.254	48.475	52    	49.9268	0.828875
20         	56.6849         	940         	943        	142            	141             	49.3137     	0.232	48.35 	52.125	49.6318	0.919056
22         	56.5515         	934         	937        	146            	135             	49.2078     	0.225	48.325	52.075	49.5447	0.925813
27         	56.5053         	919         	922        	156            	121             	49.0997     	0.207	48.1  	52.1  	49.3705	0.946908
End Time (hh:mm:ss.ms) 2023-07-16 19:55:03.191449
Total Time (hh:mm:ss.ms) 0:00:04.805000
Individuo: [[11, 1, 2, 5, 7, 10, 3, 4, 9, 8, 0, 6], [1, 1, 1, 0, 0, 0, 0, 0, 0, 0, 0, 1]]
Fitness:  48.099999999999994
Gens:  [0, 1, 2, 3, 4, 5, 6, 7, 8, 9, 10, 11, 12, 13, 14, 15, 16, 17, 18, 19, 20, 21, 22, 23, 24, 25, 26, 27, 28, 29, 30, 31, 32, 33, 34, 35, 36, 37, 38, 39, 40, 41, 42, 43, 44, 45, 46, 47, 48, 49, 50, 51, 52, 53, 54, 55, 56, 57]
Inds:  [49.8, 49.74999999999999, 49.474999999999994, 49.4, 49.074999999999996, 49.02499999999999, 49.02499999999999, 49.02499999999999, 48.849999999999994, 48.849999999999994, 48.824999999999996, 48.64999999999999, 48.64999999999999, 48.64999999999999, 48.474999999999994, 48.474999999999994, 48.474999999999994, 48.474999999999994, 48.474999999999994, 48.474999999999994, 48.349999999999994, 48.349999999999994, 48.324999999999996, 48.324999999999996, 48.324999999999996, 48.324999999999996, 48.324999999999996, 48.099999999999994, 48.099999999999994, 48.099999999999994, 48.099999999999994, 48.099999999999994, 48.099999999999994, 48.099999999999994, 48.099999999999994, 48.099999999999994, 48.099999999999994, 48.099999999999994, 48.099999999999994, 48.099999999999994, 48.099999999999994, 48.099999999999994, 48.099999999999994, 48.099999999999994, 48.099999999999994, 48.099999999999994, 48.099999999999994, 48.099999999999994, 48.099999999999994, 48.099999999999994, 48.099999999999994, 48.099999999999994, 48.099999999999994, 48.099999999999994, 48.099999999999994, 48.099999999999994, 48.099999999999994, 48.099999999999994]

Execution 2:
Parametros: Y=0.997
Start Time (hh:mm:ss.ms) 2023-07-16 19:55:03.863478
generations	MaxGenenerations	Populationk1	Populationk	PopulationElite	PopulationMutant	fitnessElite	alpha	min 	max   	avg    	std     
0          	0               	0           	0          	0              	0               	0           	0    	49.7	52.175	51.1474	0.412818
1          	58.1348         	997         	1000       	100            	200             	50.4425     	0.3  	49.5	52.175	50.7896	0.474848
2          	57.9009         	994         	997        	102            	197             	50.2933     	0.296	49.25	52.025	50.6432	0.529766
3          	57.5825         	991         	994        	105            	194             	50.0632     	0.293	49.125	52.225	50.5217	0.575227
4          	57.4709         	988         	991        	107            	190             	50.0226     	0.289	49.1  	52.25 	50.4379	0.622337
6          	57.4114         	982         	985        	112            	184             	49.9336     	0.282	48.725	51.925	50.2246	0.664396
8          	56.9815         	976         	979        	116            	178             	49.6546     	0.275	48.6  	52    	50.0088	0.759922
9          	56.8183         	973         	976        	118            	175             	49.5243     	0.271	48.5  	52.075	49.9579	0.793287
10         	56.7141         	970         	973        	121            	171             	49.459      	0.268	48.35 	52.15 	49.8455	0.823741
14         	56.5302         	958         	961        	129            	159             	49.2835     	0.254	48.3  	52.15 	49.6051	0.926341
16         	56.493          	952         	955        	134            	153             	49.2505     	0.246	48.1  	52.1  	49.4735	0.966662
End Time (hh:mm:ss.ms) 2023-07-16 19:55:08.642449
Total Time (hh:mm:ss.ms) 0:00:04.778971
Individuo: [[11, 1, 2, 5, 7, 10, 3, 4, 9, 8, 0, 6], [1, 1, 1, 0, 0, 0, 0, 0, 0, 0, 0, 1]]
Fitness:  48.099999999999994
Gens:  [0, 1, 2, 3, 4, 5, 6, 7, 8, 9, 10, 11, 12, 13, 14, 15, 16, 17, 18, 19, 20, 21, 22, 23, 24, 25, 26, 27, 28, 29, 30, 31, 32, 33, 34, 35, 36, 37, 38, 39, 40, 41, 42, 43, 44, 45, 46, 47, 48, 49, 50, 51, 52, 53, 54, 55, 56, 57]
Inds:  [49.69999999999999, 49.5, 49.24999999999999, 49.125, 49.099999999999994, 49.099999999999994, 48.724999999999994, 48.724999999999994, 48.599999999999994, 48.49999999999999, 48.349999999999994, 48.349999999999994, 48.349999999999994, 48.349999999999994, 48.3, 48.3, 48.099999999999994, 48.099999999999994, 48.099999999999994, 48.099999999999994, 48.099999999999994, 48.099999999999994, 48.099999999999994, 48.099999999999994, 48.099999999999994, 48.099999999999994, 48.099999999999994, 48.099999999999994, 48.099999999999994, 48.099999999999994, 48.099999999999994, 48.099999999999994, 48.099999999999994, 48.099999999999994, 48.099999999999994, 48.099999999999994, 48.099999999999994, 48.099999999999994, 48.099999999999994, 48.099999999999994, 48.099999999999994, 48.099999999999994, 48.099999999999994, 48.099999999999994, 48.099999999999994, 48.099999999999994, 48.099999999999994, 48.099999999999994, 48.099999999999994, 48.099999999999994, 48.099999999999994, 48.099999999999994, 48.099999999999994, 48.099999999999994, 48.099999999999994, 48.099999999999994, 48.099999999999994, 48.099999999999994]

Execution 3:
Parametros: Y=0.997
Start Time (hh:mm:ss.ms) 2023-07-16 19:55:09.398450
generations	MaxGenenerations	Populationk1	Populationk	PopulationElite	PopulationMutant	fitnessElite	alpha	min 	max   	avg    	std     
0          	0               	0           	0          	0              	0               	0           	0    	49.9	52.175	51.1456	0.408937
1          	58.3688         	997         	1000       	100            	200             	50.5825     	0.3  	49.525	52.125	50.8452	0.460118
2          	57.9214         	994         	997        	102            	197             	50.296      	0.296	49.45 	52.15 	50.7105	0.509577
4          	57.8337         	988         	991        	107            	190             	50.2247     	0.289	49.1  	52.05 	50.5047	0.586932
5          	57.4114         	985         	988        	109            	187             	49.9439     	0.286	49.075	52.025	50.4176	0.611039
6          	57.3779         	982         	985        	112            	184             	49.9086     	0.282	48.85 	52.15 	50.3375	0.631028
7          	57.1363         	979         	982        	114            	181             	49.7707     	0.278	48.825	52.125	50.2819	0.68058 
9          	57.0813         	973         	976        	118            	175             	49.6885     	0.271	48.775	52    	50.0346	0.718403
10         	57.0229         	970         	973        	120            	172             	49.6407     	0.268	48.675	52.025	49.9912	0.796964
11         	56.9102         	967         	970        	123            	168             	49.5623     	0.264	48.625	52    	49.9242	0.78959 
14         	56.8475         	958         	961        	129            	159             	49.4831     	0.254	48.55 	52.1  	49.7841	0.83601 
15         	56.7769         	955         	958        	131            	156             	49.4399     	0.250	48.525	51.95 	49.7266	0.842368
17         	56.7434         	949         	952        	136            	150             	49.3898     	0.243	48.475	51.975	49.6786	0.873873
19         	56.6934         	943         	946        	140            	144             	49.3382     	0.236	48.325	52    	49.6376	0.888176
20         	56.4968         	940         	943        	142            	141             	49.1803     	0.232	48.3  	51.975	49.5796	0.876962
23         	56.4888         	931         	934        	148            	132             	49.1496     	0.222	48.1  	52    	49.4514	0.919129
End Time (hh:mm:ss.ms) 2023-07-16 19:55:14.210448
Total Time (hh:mm:ss.ms) 0:00:04.811998
Individuo: [[6, 5, 7, 10, 3, 4, 9, 8, 0, 2, 1, 11], [0, 0, 0, 0, 0, 0, 0, 0, 0, 0, 0, 0]]
Fitness:  48.1
Gens:  [0, 1, 2, 3, 4, 5, 6, 7, 8, 9, 10, 11, 12, 13, 14, 15, 16, 17, 18, 19, 20, 21, 22, 23, 24, 25, 26, 27, 28, 29, 30, 31, 32, 33, 34, 35, 36, 37, 38, 39, 40, 41, 42, 43, 44, 45, 46, 47, 48, 49, 50, 51, 52, 53, 54, 55, 56, 57]
Inds:  [49.9, 49.525, 49.449999999999996, 49.449999999999996, 49.1, 49.07499999999999, 48.849999999999994, 48.824999999999996, 48.824999999999996, 48.775, 48.675, 48.62499999999999, 48.62499999999999, 48.62499999999999, 48.55, 48.525, 48.525, 48.475, 48.475, 48.325, 48.3, 48.3, 48.3, 48.1, 48.1, 48.1, 48.1, 48.1, 48.1, 48.1, 48.1, 48.1, 48.1, 48.1, 48.1, 48.1, 48.1, 48.1, 48.1, 48.1, 48.1, 48.1, 48.1, 48.1, 48.1, 48.1, 48.1, 48.1, 48.1, 48.1, 48.1, 48.1, 48.1, 48.1, 48.1, 48.1, 48.1, 48.1]

Execution 4:
Parametros: Y=0.997
Start Time (hh:mm:ss.ms) 2023-07-16 19:55:14.909450
generations	MaxGenenerations	Populationk1	Populationk	PopulationElite	PopulationMutant	fitnessElite	alpha	min   	max   	avg    	std     
0          	0               	0           	0          	0              	0               	0           	0    	49.925	52.125	51.1691	0.411674
1          	58.3893         	997         	1000       	100            	200             	50.585      	0.3  	49.675	52.125	50.8739	0.450336
2          	58.0969         	994         	997        	102            	197             	50.4016     	0.296	49.5  	52.125	50.714 	0.495837
3          	57.8922         	991         	994        	105            	194             	50.2694     	0.293	49.075	52.075	50.5885	0.566815
5          	57.3822         	985         	988        	109            	187             	49.926      	0.286	48.7  	51.875	50.3523	0.631486
10         	56.9608         	970         	973        	120            	172             	49.626      	0.268	48.6  	52.125	49.9045	0.790653
12         	56.8439         	964         	967        	125            	165             	49.5276     	0.261	48.475	52.05 	49.7691	0.844735
13         	56.6807         	961         	964        	127            	162             	49.3961     	0.257	48.35 	52.05 	49.7   	0.884397
16         	56.5175         	952         	955        	134            	153             	49.2389     	0.246	48.3  	52.075	49.5313	0.936767
17         	56.4803         	949         	952        	136            	150             	49.2186     	0.243	48.1  	52.175	49.5154	0.969782
End Time (hh:mm:ss.ms) 2023-07-16 19:55:19.625448
Total Time (hh:mm:ss.ms) 0:00:04.715998
Individuo: [[11, 1, 2, 0, 8, 10, 3, 4, 9, 7, 5, 6], [1, 1, 1, 1, 1, 0, 0, 0, 0, 1, 1, 1]]
Fitness:  48.099999999999994
Gens:  [0, 1, 2, 3, 4, 5, 6, 7, 8, 9, 10, 11, 12, 13, 14, 15, 16, 17, 18, 19, 20, 21, 22, 23, 24, 25, 26, 27, 28, 29, 30, 31, 32, 33, 34, 35, 36, 37, 38, 39, 40, 41, 42, 43, 44, 45, 46, 47, 48, 49, 50, 51, 52, 53, 54, 55, 56, 57]
Inds:  [49.92499999999999, 49.67499999999999, 49.5, 49.074999999999996, 49.074999999999996, 48.699999999999996, 48.699999999999996, 48.699999999999996, 48.699999999999996, 48.699999999999996, 48.599999999999994, 48.599999999999994, 48.474999999999994, 48.349999999999994, 48.349999999999994, 48.349999999999994, 48.3, 48.099999999999994, 48.099999999999994, 48.099999999999994, 48.099999999999994, 48.099999999999994, 48.099999999999994, 48.099999999999994, 48.099999999999994, 48.099999999999994, 48.099999999999994, 48.099999999999994, 48.099999999999994, 48.099999999999994, 48.099999999999994, 48.099999999999994, 48.099999999999994, 48.099999999999994, 48.099999999999994, 48.099999999999994, 48.099999999999994, 48.099999999999994, 48.099999999999994, 48.099999999999994, 48.099999999999994, 48.099999999999994, 48.099999999999994, 48.099999999999994, 48.099999999999994, 48.099999999999994, 48.099999999999994, 48.099999999999994, 48.099999999999994, 48.099999999999994, 48.099999999999994, 48.099999999999994, 48.099999999999994, 48.099999999999994, 48.099999999999994, 48.099999999999994, 48.099999999999994, 48.099999999999994]

Execution 5:
Parametros: Y=0.997
Start Time (hh:mm:ss.ms) 2023-07-16 19:55:20.338449
generations	MaxGenenerations	Populationk1	Populationk	PopulationElite	PopulationMutant	fitnessElite	alpha	min   	max   	avg    	std    
0          	0               	0           	0          	0              	0               	0           	0    	49.575	52.175	51.1466	0.40877
1          	57.9886         	997         	1000       	100            	200             	50.355      	0.3  	49.1  	52.25 	50.7926	0.495663
3          	57.4287         	991         	994        	105            	194             	49.9938     	0.293	48.875	51.95 	50.3804	0.609731
4          	57.1312         	988         	991        	107            	190             	49.7652     	0.289	48.75 	52.05 	50.236 	0.687843
5          	57.0022         	985         	988        	109            	187             	49.6937     	0.285	48.7  	52.025	50.09  	0.745455
8          	56.9352         	976         	979        	116            	178             	49.6089     	0.275	48.65 	52.025	49.8459	0.835881
10         	56.8895         	970         	973        	121            	171             	49.5691     	0.268	48.525	52.125	49.7993	0.874193
11         	56.7519         	967         	970        	123            	168             	49.4781     	0.264	48.475	51.925	49.7016	0.887629
12         	56.6594         	964         	967        	125            	165             	49.376      	0.261	48.4  	52.15 	49.6965	0.90079 
13         	56.61           	961         	964        	127            	162             	49.366      	0.257	48.35 	52.075	49.6219	0.903134
15         	56.5345         	955         	958        	131            	156             	49.2767     	0.250	48.325	51.9  	49.5299	0.9295  
17         	56.5222         	949         	952        	136            	150             	49.2559     	0.243	48.1  	52.1  	49.5093	0.980879
End Time (hh:mm:ss.ms) 2023-07-16 19:55:25.200449
Total Time (hh:mm:ss.ms) 0:00:04.862000
Individuo: [[11, 1, 2, 5, 10, 9, 4, 3, 7, 8, 0, 6], [1, 1, 1, 0, 1, 1, 1, 1, 0, 0, 0, 1]]
Fitness:  48.099999999999994
Gens:  [0, 1, 2, 3, 4, 5, 6, 7, 8, 9, 10, 11, 12, 13, 14, 15, 16, 17, 18, 19, 20, 21, 22, 23, 24, 25, 26, 27, 28, 29, 30, 31, 32, 33, 34, 35, 36, 37, 38, 39, 40, 41, 42, 43, 44, 45, 46, 47, 48, 49, 50, 51, 52, 53, 54, 55, 56, 57]
Inds:  [49.574999999999996, 49.099999999999994, 49.099999999999994, 48.875, 48.74999999999999, 48.699999999999996, 48.699999999999996, 48.699999999999996, 48.64999999999999, 48.64999999999999, 48.52499999999999, 48.474999999999994, 48.39999999999999, 48.349999999999994, 48.349999999999994, 48.324999999999996, 48.324999999999996, 48.099999999999994, 48.099999999999994, 48.099999999999994, 48.099999999999994, 48.099999999999994, 48.099999999999994, 48.099999999999994, 48.099999999999994, 48.099999999999994, 48.099999999999994, 48.099999999999994, 48.099999999999994, 48.099999999999994, 48.099999999999994, 48.099999999999994, 48.099999999999994, 48.099999999999994, 48.099999999999994, 48.099999999999994, 48.099999999999994, 48.099999999999994, 48.099999999999994, 48.099999999999994, 48.099999999999994, 48.099999999999994, 48.099999999999994, 48.099999999999994, 48.099999999999994, 48.099999999999994, 48.099999999999994, 48.099999999999994, 48.099999999999994, 48.099999999999994, 48.099999999999994, 48.099999999999994, 48.099999999999994, 48.099999999999994, 48.099999999999994, 48.099999999999994, 48.099999999999994, 48.099999999999994]

Execution 6:
Parametros: Y=0.997
Start Time (hh:mm:ss.ms) 2023-07-16 19:55:25.848448
generations	MaxGenenerations	Populationk1	Populationk	PopulationElite	PopulationMutant	fitnessElite	alpha	min 	max   	avg    	std    
0          	0               	0           	0          	0              	0               	0           	0    	49.7	52.175	51.1499	0.40505
1          	58.1348         	997         	1000       	100            	200             	50.4425     	0.3  	49.4	51.975	50.7969	0.47291
2          	57.7492         	994         	997        	102            	197             	50.1636     	0.296	49.225	52.175	50.6139	0.53604
3          	57.5792         	991         	994        	105            	194             	50.0895     	0.293	49.15 	51.975	50.4465	0.567657
4          	57.457          	988         	991        	107            	190             	49.968      	0.289	49.1  	52.075	50.3334	0.608956
5          	57.4158         	985         	988        	109            	187             	49.951      	0.286	49.05 	52.25 	50.2584	0.665468
6          	57.3875         	982         	985        	112            	184             	49.9542     	0.282	48.85 	52.175	50.1757	0.69078 
7          	57.1406         	979         	982        	114            	181             	49.7777     	0.278	48.6  	52.125	50.0578	0.691578
10         	56.8097         	970         	973        	121            	171             	49.4989     	0.268	48.475	52.1  	49.8881	0.82105 
13         	56.6551         	961         	964        	127            	162             	49.3574     	0.257	48.35 	52.025	49.6931	0.89619 
16         	56.5218         	952         	955        	134            	153             	49.2451     	0.246	48.35 	52.05 	49.5486	0.948321
17         	56.5345         	949         	952        	136            	150             	49.2506     	0.243	48.1  	51.875	49.5122	0.954433
End Time (hh:mm:ss.ms) 2023-07-16 19:55:30.933123
Total Time (hh:mm:ss.ms) 0:00:05.084675
Individuo: [[6, 0, 8, 9, 4, 3, 10, 7, 5, 2, 1, 11], [0, 1, 1, 1, 1, 1, 1, 1, 1, 0, 0, 0]]
Fitness:  48.1
Gens:  [0, 1, 2, 3, 4, 5, 6, 7, 8, 9, 10, 11, 12, 13, 14, 15, 16, 17, 18, 19, 20, 21, 22, 23, 24, 25, 26, 27, 28, 29, 30, 31, 32, 33, 34, 35, 36, 37, 38, 39, 40, 41, 42, 43, 44, 45, 46, 47, 48, 49, 50, 51, 52, 53, 54, 55, 56, 57]
Inds:  [49.699999999999996, 49.4, 49.224999999999994, 49.15, 49.1, 49.05, 48.85, 48.6, 48.6, 48.6, 48.475, 48.475, 48.475, 48.35, 48.35, 48.35, 48.349999999999994, 48.1, 48.1, 48.1, 48.1, 48.1, 48.1, 48.1, 48.1, 48.1, 48.1, 48.1, 48.1, 48.1, 48.1, 48.1, 48.1, 48.1, 48.1, 48.1, 48.1, 48.1, 48.1, 48.1, 48.1, 48.1, 48.1, 48.1, 48.1, 48.1, 48.1, 48.1, 48.1, 48.1, 48.1, 48.1, 48.1, 48.1, 48.1, 48.1, 48.1, 48.1]

Execution 7:
Parametros: Y=0.997
Start Time (hh:mm:ss.ms) 2023-07-16 19:55:31.744963
generations	MaxGenenerations	Populationk1	Populationk	PopulationElite	PopulationMutant	fitnessElite	alpha	min 	max 	avg    	std     
0          	0               	0           	0          	0              	0               	0           	0    	49.6	52.2	51.1621	0.419994
1          	58.0222         	997         	1000       	100            	200             	50.38       	0.3  	49.45	52.05	50.7734	0.482643
2          	57.8207         	994         	997        	102            	197             	50.221      	0.296	49.2 	52   	50.5873	0.52159 
3          	57.5197         	991         	994        	105            	194             	50.0205     	0.293	49   	52   	50.4544	0.567021
6          	57.2902         	982         	985        	112            	184             	49.8547     	0.282	48.95	52    	50.2143	0.677206
7          	57.2275         	979         	982        	114            	181             	49.801      	0.279	48.925	52.15 	50.1433	0.696603
8          	57.224          	976         	979        	116            	178             	49.8136     	0.275	48.725	52.05 	50.0975	0.7382  
11         	56.9687         	967         	970        	123            	168             	49.5991     	0.264	48.675	51.85 	49.9661	0.77802 
12         	56.8803         	964         	967        	125            	165             	49.5047     	0.261	48.5  	52.1  	49.9205	0.796021
15         	56.7141         	955         	958        	131            	156             	49.396      	0.250	48.475	52.075	49.8286	0.850529
18         	56.6721         	946         	949        	138            	147             	49.321      	0.240	48.4  	51.95 	49.7256	0.879772
21         	56.6227         	937         	940        	144            	138             	49.2773     	0.229	48.325	52.1  	49.5892	0.910981
22         	56.5137         	934         	937        	146            	135             	49.1769     	0.225	48.15 	51.975	49.5726	0.931778
26         	56.2964         	922         	925        	154            	123             	48.9683     	0.211	48.1  	52.05 	49.2856	0.961615
End Time (hh:mm:ss.ms) 2023-07-16 19:55:37.074646
Total Time (hh:mm:ss.ms) 0:00:05.329683
Individuo: [[11, 1, 2, 0, 8, 7, 10, 9, 4, 3, 5, 6], [1, 1, 1, 1, 1, 1, 1, 1, 1, 1, 1, 1]]
Fitness:  48.099999999999994
Gens:  [0, 1, 2, 3, 4, 5, 6, 7, 8, 9, 10, 11, 12, 13, 14, 15, 16, 17, 18, 19, 20, 21, 22, 23, 24, 25, 26, 27, 28, 29, 30, 31, 32, 33, 34, 35, 36, 37, 38, 39, 40, 41, 42, 43, 44, 45, 46, 47, 48, 49, 50, 51, 52, 53, 54, 55, 56, 57]
Inds:  [49.599999999999994, 49.449999999999996, 49.199999999999996, 49.0, 49.0, 49.0, 48.949999999999996, 48.925, 48.724999999999994, 48.724999999999994, 48.724999999999994, 48.675, 48.49999999999999, 48.49999999999999, 48.49999999999999, 48.474999999999994, 48.474999999999994, 48.474999999999994, 48.39999999999999, 48.39999999999999, 48.39999999999999, 48.324999999999996, 48.14999999999999, 48.14999999999999, 48.14999999999999, 48.14999999999999, 48.099999999999994, 48.099999999999994, 48.099999999999994, 48.099999999999994, 48.099999999999994, 48.099999999999994, 48.099999999999994, 48.099999999999994, 48.099999999999994, 48.099999999999994, 48.099999999999994, 48.099999999999994, 48.099999999999994, 48.099999999999994, 48.099999999999994, 48.099999999999994, 48.099999999999994, 48.099999999999994, 48.099999999999994, 48.099999999999994, 48.099999999999994, 48.099999999999994, 48.099999999999994, 48.099999999999994, 48.099999999999994, 48.099999999999994, 48.099999999999994, 48.099999999999994, 48.099999999999994, 48.099999999999994, 48.099999999999994, 48.099999999999994]

Execution 8:
Parametros: Y=0.997
Start Time (hh:mm:ss.ms) 2023-07-16 19:55:37.815645
generations	MaxGenenerations	Populationk1	Populationk	PopulationElite	PopulationMutant	fitnessElite	alpha	min  	max 	avg    	std     
0          	0               	0           	0          	0              	0               	0           	0    	49.75	52.1	51.1633	0.416762
1          	58.1802         	997         	1000       	100            	200             	50.455      	0.3  	49.45	52.125	50.8091	0.473984
3          	57.8294         	991         	994        	105            	194             	50.2267     	0.293	49.3 	52.025	50.5687	0.542584
4          	57.641          	988         	991        	107            	190             	50.0891     	0.289	49.25	51.95 	50.4759	0.591761
5          	57.5695         	985         	988        	109            	187             	50.0225     	0.286	49.1 	52.25 	50.4138	0.615757
6          	57.446          	982         	985        	112            	184             	49.9902     	0.282	48.85	52.175	50.361 	0.653943
9          	57.1277         	973         	976        	118            	175             	49.734      	0.271	48.7 	52.25 	50.1076	0.754151
10         	56.978          	970         	973        	120            	172             	49.6529     	0.268	48.65	52.025	50.075 	0.800322
12         	56.9024         	964         	967        	125            	165             	49.5647     	0.261	48.575	52.025	49.9245	0.840823
13         	56.7933         	961         	964        	127            	162             	49.4642     	0.257	48.325	52.05 	49.8199	0.84211 
18         	56.5265         	946         	949        	138            	147             	49.2484     	0.239	48.325	52    	49.5675	0.937674
20         	56.5435         	940         	943        	142            	141             	49.2445     	0.232	48.1  	51.95 	49.4786	0.933649
End Time (hh:mm:ss.ms) 2023-07-16 19:55:42.725691
Total Time (hh:mm:ss.ms) 0:00:04.910046
Individuo: [[6, 5, 10, 9, 4, 3, 7, 8, 0, 2, 1, 11], [0, 0, 1, 1, 1, 1, 0, 0, 0, 0, 0, 0]]
Fitness:  48.1
Gens:  [0, 1, 2, 3, 4, 5, 6, 7, 8, 9, 10, 11, 12, 13, 14, 15, 16, 17, 18, 19, 20, 21, 22, 23, 24, 25, 26, 27, 28, 29, 30, 31, 32, 33, 34, 35, 36, 37, 38, 39, 40, 41, 42, 43, 44, 45, 46, 47, 48, 49, 50, 51, 52, 53, 54, 55, 56, 57]
Inds:  [49.75, 49.449999999999996, 49.449999999999996, 49.3, 49.25, 49.1, 48.85, 48.85, 48.85, 48.7, 48.65, 48.65, 48.574999999999996, 48.325, 48.325, 48.325, 48.325, 48.325, 48.324999999999996, 48.324999999999996, 48.1, 48.1, 48.1, 48.1, 48.1, 48.1, 48.1, 48.1, 48.1, 48.1, 48.1, 48.1, 48.1, 48.1, 48.1, 48.1, 48.1, 48.1, 48.1, 48.1, 48.1, 48.1, 48.1, 48.1, 48.1, 48.1, 48.1, 48.1, 48.1, 48.1, 48.1, 48.1, 48.1, 48.1, 48.1, 48.1, 48.1, 48.1]

Execution 9:
Parametros: Y=0.997
Start Time (hh:mm:ss.ms) 2023-07-16 19:55:43.652535
generations	MaxGenenerations	Populationk1	Populationk	PopulationElite	PopulationMutant	fitnessElite	alpha	min 	max   	avg    	std     
0          	0               	0           	0          	0              	0               	0           	0    	49.9	52.075	51.1687	0.396728
1          	58.3513         	997         	1000       	100            	200             	50.5525     	0.3  	49.275	52.075	50.8452	0.453589
2          	57.6204         	994         	997        	102            	197             	50.1053     	0.296	49.275	52.125	50.6209	0.543487
3          	57.6291         	991         	994        	105            	194             	50.1102     	0.293	48.775	52.05 	50.4605	0.597224
6          	57.0614         	982         	985        	112            	184             	49.7495     	0.282	48.775	52    	50.0677	0.762444
8          	57.0143         	976         	979        	116            	178             	49.6495     	0.275	48.725	52.125	49.9386	0.801623
9          	56.9858         	973         	976        	118            	175             	49.6495     	0.271	48.55 	52.15 	49.9092	0.83415 
12         	56.7513         	964         	967        	125            	165             	49.4382     	0.261	48.5  	52.075	49.7524	0.880326
14         	56.7312         	958         	961        	129            	159             	49.4341     	0.254	48.35 	52.125	49.6763	0.921897
18         	56.5472         	946         	949        	138            	147             	49.2555     	0.239	48.3  	52.05 	49.5063	0.962584
24         	56.4718         	928         	931        	150            	129             	49.1141     	0.218	48.1  	52    	49.2722	1.01074 
End Time (hh:mm:ss.ms) 2023-07-16 19:55:48.603536
Total Time (hh:mm:ss.ms) 0:00:04.951001
Individuo: [[11, 1, 2, 5, 7, 10, 3, 4, 9, 8, 0, 6], [1, 1, 1, 0, 0, 0, 0, 0, 0, 0, 0, 1]]
Fitness:  48.099999999999994
Gens:  [0, 1, 2, 3, 4, 5, 6, 7, 8, 9, 10, 11, 12, 13, 14, 15, 16, 17, 18, 19, 20, 21, 22, 23, 24, 25, 26, 27, 28, 29, 30, 31, 32, 33, 34, 35, 36, 37, 38, 39, 40, 41, 42, 43, 44, 45, 46, 47, 48, 49, 50, 51, 52, 53, 54, 55, 56, 57]
Inds:  [49.9, 49.275, 49.27499999999999, 48.775, 48.775, 48.775, 48.77499999999999, 48.77499999999999, 48.724999999999994, 48.55, 48.55, 48.55, 48.5, 48.5, 48.349999999999994, 48.349999999999994, 48.349999999999994, 48.349999999999994, 48.3, 48.3, 48.3, 48.3, 48.3, 48.3, 48.099999999999994, 48.099999999999994, 48.099999999999994, 48.099999999999994, 48.099999999999994, 48.099999999999994, 48.099999999999994, 48.099999999999994, 48.099999999999994, 48.099999999999994, 48.099999999999994, 48.099999999999994, 48.099999999999994, 48.099999999999994, 48.099999999999994, 48.099999999999994, 48.099999999999994, 48.099999999999994, 48.099999999999994, 48.099999999999994, 48.099999999999994, 48.099999999999994, 48.099999999999994, 48.099999999999994, 48.099999999999994, 48.099999999999994, 48.099999999999994, 48.099999999999994, 48.099999999999994, 48.099999999999994, 48.099999999999994, 48.099999999999994, 48.099999999999994, 48.099999999999994]

Execution 10:
Parametros: Y=0.997
Start Time (hh:mm:ss.ms) 2023-07-16 19:55:49.376535
generations	MaxGenenerations	Populationk1	Populationk	PopulationElite	PopulationMutant	fitnessElite	alpha	min   	max   	avg    	std     
0          	0               	0           	0          	0              	0               	0           	0    	49.425	52.025	51.1487	0.423492
1          	57.7871         	997         	1000       	100            	200             	50.205      	0.3  	49.25 	52    	50.6952	0.500532
2          	57.5782         	994         	997        	102            	197             	50.0654     	0.296	49.225	52.025	50.5275	0.559724
3          	57.5533         	991         	994        	105            	194             	50.0455     	0.293	48.975	52.05 	50.461 	0.617622
5          	57.261          	985         	988        	109            	187             	49.8474     	0.286	48.75 	52.075	50.2821	0.708013
6          	57.0065         	982         	985        	112            	184             	49.6892     	0.282	48.725	52.15 	50.14  	0.727246
7          	56.9901         	979         	982        	114            	181             	49.6804     	0.278	48.6  	52.025	50.0737	0.758844
10         	56.8311         	970         	973        	121            	171             	49.5324     	0.268	48.5  	52    	49.9033	0.849252
12         	56.7184         	964         	967        	125            	165             	49.4404     	0.261	48.3  	52.025	49.7852	0.899537
21         	56.51           	937         	940        	144            	138             	49.2054     	0.229	48.1  	52.025	49.3898	1.03005 
End Time (hh:mm:ss.ms) 2023-07-16 19:55:54.279895
Total Time (hh:mm:ss.ms) 0:00:04.903360
Individuo: [[11, 1, 2, 5, 7, 9, 4, 3, 10, 8, 0, 6], [1, 1, 1, 0, 0, 1, 1, 1, 1, 0, 0, 1]]
Fitness:  48.099999999999994
Gens:  [0, 1, 2, 3, 4, 5, 6, 7, 8, 9, 10, 11, 12, 13, 14, 15, 16, 17, 18, 19, 20, 21, 22, 23, 24, 25, 26, 27, 28, 29, 30, 31, 32, 33, 34, 35, 36, 37, 38, 39, 40, 41, 42, 43, 44, 45, 46, 47, 48, 49, 50, 51, 52, 53, 54, 55, 56, 57]
Inds:  [49.42499999999999, 49.25, 49.224999999999994, 48.974999999999994, 48.974999999999994, 48.74999999999999, 48.725, 48.599999999999994, 48.599999999999994, 48.599999999999994, 48.5, 48.5, 48.3, 48.3, 48.3, 48.3, 48.3, 48.3, 48.3, 48.3, 48.3, 48.099999999999994, 48.099999999999994, 48.099999999999994, 48.099999999999994, 48.099999999999994, 48.099999999999994, 48.099999999999994, 48.099999999999994, 48.099999999999994, 48.099999999999994, 48.099999999999994, 48.099999999999994, 48.099999999999994, 48.099999999999994, 48.099999999999994, 48.099999999999994, 48.099999999999994, 48.099999999999994, 48.099999999999994, 48.099999999999994, 48.099999999999994, 48.099999999999994, 48.099999999999994, 48.099999999999994, 48.099999999999994, 48.099999999999994, 48.099999999999994, 48.099999999999994, 48.099999999999994, 48.099999999999994, 48.099999999999994, 48.099999999999994, 48.099999999999994, 48.099999999999994, 48.099999999999994, 48.099999999999994, 48.099999999999994]

