A-BRKGA-Heuristic:

Execution 1:
Parametros: Y=0.997
Start Time (hh:mm:ss.ms) 2023-07-16 19:59:02.329823
generations	MaxGenenerations	Populationk1	Populationk	PopulationElite	PopulationMutant	fitnessElite	alpha	min   	max   	avg    	std     
0          	0               	0           	0          	0              	0               	0           	0    	74.975	77.425	76.3456	0.433415
1          	94.6115         	997         	1000       	100            	200             	75.71       	0.3  	74.55 	77.375	76.0173	0.479773
2          	94.061          	994         	997        	101            	198             	75.3915     	0.297	74.325	77.325	75.8533	0.543959
3          	93.7631         	991         	994        	103            	196             	75.2122     	0.295	74.175	77.375	75.7578	0.597307
4          	93.5879         	988         	991        	104            	193             	75.1145     	0.293	73.75 	77.175	75.6555	0.621787
8          	93.0307         	976         	979        	109            	185             	74.7616     	0.284	73.45 	77.225	75.2924	0.755715
9          	92.6314         	973         	976        	110            	182             	74.5173     	0.282	73.325	77.375	75.2024	0.810174
10         	92.5154         	970         	973        	112            	180             	74.4612     	0.280	73.275	77.3  	75.1409	0.851935
11         	92.4315         	967         	970        	113            	178             	74.3954     	0.278	73.05 	77.25 	75.0224	0.889902
13         	92.1615         	961         	964        	115            	174             	74.228      	0.273	73.025	77.15 	74.7707	1.00907 
14         	92.0747         	958         	961        	117            	172             	74.146      	0.271	72.875	77.125	74.6339	1.07157 
16         	91.9131         	952         	955        	119            	168             	74.0447     	0.267	72.8  	77.225	74.4415	1.16544 
17         	91.8116         	949         	952        	120            	165             	73.9733     	0.265	72.675	77.2  	74.3785	1.17437 
19         	91.7091         	943         	946        	123            	161             	73.9135     	0.260	72.45 	77.275	74.2699	1.22553 
22         	91.384          	934         	937        	126            	155             	73.6757     	0.254	72.2  	77.225	74.1282	1.27984 
End Time (hh:mm:ss.ms) 2023-07-16 19:59:11.234826
Total Time (hh:mm:ss.ms) 0:00:08.905003
Individuo: [[11, 10, 1, 2, 8, 9, 12, 0, 4, 6, 3, 14, 13, 7, 5, 15], [0, 0, 0, 0, 0, 0, 0, 0, 0, 1, 1, 1, 1, 1, 0, 0]]
Fitness:  72.19999999999999
Gens:  [0, 1, 2, 3, 4, 5, 6, 7, 8, 9, 10, 11, 12, 13, 14, 15, 16, 17, 18, 19, 20, 21, 22, 23, 24, 25, 26, 27, 28, 29, 30, 31, 32, 33, 34, 35, 36, 37, 38, 39, 40, 41, 42, 43, 44, 45, 46, 47, 48, 49, 50, 51, 52, 53, 54, 55, 56, 57, 58, 59, 60, 61, 62, 63, 64, 65, 66, 67, 68, 69, 70, 71, 72, 73, 74, 75, 76, 77, 78, 79, 80, 81, 82, 83, 84, 85, 86, 87, 88, 89, 90, 91, 92]
Inds:  [74.97500000000001, 74.55, 74.325, 74.175, 73.75, 73.75, 73.75, 73.75, 73.45, 73.325, 73.275, 73.05, 73.05, 73.02499999999999, 72.875, 72.875, 72.8, 72.675, 72.675, 72.44999999999999, 72.44999999999999, 72.44999999999999, 72.19999999999999, 72.19999999999999, 72.19999999999999, 72.19999999999999, 72.19999999999999, 72.19999999999999, 72.19999999999999, 72.19999999999999, 72.19999999999999, 72.19999999999999, 72.19999999999999, 72.19999999999999, 72.19999999999999, 72.19999999999999, 72.19999999999999, 72.19999999999999, 72.19999999999999, 72.19999999999999, 72.19999999999999, 72.19999999999999, 72.19999999999999, 72.19999999999999, 72.19999999999999, 72.19999999999999, 72.19999999999999, 72.19999999999999, 72.19999999999999, 72.19999999999999, 72.19999999999999, 72.19999999999999, 72.19999999999999, 72.19999999999999, 72.19999999999999, 72.19999999999999, 72.19999999999999, 72.19999999999999, 72.19999999999999, 72.19999999999999, 72.19999999999999, 72.19999999999999, 72.19999999999999, 72.19999999999999, 72.19999999999999, 72.19999999999999, 72.19999999999999, 72.19999999999999, 72.19999999999999, 72.19999999999999, 72.19999999999999, 72.19999999999999, 72.19999999999999, 72.19999999999999, 72.19999999999999, 72.19999999999999, 72.19999999999999, 72.19999999999999, 72.19999999999999, 72.19999999999999, 72.19999999999999, 72.19999999999999, 72.19999999999999, 72.19999999999999, 72.19999999999999, 72.19999999999999, 72.19999999999999, 72.19999999999999, 72.19999999999999, 72.19999999999999, 72.19999999999999, 72.19999999999999, 72.19999999999999]

Execution 2:
Parametros: Y=0.997
Start Time (hh:mm:ss.ms) 2023-07-16 19:59:11.952826
generations	MaxGenenerations	Populationk1	Populationk	PopulationElite	PopulationMutant	fitnessElite	alpha	min  	max  	avg    	std     
0          	0               	0           	0          	0              	0               	0           	0    	74.95	77.45	76.3556	0.425554
1          	94.587          	997         	1000       	100            	200             	75.7        	0.3  	74.525	77.25	76.0527	0.491162
2          	93.9942         	994         	997        	101            	198             	75.3367     	0.297	74.2  	77.55	75.8247	0.557966
3          	93.6687         	991         	994        	103            	196             	75.1907     	0.295	73.55 	77.05	75.714 	0.612947
7          	92.7714         	979         	982        	108            	187             	74.6193     	0.287	73.425	77.4  	75.1918	0.86266 
8          	92.6486         	976         	979        	109            	185             	74.5574     	0.284	73.275	77.3  	75.071 	0.911874
9          	92.4315         	973         	976        	110            	182             	74.4128     	0.282	73.15 	77.525	74.9856	0.968291
11         	92.2669         	967         	970        	113            	178             	74.2981     	0.278	73.05 	77.325	74.778 	1.02631 
13         	92.12           	961         	964        	115            	174             	74.1869     	0.273	72.8  	77.25 	74.6024	1.10494 
16         	91.8461         	952         	955        	119            	168             	74.0164     	0.267	72.625	77.075	74.4743	1.15373 
17         	91.5497         	949         	952        	120            	165             	73.8045     	0.265	72.6  	77.25 	74.387 	1.17822 
23         	91.5938         	931         	934        	127            	153             	73.7968     	0.251	72.475	77.425	74.2089	1.22175 
28         	91.3949         	916         	919        	133            	143             	73.6133     	0.240	72.425	77.425	74.0136	1.30592 
30         	91.4005         	910         	913        	135            	139             	73.6136     	0.236	72.4  	77.425	73.9893	1.32186 
34         	91.2798         	898         	901        	139            	131             	73.4759     	0.227	72.35 	77.45 	73.8632	1.37216 
41         	91.2921         	877         	880        	146            	118             	73.4225     	0.212	72.2  	77.3  	73.7274	1.38009 
End Time (hh:mm:ss.ms) 2023-07-16 19:59:20.837825
Total Time (hh:mm:ss.ms) 0:00:08.884999
Individuo: [[11, 10, 9, 8, 2, 1, 12, 0, 4, 6, 3, 14, 13, 7, 5, 15], [0, 0, 1, 1, 1, 1, 0, 0, 0, 1, 1, 1, 1, 1, 0, 0]]
Fitness:  72.19999999999999
Gens:  [0, 1, 2, 3, 4, 5, 6, 7, 8, 9, 10, 11, 12, 13, 14, 15, 16, 17, 18, 19, 20, 21, 22, 23, 24, 25, 26, 27, 28, 29, 30, 31, 32, 33, 34, 35, 36, 37, 38, 39, 40, 41, 42, 43, 44, 45, 46, 47, 48, 49, 50, 51, 52, 53, 54, 55, 56, 57, 58, 59, 60, 61, 62, 63, 64, 65, 66, 67, 68, 69, 70, 71, 72, 73, 74, 75, 76, 77, 78, 79, 80, 81, 82, 83, 84, 85, 86, 87, 88, 89, 90, 91, 92]
Inds:  [74.95, 74.525, 74.2, 73.55, 73.55, 73.55, 73.55, 73.425, 73.27499999999999, 73.14999999999999, 73.14999999999999, 73.05, 73.05, 72.8, 72.8, 72.8, 72.62499999999999, 72.6, 72.6, 72.6, 72.6, 72.6, 72.6, 72.475, 72.475, 72.475, 72.475, 72.475, 72.425, 72.425, 72.39999999999999, 72.39999999999999, 72.39999999999999, 72.39999999999999, 72.35, 72.35, 72.35, 72.35, 72.35, 72.35, 72.35, 72.19999999999999, 72.19999999999999, 72.19999999999999, 72.19999999999999, 72.19999999999999, 72.19999999999999, 72.19999999999999, 72.19999999999999, 72.19999999999999, 72.19999999999999, 72.19999999999999, 72.19999999999999, 72.19999999999999, 72.19999999999999, 72.19999999999999, 72.19999999999999, 72.19999999999999, 72.19999999999999, 72.19999999999999, 72.19999999999999, 72.19999999999999, 72.19999999999999, 72.19999999999999, 72.19999999999999, 72.19999999999999, 72.19999999999999, 72.19999999999999, 72.19999999999999, 72.19999999999999, 72.19999999999999, 72.19999999999999, 72.19999999999999, 72.19999999999999, 72.19999999999999, 72.19999999999999, 72.19999999999999, 72.19999999999999, 72.19999999999999, 72.19999999999999, 72.19999999999999, 72.19999999999999, 72.19999999999999, 72.19999999999999, 72.19999999999999, 72.19999999999999, 72.19999999999999, 72.19999999999999, 72.19999999999999, 72.19999999999999, 72.19999999999999, 72.19999999999999, 72.19999999999999]

Execution 3:
Parametros: Y=0.997
Start Time (hh:mm:ss.ms) 2023-07-16 19:59:21.560825
generations	MaxGenenerations	Populationk1	Populationk	PopulationElite	PopulationMutant	fitnessElite	alpha	min 	max   	avg    	std     
0          	0               	0           	0          	0              	0               	0           	0    	74.6	77.375	76.3394	0.433009
1          	94.1241         	997         	1000       	100            	200             	75.4325     	0.3  	74.575	77.3  	75.9462	0.524097
2          	94.0714         	994         	997        	101            	198             	75.3867     	0.297	74.05 	77.525	75.7866	0.580434
5          	93.4091         	985         	988        	105            	191             	74.9972     	0.291	73.85 	77.55 	75.4866	0.68171 
7          	93.2198         	979         	982        	108            	187             	74.9052     	0.287	73.6  	77.2  	75.2958	0.755458
9          	92.8624         	973         	976        	110            	183             	74.6675     	0.282	73.35 	77.175	75.135 	0.843904
13         	92.5122         	961         	964        	115            	174             	74.4188     	0.274	72.9  	77.225	74.8517	0.954733
20         	91.9723         	940         	943        	124            	159             	74.0511     	0.258	72.8  	77.55 	74.4808	1.11474 
21         	91.9013         	937         	940        	125            	157             	74.0183     	0.256	72.7  	77.425	74.4562	1.14195 
23         	91.6718         	931         	934        	127            	153             	73.8277     	0.252	72.575	77.225	74.3626	1.18875 
28         	91.5691         	916         	919        	133            	143             	73.7319     	0.241	72.5  	77.1  	74.1363	1.27393 
30         	91.4883         	910         	913        	135            	139             	73.6653     	0.236	72.45 	77.15 	74.0639	1.28568 
31         	91.3497         	907         	910        	136            	137             	73.5513     	0.234	72.45 	77.3  	73.9532	1.27347 
33         	91.3702         	901         	904        	138            	133             	73.548      	0.229	72.4  	77.35 	74.0263	1.29561 
36         	91.2798         	892         	895        	141            	128             	73.4552     	0.223	72.2  	77.3  	73.8792	1.31988 
End Time (hh:mm:ss.ms) 2023-07-16 19:59:30.540824
Total Time (hh:mm:ss.ms) 0:00:08.979999
Individuo: [[15, 5, 4, 9, 12, 0, 8, 2, 1, 10, 3, 14, 13, 7, 6, 11], [1, 1, 1, 0, 0, 0, 1, 1, 1, 1, 1, 1, 1, 1, 1, 1]]
Fitness:  72.2
Gens:  [0, 1, 2, 3, 4, 5, 6, 7, 8, 9, 10, 11, 12, 13, 14, 15, 16, 17, 18, 19, 20, 21, 22, 23, 24, 25, 26, 27, 28, 29, 30, 31, 32, 33, 34, 35, 36, 37, 38, 39, 40, 41, 42, 43, 44, 45, 46, 47, 48, 49, 50, 51, 52, 53, 54, 55, 56, 57, 58, 59, 60, 61, 62, 63, 64, 65, 66, 67, 68, 69, 70, 71, 72, 73, 74, 75, 76, 77, 78, 79, 80, 81, 82, 83, 84, 85, 86, 87, 88, 89, 90, 91, 92]
Inds:  [74.6, 74.57499999999999, 74.05, 74.05, 74.05, 73.85000000000001, 73.85000000000001, 73.6, 73.6, 73.35000000000001, 73.35000000000001, 73.35000000000001, 73.35000000000001, 72.89999999999999, 72.89999999999999, 72.89999999999999, 72.89999999999999, 72.89999999999999, 72.89999999999999, 72.89999999999999, 72.8, 72.7, 72.7, 72.57499999999999, 72.57499999999999, 72.57499999999999, 72.57499999999999, 72.57499999999999, 72.5, 72.5, 72.45, 72.44999999999999, 72.44999999999999, 72.39999999999999, 72.39999999999999, 72.39999999999999, 72.2, 72.2, 72.2, 72.2, 72.2, 72.2, 72.2, 72.2, 72.2, 72.2, 72.2, 72.2, 72.2, 72.2, 72.2, 72.2, 72.2, 72.2, 72.2, 72.2, 72.2, 72.2, 72.2, 72.2, 72.2, 72.2, 72.2, 72.2, 72.2, 72.2, 72.2, 72.2, 72.2, 72.2, 72.2, 72.2, 72.2, 72.2, 72.2, 72.2, 72.2, 72.2, 72.2, 72.2, 72.2, 72.2, 72.2, 72.2, 72.2, 72.2, 72.2, 72.2, 72.2, 72.2, 72.2, 72.2, 72.2]

Execution 4:
Parametros: Y=0.997
Start Time (hh:mm:ss.ms) 2023-07-16 19:59:31.272824
generations	MaxGenenerations	Populationk1	Populationk	PopulationElite	PopulationMutant	fitnessElite	alpha	min 	max  	avg    	std     
0          	0               	0           	0          	0              	0               	0           	0    	74.4	77.35	76.3286	0.419872
1          	93.8647         	997         	1000       	100            	200             	75.285      	0.3  	74.225	77.375	75.8468	0.568933
3          	93.651          	991         	994        	103            	196             	75.1565     	0.295	74.1  	77.5  	75.5165	0.671633
4          	93.5284         	988         	991        	104            	193             	75.0982     	0.293	73.8  	77.4  	75.451 	0.699109
5          	93.1217         	985         	988        	105            	191             	74.8491     	0.291	73.575	77.4  	75.3868	0.748976
7          	92.8518         	979         	982        	108            	187             	74.6874     	0.287	73.5  	77.35 	75.2548	0.814566
9          	92.7014         	973         	976        	110            	183             	74.5603     	0.282	73.3  	77.2  	75.0579	0.896261
10         	92.4353         	970         	973        	112            	180             	74.3941     	0.280	73.075	77.3  	74.914 	0.96027 
12         	92.1862         	964         	967        	114            	176             	74.2486     	0.276	73.025	77.35 	74.7489	1.05379 
14         	92.1092         	958         	961        	117            	172             	74.18       	0.271	72.825	77.275	74.6255	1.07014 
15         	91.857          	955         	958        	118            	170             	74.0244     	0.269	72.775	77.325	74.5191	1.10594 
16         	91.8077         	952         	955        	119            	168             	73.9913     	0.267	72.4  	77.3  	74.4697	1.16745 
23         	91.3072         	931         	934        	127            	153             	73.615      	0.251	72.375	77.275	74.0094	1.35473 
24         	91.2894         	928         	931        	128            	151             	73.5981     	0.249	72.35 	77.3  	74.0638	1.3612  
30         	91.2647         	910         	913        	135            	139             	73.5204     	0.236	72.15 	77.2  	73.9296	1.42071 
32         	91.0192         	904         	907        	137            	135             	73.35       	0.231	72.15 	77.4  	73.7717	1.38087 
End Time (hh:mm:ss.ms) 2023-07-16 19:59:40.029826
Total Time (hh:mm:ss.ms) 0:00:08.757002
Individuo: [[11, 6, 7, 13, 14, 3, 10, 12, 0, 8, 2, 1, 9, 4, 5, 15], [0, 0, 0, 0, 0, 0, 0, 0, 0, 1, 1, 1, 1, 0, 0, 0]]
Fitness:  72.14999999999999
Gens:  [0, 1, 2, 3, 4, 5, 6, 7, 8, 9, 10, 11, 12, 13, 14, 15, 16, 17, 18, 19, 20, 21, 22, 23, 24, 25, 26, 27, 28, 29, 30, 31, 32, 33, 34, 35, 36, 37, 38, 39, 40, 41, 42, 43, 44, 45, 46, 47, 48, 49, 50, 51, 52, 53, 54, 55, 56, 57, 58, 59, 60, 61, 62, 63, 64, 65, 66, 67, 68, 69, 70, 71, 72, 73, 74, 75, 76, 77, 78, 79, 80, 81, 82, 83, 84, 85, 86, 87, 88, 89, 90, 91]
Inds:  [74.4, 74.225, 74.225, 74.10000000000001, 73.8, 73.575, 73.575, 73.5, 73.5, 73.3, 73.07500000000002, 73.07500000000002, 73.02499999999999, 73.02499999999999, 72.825, 72.775, 72.39999999999999, 72.39999999999999, 72.39999999999999, 72.39999999999999, 72.39999999999999, 72.39999999999999, 72.39999999999999, 72.375, 72.35, 72.35, 72.35, 72.35, 72.35, 72.35, 72.15, 72.15, 72.14999999999999, 72.14999999999999, 72.14999999999999, 72.14999999999999, 72.14999999999999, 72.14999999999999, 72.14999999999999, 72.14999999999999, 72.14999999999999, 72.14999999999999, 72.14999999999999, 72.14999999999999, 72.14999999999999, 72.14999999999999, 72.14999999999999, 72.14999999999999, 72.14999999999999, 72.14999999999999, 72.14999999999999, 72.14999999999999, 72.14999999999999, 72.14999999999999, 72.14999999999999, 72.14999999999999, 72.14999999999999, 72.14999999999999, 72.14999999999999, 72.14999999999999, 72.14999999999999, 72.14999999999999, 72.14999999999999, 72.14999999999999, 72.14999999999999, 72.14999999999999, 72.14999999999999, 72.14999999999999, 72.14999999999999, 72.14999999999999, 72.14999999999999, 72.14999999999999, 72.14999999999999, 72.14999999999999, 72.14999999999999, 72.14999999999999, 72.14999999999999, 72.14999999999999, 72.14999999999999, 72.14999999999999, 72.14999999999999, 72.14999999999999, 72.14999999999999, 72.14999999999999, 72.14999999999999, 72.14999999999999, 72.14999999999999, 72.14999999999999, 72.14999999999999, 72.14999999999999, 72.14999999999999, 72.14999999999999]

Execution 5:
Parametros: Y=0.997
Start Time (hh:mm:ss.ms) 2023-07-16 19:59:40.788823
generations	MaxGenenerations	Populationk1	Populationk	PopulationElite	PopulationMutant	fitnessElite	alpha	min 	max  	avg    	std     
0          	0               	0           	0          	0              	0               	0           	0    	74.7	77.45	76.3533	0.425255
1          	94.2715         	997         	1000       	100            	200             	75.525      	0.3  	74.375	77.325	75.9786	0.501291
2          	93.8261         	994         	997        	101            	198             	75.2537     	0.297	74.2  	77.4  	75.8164	0.565197
4          	93.5913         	988         	991        	104            	193             	75.1028     	0.293	74.05 	77.3  	75.6108	0.666354
5          	93.4091         	985         	988        	105            	191             	74.9972     	0.291	73.975	77.35 	75.5231	0.714089
6          	93.3285         	982         	985        	107            	189             	74.9513     	0.289	73.9  	77.275	75.4331	0.749922
7          	93.2129         	979         	982        	108            	187             	74.8691     	0.287	73.825	77.3  	75.3651	0.791996
8          	93.1253         	976         	979        	109            	185             	74.8153     	0.284	73.35 	77.6  	75.2553	0.813166
9          	92.6096         	973         	976        	110            	182             	74.5516     	0.282	73.3  	77.225	75.1229	0.876937
11         	92.47           	967         	970        	113            	178             	74.4204     	0.278	73.1  	77.2  	74.857 	0.962491
12         	92.1831         	964         	967        	114            	176             	74.2322     	0.276	73.075	77.45 	74.7603	1.01165 
14         	92.2069         	958         	961        	117            	172             	74.2505     	0.271	72.825	77.55 	74.582 	1.13383 
15         	91.9329         	955         	958        	118            	170             	74.0986     	0.269	72.8  	77.275	74.4751	1.14623 
17         	91.8116         	949         	952        	120            	165             	73.9733     	0.265	72.65 	77.225	74.4181	1.16145 
21         	91.6569         	937         	940        	125            	157             	73.8549     	0.256	72.525	77.475	74.2845	1.24443 
26         	91.4648         	922         	925        	131            	147             	73.6781     	0.245	72.3  	77.325	74.0124	1.33378 
33         	91.1948         	901         	904        	138            	133             	73.4434     	0.229	72.15 	77.225	73.8103	1.45686 
End Time (hh:mm:ss.ms) 2023-07-16 19:59:49.568824
Total Time (hh:mm:ss.ms) 0:00:08.780001
Individuo: [[15, 5, 6, 3, 14, 12, 1, 2, 8, 4, 7, 13, 0, 9, 10, 11], [1, 1, 1, 1, 1, 1, 0, 0, 0, 0, 0, 0, 0, 0, 1, 1]]
Fitness:  72.15
Gens:  [0, 1, 2, 3, 4, 5, 6, 7, 8, 9, 10, 11, 12, 13, 14, 15, 16, 17, 18, 19, 20, 21, 22, 23, 24, 25, 26, 27, 28, 29, 30, 31, 32, 33, 34, 35, 36, 37, 38, 39, 40, 41, 42, 43, 44, 45, 46, 47, 48, 49, 50, 51, 52, 53, 54, 55, 56, 57, 58, 59, 60, 61, 62, 63, 64, 65, 66, 67, 68, 69, 70, 71, 72, 73, 74, 75, 76, 77, 78, 79, 80, 81, 82, 83, 84, 85, 86, 87, 88, 89, 90, 91]
Inds:  [74.70000000000002, 74.37500000000001, 74.19999999999999, 74.19999999999999, 74.05, 73.975, 73.9, 73.825, 73.35, 73.3, 73.3, 73.1, 73.07499999999999, 73.07499999999999, 72.825, 72.80000000000001, 72.80000000000001, 72.65, 72.65, 72.65, 72.65, 72.525, 72.525, 72.525, 72.525, 72.525, 72.30000000000001, 72.30000000000001, 72.30000000000001, 72.30000000000001, 72.30000000000001, 72.30000000000001, 72.30000000000001, 72.15, 72.15, 72.15, 72.15, 72.15, 72.15, 72.15, 72.15, 72.15, 72.15, 72.15, 72.15, 72.15, 72.15, 72.15, 72.15, 72.15, 72.15, 72.15, 72.15, 72.15, 72.15, 72.15, 72.15, 72.15, 72.15, 72.15, 72.15, 72.15, 72.15, 72.15, 72.15, 72.15, 72.15, 72.15, 72.15, 72.15, 72.15, 72.15, 72.15, 72.15, 72.15, 72.15, 72.15, 72.15, 72.15, 72.15, 72.15, 72.15, 72.15, 72.15, 72.15, 72.15, 72.15, 72.15, 72.15, 72.15, 72.15, 72.15]

Execution 6:
Parametros: Y=0.997
Start Time (hh:mm:ss.ms) 2023-07-16 19:59:50.271823
generations	MaxGenenerations	Populationk1	Populationk	PopulationElite	PopulationMutant	fitnessElite	alpha	min   	max 	avg    	std     
0          	0               	0           	0          	0              	0               	0           	0    	74.675	77.5	76.3335	0.433771
1          	94.2541         	997         	1000       	100            	200             	75.5225     	0.3  	74.575	77.425	75.9805	0.517713
2          	94.1067         	994         	997        	101            	198             	75.4239     	0.297	74.225	77.575	75.8256	0.57121 
4          	93.6721         	988         	991        	104            	193             	75.1718     	0.293	73.9  	77.65 	75.6104	0.653876
7          	93.2339         	979         	982        	108            	187             	74.8906     	0.287	73.875	77.425	75.274 	0.79066 
8          	93.2234         	976         	979        	109            	185             	74.8867     	0.284	73.55 	77.15 	75.1997	0.801914
9          	92.7366         	973         	976        	110            	183             	74.5679     	0.282	73.325	77.35 	75.0624	0.866415
12         	92.5502         	964         	967        	114            	176             	74.4783     	0.276	73.125	77.35 	74.8543	0.952178
13         	92.2562         	961         	964        	115            	174             	74.2826     	0.273	73.075	77.325	74.7576	0.980276
14         	92.1862         	958         	961        	117            	172             	74.2301     	0.271	73.025	77.35 	74.6856	1.01524 
15         	92.13           	955         	958        	118            	170             	74.1911     	0.269	72.875	77.25 	74.6323	1.04449 
21         	91.9269         	937         	940        	125            	157             	74.01       	0.256	72.8  	77.425	74.4199	1.16013 
24         	91.8048         	928         	931        	128            	151             	73.8995     	0.249	72.575	77.275	74.329 	1.15603 
37         	91.521          	889         	892        	142            	126             	73.5986     	0.221	72.475	77.1  	73.9384	1.2885  
39         	91.4224         	883         	886        	144            	122             	73.5214     	0.216	72.45 	77.225	73.9203	1.29739 
41         	91.3908         	877         	880        	146            	118             	73.4804     	0.212	72.425	77.45 	73.7988	1.30942 
43         	91.3799         	871         	874        	148            	115             	73.455      	0.208	72.4  	77.2  	73.8412	1.33475 
61         	91.3072         	817         	820        	163            	83              	73.2134     	0.168	72.35 	77.4  	73.4889	1.35388 
81         	91.2578         	757         	760        	176            	52              	72.964      	0.124	72.2  	77.075	73.1895	1.22748 
End Time (hh:mm:ss.ms) 2023-07-16 19:59:58.723825
Total Time (hh:mm:ss.ms) 0:00:08.452002
Individuo: [[11, 6, 7, 14, 12, 1, 2, 8, 0, 13, 3, 10, 9, 4, 5, 15], [0, 0, 0, 1, 1, 0, 0, 0, 1, 1, 0, 0, 1, 0, 0, 0]]
Fitness:  72.2
Gens:  [0, 1, 2, 3, 4, 5, 6, 7, 8, 9, 10, 11, 12, 13, 14, 15, 16, 17, 18, 19, 20, 21, 22, 23, 24, 25, 26, 27, 28, 29, 30, 31, 32, 33, 34, 35, 36, 37, 38, 39, 40, 41, 42, 43, 44, 45, 46, 47, 48, 49, 50, 51, 52, 53, 54, 55, 56, 57, 58, 59, 60, 61, 62, 63, 64, 65, 66, 67, 68, 69, 70, 71, 72, 73, 74, 75, 76, 77, 78, 79, 80, 81, 82, 83, 84, 85, 86, 87, 88, 89, 90, 91]
Inds:  [74.675, 74.57499999999999, 74.22500000000002, 74.22500000000002, 73.89999999999999, 73.89999999999999, 73.89999999999999, 73.875, 73.55, 73.32499999999999, 73.32499999999999, 73.32499999999999, 73.125, 73.075, 73.02499999999999, 72.87499999999999, 72.87499999999999, 72.87499999999999, 72.87499999999999, 72.87499999999999, 72.87499999999999, 72.8, 72.8, 72.8, 72.57499999999999, 72.57499999999999, 72.57499999999999, 72.57499999999999, 72.57499999999999, 72.57499999999999, 72.57499999999999, 72.57499999999999, 72.57499999999999, 72.57499999999999, 72.57499999999999, 72.57499999999999, 72.57499999999999, 72.475, 72.475, 72.44999999999999, 72.44999999999999, 72.425, 72.425, 72.39999999999999, 72.39999999999999, 72.39999999999999, 72.39999999999999, 72.39999999999999, 72.39999999999999, 72.39999999999999, 72.39999999999999, 72.39999999999999, 72.39999999999999, 72.39999999999999, 72.39999999999999, 72.39999999999999, 72.39999999999999, 72.39999999999999, 72.39999999999999, 72.39999999999999, 72.39999999999999, 72.35, 72.35, 72.35, 72.35, 72.35, 72.35, 72.35, 72.35, 72.35, 72.35, 72.35, 72.35, 72.35, 72.35, 72.35, 72.35, 72.35, 72.35, 72.35, 72.35, 72.2, 72.2, 72.2, 72.2, 72.2, 72.2, 72.2, 72.2, 72.2, 72.2, 72.2]

Execution 7:
Parametros: Y=0.997
Start Time (hh:mm:ss.ms) 2023-07-16 19:59:59.557860
generations	MaxGenenerations	Populationk1	Populationk	PopulationElite	PopulationMutant	fitnessElite	alpha	min   	max   	avg    	std     
0          	0               	0           	0          	0              	0               	0           	0    	74.825	77.475	76.3659	0.445874
1          	94.4364         	997         	1000       	100            	200             	75.62       	0.3  	74.675	77.275	76.0213	0.509654
2          	94.1905         	994         	997        	101            	198             	75.4495     	0.297	74.3  	77.4  	75.8638	0.545253
4          	93.7104         	988         	991        	104            	193             	75.1661     	0.293	74.025	77.55 	75.6518	0.631688
5          	93.4478         	985         	988        	105            	191             	75.0523     	0.291	74    	77.275	75.6425	0.657817
6          	93.339          	982         	985        	107            	189             	74.9474     	0.289	73.875	77.575	75.5951	0.683055
7          	93.2654         	979         	982        	108            	187             	74.9374     	0.287	73.625	77.325	75.4863	0.684949
9          	92.9149         	973         	976        	110            	183             	74.7066     	0.282	73.425	77.25 	75.4187	0.772667
11         	92.6486         	967         	970        	113            	178             	74.5317     	0.278	72.925	77.3  	75.3162	0.824983
17         	91.9831         	949         	952        	120            	166             	74.0787     	0.265	72.875	77.275	74.5759	1.08475 
19         	91.8993         	943         	946        	123            	161             	74.0031     	0.260	72.725	77.225	74.4609	1.15886 
23         	91.7584         	931         	934        	127            	153             	73.897      	0.252	72.6  	77.275	74.2636	1.22717 
24         	91.5732         	928         	931        	128            	151             	73.7677     	0.249	72.475	77.325	74.1779	1.22879 
25         	91.4292         	925         	928        	129            	149             	73.6754     	0.247	72.45 	77.325	74.1824	1.25757 
27         	91.3771         	919         	922        	132            	145             	73.6168     	0.243	72.4  	77.25 	74.0538	1.31727 
29         	91.3278         	913         	916        	134            	141             	73.5695     	0.238	72.375	77.25 	73.9767	1.33912 
32         	91.3237         	904         	907        	137            	135             	73.5414     	0.232	72.15 	77    	73.8539	1.38646 
End Time (hh:mm:ss.ms) 2023-07-16 20:00:08.479824
Total Time (hh:mm:ss.ms) 0:00:08.921964
Individuo: [[11, 6, 4, 9, 1, 2, 8, 0, 12, 10, 3, 14, 13, 7, 5, 15], [0, 0, 1, 0, 0, 0, 0, 1, 1, 1, 1, 1, 1, 1, 0, 0]]
Fitness:  72.14999999999999
Gens:  [0, 1, 2, 3, 4, 5, 6, 7, 8, 9, 10, 11, 12, 13, 14, 15, 16, 17, 18, 19, 20, 21, 22, 23, 24, 25, 26, 27, 28, 29, 30, 31, 32, 33, 34, 35, 36, 37, 38, 39, 40, 41, 42, 43, 44, 45, 46, 47, 48, 49, 50, 51, 52, 53, 54, 55, 56, 57, 58, 59, 60, 61, 62, 63, 64, 65, 66, 67, 68, 69, 70, 71, 72, 73, 74, 75, 76, 77, 78, 79, 80, 81, 82, 83, 84, 85, 86, 87, 88, 89, 90, 91, 92]
Inds:  [74.82500000000002, 74.67500000000001, 74.30000000000001, 74.30000000000001, 74.025, 73.99999999999999, 73.875, 73.625, 73.625, 73.425, 73.425, 72.925, 72.925, 72.925, 72.925, 72.925, 72.925, 72.875, 72.875, 72.725, 72.725, 72.725, 72.725, 72.6, 72.475, 72.45, 72.45, 72.39999999999999, 72.39999999999999, 72.375, 72.375, 72.375, 72.14999999999999, 72.14999999999999, 72.14999999999999, 72.14999999999999, 72.14999999999999, 72.14999999999999, 72.14999999999999, 72.14999999999999, 72.14999999999999, 72.14999999999999, 72.14999999999999, 72.14999999999999, 72.14999999999999, 72.14999999999999, 72.14999999999999, 72.14999999999999, 72.14999999999999, 72.14999999999999, 72.14999999999999, 72.14999999999999, 72.14999999999999, 72.14999999999999, 72.14999999999999, 72.14999999999999, 72.14999999999999, 72.14999999999999, 72.14999999999999, 72.14999999999999, 72.14999999999999, 72.14999999999999, 72.14999999999999, 72.14999999999999, 72.14999999999999, 72.14999999999999, 72.14999999999999, 72.14999999999999, 72.14999999999999, 72.14999999999999, 72.14999999999999, 72.14999999999999, 72.14999999999999, 72.14999999999999, 72.14999999999999, 72.14999999999999, 72.14999999999999, 72.14999999999999, 72.14999999999999, 72.14999999999999, 72.14999999999999, 72.14999999999999, 72.14999999999999, 72.14999999999999, 72.14999999999999, 72.14999999999999, 72.14999999999999, 72.14999999999999, 72.14999999999999, 72.14999999999999, 72.14999999999999, 72.14999999999999, 72.14999999999999]

Execution 8:
Parametros: Y=0.997
Start Time (hh:mm:ss.ms) 2023-07-16 20:00:09.237826
generations	MaxGenenerations	Populationk1	Populationk	PopulationElite	PopulationMutant	fitnessElite	alpha	min   	max   	avg    	std     
0          	0               	0           	0          	0              	0               	0           	0    	74.925	77.425	76.3352	0.417275
1          	94.5484         	997         	1000       	100            	200             	75.675      	0.3  	74.55 	77.275	76.0331	0.479083
2          	94.0328         	994         	997        	101            	198             	75.3617     	0.297	74.35 	77.25 	75.8344	0.55693 
3          	93.7735         	991         	994        	103            	196             	75.2076     	0.295	73.925	77.5  	75.7336	0.604669
6          	93.3215         	982         	985        	107            	189             	74.9737     	0.289	73.875	77.275	75.4752	0.710461
7          	93.1814         	979         	982        	108            	187             	74.8512     	0.287	73.575	77.425	75.4142	0.758043
9          	92.7821         	973         	976        	110            	183             	74.6        	0.282	73.525	77.5  	75.3119	0.797136
11         	92.7469         	967         	970        	113            	178             	74.5761     	0.278	73.475	77.3  	75.2246	0.824316
12         	92.6838         	964         	967        	114            	176             	74.5317     	0.276	73.45 	77.2  	75.1356	0.861438
13         	92.6244         	961         	964        	115            	174             	74.4778     	0.274	73.375	77.35 	75.0634	0.882463
15         	92.5855         	955         	958        	118            	170             	74.4608     	0.269	73.175	77.35 	74.9712	0.942248
16         	92.3192         	952         	955        	119            	168             	74.2918     	0.267	72.925	77.275	74.8937	0.964142
24         	91.9969         	928         	931        	128            	151             	74.025      	0.249	72.75 	77.325	74.4393	1.14606 
26         	91.7624         	922         	925        	130            	147             	73.8609     	0.245	72.6  	77.45 	74.3196	1.16253 
32         	91.525          	904         	907        	137            	135             	73.6452     	0.232	72.45 	77.175	74.1024	1.2474  
41         	91.432          	877         	880        	146            	118             	73.5125     	0.212	72.35 	77.35 	73.7253	1.36401 
52         	91.2715         	844         	847        	156            	99              	73.2865     	0.188	72.3  	77.375	73.5869	1.35819 
70         	91.1263         	790         	793        	169            	69              	73.002      	0.148	72.15 	77.275	73.2786	1.30744 
End Time (hh:mm:ss.ms) 2023-07-16 20:00:18.189824
Total Time (hh:mm:ss.ms) 0:00:08.951998
Individuo: [[11, 6, 4, 0, 14, 3, 10, 9, 8, 2, 1, 12, 13, 7, 5, 15], [0, 0, 1, 1, 0, 0, 0, 1, 1, 1, 1, 0, 1, 1, 0, 0]]
Fitness:  72.14999999999999
Gens:  [0, 1, 2, 3, 4, 5, 6, 7, 8, 9, 10, 11, 12, 13, 14, 15, 16, 17, 18, 19, 20, 21, 22, 23, 24, 25, 26, 27, 28, 29, 30, 31, 32, 33, 34, 35, 36, 37, 38, 39, 40, 41, 42, 43, 44, 45, 46, 47, 48, 49, 50, 51, 52, 53, 54, 55, 56, 57, 58, 59, 60, 61, 62, 63, 64, 65, 66, 67, 68, 69, 70, 71, 72, 73, 74, 75, 76, 77, 78, 79, 80, 81, 82, 83, 84, 85, 86, 87, 88, 89, 90, 91]
Inds:  [74.925, 74.55000000000001, 74.35, 73.92499999999998, 73.92499999999998, 73.92499999999998, 73.875, 73.575, 73.575, 73.52499999999999, 73.52499999999999, 73.475, 73.45, 73.375, 73.375, 73.175, 72.925, 72.925, 72.925, 72.925, 72.925, 72.925, 72.925, 72.925, 72.75, 72.75, 72.6, 72.6, 72.6, 72.6, 72.6, 72.6, 72.45, 72.45, 72.45, 72.45, 72.45, 72.45, 72.45, 72.45, 72.45, 72.35, 72.35, 72.35, 72.35, 72.35, 72.35, 72.35, 72.35, 72.35, 72.35, 72.35, 72.3, 72.3, 72.3, 72.3, 72.3, 72.3, 72.3, 72.3, 72.3, 72.3, 72.3, 72.3, 72.3, 72.3, 72.3, 72.3, 72.3, 72.3, 72.14999999999999, 72.14999999999999, 72.14999999999999, 72.14999999999999, 72.14999999999999, 72.14999999999999, 72.14999999999999, 72.14999999999999, 72.14999999999999, 72.14999999999999, 72.14999999999999, 72.14999999999999, 72.14999999999999, 72.14999999999999, 72.14999999999999, 72.14999999999999, 72.14999999999999, 72.14999999999999, 72.14999999999999, 72.14999999999999, 72.14999999999999, 72.14999999999999]

Execution 9:
Parametros: Y=0.997
Start Time (hh:mm:ss.ms) 2023-07-16 20:00:18.848824
generations	MaxGenenerations	Populationk1	Populationk	PopulationElite	PopulationMutant	fitnessElite	alpha	min  	max  	avg    	std     
0          	0               	0           	0          	0              	0               	0           	0    	74.95	77.45	76.3464	0.436214
1          	94.587          	997         	1000       	100            	200             	75.7        	0.3  	74.55	77.325	76.0292	0.476552
2          	94.0469         	994         	997        	101            	198             	75.3766     	0.297	74.125	77.425	75.8766	0.542776
3          	93.5389         	991         	994        	103            	196             	75.1009     	0.295	74.05 	77.275	75.7315	0.580512
4          	93.4021         	988         	991        	104            	193             	74.9968     	0.293	73.9  	77.25 	75.6486	0.630809
7          	93.2199         	979         	982        	108            	187             	74.8762     	0.287	73.7  	77.45 	75.4287	0.76057 
9          	92.9886         	973         	976        	110            	183             	74.7393     	0.282	73.6  	77.35 	75.3238	0.829604
10         	92.8554         	970         	973        	112            	180             	74.6523     	0.280	73.4  	77.3  	75.2672	0.842186
14         	92.6588         	958         	961        	116            	172             	74.5286     	0.271	73.3  	77.175	75.0116	0.979182
15         	92.4283         	955         	958        	118            	170             	74.3451     	0.269	73.225	77.45 	74.9704	1.00324 
16         	92.4101         	952         	955        	119            	168             	74.3553     	0.267	73.075	77.075	74.908 	1.01148 
17         	92.1169         	949         	952        	120            	166             	74.136      	0.265	73.025	77.4  	74.8559	1.0458  
18         	92.1438         	946         	949        	121            	164             	74.1761     	0.263	72.775	77.425	74.7671	1.06109 
22         	91.856          	934         	937        	126            	155             	73.9765     	0.254	72.7  	77.275	74.3483	1.16859 
23         	91.6993         	931         	934        	127            	153             	73.853      	0.252	72.6  	77.35 	74.3019	1.22974 
24         	91.5938         	928         	931        	128            	151             	73.7864     	0.249	72.5  	77.375	74.276 	1.24781 
27         	91.447          	919         	922        	132            	145             	73.661      	0.243	72.475	77.175	74.1238	1.30572 
28         	91.388          	916         	919        	133            	143             	73.6073     	0.240	72.425	77.425	74.055 	1.35537 
34         	91.3387         	898         	901        	139            	131             	73.5182     	0.227	72.2  	77.15 	73.8865	1.35152 
End Time (hh:mm:ss.ms) 2023-07-16 20:00:27.509823
Total Time (hh:mm:ss.ms) 0:00:08.660999
Individuo: [[15, 5, 6, 3, 14, 0, 9, 12, 13, 7, 4, 8, 2, 1, 10, 11], [1, 1, 1, 1, 1, 0, 0, 0, 1, 1, 1, 1, 1, 1, 1, 1]]
Fitness:  72.2
Gens:  [0, 1, 2, 3, 4, 5, 6, 7, 8, 9, 10, 11, 12, 13, 14, 15, 16, 17, 18, 19, 20, 21, 22, 23, 24, 25, 26, 27, 28, 29, 30, 31, 32, 33, 34, 35, 36, 37, 38, 39, 40, 41, 42, 43, 44, 45, 46, 47, 48, 49, 50, 51, 52, 53, 54, 55, 56, 57, 58, 59, 60, 61, 62, 63, 64, 65, 66, 67, 68, 69, 70, 71, 72, 73, 74, 75, 76, 77, 78, 79, 80, 81, 82, 83, 84, 85, 86, 87, 88, 89, 90, 91, 92]
Inds:  [74.95, 74.55, 74.12500000000001, 74.05000000000001, 73.9, 73.9, 73.9, 73.7, 73.7, 73.6, 73.4, 73.4, 73.4, 73.4, 73.29999999999998, 73.22499999999998, 73.07499999999999, 73.02499999999999, 72.775, 72.775, 72.775, 72.775, 72.7, 72.6, 72.49999999999999, 72.49999999999999, 72.49999999999999, 72.475, 72.425, 72.425, 72.425, 72.425, 72.425, 72.425, 72.2, 72.2, 72.2, 72.2, 72.2, 72.2, 72.2, 72.2, 72.2, 72.2, 72.2, 72.2, 72.2, 72.2, 72.2, 72.2, 72.2, 72.2, 72.2, 72.2, 72.2, 72.2, 72.2, 72.2, 72.2, 72.2, 72.2, 72.2, 72.2, 72.2, 72.2, 72.2, 72.2, 72.2, 72.2, 72.2, 72.2, 72.2, 72.2, 72.2, 72.2, 72.2, 72.2, 72.2, 72.2, 72.2, 72.2, 72.2, 72.2, 72.2, 72.2, 72.2, 72.2, 72.2, 72.2, 72.2, 72.2, 72.2, 72.2]

Execution 10:
Parametros: Y=0.997
Start Time (hh:mm:ss.ms) 2023-07-16 20:00:28.221826
generations	MaxGenenerations	Populationk1	Populationk	PopulationElite	PopulationMutant	fitnessElite	alpha	min   	max   	avg   	std     
0          	0               	0           	0          	0              	0               	0           	0    	75.075	77.475	76.365	0.411963
1          	94.7519         	997         	1000       	100            	200             	75.795      	0.3  	74.7  	77.525	76.0425	0.447043
2          	94.2928         	994         	997        	101            	198             	75.5415     	0.297	74.325	77.55 	75.878 	0.526877
3          	93.8265         	991         	994        	103            	196             	75.2788     	0.295	74.325	77.325	75.7856	0.574704
4          	93.7631         	988         	991        	104            	193             	75.2058     	0.293	74.125	77.35 	75.6571	0.627255
5          	93.5178         	985         	988        	105            	191             	75.0649     	0.291	73.9  	77.45 	75.5392	0.685635
6          	93.2619         	982         	985        	107            	189             	74.9269     	0.289	73.775	77.2  	75.3954	0.742312
7          	93.0343         	979         	982        	108            	187             	74.7583     	0.287	73.525	77.225	75.2583	0.775791
8          	92.726          	976         	979        	109            	185             	74.5791     	0.284	73.3  	77.175	75.183 	0.809372
11         	92.4769         	967         	970        	113            	178             	74.4274     	0.278	72.9  	77.175	74.9283	0.916544
12         	91.924          	964         	967        	114            	176             	74.0802     	0.276	72.825	77.175	74.7863	0.970382
13         	91.8294         	961         	964        	115            	174             	74.0163     	0.273	72.65 	77.45 	74.7421	1.00866 
14         	91.6844         	958         	961        	117            	172             	73.9539     	0.271	72.625	77.525	74.6702	1.03318 
17         	91.6116         	949         	952        	120            	165             	73.8642     	0.265	72.55 	77.325	74.3943	1.16254 
19         	91.5239         	943         	946        	123            	161             	73.7947     	0.260	72.35 	77.35 	74.3029	1.24318 
20         	91.2784         	940         	943        	124            	159             	73.6418     	0.258	72.15 	77.175	74.1554	1.27998 
End Time (hh:mm:ss.ms) 2023-07-16 20:00:36.987837
Total Time (hh:mm:ss.ms) 0:00:08.766011
Individuo: [[11, 6, 4, 8, 2, 1, 9, 0, 13, 3, 10, 12, 14, 7, 5, 15], [0, 0, 1, 1, 1, 1, 1, 1, 1, 0, 0, 0, 0, 1, 0, 0]]
Fitness:  72.14999999999999
Gens:  [0, 1, 2, 3, 4, 5, 6, 7, 8, 9, 10, 11, 12, 13, 14, 15, 16, 17, 18, 19, 20, 21, 22, 23, 24, 25, 26, 27, 28, 29, 30, 31, 32, 33, 34, 35, 36, 37, 38, 39, 40, 41, 42, 43, 44, 45, 46, 47, 48, 49, 50, 51, 52, 53, 54, 55, 56, 57, 58, 59, 60, 61, 62, 63, 64, 65, 66, 67, 68, 69, 70, 71, 72, 73, 74, 75, 76, 77, 78, 79, 80, 81, 82, 83, 84, 85, 86, 87, 88, 89, 90, 91]
Inds:  [75.07499999999999, 74.7, 74.325, 74.32499999999999, 74.125, 73.89999999999999, 73.77499999999999, 73.52499999999999, 73.3, 73.3, 73.3, 72.89999999999999, 72.82499999999999, 72.64999999999999, 72.625, 72.625, 72.625, 72.55, 72.55, 72.35, 72.14999999999999, 72.14999999999999, 72.14999999999999, 72.14999999999999, 72.14999999999999, 72.14999999999999, 72.14999999999999, 72.14999999999999, 72.14999999999999, 72.14999999999999, 72.14999999999999, 72.14999999999999, 72.14999999999999, 72.14999999999999, 72.14999999999999, 72.14999999999999, 72.14999999999999, 72.14999999999999, 72.14999999999999, 72.14999999999999, 72.14999999999999, 72.14999999999999, 72.14999999999999, 72.14999999999999, 72.14999999999999, 72.14999999999999, 72.14999999999999, 72.14999999999999, 72.14999999999999, 72.14999999999999, 72.14999999999999, 72.14999999999999, 72.14999999999999, 72.14999999999999, 72.14999999999999, 72.14999999999999, 72.14999999999999, 72.14999999999999, 72.14999999999999, 72.14999999999999, 72.14999999999999, 72.14999999999999, 72.14999999999999, 72.14999999999999, 72.14999999999999, 72.14999999999999, 72.14999999999999, 72.14999999999999, 72.14999999999999, 72.14999999999999, 72.14999999999999, 72.14999999999999, 72.14999999999999, 72.14999999999999, 72.14999999999999, 72.14999999999999, 72.14999999999999, 72.14999999999999, 72.14999999999999, 72.14999999999999, 72.14999999999999, 72.14999999999999, 72.14999999999999, 72.14999999999999, 72.14999999999999, 72.14999999999999, 72.14999999999999, 72.14999999999999, 72.14999999999999, 72.14999999999999, 72.14999999999999, 72.14999999999999]

