A-BRKGA-Heuristic:

Execution 1:
Parametros: Y=0.999
Start Time (hh:mm:ss.ms) 2023-07-16 20:15:03.396209
generations	MaxGenenerations	Populationk1	Populationk	PopulationElite	PopulationMutant	fitnessElite	alpha	min    	max   	avg    	std     
0          	0               	0           	0          	0              	0               	0           	0    	145.285	150.28	147.852	0.748379
1          	168.857         	999         	1000       	100            	200             	146.784     	0.3  	144.915	149.74	147.328	0.826313
2          	168.336         	998         	999        	101            	199             	146.357     	0.298	144.135	149.98	147.093	0.895182
3          	167.47          	997         	998        	102            	198             	145.875     	0.297	144.125	149.74	146.92 	0.986816
6          	167.48          	994         	995        	104            	195             	145.885     	0.294	143.29 	150.025	146.549	1.11754 
14         	166.445         	986         	987        	111            	186             	145.119     	0.284	143.11 	149.69 	145.867	1.40757 
15         	166.231         	985         	986        	111            	185             	144.973     	0.283	142.3  	149.92 	145.827	1.46661 
18         	165.292         	982         	983        	114            	182             	144.368     	0.279	142.185	149.775	145.474	1.56654 
21         	165.138         	979         	980        	116            	179             	144.224     	0.275	142.15 	149.91 	145.089	1.71203 
24         	165.12          	976         	977        	118            	175             	144.209     	0.272	141.42 	149.775	144.853	1.83807 
28         	164.284         	972         	973        	122            	171             	143.656     	0.267	141.355	149.67 	144.429	2.01795 
29         	164.189         	971         	972        	122            	170             	143.566     	0.265	141.06 	149.595	144.325	2.06651 
31         	163.869         	969         	970        	124            	168             	143.363     	0.263	140.92 	149.4  	144.124	2.14115 
34         	163.708         	966         	967        	126            	164             	143.231     	0.259	140.615	150.285	143.845	2.31823 
37         	163.41          	963         	964        	129            	161             	143.058     	0.255	140.52 	149.935	143.746	2.38016 
38         	163.263         	962         	963        	129            	160             	142.918     	0.254	140.51 	149.51 	143.555	2.41602 
39         	163.182         	961         	962        	130            	159             	142.791     	0.253	140.19 	149.665	143.512	2.4567  
42         	162.797         	958         	959        	132            	156             	142.497     	0.249	139.955	149.755	143.423	2.56004 
44         	162.592         	956         	957        	134            	154             	142.4       	0.247	139.705	149.93 	143.237	2.63512 
47         	162.316         	953         	954        	136            	151             	142.194     	0.243	139.615	149.585	143.073	2.67196 
51         	162.175         	949         	950        	139            	146             	142.021     	0.238	139.58 	149.625	142.79 	2.74179 
53         	162.14          	947         	948        	141            	144             	141.979     	0.235	139.565	149.41 	142.773	2.8266  
55         	162.102         	945         	946        	142            	142             	141.912     	0.233	139.465	149.51 	142.6  	2.8908  
59         	162.004         	941         	942        	145            	138             	141.811     	0.228	139.44 	149.945	142.552	2.91388 
60         	162.009         	940         	941        	146            	137             	141.826     	0.227	139.355	149.705	142.458	2.88937 
68         	161.828         	932         	933        	152            	129             	141.544     	0.217	139.295	149.79 	142.239	2.89295 
70         	161.875         	930         	931        	153            	127             	141.627     	0.214	139.265	149.87 	142.217	2.88464 
80         	161.69          	920         	921        	160            	117             	141.28      	0.202	139.12 	149.735	142.085	2.89498 
88         	161.645         	912         	913        	165            	109             	141.211     	0.192	139.095	149.405	141.945	2.88514 
112        	161.571         	888         	889        	181            	87              	140.822     	0.162	138.975	150.005	141.51 	2.82395 
114        	161.38          	886         	887        	182            	85              	140.642     	0.159	138.86 	149.58 	141.403	2.81195 
124        	161.205         	876         	877        	188            	75              	140.375     	0.147	138.76 	149.38 	141.247	2.7794  
132        	161.19          	868         	869        	193            	68              	140.273     	0.137	138.71 	149.44 	140.877	2.81957 
End Time (hh:mm:ss.ms) 2023-07-16 20:15:23.223912
Total Time (hh:mm:ss.ms) 0:00:19.827703
Individuo: [[13, 14, 20, 23, 7, 2, 17, 1, 26, 5, 24, 6, 3, 9, 4, 25, 22, 11, 16, 18, 10, 21, 19, 27, 0, 8, 15, 12], [1, 1, 1, 1, 1, 1, 1, 1, 1, 1, 0, 0, 0, 0, 1, 1, 1, 1, 1, 1, 1, 0, 0, 0, 0, 1, 1, 1]]
Fitness:  138.71
Gens:  [0, 1, 2, 3, 4, 5, 6, 7, 8, 9, 10, 11, 12, 13, 14, 15, 16, 17, 18, 19, 20, 21, 22, 23, 24, 25, 26, 27, 28, 29, 30, 31, 32, 33, 34, 35, 36, 37, 38, 39, 40, 41, 42, 43, 44, 45, 46, 47, 48, 49, 50, 51, 52, 53, 54, 55, 56, 57, 58, 59, 60, 61, 62, 63, 64, 65, 66, 67, 68, 69, 70, 71, 72, 73, 74, 75, 76, 77, 78, 79, 80, 81, 82, 83, 84, 85, 86, 87, 88, 89, 90, 91, 92, 93, 94, 95, 96, 97, 98, 99, 100, 101, 102, 103, 104, 105, 106, 107, 108, 109, 110, 111, 112, 113, 114, 115, 116, 117, 118, 119, 120, 121, 122, 123, 124, 125, 126, 127, 128, 129, 130, 131, 132, 133, 134, 135, 136, 137, 138, 139, 140, 141, 142, 143, 144, 145, 146, 147, 148, 149, 150, 151, 152, 153, 154, 155, 156, 157, 158, 159, 160, 161, 162]
Inds:  [145.285, 144.915, 144.135, 144.12500000000003, 144.12500000000003, 144.12500000000003, 143.29, 143.29, 143.29, 143.29, 143.29, 143.29, 143.29, 143.29, 143.11, 142.3, 142.3, 142.3, 142.185, 142.185, 142.185, 142.14999999999998, 142.14999999999998, 142.14999999999998, 141.42000000000002, 141.42000000000002, 141.42000000000002, 141.42000000000002, 141.35500000000002, 141.06, 141.06, 140.92000000000002, 140.92000000000002, 140.92000000000002, 140.615, 140.615, 140.615, 140.52, 140.51, 140.19, 140.19, 140.19, 139.955, 139.955, 139.705, 139.705, 139.705, 139.615, 139.615, 139.615, 139.615, 139.58, 139.58, 139.565, 139.565, 139.465, 139.465, 139.465, 139.465, 139.44, 139.35500000000002, 139.35500000000002, 139.35500000000002, 139.35500000000002, 139.35500000000002, 139.35500000000002, 139.35500000000002, 139.35500000000002, 139.295, 139.295, 139.265, 139.265, 139.265, 139.265, 139.265, 139.265, 139.265, 139.265, 139.265, 139.265, 139.12, 139.12, 139.12, 139.12, 139.12, 139.12, 139.12, 139.12, 139.095, 139.095, 139.095, 139.095, 139.095, 139.095, 139.095, 139.095, 139.095, 139.095, 139.095, 139.095, 139.095, 139.095, 139.095, 139.095, 139.095, 139.095, 139.095, 139.095, 139.095, 139.095, 139.095, 139.095, 138.975, 138.975, 138.86, 138.86, 138.86, 138.86, 138.86, 138.86, 138.86, 138.86, 138.86, 138.86, 138.76, 138.76, 138.76, 138.76, 138.76, 138.76, 138.76, 138.76, 138.71, 138.71, 138.71, 138.71, 138.71, 138.71, 138.71, 138.71, 138.71, 138.71, 138.71, 138.71, 138.71, 138.71, 138.71, 138.71, 138.71, 138.71, 138.71, 138.71, 138.71, 138.71, 138.71, 138.71, 138.71, 138.71, 138.71, 138.71, 138.71, 138.71, 138.71]

Execution 2:
Parametros: Y=0.999
Start Time (hh:mm:ss.ms) 2023-07-16 20:15:23.968907
generations	MaxGenenerations	Populationk1	Populationk	PopulationElite	PopulationMutant	fitnessElite	alpha	min   	max  	avg    	std     
0          	0               	0           	0          	0              	0               	0           	0    	144.92	150.2	147.882	0.767288
2          	168.331         	998         	999        	101            	199             	146.341     	0.298	144.645	150.195	147.122	0.929782
3          	168.099         	997         	998        	102            	198             	146.297     	0.297	143.64 	150.12 	146.96 	1.00912 
9          	166.803         	991         	992        	107            	192             	145.321     	0.290	142.87 	149.85 	146.232	1.29681 
12         	166.071         	988         	989        	109            	188             	145.031     	0.286	142.815	149.625	145.84 	1.39485 
13         	165.878         	987         	988        	110            	187             	144.759     	0.285	142.595	149.91 	145.612	1.54962 
15         	165.717         	985         	986        	111            	185             	144.747     	0.283	142.5  	150.005	145.264	1.63978 
16         	165.575         	984         	985        	112            	184             	144.616     	0.281	142.165	149.75 	145.206	1.75233 
19         	165.125         	981         	982        	115            	181             	144.245     	0.278	141.805	150.28 	144.908	1.83988 
21         	164.791         	979         	980        	116            	178             	144.106     	0.275	141.655	149.625	144.806	1.93415 
22         	164.53          	978         	979        	117            	177             	143.843     	0.274	141.625	149.795	144.706	1.99719 
23         	164.523         	977         	978        	118            	176             	143.858     	0.273	141.555	149.975	144.579	1.97398 
25         	164.43          	975         	976        	119            	174             	143.766     	0.270	141.525	149.89 	144.383	2.02695 
27         	164.365         	973         	974        	121            	172             	143.676     	0.268	141.355	150.32 	144.32 	2.10985 
30         	164.174         	970         	971        	123            	169             	143.531     	0.264	141.24 	150.035	144.162	2.18312 
33         	164.065         	967         	968        	125            	166             	143.455     	0.260	140.935	149.575	144.08 	2.18892 
35         	163.737         	965         	966        	127            	163             	143.25      	0.258	140.82 	149.76 	144.078	2.26818 
41         	163.56          	959         	960        	132            	157             	143.03      	0.251	140.745	150.225	143.794	2.32709 
43         	163.438         	957         	958        	133            	155             	142.899     	0.248	140.675	150.005	143.672	2.31727 
47         	163.42          	953         	954        	136            	151             	142.898     	0.243	140.62 	149.85 	143.557	2.44766 
49         	163.311         	951         	952        	138            	149             	142.767     	0.241	140.485	149.18 	143.527	2.42453 
55         	163.179         	945         	946        	142            	143             	142.634     	0.233	140.46 	150.285	143.286	2.5355  
56         	163.25          	944         	945        	143            	142             	142.745     	0.232	140.225	149.835	143.35 	2.50986 
67         	162.886         	933         	934        	151            	130             	142.305     	0.218	140.15 	149.73 	143.066	2.56237 
70         	162.821         	930         	931        	153            	127             	142.241     	0.215	140.125	149.97 	142.89 	2.57843 
72         	162.726         	928         	929        	154            	125             	142.111     	0.212	140.025	149.605	142.829	2.60337 
79         	162.752         	921         	922        	159            	118             	142.129     	0.204	139.97 	150.025	142.839	2.603   
88         	162.557         	912         	913        	165            	110             	141.814     	0.192	139.9  	149.415	142.498	2.70704 
92         	162.463         	908         	909        	168            	106             	141.695     	0.187	139.665	149.57 	142.503	2.6864  
99         	162.147         	901         	902        	172            	99              	141.37      	0.179	139.625	149.97 	142.233	2.66535 
104        	162.136         	896         	897        	175            	94              	141.316     	0.172	139.455	149.34 	142.115	2.77891 
End Time (hh:mm:ss.ms) 2023-07-16 20:15:43.403881
Total Time (hh:mm:ss.ms) 0:00:19.434974
Individuo: [[13, 2, 9, 10, 26, 6, 20, 25, 22, 11, 16, 17, 3, 18, 1, 5, 4, 21, 0, 15, 14, 7, 23, 24, 8, 19, 27, 12], [1, 1, 0, 0, 0, 0, 0, 1, 1, 1, 1, 0, 1, 0, 1, 1, 1, 1, 1, 0, 0, 0, 0, 1, 1, 0, 0, 1]]
Fitness:  139.45499999999998
Gens:  [0, 1, 2, 3, 4, 5, 6, 7, 8, 9, 10, 11, 12, 13, 14, 15, 16, 17, 18, 19, 20, 21, 22, 23, 24, 25, 26, 27, 28, 29, 30, 31, 32, 33, 34, 35, 36, 37, 38, 39, 40, 41, 42, 43, 44, 45, 46, 47, 48, 49, 50, 51, 52, 53, 54, 55, 56, 57, 58, 59, 60, 61, 62, 63, 64, 65, 66, 67, 68, 69, 70, 71, 72, 73, 74, 75, 76, 77, 78, 79, 80, 81, 82, 83, 84, 85, 86, 87, 88, 89, 90, 91, 92, 93, 94, 95, 96, 97, 98, 99, 100, 101, 102, 103, 104, 105, 106, 107, 108, 109, 110, 111, 112, 113, 114, 115, 116, 117, 118, 119, 120, 121, 122, 123, 124, 125, 126, 127, 128, 129, 130, 131, 132, 133, 134, 135, 136, 137, 138, 139, 140, 141, 142, 143, 144, 145, 146, 147, 148, 149, 150, 151, 152, 153, 154, 155, 156, 157, 158, 159, 160, 161, 162, 163]
Inds:  [144.92000000000002, 144.92000000000002, 144.64500000000004, 143.64000000000001, 143.64000000000001, 143.64000000000001, 143.64000000000001, 143.64000000000001, 143.64000000000001, 142.87, 142.87, 142.87, 142.815, 142.59500000000003, 142.59500000000003, 142.5, 142.165, 142.165, 142.165, 141.805, 141.805, 141.655, 141.625, 141.555, 141.555, 141.525, 141.525, 141.35500000000002, 141.35500000000002, 141.35500000000002, 141.24, 141.24, 141.24, 140.935, 140.935, 140.82, 140.82, 140.82, 140.82, 140.82, 140.82, 140.745, 140.745, 140.67499999999998, 140.67499999999998, 140.67499999999998, 140.67499999999998, 140.62, 140.62, 140.485, 140.485, 140.485, 140.485, 140.485, 140.485, 140.46, 140.225, 140.225, 140.225, 140.225, 140.225, 140.225, 140.225, 140.225, 140.225, 140.225, 140.225, 140.15, 140.15, 140.15, 140.125, 140.125, 140.025, 140.025, 140.025, 140.025, 140.025, 140.025, 140.025, 139.97, 139.97, 139.97, 139.97, 139.97, 139.97, 139.97, 139.97, 139.97, 139.89999999999998, 139.89999999999998, 139.89999999999998, 139.89999999999998, 139.665, 139.665, 139.665, 139.665, 139.665, 139.665, 139.665, 139.625, 139.625, 139.625, 139.625, 139.625, 139.45499999999998, 139.45499999999998, 139.45499999999998, 139.45499999999998, 139.45499999999998, 139.45499999999998, 139.45499999999998, 139.45499999999998, 139.45499999999998, 139.45499999999998, 139.45499999999998, 139.45499999999998, 139.45499999999998, 139.45499999999998, 139.45499999999998, 139.45499999999998, 139.45499999999998, 139.45499999999998, 139.45499999999998, 139.45499999999998, 139.45499999999998, 139.45499999999998, 139.45499999999998, 139.45499999999998, 139.45499999999998, 139.45499999999998, 139.45499999999998, 139.45499999999998, 139.45499999999998, 139.45499999999998, 139.45499999999998, 139.45499999999998, 139.45499999999998, 139.45499999999998, 139.45499999999998, 139.45499999999998, 139.45499999999998, 139.45499999999998, 139.45499999999998, 139.45499999999998, 139.45499999999998, 139.45499999999998, 139.45499999999998, 139.45499999999998, 139.45499999999998, 139.45499999999998, 139.45499999999998, 139.45499999999998, 139.45499999999998, 139.45499999999998, 139.45499999999998, 139.45499999999998, 139.45499999999998, 139.45499999999998, 139.45499999999998, 139.45499999999998, 139.45499999999998, 139.45499999999998, 139.45499999999998, 139.45499999999998]

Execution 3:
Parametros: Y=0.999
Start Time (hh:mm:ss.ms) 2023-07-16 20:15:44.142904
generations	MaxGenenerations	Populationk1	Populationk	PopulationElite	PopulationMutant	fitnessElite	alpha	min   	max  	avg    	std     
0          	0               	0           	0          	0              	0               	0           	0    	145.51	149.9	147.878	0.753664
1          	169.054         	999         	1000       	100            	200             	146.827     	0.3  	144.325	149.63	147.325	0.82298 
2          	167.632         	998         	999        	101            	199             	145.91      	0.298	144.01 	149.75	147.002	0.909677
4          	167.261         	996         	997        	103            	197             	145.665     	0.296	143.875	149.595	146.652	1.10854 
5          	167.104         	995         	996        	104            	196             	145.564     	0.295	143.78 	149.525	146.509	1.15054 
6          	166.982         	994         	995        	104            	195             	145.469     	0.294	143.635	149.705	146.343	1.20016 
8          	166.857         	992         	993        	106            	193             	145.428     	0.291	143.515	149.83 	146.107	1.34566 
9          	166.725         	991         	992        	107            	192             	145.349     	0.290	143.37 	149.72 	145.995	1.34941 
10         	166.538         	990         	991        	108            	190             	145.206     	0.289	143    	149.675	145.83 	1.38682 
14         	166.118         	986         	987        	111            	186             	144.928     	0.284	142.845	149.675	145.482	1.58732 
15         	165.921         	985         	986        	111            	185             	144.779     	0.283	142.82 	150.035	145.343	1.59168 
16         	165.951         	984         	985        	112            	184             	144.854     	0.281	142.18 	149.73 	145.247	1.64208 
18         	165.167         	982         	983        	114            	182             	144.306     	0.279	142.015	149.725	145.099	1.75003 
21         	164.931         	979         	980        	116            	178             	144.084     	0.275	141.94 	149.745	144.824	1.81982 
23         	164.901         	977         	978        	118            	176             	144.106     	0.273	141.87 	149.87 	144.834	1.92309 
28         	164.773         	972         	973        	122            	171             	143.932     	0.267	141.84 	150.045	144.6  	1.91287 
29         	164.814         	971         	972        	122            	170             	144.023     	0.266	141.76 	149.765	144.567	1.9891  
32         	164.684         	968         	969        	125            	167             	143.875     	0.262	141.74 	150.055	144.303	2.06886 
34         	164.641         	966         	967        	126            	165             	143.809     	0.259	141.59 	149.585	144.386	2.11939 
35         	164.448         	965         	966        	127            	164             	143.658     	0.258	141.53 	149.4  	144.313	2.11595 
37         	164.362         	963         	964        	128            	161             	143.568     	0.256	141.375	150    	144.148	2.16802 
38         	164.267         	962         	963        	129            	160             	143.574     	0.254	141.305	149.985	144.184	2.24115 
41         	164.093         	959         	960        	131            	157             	143.349     	0.251	141.115	149.73 	144.168	2.26463 
45         	163.993         	955         	956        	134            	153             	143.347     	0.246	141.065	149.645	143.937	2.31026 
53         	163.848         	947         	948        	140            	145             	143.094     	0.236	141.015	149.69 	143.607	2.33684 
56         	163.77          	944         	945        	142            	142             	142.995     	0.232	140.98 	149.68 	143.631	2.31878 
59         	163.767         	941         	942        	145            	139             	142.99      	0.229	140.97 	149.54 	143.608	2.37151 
61         	163.776         	939         	940        	146            	137             	142.99      	0.226	140.865	149.42 	143.599	2.39561 
65         	163.583         	935         	936        	149            	133             	142.768     	0.221	140.815	149.44 	143.509	2.4065  
73         	163.625         	927         	928        	154            	125             	142.774     	0.211	140.75 	149.425	143.288	2.4221  
86         	163.484         	914         	915        	163            	112             	142.496     	0.196	140.635	149.985	143.077	2.38473 
101        	163.337         	899         	900        	173            	98              	142.222     	0.177	140.625	149.605	142.767	2.37302 
117        	163.363         	883         	884        	183            	83              	142.075     	0.157	140.585	149.67 	142.594	2.35516 
118        	163.295         	882         	883        	183            	82              	142.009     	0.156	140.5  	149.325	142.506	2.28026 
123        	163.164         	877         	878        	187            	78              	141.85      	0.150	140.45 	149.37 	142.42 	2.31902 
136        	163.175         	864         	865        	194            	66              	141.721     	0.134	140.4  	149.555	142.046	2.22716 
157        	163.031         	843         	844        	206            	48              	141.374     	0.108	140.3  	149.675	141.826	2.15155 
End Time (hh:mm:ss.ms) 2023-07-16 20:16:03.939878
Total Time (hh:mm:ss.ms) 0:00:19.796974
Individuo: [[12, 14, 3, 23, 20, 21, 19, 27, 0, 8, 15, 7, 2, 11, 16, 1, 22, 5, 10, 18, 17, 9, 24, 4, 26, 25, 6, 13], [0, 0, 1, 1, 0, 0, 0, 0, 0, 1, 1, 1, 1, 1, 1, 1, 1, 1, 0, 0, 0, 0, 1, 1, 0, 0, 0, 0]]
Fitness:  140.29999999999998
Gens:  [0, 1, 2, 3, 4, 5, 6, 7, 8, 9, 10, 11, 12, 13, 14, 15, 16, 17, 18, 19, 20, 21, 22, 23, 24, 25, 26, 27, 28, 29, 30, 31, 32, 33, 34, 35, 36, 37, 38, 39, 40, 41, 42, 43, 44, 45, 46, 47, 48, 49, 50, 51, 52, 53, 54, 55, 56, 57, 58, 59, 60, 61, 62, 63, 64, 65, 66, 67, 68, 69, 70, 71, 72, 73, 74, 75, 76, 77, 78, 79, 80, 81, 82, 83, 84, 85, 86, 87, 88, 89, 90, 91, 92, 93, 94, 95, 96, 97, 98, 99, 100, 101, 102, 103, 104, 105, 106, 107, 108, 109, 110, 111, 112, 113, 114, 115, 116, 117, 118, 119, 120, 121, 122, 123, 124, 125, 126, 127, 128, 129, 130, 131, 132, 133, 134, 135, 136, 137, 138, 139, 140, 141, 142, 143, 144, 145, 146, 147, 148, 149, 150, 151, 152, 153, 154, 155, 156, 157, 158, 159, 160, 161, 162, 163]
Inds:  [145.51000000000005, 144.32500000000002, 144.01, 144.01, 143.87500000000003, 143.78, 143.63500000000005, 143.63500000000005, 143.51500000000001, 143.37000000000003, 143.0, 143.0, 143.0, 143.0, 142.845, 142.82000000000002, 142.18000000000004, 142.18000000000004, 142.01500000000001, 142.01500000000001, 142.01500000000001, 141.94, 141.94, 141.87, 141.87, 141.87, 141.87, 141.87, 141.84, 141.76000000000002, 141.76000000000002, 141.76000000000002, 141.74, 141.74, 141.59, 141.53, 141.53, 141.375, 141.305, 141.305, 141.305, 141.11499999999998, 141.11499999999998, 141.11499999999998, 141.11499999999998, 141.065, 141.065, 141.065, 141.065, 141.065, 141.065, 141.065, 141.065, 141.01500000000001, 141.01500000000001, 141.01500000000001, 140.98, 140.98, 140.98, 140.97, 140.97, 140.86499999999998, 140.86499999999998, 140.86499999999998, 140.86499999999998, 140.815, 140.815, 140.815, 140.815, 140.815, 140.815, 140.815, 140.815, 140.75, 140.75, 140.75, 140.75, 140.75, 140.75, 140.75, 140.75, 140.75, 140.75, 140.75, 140.75, 140.75, 140.63500000000002, 140.63500000000002, 140.63500000000002, 140.63500000000002, 140.63500000000002, 140.63500000000002, 140.63500000000002, 140.63500000000002, 140.63500000000002, 140.63500000000002, 140.63500000000002, 140.63500000000002, 140.63500000000002, 140.63500000000002, 140.63500000000002, 140.625, 140.625, 140.625, 140.625, 140.625, 140.625, 140.625, 140.625, 140.625, 140.625, 140.625, 140.625, 140.625, 140.625, 140.625, 140.625, 140.585, 140.50000000000003, 140.50000000000003, 140.50000000000003, 140.50000000000003, 140.50000000000003, 140.45000000000002, 140.45000000000002, 140.45000000000002, 140.45000000000002, 140.45000000000002, 140.45000000000002, 140.45000000000002, 140.45000000000002, 140.45000000000002, 140.45000000000002, 140.45000000000002, 140.45000000000002, 140.45000000000002, 140.4, 140.4, 140.4, 140.4, 140.4, 140.4, 140.4, 140.4, 140.4, 140.4, 140.4, 140.4, 140.4, 140.4, 140.4, 140.4, 140.4, 140.4, 140.4, 140.4, 140.4, 140.29999999999998, 140.29999999999998, 140.29999999999998, 140.29999999999998, 140.29999999999998, 140.29999999999998, 140.29999999999998]

Execution 4:
Parametros: Y=0.999
Start Time (hh:mm:ss.ms) 2023-07-16 20:16:04.708912
generations	MaxGenenerations	Populationk1	Populationk	PopulationElite	PopulationMutant	fitnessElite	alpha	min   	max   	avg   	std     
0          	0               	0           	0          	0              	0               	0           	0    	145.49	150.07	147.89	0.760197
1          	169.06          	999         	1000       	100            	200             	146.864     	0.3  	145.385	150.11	147.351	0.810642
2          	168.945         	998         	999        	101            	199             	146.797     	0.298	144.93 	149.93	147.152	0.919061
3          	168.385         	997         	998        	102            	198             	146.418     	0.297	144.675	149.6 	147.021	0.948909
4          	168.034         	996         	997        	103            	197             	146.135     	0.296	144.46 	149.675	146.815	0.969777
5          	167.797         	995         	996        	104            	196             	146         	0.295	144.125	149.97 	146.749	1.03651 
6          	167.457         	994         	995        	104            	195             	145.844     	0.294	143.99 	149.425	146.671	1.05759 
9          	167.284         	991         	992        	107            	192             	145.699     	0.290	143.25 	149.69 	146.434	1.14854 
14         	166.404         	986         	987        	111            	186             	145.098     	0.284	143.16 	149.95 	146.085	1.33757 
16         	166.277         	984         	985        	112            	184             	144.981     	0.281	142.9  	149.9  	145.916	1.40702 
20         	165.977         	980         	981        	115            	180             	144.765     	0.277	142.68 	149.75 	145.541	1.49875 
21         	165.741         	979         	980        	116            	179             	144.63      	0.275	142.56 	149.71 	145.502	1.52441 
22         	165.595         	978         	979        	117            	177             	144.524     	0.274	142.535	149.76 	145.411	1.60552 
23         	165.575         	977         	978        	118            	176             	144.511     	0.273	142.515	149.945	145.341	1.63407 
24         	165.582         	976         	977        	118            	175             	144.538     	0.272	142.1  	149.905	145.268	1.6859  
30         	165.097         	970         	971        	123            	169             	144.174     	0.264	142.06 	149.65 	144.772	1.87971 
31         	165.005         	969         	970        	124            	168             	144.061     	0.263	142.035	150.03 	144.741	1.88374 
33         	165.04          	967         	968        	125            	166             	144.126     	0.261	141.79 	149.305	144.548	1.93069 
35         	164.705         	965         	966        	127            	164             	143.845     	0.258	141.69 	149.77 	144.498	1.96306 
36         	164.595         	964         	965        	128            	163             	143.77      	0.257	141.54 	149.26 	144.378	1.99688 
37         	164.337         	963         	964        	128            	161             	143.518     	0.256	141.285	150.125	144.38 	2.04384 
39         	164.117         	961         	962        	130            	159             	143.426     	0.253	141.105	150.125	144.269	2.08495 
42         	163.865         	958         	959        	132            	156             	143.195     	0.249	140.95 	149.81 	144.063	2.19274 
45         	163.731         	955         	956        	134            	153             	143.116     	0.246	140.835	149.795	143.956	2.21721 
46         	163.606         	954         	955        	135            	152             	143.03      	0.244	140.33 	149.515	143.819	2.23022 
52         	162.978         	948         	949        	140            	146             	142.518     	0.237	140.11 	149.66 	143.408	2.39655 
54         	162.806         	946         	947        	141            	144             	142.446     	0.234	139.91 	149.385	143.355	2.55752 
56         	162.536         	944         	945        	143            	141             	142.213     	0.232	139.77 	149.33 	143.116	2.54351 
61         	162.298         	939         	940        	146            	136             	141.938     	0.226	139.7  	149.515	143.019	2.64767 
69         	162.26          	931         	932        	152            	128             	141.846     	0.216	139.605	150.01 	142.493	2.69898 
70         	162.212         	930         	931        	153            	127             	141.841     	0.214	139.51 	149.515	142.591	2.76953 
71         	162.021         	929         	930        	154            	126             	141.647     	0.213	139.5  	149.52 	142.611	2.71209 
75         	162             	925         	926        	156            	122             	141.578     	0.208	139.41 	149.75 	142.349	2.80819 
105        	161.872         	895         	896        	176            	93              	141.108     	0.171	139.16 	150.18 	141.786	2.74211 
End Time (hh:mm:ss.ms) 2023-07-16 20:16:24.176882
Total Time (hh:mm:ss.ms) 0:00:19.467970
Individuo: [[12, 15, 19, 27, 0, 21, 4, 9, 17, 16, 11, 18, 1, 22, 5, 7, 2, 3, 24, 10, 26, 25, 8, 20, 6, 23, 14, 13], [0, 0, 0, 0, 0, 0, 0, 1, 1, 0, 0, 0, 1, 1, 1, 1, 1, 1, 1, 0, 0, 0, 1, 1, 1, 1, 0, 0]]
Fitness:  139.16000000000003
Gens:  [0, 1, 2, 3, 4, 5, 6, 7, 8, 9, 10, 11, 12, 13, 14, 15, 16, 17, 18, 19, 20, 21, 22, 23, 24, 25, 26, 27, 28, 29, 30, 31, 32, 33, 34, 35, 36, 37, 38, 39, 40, 41, 42, 43, 44, 45, 46, 47, 48, 49, 50, 51, 52, 53, 54, 55, 56, 57, 58, 59, 60, 61, 62, 63, 64, 65, 66, 67, 68, 69, 70, 71, 72, 73, 74, 75, 76, 77, 78, 79, 80, 81, 82, 83, 84, 85, 86, 87, 88, 89, 90, 91, 92, 93, 94, 95, 96, 97, 98, 99, 100, 101, 102, 103, 104, 105, 106, 107, 108, 109, 110, 111, 112, 113, 114, 115, 116, 117, 118, 119, 120, 121, 122, 123, 124, 125, 126, 127, 128, 129, 130, 131, 132, 133, 134, 135, 136, 137, 138, 139, 140, 141, 142, 143, 144, 145, 146, 147, 148, 149, 150, 151, 152, 153, 154, 155, 156, 157, 158, 159, 160, 161, 162]
Inds:  [145.49, 145.38500000000002, 144.93, 144.675, 144.46, 144.12500000000003, 143.99, 143.99, 143.99, 143.25000000000003, 143.25000000000003, 143.25000000000003, 143.25000000000003, 143.25000000000003, 143.16, 143.16, 142.9, 142.9, 142.9, 142.9, 142.68, 142.56, 142.535, 142.51500000000001, 142.10000000000002, 142.10000000000002, 142.10000000000002, 142.10000000000002, 142.10000000000002, 142.10000000000002, 142.06, 142.03500000000003, 142.03500000000003, 141.79000000000002, 141.79000000000002, 141.69, 141.54000000000002, 141.285, 141.285, 141.10500000000005, 141.10500000000005, 141.10500000000005, 140.95000000000002, 140.95000000000002, 140.95000000000002, 140.83499999999998, 140.33000000000004, 140.33000000000004, 140.33000000000004, 140.33000000000004, 140.33000000000004, 140.33000000000004, 140.11, 140.11, 139.91000000000003, 139.91000000000003, 139.77000000000004, 139.77000000000004, 139.77000000000004, 139.77000000000004, 139.77000000000004, 139.70000000000002, 139.70000000000002, 139.70000000000002, 139.70000000000002, 139.70000000000002, 139.70000000000002, 139.70000000000002, 139.70000000000002, 139.60500000000005, 139.51000000000002, 139.5, 139.5, 139.5, 139.5, 139.41000000000003, 139.41000000000003, 139.41000000000003, 139.41000000000003, 139.41000000000003, 139.41000000000003, 139.41000000000003, 139.41000000000003, 139.41000000000003, 139.41000000000003, 139.41000000000003, 139.41000000000003, 139.41000000000003, 139.41000000000003, 139.41000000000003, 139.41000000000003, 139.41000000000003, 139.41000000000003, 139.41000000000003, 139.41000000000003, 139.41000000000003, 139.41000000000003, 139.41000000000003, 139.41000000000003, 139.41000000000003, 139.41000000000003, 139.41000000000003, 139.41000000000003, 139.41000000000003, 139.41000000000003, 139.16000000000003, 139.16000000000003, 139.16000000000003, 139.16000000000003, 139.16000000000003, 139.16000000000003, 139.16000000000003, 139.16000000000003, 139.16000000000003, 139.16000000000003, 139.16000000000003, 139.16000000000003, 139.16000000000003, 139.16000000000003, 139.16000000000003, 139.16000000000003, 139.16000000000003, 139.16000000000003, 139.16000000000003, 139.16000000000003, 139.16000000000003, 139.16000000000003, 139.16000000000003, 139.16000000000003, 139.16000000000003, 139.16000000000003, 139.16000000000003, 139.16000000000003, 139.16000000000003, 139.16000000000003, 139.16000000000003, 139.16000000000003, 139.16000000000003, 139.16000000000003, 139.16000000000003, 139.16000000000003, 139.16000000000003, 139.16000000000003, 139.16000000000003, 139.16000000000003, 139.16000000000003, 139.16000000000003, 139.16000000000003, 139.16000000000003, 139.16000000000003, 139.16000000000003, 139.16000000000003, 139.16000000000003, 139.16000000000003, 139.16000000000003, 139.16000000000003, 139.16000000000003, 139.16000000000003, 139.16000000000003, 139.16000000000003, 139.16000000000003, 139.16000000000003, 139.16000000000003]

Execution 5:
Parametros: Y=0.999
Start Time (hh:mm:ss.ms) 2023-07-16 20:16:24.920908
generations	MaxGenenerations	Populationk1	Populationk	PopulationElite	PopulationMutant	fitnessElite	alpha	min   	max  	avg    	std     
0          	0               	0           	0          	0              	0               	0           	0    	144.81	150.1	147.907	0.739601
1          	168.275         	999         	1000       	100            	200             	146.397     	0.3  	144.595	149.78	147.195	0.867185
3          	167.901         	997         	998        	102            	198             	146.015     	0.297	144.335	149.76 	146.781	1.02266 
4          	167.666         	996         	997        	103            	197             	145.943     	0.296	144.055	149.315	146.671	1.08226 
5          	167.266         	995         	996        	104            	196             	145.608     	0.295	143.7  	150.15 	146.533	1.15975 
8          	166.962         	992         	993        	106            	193             	145.527     	0.291	143.265	149.89 	146.226	1.23819 
10         	166.437         	990         	991        	108            	190             	145.168     	0.289	143.23 	149.83 	146.046	1.31688 
12         	166.436         	988         	989        	109            	188             	145.196     	0.286	143.16 	149.73 	145.804	1.40785 
13         	166.296         	987         	988        	110            	187             	145.036     	0.285	142.905	149.68 	145.789	1.4345  
14         	165.991         	986         	987        	111            	186             	144.831     	0.284	142.735	150.01 	145.647	1.47288 
16         	165.78          	984         	985        	112            	184             	144.669     	0.281	142.67 	149.69 	145.458	1.55089 
17         	165.72          	983         	984        	113            	183             	144.64      	0.280	142.335	149.7  	145.401	1.5852  
19         	165.368         	981         	982        	115            	181             	144.444     	0.278	142.3  	149.46 	145.197	1.63844 
21         	165.321         	979         	980        	116            	179             	144.389     	0.275	141.9  	149.965	145.098	1.7364  
24         	164.835         	976         	977        	119            	175             	144.036     	0.272	141.85 	149.79 	144.811	1.91455 
25         	164.784         	975         	976        	119            	174             	144.001     	0.270	141.81 	150.015	144.721	1.90393 
26         	164.775         	974         	975        	120            	173             	144.023     	0.269	141.465	149.52 	144.573	1.97386 
28         	164.351         	972         	973        	122            	171             	143.713     	0.267	141.145	149.775	144.446	2.0577  
30         	164.027         	970         	971        	123            	169             	143.533     	0.264	140.955	150.355	144.257	2.16077 
33         	163.717         	967         	968        	126            	166             	143.217     	0.260	140.765	149.51 	144.002	2.25411 
35         	163.501         	965         	966        	127            	163             	143.061     	0.258	140.555	150.305	143.907	2.35772 
36         	163.364         	964         	965        	128            	162             	143.062     	0.257	140.325	150.09 	143.851	2.34857 
39         	162.955         	961         	962        	130            	159             	142.634     	0.253	140.185	149.75 	143.527	2.48752 
42         	162.854         	958         	959        	132            	156             	142.589     	0.249	140.12 	149.795	143.32 	2.55101 
46         	162.788         	954         	955        	135            	152             	142.507     	0.244	140.06 	149.88 	143.256	2.64701 
47         	162.719         	953         	954        	136            	151             	142.451     	0.243	139.97 	149.79 	143.284	2.66971 
49         	162.541         	951         	952        	138            	149             	142.249     	0.240	139.965	149.7  	143.053	2.66022 
50         	162.58          	950         	951        	138            	148             	142.299     	0.239	139.65 	149.26 	143.151	2.62039 
55         	162.288         	945         	946        	142            	142             	142.104     	0.233	139.58 	149.84 	142.904	2.69176 
57         	162.117         	943         	944        	144            	140             	141.895     	0.230	139.505	149.59 	142.725	2.75753 
58         	162.027         	942         	943        	144            	139             	141.821     	0.229	139.485	149.69 	142.747	2.76188 
60         	162.018         	940         	941        	146            	137             	141.8       	0.227	139.465	149.62 	142.619	2.75186 
61         	161.986         	939         	940        	147            	136             	141.759     	0.225	139.43 	149.97 	142.618	2.79408 
62         	162.002         	938         	939        	147            	135             	141.798     	0.224	139.38 	149.525	142.616	2.80489 
63         	161.872         	937         	938        	148            	134             	141.646     	0.223	139.3  	150.61 	142.537	2.84463 
65         	161.887         	935         	936        	149            	132             	141.707     	0.220	139.22 	149.78 	142.501	2.88089 
66         	161.727         	934         	935        	150            	131             	141.539     	0.219	139.145	150    	142.366	2.86241 
70         	161.584         	930         	931        	153            	127             	141.353     	0.214	139.095	149.615	142.251	2.90081 
71         	161.555         	929         	930        	154            	126             	141.339     	0.213	139.09 	149.65 	142.228	2.93834 
72         	161.555         	928         	929        	154            	125             	141.33      	0.212	139.005	149.78 	142.19 	2.90951 
74         	161.477         	926         	927        	156            	123             	141.263     	0.209	138.965	149.785	142.088	2.96721 
75         	161.432         	925         	926        	157            	122             	141.219     	0.208	138.95 	149.61 	142.052	2.9989  
79         	161.35          	921         	922        	159            	118             	141.072     	0.203	138.93 	149.65 	141.96 	2.97168 
80         	161.369         	920         	921        	160            	117             	141.096     	0.202	138.875	149.8  	141.985	3.03437 
86         	161.27          	914         	915        	164            	111             	140.929     	0.194	138.83 	149.67 	141.837	3.06529 
87         	161.256         	913         	914        	165            	110             	140.926     	0.193	138.755	149.555	141.77 	2.95567 
101        	161.189         	899         	900        	174            	97              	140.697     	0.175	138.705	149.85 	141.463	2.94293 
108        	161.09          	892         	893        	179            	90              	140.516     	0.167	138.64 	149.875	141.267	2.93129 
120        	161.002         	880         	881        	186            	79              	140.287     	0.152	138.47 	149.65 	140.897	2.8248  
End Time (hh:mm:ss.ms) 2023-07-16 20:16:44.761881
Total Time (hh:mm:ss.ms) 0:00:19.840973
Individuo: [[12, 15, 14, 2, 9, 21, 19, 27, 0, 4, 25, 26, 10, 24, 3, 17, 16, 11, 22, 1, 18, 5, 8, 20, 6, 23, 7, 13], [0, 0, 0, 1, 0, 0, 0, 0, 0, 1, 1, 1, 1, 0, 0, 1, 0, 0, 0, 0, 1, 1, 1, 1, 1, 1, 1, 0]]
Fitness:  138.47
Gens:  [0, 1, 2, 3, 4, 5, 6, 7, 8, 9, 10, 11, 12, 13, 14, 15, 16, 17, 18, 19, 20, 21, 22, 23, 24, 25, 26, 27, 28, 29, 30, 31, 32, 33, 34, 35, 36, 37, 38, 39, 40, 41, 42, 43, 44, 45, 46, 47, 48, 49, 50, 51, 52, 53, 54, 55, 56, 57, 58, 59, 60, 61, 62, 63, 64, 65, 66, 67, 68, 69, 70, 71, 72, 73, 74, 75, 76, 77, 78, 79, 80, 81, 82, 83, 84, 85, 86, 87, 88, 89, 90, 91, 92, 93, 94, 95, 96, 97, 98, 99, 100, 101, 102, 103, 104, 105, 106, 107, 108, 109, 110, 111, 112, 113, 114, 115, 116, 117, 118, 119, 120, 121, 122, 123, 124, 125, 126, 127, 128, 129, 130, 131, 132, 133, 134, 135, 136, 137, 138, 139, 140, 141, 142, 143, 144, 145, 146, 147, 148, 149, 150, 151, 152, 153, 154, 155, 156, 157, 158, 159, 160, 161]
Inds:  [144.80999999999997, 144.59500000000003, 144.59500000000003, 144.335, 144.05499999999998, 143.7, 143.7, 143.7, 143.26500000000001, 143.26500000000001, 143.23, 143.23, 143.16000000000003, 142.90499999999997, 142.73499999999999, 142.73499999999999, 142.67, 142.335, 142.335, 142.29999999999998, 142.29999999999998, 141.9, 141.9, 141.9, 141.85000000000002, 141.81, 141.46499999999997, 141.46499999999997, 141.145, 141.145, 140.955, 140.955, 140.955, 140.76500000000001, 140.76500000000001, 140.555, 140.325, 140.325, 140.325, 140.18499999999997, 140.18499999999997, 140.18499999999997, 140.12, 140.12, 140.12, 140.12, 140.06, 139.96999999999997, 139.96999999999997, 139.965, 139.65000000000003, 139.65000000000003, 139.65000000000003, 139.65000000000003, 139.65000000000003, 139.58, 139.58, 139.505, 139.485, 139.485, 139.46500000000003, 139.43, 139.38000000000002, 139.3, 139.3, 139.22000000000003, 139.14500000000004, 139.14500000000004, 139.14500000000004, 139.14500000000004, 139.09500000000003, 139.09000000000003, 139.005, 139.005, 138.96500000000003, 138.95000000000002, 138.95000000000002, 138.95000000000002, 138.95000000000002, 138.93, 138.87500000000003, 138.87500000000003, 138.87500000000003, 138.87500000000003, 138.87500000000003, 138.87500000000003, 138.83, 138.75500000000005, 138.75500000000005, 138.75500000000005, 138.75500000000005, 138.75500000000005, 138.75500000000005, 138.75500000000005, 138.75500000000005, 138.75500000000005, 138.75500000000005, 138.75500000000005, 138.75500000000005, 138.75500000000005, 138.75500000000005, 138.705, 138.705, 138.705, 138.705, 138.705, 138.705, 138.705, 138.64000000000001, 138.64000000000001, 138.64000000000001, 138.64000000000001, 138.64000000000001, 138.64000000000001, 138.64000000000001, 138.64000000000001, 138.64000000000001, 138.64000000000001, 138.64000000000001, 138.64000000000001, 138.47, 138.47, 138.47, 138.47, 138.47, 138.47, 138.47, 138.47, 138.47, 138.47, 138.47, 138.47, 138.47, 138.47, 138.47, 138.47, 138.47, 138.47, 138.47, 138.47, 138.47, 138.47, 138.47, 138.47, 138.47, 138.47, 138.47, 138.47, 138.47, 138.47, 138.47, 138.47, 138.47, 138.47, 138.47, 138.47, 138.47, 138.47, 138.47, 138.47, 138.47, 138.47]

Execution 6:
Parametros: Y=0.999
Start Time (hh:mm:ss.ms) 2023-07-16 20:16:45.543879
generations	MaxGenenerations	Populationk1	Populationk	PopulationElite	PopulationMutant	fitnessElite	alpha	min    	max   	avg    	std     
0          	0               	0           	0          	0              	0               	0           	0    	145.025	150.03	147.846	0.769701
2          	168.473         	998         	999        	101            	199             	146.45      	0.298	144.945	149.895	147.061	0.925681
3          	168.397         	997         	998        	102            	198             	146.418     	0.297	144.35 	150.4  	146.924	0.996998
5          	167.651         	995         	996        	104            	196             	145.891     	0.295	144.205	150.085	146.734	1.07917 
6          	167.569         	994         	995        	104            	195             	145.934     	0.294	143.94 	150.27 	146.624	1.08733 
8          	167.318         	992         	993        	106            	193             	145.831     	0.291	143.68 	149.735	146.462	1.17944 
10         	166.966         	990         	991        	108            	190             	145.544     	0.289	143.61 	149.625	146.253	1.22796 
11         	166.801         	989         	990        	108            	189             	145.342     	0.288	143.3  	149.8  	146.192	1.28446 
12         	166.47          	988         	989        	109            	188             	145.164     	0.286	143.26 	149.91 	146.13 	1.30397 
14         	166.376         	986         	987        	111            	186             	145.039     	0.284	142.695	150.25 	146    	1.38525 
17         	165.855         	983         	984        	113            	183             	144.838     	0.280	142.58 	149.885	145.633	1.53365 
19         	165.596         	981         	982        	115            	181             	144.525     	0.278	141.945	149.6  	145.328	1.6437  
24         	164.879         	976         	977        	119            	175             	144.055     	0.272	141.84 	149.99 	144.804	1.96626 
25         	164.805         	975         	976        	119            	174             	144.048     	0.270	141.755	149.87 	144.61 	1.96688 
26         	164.687         	974         	975        	120            	173             	143.943     	0.269	141.72 	149.34 	144.469	1.99522 
27         	164.559         	973         	974        	121            	172             	143.765     	0.268	140.9  	149.785	144.472	2.09926 
35         	163.657         	965         	966        	127            	163             	143.161     	0.258	140.885	149.53 	143.953	2.39405 
36         	163.62          	964         	965        	128            	162             	143.109     	0.257	140.82 	149.815	143.85 	2.3891  
39         	163.58          	961         	962        	130            	159             	143.083     	0.253	140.58 	149.755	143.754	2.47024 
40         	163.303         	960         	961        	131            	158             	142.894     	0.252	140.535	149.455	143.739	2.45797 
42         	163.239         	958         	959        	132            	156             	142.82      	0.249	140.47 	149.39 	143.671	2.53145 
46         	163.152         	954         	955        	135            	152             	142.709     	0.244	140.37 	149.555	143.484	2.51352 
47         	163.026         	953         	954        	136            	151             	142.607     	0.243	140.335	149.93 	143.504	2.54557 
49         	163.005         	951         	952        	138            	149             	142.587     	0.241	140.31 	149.395	143.361	2.55258 
50         	162.931         	950         	951        	138            	148             	142.489     	0.239	140.255	149.825	143.306	2.56048 
51         	162.937         	949         	950        	139            	147             	142.539     	0.238	140.22 	149.535	143.358	2.58672 
54         	162.894         	946         	947        	141            	144             	142.474     	0.234	140.155	149.915	143.217	2.63206 
55         	162.835         	945         	946        	142            	142             	142.436     	0.233	140.11 	149.35 	143.047	2.58444 
56         	162.691         	944         	945        	143            	141             	142.257     	0.232	140.105	150.14 	142.996	2.66588 
63         	162.739         	937         	938        	148            	134             	142.248     	0.223	140.02 	149.835	142.964	2.74509 
69         	162.717         	931         	932        	152            	128             	142.213     	0.216	139.995	149.35 	142.842	2.69038 
71         	162.684         	929         	930        	153            	126             	142.163     	0.213	139.945	149.75 	142.813	2.75749 
77         	162.561         	923         	924        	158            	120             	141.966     	0.206	139.81 	149.68 	142.664	2.75022 
92         	162.386         	908         	909        	168            	106             	141.653     	0.187	139.785	149.455	142.308	2.72663 
100        	162.39          	900         	901        	173            	98              	141.572     	0.178	139.635	149.45 	142.069	2.67481 
107        	162.225         	893         	894        	177            	92              	141.37      	0.169	139.61 	149.525	142.045	2.69172 
108        	162.139         	892         	893        	178            	91              	141.276     	0.168	139.585	149.465	141.843	2.64942 
117        	162.131         	883         	884        	184            	82              	141.165     	0.156	139.585	149.73 	141.79 	2.71346 
120        	162.115         	880         	881        	185            	80              	141.112     	0.153	139.46 	149.72 	141.684	2.65326 
128        	161.905         	872         	873        	190            	72              	140.848     	0.143	139.445	149.19 	141.466	2.60001 
131        	161.906         	869         	870        	192            	70              	140.815     	0.139	139.425	149.85 	141.431	2.56623 
140        	162.024         	860         	861        	197            	62              	140.801     	0.128	139.375	149.68 	141.207	2.48699 
151        	161.816         	849         	850        	203            	52              	140.503     	0.114	139.25 	149.85 	140.999	2.39265 
153        	161.679         	847         	848        	205            	50              	140.372     	0.111	138.875	149.685	140.944	2.41303 
161        	161.255         	839         	840        	209            	43              	139.937     	0.101	138.855	149.445	140.46 	2.30876 
End Time (hh:mm:ss.ms) 2023-07-16 20:17:05.194991
Total Time (hh:mm:ss.ms) 0:00:19.651112
Individuo: [[13, 2, 3, 24, 5, 26, 1, 16, 11, 22, 25, 21, 0, 27, 19, 9, 17, 18, 10, 4, 14, 7, 23, 6, 20, 8, 15, 12], [1, 1, 1, 1, 0, 0, 0, 0, 0, 0, 0, 1, 1, 1, 1, 1, 1, 1, 1, 1, 0, 0, 0, 0, 0, 0, 1, 1]]
Fitness:  138.85500000000002
Gens:  [0, 1, 2, 3, 4, 5, 6, 7, 8, 9, 10, 11, 12, 13, 14, 15, 16, 17, 18, 19, 20, 21, 22, 23, 24, 25, 26, 27, 28, 29, 30, 31, 32, 33, 34, 35, 36, 37, 38, 39, 40, 41, 42, 43, 44, 45, 46, 47, 48, 49, 50, 51, 52, 53, 54, 55, 56, 57, 58, 59, 60, 61, 62, 63, 64, 65, 66, 67, 68, 69, 70, 71, 72, 73, 74, 75, 76, 77, 78, 79, 80, 81, 82, 83, 84, 85, 86, 87, 88, 89, 90, 91, 92, 93, 94, 95, 96, 97, 98, 99, 100, 101, 102, 103, 104, 105, 106, 107, 108, 109, 110, 111, 112, 113, 114, 115, 116, 117, 118, 119, 120, 121, 122, 123, 124, 125, 126, 127, 128, 129, 130, 131, 132, 133, 134, 135, 136, 137, 138, 139, 140, 141, 142, 143, 144, 145, 146, 147, 148, 149, 150, 151, 152, 153, 154, 155, 156, 157, 158, 159, 160, 161, 162]
Inds:  [145.025, 145.025, 144.945, 144.35000000000002, 144.35000000000002, 144.20499999999998, 143.94000000000003, 143.94000000000003, 143.67999999999998, 143.67999999999998, 143.61, 143.3, 143.26000000000002, 143.26000000000002, 142.69500000000002, 142.69500000000002, 142.69500000000002, 142.57999999999998, 142.57999999999998, 141.94500000000005, 141.94500000000005, 141.94500000000005, 141.94500000000005, 141.94500000000005, 141.84000000000003, 141.75500000000002, 141.72000000000003, 140.90000000000003, 140.90000000000003, 140.90000000000003, 140.90000000000003, 140.90000000000003, 140.90000000000003, 140.90000000000003, 140.90000000000003, 140.88500000000002, 140.82000000000002, 140.82000000000002, 140.82000000000002, 140.58, 140.53500000000003, 140.53500000000003, 140.47, 140.47, 140.47, 140.47, 140.37000000000003, 140.335, 140.335, 140.31, 140.25500000000002, 140.22000000000003, 140.22000000000003, 140.22000000000003, 140.15500000000003, 140.11, 140.10500000000002, 140.10500000000002, 140.10500000000002, 140.10500000000002, 140.10500000000002, 140.10500000000002, 140.10500000000002, 140.02, 140.02, 140.02, 140.02, 140.02, 140.02, 139.99500000000003, 139.99500000000003, 139.945, 139.945, 139.945, 139.945, 139.945, 139.945, 139.81, 139.81, 139.81, 139.81, 139.81, 139.81, 139.81, 139.81, 139.81, 139.81, 139.81, 139.81, 139.81, 139.81, 139.81, 139.785, 139.785, 139.785, 139.785, 139.785, 139.785, 139.785, 139.785, 139.63500000000002, 139.63500000000002, 139.63500000000002, 139.63500000000002, 139.63500000000002, 139.63500000000002, 139.63500000000002, 139.61, 139.585, 139.585, 139.585, 139.585, 139.585, 139.585, 139.585, 139.585, 139.585, 139.58499999999998, 139.58499999999998, 139.58499999999998, 139.46, 139.46, 139.46, 139.46, 139.46, 139.46, 139.46, 139.46, 139.445, 139.445, 139.445, 139.425, 139.425, 139.425, 139.425, 139.425, 139.425, 139.425, 139.425, 139.425, 139.37500000000003, 139.37500000000003, 139.37500000000003, 139.37500000000003, 139.37500000000003, 139.37500000000003, 139.37500000000003, 139.37500000000003, 139.37500000000003, 139.37500000000003, 139.37500000000003, 139.25000000000003, 139.25000000000003, 138.87500000000003, 138.87500000000003, 138.87500000000003, 138.87500000000003, 138.87500000000003, 138.87500000000003, 138.87500000000003, 138.87500000000003, 138.85500000000002, 138.85500000000002]

Execution 7:
Parametros: Y=0.999
Start Time (hh:mm:ss.ms) 2023-07-16 20:17:05.914990
generations	MaxGenenerations	Populationk1	Populationk	PopulationElite	PopulationMutant	fitnessElite	alpha	min    	max    	avg    	std     
0          	0               	0           	0          	0              	0               	0           	0    	145.025	150.385	147.842	0.763427
1          	168.573         	999         	1000       	100            	200             	146.633     	0.3  	144.635	149.89 	147.3  	0.841855
2          	168.036         	998         	999        	101            	199             	146.205     	0.298	144.375	149.925	147.045	0.929453
3          	167.74          	997         	998        	102            	198             	146.027     	0.297	143.975	149.63 	146.899	0.993443
6          	167.253         	994         	995        	104            	195             	145.686     	0.294	143.78 	149.63 	146.539	1.16151 
7          	166.999         	993         	994        	105            	194             	145.493     	0.292	143.68 	149.44 	146.453	1.24972 
8          	166.851         	992         	993        	106            	193             	145.36      	0.291	143.49 	149.93 	146.316	1.23225 
10         	166.642         	990         	991        	108            	190             	145.23      	0.289	143.415	149.7  	146.192	1.30942 
12         	166.62          	988         	989        	109            	188             	145.275     	0.286	143.32 	149.895	146.004	1.3764  
13         	166.509         	987         	988        	110            	187             	145.198     	0.285	143.295	149.71 	145.889	1.41413 
14         	166.449         	986         	987        	111            	186             	145.119     	0.284	143.155	149.88 	145.885	1.43896 
15         	166.315         	985         	986        	111            	185             	145.059     	0.283	143.02 	149.875	145.829	1.47086 
16         	166.157         	984         	985        	112            	184             	144.953     	0.281	142.995	149.81 	145.697	1.48469 
17         	166.117         	983         	984        	113            	183             	144.908     	0.280	142.975	149.405	145.642	1.50961 
18         	166.027         	982         	983        	114            	182             	144.772     	0.279	142.89 	150.055	145.578	1.56052 
19         	166.036         	981         	982        	115            	181             	144.884     	0.278	142.77 	149.865	145.561	1.59068 
20         	165.865         	980         	981        	115            	180             	144.736     	0.277	142.575	149.94 	145.488	1.59216 
21         	165.651         	979         	980        	116            	179             	144.607     	0.275	142.45 	149.865	145.451	1.61748 
22         	165.493         	978         	979        	117            	177             	144.486     	0.274	142.34 	149.46 	145.35 	1.6712  
25         	165.391         	975         	976        	119            	174             	144.421     	0.270	142.07 	149.725	145.107	1.71715 
28         	165.048         	972         	973        	122            	171             	144.147     	0.267	141.88 	149.985	144.739	1.86023 
30         	164.858         	970         	971        	123            	169             	144.038     	0.264	141.655	149.625	144.635	1.97642 
31         	164.53          	969         	970        	124            	168             	143.755     	0.263	141.295	149.385	144.626	2.01143 
32         	164.073         	968         	969        	125            	167             	143.416     	0.262	140.995	149.6  	144.468	1.98908 
35         	163.784         	965         	966        	127            	163             	143.258     	0.258	140.93 	149.815	144.215	2.11459 
36         	163.719         	964         	965        	128            	162             	143.216     	0.257	140.93 	150.19 	144.109	2.18425 
39         	163.728         	961         	962        	130            	159             	143.197     	0.253	140.695	149.525	144.006	2.21228 
42         	163.406         	958         	959        	132            	156             	142.912     	0.249	140.52 	149.765	143.777	2.37314 
44         	163.187         	956         	957        	134            	154             	142.735     	0.247	140.285	149.72 	143.647	2.34842 
48         	162.945         	952         	953        	137            	150             	142.557     	0.242	140.22 	149.435	143.469	2.41917 
50         	162.969         	950         	951        	138            	148             	142.632     	0.239	139.97 	149.82 	143.382	2.47566 
51         	162.605         	949         	950        	139            	147             	142.319     	0.238	139.91 	149.8  	143.321	2.50784 
54         	162.502         	946         	947        	141            	143             	142.188     	0.234	139.77 	149.905	143.227	2.56017 
60         	162.308         	940         	941        	146            	137             	141.963     	0.227	139.605	149.525	142.773	2.66623 
61         	162.133         	939         	940        	147            	136             	141.847     	0.225	139.48 	150.115	142.86 	2.73541 
66         	162.032         	934         	935        	150            	131             	141.747     	0.219	139.32 	149.295	142.57 	2.73138 
70         	161.877         	930         	931        	153            	127             	141.611     	0.214	139.28 	149.565	142.462	2.76311 
77         	161.758         	923         	924        	158            	120             	141.394     	0.206	139.27 	149.475	142.204	2.84994 
81         	161.798         	919         	920        	161            	116             	141.4       	0.201	139.195	149.855	142.22 	2.86926 
86         	161.676         	914         	915        	164            	111             	141.231     	0.194	139.165	149.79 	142.097	2.87011 
87         	161.665         	913         	914        	165            	110             	141.222     	0.193	139.07 	149.445	142.189	2.92056 
97         	161.458         	903         	904        	171            	101             	140.903     	0.181	139.05 	149.5  	141.937	2.87068 
98         	161.484         	902         	903        	172            	100             	140.93      	0.179	139.045	149.665	141.897	2.82013 
99         	161.505         	901         	902        	173            	99              	140.942     	0.178	138.945	149.57 	141.761	2.80715 
108        	161.328         	892         	893        	178            	90              	140.675     	0.167	138.91 	149.24 	141.506	2.8863  
111        	161.303         	889         	890        	180            	87              	140.624     	0.163	138.845	149.58 	141.35 	2.77732 
121        	161.283         	879         	880        	187            	78              	140.49      	0.151	138.825	149.68 	141.184	2.85599 
123        	161.241         	877         	878        	188            	76              	140.428     	0.148	138.76 	149.94 	141.079	2.82708 
124        	161.219         	876         	877        	188            	75              	140.408     	0.147	138.735	149.79 	140.983	2.77396 
134        	161.148         	866         	867        	194            	66              	140.212     	0.134	138.56 	149.545	140.708	2.70278 
End Time (hh:mm:ss.ms) 2023-07-16 20:17:25.384989
Total Time (hh:mm:ss.ms) 0:00:19.469999
Individuo: [[13, 7, 20, 8, 21, 19, 27, 0, 4, 25, 22, 11, 16, 17, 3, 6, 23, 24, 10, 18, 1, 26, 5, 9, 2, 14, 15, 12], [1, 0, 0, 0, 0, 0, 0, 0, 1, 1, 1, 1, 1, 0, 1, 0, 0, 1, 0, 0, 1, 1, 1, 1, 0, 1, 1, 1]]
Fitness:  138.56
Gens:  [0, 1, 2, 3, 4, 5, 6, 7, 8, 9, 10, 11, 12, 13, 14, 15, 16, 17, 18, 19, 20, 21, 22, 23, 24, 25, 26, 27, 28, 29, 30, 31, 32, 33, 34, 35, 36, 37, 38, 39, 40, 41, 42, 43, 44, 45, 46, 47, 48, 49, 50, 51, 52, 53, 54, 55, 56, 57, 58, 59, 60, 61, 62, 63, 64, 65, 66, 67, 68, 69, 70, 71, 72, 73, 74, 75, 76, 77, 78, 79, 80, 81, 82, 83, 84, 85, 86, 87, 88, 89, 90, 91, 92, 93, 94, 95, 96, 97, 98, 99, 100, 101, 102, 103, 104, 105, 106, 107, 108, 109, 110, 111, 112, 113, 114, 115, 116, 117, 118, 119, 120, 121, 122, 123, 124, 125, 126, 127, 128, 129, 130, 131, 132, 133, 134, 135, 136, 137, 138, 139, 140, 141, 142, 143, 144, 145, 146, 147, 148, 149, 150, 151, 152, 153, 154, 155, 156, 157, 158, 159, 160, 161]
Inds:  [145.025, 144.635, 144.37500000000003, 143.97500000000002, 143.97500000000002, 143.97500000000002, 143.78000000000003, 143.68, 143.49, 143.49, 143.415, 143.415, 143.32000000000002, 143.295, 143.15499999999997, 143.01999999999998, 142.995, 142.97500000000002, 142.89, 142.77, 142.575, 142.45, 142.34, 142.34, 142.34, 142.06999999999996, 142.06999999999996, 142.06999999999996, 141.87999999999997, 141.87999999999997, 141.65499999999994, 141.295, 140.99499999999995, 140.99499999999995, 140.99499999999995, 140.93, 140.92999999999998, 140.92999999999998, 140.92999999999998, 140.69499999999996, 140.69499999999996, 140.69499999999996, 140.51999999999998, 140.51999999999998, 140.28500000000003, 140.28500000000003, 140.28500000000003, 140.28500000000003, 140.22, 140.22, 139.97, 139.91, 139.91, 139.91, 139.77, 139.77, 139.77, 139.77, 139.77, 139.77, 139.60500000000002, 139.48000000000002, 139.48000000000002, 139.48000000000002, 139.48000000000002, 139.48000000000002, 139.32000000000005, 139.32000000000005, 139.32000000000005, 139.32000000000005, 139.28000000000003, 139.28000000000003, 139.28000000000003, 139.28000000000003, 139.28000000000003, 139.28000000000003, 139.28000000000003, 139.27000000000004, 139.27000000000004, 139.27000000000004, 139.27000000000004, 139.19500000000002, 139.19500000000002, 139.19500000000002, 139.19500000000002, 139.19500000000002, 139.16500000000002, 139.07000000000002, 139.07000000000002, 139.07000000000002, 139.07000000000002, 139.07000000000002, 139.07000000000002, 139.07000000000002, 139.07000000000002, 139.07000000000002, 139.07000000000002, 139.05, 139.04500000000002, 138.945, 138.945, 138.945, 138.945, 138.945, 138.945, 138.945, 138.945, 138.945, 138.91, 138.91, 138.91, 138.845, 138.845, 138.845, 138.845, 138.845, 138.845, 138.845, 138.845, 138.845, 138.845, 138.825, 138.825, 138.76, 138.735, 138.735, 138.735, 138.735, 138.735, 138.735, 138.735, 138.735, 138.735, 138.735, 138.56, 138.56, 138.56, 138.56, 138.56, 138.56, 138.56, 138.56, 138.56, 138.56, 138.56, 138.56, 138.56, 138.56, 138.56, 138.56, 138.56, 138.56, 138.56, 138.56, 138.56, 138.56, 138.56, 138.56, 138.56, 138.56, 138.56, 138.56]

Execution 8:
Parametros: Y=0.999
Start Time (hh:mm:ss.ms) 2023-07-16 20:17:26.211028
generations	MaxGenenerations	Populationk1	Populationk	PopulationElite	PopulationMutant	fitnessElite	alpha	min    	max    	avg  	std     
0          	0               	0           	0          	0              	0               	0           	0    	145.585	150.315	147.9	0.784376
1          	169.212         	999         	1000       	100            	200             	147.004     	0.3  	145.075	149.795	147.351	0.836353
2          	168.531         	998         	999        	101            	199             	146.485     	0.298	144.33 	149.89 	147.17 	0.886455
4          	167.656         	996         	997        	103            	197             	145.932     	0.296	144.2  	149.68 	146.84 	1.02942 
5          	167.495         	995         	996        	104            	196             	145.818     	0.295	143.855	149.605	146.735	1.09759 
7          	167.077         	993         	994        	105            	194             	145.53      	0.292	143.835	149.965	146.469	1.12701 
8          	167.119         	992         	993        	106            	193             	145.623     	0.291	143.27 	149.89 	146.424	1.16973 
9          	166.45          	991         	992        	107            	192             	145.192     	0.290	143.045	149.67 	146.352	1.23313 
13         	166.211         	987         	988        	110            	187             	145.038     	0.285	142.925	149.61 	146.056	1.3852  
18         	165.996         	982         	983        	114            	182             	144.782     	0.279	142.845	149.575	145.709	1.50318 
22         	165.889         	978         	979        	117            	178             	144.669     	0.274	142.635	149.735	145.514	1.64336 
24         	165.729         	976         	977        	118            	175             	144.637     	0.272	142.52 	149.875	145.448	1.69141 
26         	165.515         	974         	975        	120            	173             	144.404     	0.269	142.4  	150.28 	145.177	1.7341  
27         	165.504         	973         	974        	121            	172             	144.516     	0.268	142.275	149.765	145.066	1.7567  
29         	165.267         	971         	972        	122            	170             	144.258     	0.266	141.885	149.555	144.883	1.85303 
31         	164.828         	969         	970        	124            	168             	143.974     	0.263	141.65 	150.435	144.63 	1.95186 
32         	164.658         	968         	969        	125            	167             	143.955     	0.262	141.645	149.355	144.591	1.97141 
33         	164.474         	967         	968        	125            	166             	143.658     	0.261	141.51 	150.125	144.376	2.06181 
36         	164.342         	964         	965        	128            	163             	143.568     	0.257	141.22 	149.76 	144.248	2.19752 
37         	164.047         	963         	964        	128            	161             	143.407     	0.256	141.165	149.99 	144.057	2.21161 
38         	164.021         	962         	963        	129            	160             	143.414     	0.254	141.06 	149.585	144.111	2.1951  
40         	163.925         	960         	961        	131            	158             	143.354     	0.252	140.585	149.525	143.879	2.23922 
43         	163.258         	957         	958        	133            	155             	142.787     	0.248	140.51 	149.69 	143.621	2.42006 
45         	163.185         	955         	956        	135            	153             	142.73      	0.246	140.22 	149.61 	143.527	2.4338  
50         	162.902         	950         	951        	138            	148             	142.532     	0.239	140.21 	149.775	143.32 	2.55667 
53         	162.853         	947         	948        	141            	145             	142.434     	0.236	140.1  	149.945	143.192	2.57704 
55         	162.763         	945         	946        	142            	142             	142.382     	0.233	140.085	149.535	143.158	2.58284 
56         	162.692         	944         	945        	143            	141             	142.281     	0.232	140.015	150.13 	142.975	2.57796 
58         	162.581         	942         	943        	144            	139             	142.162     	0.229	140    	149.59 	142.961	2.62929 
64         	162.581         	936         	937        	149            	133             	142.105     	0.222	139.915	149.305	142.876	2.66297 
68         	162.582         	932         	933        	151            	129             	142.126     	0.217	139.9  	150.225	142.713	2.58947 
69         	162.589         	931         	932        	152            	128             	142.134     	0.216	139.815	149.78 	142.838	2.66199 
76         	162.395         	924         	925        	157            	121             	141.854     	0.207	139.695	149.74 	142.532	2.63558 
90         	162.267         	910         	911        	166            	108             	141.6       	0.190	139.67 	149.535	142.347	2.6246  
93         	162.191         	907         	908        	168            	105             	141.489     	0.186	139.665	149.505	142.111	2.6609  
94         	162.199         	906         	907        	169            	104             	141.489     	0.185	139.525	149.38 	142.196	2.66334 
106        	162.101         	894         	895        	177            	92              	141.293     	0.170	139.5  	149.605	141.851	2.63292 
107        	162.024         	893         	894        	177            	91              	141.209     	0.169	139.495	149.915	141.868	2.71584 
113        	162.009         	887         	888        	181            	86              	141.121     	0.161	139.415	149.955	141.69 	2.65736 
114        	161.982         	886         	887        	182            	85              	141.106     	0.160	139.365	149.505	141.776	2.69738 
121        	161.875         	879         	880        	186            	79              	140.926     	0.151	139.34 	149.63 	141.671	2.65541 
126        	161.819         	874         	875        	189            	74              	140.816     	0.145	139.315	149.145	141.509	2.67246 
End Time (hh:mm:ss.ms) 2023-07-16 20:17:45.824030
Total Time (hh:mm:ss.ms) 0:00:19.613002
Individuo: [[12, 15, 8, 24, 23, 3, 2, 14, 6, 26, 22, 11, 16, 18, 10, 25, 19, 27, 0, 9, 17, 1, 5, 4, 21, 20, 7, 13], [0, 0, 0, 0, 0, 0, 0, 1, 1, 0, 1, 1, 1, 1, 1, 0, 0, 0, 0, 1, 1, 1, 1, 1, 1, 1, 1, 0]]
Fitness:  139.31499999999997
Gens:  [0, 1, 2, 3, 4, 5, 6, 7, 8, 9, 10, 11, 12, 13, 14, 15, 16, 17, 18, 19, 20, 21, 22, 23, 24, 25, 26, 27, 28, 29, 30, 31, 32, 33, 34, 35, 36, 37, 38, 39, 40, 41, 42, 43, 44, 45, 46, 47, 48, 49, 50, 51, 52, 53, 54, 55, 56, 57, 58, 59, 60, 61, 62, 63, 64, 65, 66, 67, 68, 69, 70, 71, 72, 73, 74, 75, 76, 77, 78, 79, 80, 81, 82, 83, 84, 85, 86, 87, 88, 89, 90, 91, 92, 93, 94, 95, 96, 97, 98, 99, 100, 101, 102, 103, 104, 105, 106, 107, 108, 109, 110, 111, 112, 113, 114, 115, 116, 117, 118, 119, 120, 121, 122, 123, 124, 125, 126, 127, 128, 129, 130, 131, 132, 133, 134, 135, 136, 137, 138, 139, 140, 141, 142, 143, 144, 145, 146, 147, 148, 149, 150, 151, 152, 153, 154, 155, 156, 157, 158, 159, 160, 161, 162]
Inds:  [145.58499999999998, 145.07500000000002, 144.32999999999998, 144.32999999999998, 144.20000000000002, 143.855, 143.855, 143.835, 143.26999999999998, 143.045, 143.045, 143.045, 143.045, 142.925, 142.925, 142.925, 142.925, 142.925, 142.845, 142.845, 142.845, 142.845, 142.63500000000002, 142.63500000000002, 142.52, 142.52, 142.40000000000003, 142.275, 142.275, 141.885, 141.885, 141.65, 141.645, 141.51, 141.51, 141.51, 141.22, 141.165, 141.06, 141.06, 140.585, 140.585, 140.585, 140.51, 140.51, 140.22, 140.22, 140.22, 140.22, 140.22, 140.21, 140.21, 140.21, 140.1, 140.1, 140.085, 140.015, 140.015, 140.0, 140.0, 140.0, 140.0, 140.0, 140.0, 139.915, 139.915, 139.915, 139.915, 139.9, 139.815, 139.815, 139.815, 139.815, 139.815, 139.815, 139.815, 139.695, 139.695, 139.695, 139.695, 139.695, 139.695, 139.695, 139.695, 139.695, 139.695, 139.695, 139.695, 139.695, 139.695, 139.67, 139.67, 139.67, 139.665, 139.52499999999998, 139.52499999999998, 139.52499999999998, 139.52499999999998, 139.52499999999998, 139.52499999999998, 139.52499999999998, 139.52499999999998, 139.52499999999998, 139.52499999999998, 139.52499999999998, 139.52499999999998, 139.49999999999997, 139.495, 139.495, 139.495, 139.495, 139.495, 139.495, 139.415, 139.36499999999998, 139.36499999999998, 139.36499999999998, 139.36499999999998, 139.36499999999998, 139.36499999999998, 139.36499999999998, 139.33999999999997, 139.33999999999997, 139.33999999999997, 139.33999999999997, 139.33999999999997, 139.31499999999997, 139.31499999999997, 139.31499999999997, 139.31499999999997, 139.31499999999997, 139.31499999999997, 139.31499999999997, 139.31499999999997, 139.31499999999997, 139.31499999999997, 139.31499999999997, 139.31499999999997, 139.31499999999997, 139.31499999999997, 139.31499999999997, 139.31499999999997, 139.31499999999997, 139.31499999999997, 139.31499999999997, 139.31499999999997, 139.31499999999997, 139.31499999999997, 139.31499999999997, 139.31499999999997, 139.31499999999997, 139.31499999999997, 139.31499999999997, 139.31499999999997, 139.31499999999997, 139.31499999999997, 139.31499999999997, 139.31499999999997, 139.31499999999997, 139.31499999999997, 139.31499999999997, 139.31499999999997, 139.31499999999997]

Execution 9:
Parametros: Y=0.999
Start Time (hh:mm:ss.ms) 2023-07-16 20:17:46.571988
generations	MaxGenenerations	Populationk1	Populationk	PopulationElite	PopulationMutant	fitnessElite	alpha	min    	max	avg    	std     
0          	0               	0           	0          	0              	0               	0           	0    	145.535	150	147.933	0.772317
1          	169.1           	999         	1000       	100            	200             	146.875     	0.3  	143.925	149.575	147.324	0.828956
5          	167.207         	995         	996        	104            	196             	145.679     	0.295	143.33 	149.905	146.333	1.24882 
7          	166.469         	993         	994        	105            	194             	145.161     	0.292	142.96 	149.69 	145.908	1.34148 
8          	166.057         	992         	993        	106            	193             	144.922     	0.291	142.84 	149.675	145.719	1.45157 
9          	165.915         	991         	992        	107            	192             	144.825     	0.290	142.625	149.675	145.612	1.51434 
12         	165.741         	988         	989        	109            	188             	144.777     	0.286	142.58 	149.8  	145.321	1.68324 
13         	165.634         	987         	988        	110            	187             	144.641     	0.285	142.105	149.885	145.241	1.73379 
14         	165.096         	986         	987        	111            	186             	144.316     	0.284	141.96 	149.925	145.094	1.81551 
17         	164.913         	983         	984        	113            	183             	144.158     	0.280	141.905	149.945	144.8  	1.94324 
19         	164.765         	981         	982        	115            	181             	143.958     	0.278	141.73 	149.93 	144.576	2.02539 
20         	164.668         	980         	981        	115            	180             	144.001     	0.276	141.475	149.96 	144.527	2.04514 
24         	164.334         	976         	977        	119            	175             	143.712     	0.272	141.4  	149.57 	144.258	2.14859 
26         	164.299         	974         	975        	120            	173             	143.724     	0.269	141.38 	150.02 	144.351	2.20491 
27         	164.276         	973         	974        	121            	172             	143.699     	0.268	141.04 	149.765	144.176	2.18186 
28         	163.839         	972         	973        	122            	171             	143.37      	0.267	140.855	149.7  	144.085	2.21078 
29         	163.613         	971         	972        	123            	170             	143.206     	0.265	140.82 	149.52 	143.992	2.30086 
33         	163.585         	967         	968        	126            	166             	143.156     	0.260	140.775	149.935	143.821	2.34294 
35         	163.456         	965         	966        	127            	163             	142.979     	0.258	140.725	149.67 	143.769	2.41573 
37         	163.512         	963         	964        	129            	161             	143.1       	0.255	140.645	150.18 	143.677	2.41144 
39         	163.383         	961         	962        	130            	159             	142.962     	0.253	140.59 	149.585	143.498	2.40439 
40         	163.287         	960         	961        	131            	158             	142.859     	0.252	140.525	149.685	143.596	2.50929 
41         	163.228         	959         	960        	132            	157             	142.824     	0.250	140.5  	150.255	143.632	2.48893 
42         	163.292         	958         	959        	132            	156             	142.937     	0.249	140.365	150.065	143.55 	2.50021 
47         	163.059         	953         	954        	136            	151             	142.661     	0.243	140.3  	149.81 	143.48 	2.56423 
54         	162.939         	946         	947        	141            	144             	142.466     	0.234	140.24 	149.475	143.154	2.55452 
57         	162.914         	943         	944        	143            	140             	142.448     	0.231	140.23 	150.055	143.159	2.56095 
62         	162.962         	938         	939        	147            	135             	142.464     	0.225	140.025	150.17 	143.082	2.60903 
67         	162.651         	933         	934        	151            	130             	142.145     	0.218	140.025	149.465	142.801	2.64818 
74         	162.652         	926         	927        	155            	123             	142.062     	0.210	140.015	149.815	142.63 	2.64807 
78         	162.579         	922         	923        	158            	119             	141.929     	0.205	139.885	149.94 	142.555	2.63333 
79         	162.526         	921         	922        	159            	118             	141.936     	0.204	139.875	149.7  	142.556	2.63742 
81         	162.403         	919         	920        	160            	116             	141.765     	0.201	139.865	149.82 	142.455	2.69984 
83         	162.41          	917         	918        	162            	114             	141.757     	0.199	139.725	149.735	142.474	2.68958 
139        	162.338         	861         	862        	196            	63              	141.051     	0.129	139.715	149.43 	141.642	2.51768 
End Time (hh:mm:ss.ms) 2023-07-16 20:18:06.169993
Total Time (hh:mm:ss.ms) 0:00:19.598005
Individuo: [[13, 14, 23, 10, 8, 6, 24, 21, 4, 7, 2, 9, 1, 16, 11, 22, 18, 17, 3, 0, 27, 19, 25, 26, 5, 20, 15, 12], [1, 1, 0, 1, 1, 1, 1, 0, 0, 1, 1, 0, 0, 0, 0, 0, 0, 0, 1, 1, 1, 1, 1, 1, 1, 0, 1, 1]]
Fitness:  139.715
Gens:  [0, 1, 2, 3, 4, 5, 6, 7, 8, 9, 10, 11, 12, 13, 14, 15, 16, 17, 18, 19, 20, 21, 22, 23, 24, 25, 26, 27, 28, 29, 30, 31, 32, 33, 34, 35, 36, 37, 38, 39, 40, 41, 42, 43, 44, 45, 46, 47, 48, 49, 50, 51, 52, 53, 54, 55, 56, 57, 58, 59, 60, 61, 62, 63, 64, 65, 66, 67, 68, 69, 70, 71, 72, 73, 74, 75, 76, 77, 78, 79, 80, 81, 82, 83, 84, 85, 86, 87, 88, 89, 90, 91, 92, 93, 94, 95, 96, 97, 98, 99, 100, 101, 102, 103, 104, 105, 106, 107, 108, 109, 110, 111, 112, 113, 114, 115, 116, 117, 118, 119, 120, 121, 122, 123, 124, 125, 126, 127, 128, 129, 130, 131, 132, 133, 134, 135, 136, 137, 138, 139, 140, 141, 142, 143, 144, 145, 146, 147, 148, 149, 150, 151, 152, 153, 154, 155, 156, 157, 158, 159, 160, 161, 162, 163]
Inds:  [145.53500000000003, 143.925, 143.925, 143.925, 143.925, 143.32999999999998, 143.32999999999998, 142.96, 142.84000000000003, 142.62500000000003, 142.62500000000003, 142.62500000000003, 142.58, 142.10500000000002, 141.96, 141.96, 141.96, 141.90500000000003, 141.90500000000003, 141.73, 141.47500000000002, 141.47500000000002, 141.47500000000002, 141.47500000000002, 141.39999999999998, 141.39999999999998, 141.38, 141.04000000000002, 140.85500000000002, 140.82, 140.82, 140.82, 140.82, 140.77499999999998, 140.77499999999998, 140.72499999999997, 140.72499999999997, 140.64499999999998, 140.64499999999998, 140.59, 140.52499999999998, 140.5, 140.365, 140.365, 140.365, 140.365, 140.365, 140.3, 140.3, 140.3, 140.3, 140.3, 140.3, 140.3, 140.24, 140.24, 140.24, 140.23, 140.23, 140.23, 140.23, 140.23, 140.025, 140.025, 140.025, 140.025, 140.025, 140.02499999999998, 140.02499999999998, 140.02499999999998, 140.02499999999998, 140.02499999999998, 140.02499999999998, 140.02499999999998, 140.015, 140.015, 140.015, 140.015, 139.885, 139.875, 139.875, 139.86499999999998, 139.86499999999998, 139.725, 139.725, 139.725, 139.725, 139.725, 139.725, 139.725, 139.725, 139.725, 139.725, 139.725, 139.725, 139.725, 139.725, 139.725, 139.725, 139.725, 139.725, 139.725, 139.725, 139.725, 139.725, 139.725, 139.725, 139.725, 139.725, 139.725, 139.725, 139.725, 139.725, 139.725, 139.725, 139.725, 139.725, 139.725, 139.725, 139.725, 139.725, 139.725, 139.725, 139.725, 139.725, 139.725, 139.725, 139.725, 139.725, 139.725, 139.725, 139.725, 139.725, 139.725, 139.725, 139.725, 139.725, 139.725, 139.725, 139.715, 139.715, 139.715, 139.715, 139.715, 139.715, 139.715, 139.715, 139.715, 139.715, 139.715, 139.715, 139.715, 139.715, 139.715, 139.715, 139.715, 139.715, 139.715, 139.715, 139.715, 139.715, 139.715, 139.715, 139.715]

Execution 10:
Parametros: Y=0.999
Start Time (hh:mm:ss.ms) 2023-07-16 20:18:06.915017
generations	MaxGenenerations	Populationk1	Populationk	PopulationElite	PopulationMutant	fitnessElite	alpha	min   	max   	avg    	std     
0          	0               	0           	0          	0              	0               	0           	0    	145.65	149.88	147.898	0.712769
1          	169.214         	999         	1000       	100            	200             	146.919     	0.3  	145.185	149.935	147.371	0.813647
2          	168.683         	998         	999        	101            	199             	146.604     	0.298	144.79 	149.565	147.129	0.894237
3          	168.161         	997         	998        	102            	198             	146.211     	0.297	144.08 	150.065	146.949	0.99236 
7          	167.318         	993         	994        	105            	194             	145.654     	0.292	143.555	149.555	146.585	1.10958 
8          	166.725         	992         	993        	106            	193             	145.305     	0.291	143.27 	149.645	146.512	1.17539 
14         	166.384         	986         	987        	111            	186             	145.039     	0.284	143.13 	149.46 	145.884	1.3782  
15         	166.216         	985         	986        	111            	185             	144.922     	0.283	142.885	150.205	145.838	1.44247 
17         	166.026         	983         	984        	113            	183             	144.891     	0.280	142.78 	149.89 	145.612	1.51592 
18         	165.881         	982         	983        	114            	182             	144.767     	0.279	142.58 	149.62 	145.446	1.57224 
19         	165.604         	981         	982        	115            	181             	144.539     	0.278	142.45 	149.97 	145.324	1.62394 
20         	165.511         	980         	981        	115            	180             	144.533     	0.277	141.755	149.77 	145.21 	1.6464  
24         	164.702         	976         	977        	119            	175             	143.987     	0.272	141.62 	149.805	144.633	1.9047  
25         	164.519         	975         	976        	119            	174             	143.837     	0.270	141.44 	149.54 	144.516	2.00008 
27         	164.261         	973         	974        	121            	172             	143.604     	0.268	141.385	149.55 	144.373	2.03595 
29         	164.261         	971         	972        	122            	170             	143.648     	0.265	141.21 	149.67 	144.308	2.1153  
32         	164.059         	968         	969        	125            	167             	143.49      	0.262	140.94 	149.975	144.211	2.19796 
34         	163.723         	966         	967        	126            	164             	143.232     	0.259	140.085	149.905	143.909	2.267   
38         	162.756         	962         	963        	130            	160             	142.591     	0.254	139.945	149.65 	143.613	2.41237 
40         	162.571         	960         	961        	131            	158             	142.426     	0.252	139.625	149.42 	143.394	2.49341 
49         	162.2           	951         	952        	138            	148             	142.074     	0.240	139.565	149.555	142.799	2.7849  
53         	162.193         	947         	948        	141            	144             	142.069     	0.235	139.475	149.655	142.845	2.85712 
55         	161.954         	945         	946        	142            	142             	141.779     	0.233	139.435	149.985	142.576	2.77792 
58         	161.924         	942         	943        	144            	139             	141.736     	0.229	139.425	150.185	142.645	2.87902 
60         	161.916         	940         	941        	146            	137             	141.708     	0.227	139.4  	149.875	142.563	2.85133 
61         	161.952         	939         	940        	147            	136             	141.766     	0.225	139.35 	149.845	142.486	2.81922 
71         	161.863         	929         	930        	154            	126             	141.557     	0.213	139.1  	150.175	142.364	2.93123 
90         	161.604         	910         	911        	167            	107             	141.147     	0.189	139    	149.77 	141.749	2.98577 
97         	161.457         	903         	904        	171            	101             	140.936     	0.181	138.85 	149.74 	141.829	2.90239 
108        	161.295         	892         	893        	178            	90              	140.676     	0.167	138.77 	149.22 	141.337	2.93747 
141        	161.139         	859         	860        	198            	60              	140.109     	0.126	138.67 	149.28 	140.566	2.60888 
End Time (hh:mm:ss.ms) 2023-07-16 20:18:26.891503
Total Time (hh:mm:ss.ms) 0:00:19.976486
Individuo: [[12, 27, 19, 21, 8, 14, 2, 3, 23, 6, 24, 9, 17, 18, 5, 10, 26, 22, 11, 16, 1, 25, 4, 0, 15, 20, 7, 13], [0, 1, 1, 1, 1, 0, 1, 1, 1, 1, 1, 1, 1, 1, 1, 0, 0, 1, 1, 1, 1, 0, 0, 1, 0, 1, 1, 0]]
Fitness:  138.67000000000002
Gens:  [0, 1, 2, 3, 4, 5, 6, 7, 8, 9, 10, 11, 12, 13, 14, 15, 16, 17, 18, 19, 20, 21, 22, 23, 24, 25, 26, 27, 28, 29, 30, 31, 32, 33, 34, 35, 36, 37, 38, 39, 40, 41, 42, 43, 44, 45, 46, 47, 48, 49, 50, 51, 52, 53, 54, 55, 56, 57, 58, 59, 60, 61, 62, 63, 64, 65, 66, 67, 68, 69, 70, 71, 72, 73, 74, 75, 76, 77, 78, 79, 80, 81, 82, 83, 84, 85, 86, 87, 88, 89, 90, 91, 92, 93, 94, 95, 96, 97, 98, 99, 100, 101, 102, 103, 104, 105, 106, 107, 108, 109, 110, 111, 112, 113, 114, 115, 116, 117, 118, 119, 120, 121, 122, 123, 124, 125, 126, 127, 128, 129, 130, 131, 132, 133, 134, 135, 136, 137, 138, 139, 140, 141, 142, 143, 144, 145, 146, 147, 148, 149, 150, 151, 152, 153, 154, 155, 156, 157, 158, 159, 160, 161, 162]
Inds:  [145.65, 145.185, 144.79, 144.08, 144.08, 144.08, 144.08, 143.55500000000004, 143.26999999999998, 143.26999999999998, 143.26999999999998, 143.26999999999998, 143.26999999999998, 143.26999999999998, 143.13, 142.88500000000002, 142.88500000000002, 142.77999999999997, 142.58, 142.45, 141.75500000000002, 141.75500000000002, 141.75500000000002, 141.75500000000002, 141.61999999999998, 141.44, 141.44, 141.385, 141.385, 141.20999999999998, 141.20999999999998, 141.20999999999998, 140.94, 140.94, 140.085, 140.085, 140.085, 140.085, 139.94500000000002, 139.94500000000002, 139.62500000000003, 139.62500000000003, 139.62500000000003, 139.62500000000003, 139.62500000000003, 139.62500000000003, 139.62500000000003, 139.62500000000003, 139.62500000000003, 139.565, 139.565, 139.565, 139.565, 139.47500000000002, 139.47500000000002, 139.43500000000003, 139.43500000000003, 139.43500000000003, 139.425, 139.425, 139.4, 139.35000000000002, 139.35000000000002, 139.35000000000002, 139.35000000000002, 139.35000000000002, 139.35000000000002, 139.35000000000002, 139.35000000000002, 139.35000000000002, 139.35000000000002, 139.10000000000002, 139.10000000000002, 139.10000000000002, 139.10000000000002, 139.10000000000002, 139.10000000000002, 139.10000000000002, 139.10000000000002, 139.10000000000002, 139.10000000000002, 139.10000000000002, 139.10000000000002, 139.10000000000002, 139.10000000000002, 139.10000000000002, 139.10000000000002, 139.10000000000002, 139.10000000000002, 139.10000000000002, 139.00000000000003, 139.00000000000003, 139.00000000000003, 139.00000000000003, 139.00000000000003, 139.00000000000003, 139.00000000000003, 138.85000000000002, 138.85000000000002, 138.85000000000002, 138.85000000000002, 138.85000000000002, 138.85000000000002, 138.85000000000002, 138.85000000000002, 138.85000000000002, 138.85000000000002, 138.85000000000002, 138.77, 138.77, 138.77, 138.77, 138.77, 138.77, 138.77, 138.77, 138.77, 138.77, 138.77, 138.77, 138.77, 138.77, 138.77, 138.77, 138.77, 138.77, 138.77, 138.77, 138.77, 138.77, 138.77, 138.77, 138.77, 138.77, 138.77, 138.77, 138.77, 138.77, 138.77, 138.77, 138.77, 138.67000000000002, 138.67000000000002, 138.67000000000002, 138.67000000000002, 138.67000000000002, 138.67000000000002, 138.67000000000002, 138.67000000000002, 138.67000000000002, 138.67000000000002, 138.67000000000002, 138.67000000000002, 138.67000000000002, 138.67000000000002, 138.67000000000002, 138.67000000000002, 138.67000000000002, 138.67000000000002, 138.67000000000002, 138.67000000000002, 138.67000000000002, 138.67000000000002]

