A-BRKGA-Heuristic:

Execution 1:
Parametros: Y=0.997
Start Time (hh:mm:ss.ms) 2023-07-16 20:04:52.578571
generations	MaxGenenerations	Populationk1	Populationk	PopulationElite	PopulationMutant	fitnessElite	alpha	min 	max 	avg    	std     
0          	0               	0           	0          	0              	0               	0           	0    	93.6	97.2	95.5646	0.471721
2          	125.091         	994         	997        	101            	198             	94.4728     	0.298	93.1	97.05 	95.0519	0.604494
4          	124.479         	988         	991        	103            	195             	94.1553     	0.295	92.95	96.825	94.7727	0.691779
5          	124.334         	985         	988        	104            	193             	94.0876     	0.293	92.85	96.675	94.7081	0.754995
7          	124.163         	979         	982        	105            	189             	93.975      	0.290	92.6 	96.7  	94.5035	0.852677
8          	123.82          	976         	979        	106            	187             	93.7836     	0.288	92.475	96.675	94.3422	0.898698
9          	123.643         	973         	976        	107            	186             	93.6807     	0.287	92.125	96.9  	94.2763	0.937554
13         	123.175         	961         	964        	111            	179             	93.4013     	0.280	92.05 	96.825	93.8316	1.07883 
14         	123.13          	958         	961        	111            	177             	93.3817     	0.278	91.975	96.5  	93.8183	1.09058 
16         	123.021         	952         	955        	113            	173             	93.3048     	0.275	91.825	96.6  	93.723 	1.15915 
17         	122.746         	949         	952        	114            	172             	93.133      	0.273	91.5  	96.675	93.6849	1.20762 
21         	122.395         	937         	940        	117            	165             	92.9235     	0.267	91.4  	96.85 	93.418 	1.29683 
24         	122.27          	928         	931        	119            	160             	92.83       	0.262	91.175	96.65 	93.2585	1.40273 
29         	121.813         	913         	916        	123            	152             	92.5086     	0.254	91.125	96.725	92.9928	1.48621 
30         	121.856         	910         	913        	124            	150             	92.5385     	0.252	90.9  	96.95 	92.971 	1.49833 
32         	121.72          	904         	907        	125            	147             	92.4629     	0.249	90.775	96.875	92.9302	1.5387  
35         	121.37          	895         	898        	128            	142             	92.2144     	0.243	90.725	96.825	92.7192	1.57509 
39         	121.34          	883         	886        	130            	136             	92.1611     	0.237	90.6  	97.25 	92.6112	1.63528 
42         	121.091         	874         	877        	132            	131             	91.9821     	0.232	90.575	96.725	92.5163	1.6846  
43         	121.121         	871         	874        	133            	129             	91.9935     	0.230	90.475	96.5  	92.4975	1.67156 
53         	120.969         	841         	844        	139            	114             	91.802      	0.214	90.45 	96.925	92.3147	1.77108 
End Time (hh:mm:ss.ms) 2023-07-16 20:05:05.244570
Total Time (hh:mm:ss.ms) 0:00:12.665999
Individuo: [[6, 13, 5, 0, 11, 17, 12, 16, 2, 14, 8, 10, 1, 19, 9, 15, 18, 3, 4, 7], [0, 0, 0, 1, 0, 0, 1, 1, 1, 0, 0, 0, 1, 1, 1, 1, 0, 0, 0, 0]]
Fitness:  90.45000000000002
Gens:  [0, 1, 2, 3, 4, 5, 6, 7, 8, 9, 10, 11, 12, 13, 14, 15, 16, 17, 18, 19, 20, 21, 22, 23, 24, 25, 26, 27, 28, 29, 30, 31, 32, 33, 34, 35, 36, 37, 38, 39, 40, 41, 42, 43, 44, 45, 46, 47, 48, 49, 50, 51, 52, 53, 54, 55, 56, 57, 58, 59, 60, 61, 62, 63, 64, 65, 66, 67, 68, 69, 70, 71, 72, 73, 74, 75, 76, 77, 78, 79, 80, 81, 82, 83, 84, 85, 86, 87, 88, 89, 90, 91, 92, 93, 94, 95, 96, 97, 98, 99, 100, 101, 102, 103, 104, 105, 106, 107, 108, 109, 110, 111, 112, 113, 114, 115, 116, 117, 118, 119, 120, 121]
Inds:  [93.60000000000002, 93.60000000000002, 93.10000000000001, 93.10000000000001, 92.95000000000002, 92.85000000000002, 92.85000000000002, 92.6, 92.475, 92.125, 92.125, 92.125, 92.125, 92.05000000000001, 91.975, 91.975, 91.82499999999999, 91.5, 91.5, 91.5, 91.5, 91.39999999999999, 91.39999999999999, 91.39999999999999, 91.175, 91.175, 91.175, 91.175, 91.175, 91.125, 90.9, 90.9, 90.775, 90.775, 90.775, 90.72500000000001, 90.72500000000001, 90.72500000000001, 90.72500000000001, 90.60000000000001, 90.60000000000001, 90.60000000000001, 90.57500000000002, 90.47500000000001, 90.47500000000001, 90.47500000000001, 90.47500000000001, 90.47500000000001, 90.47500000000001, 90.47500000000001, 90.47500000000001, 90.47500000000001, 90.47500000000001, 90.45000000000002, 90.45000000000002, 90.45000000000002, 90.45000000000002, 90.45000000000002, 90.45000000000002, 90.45000000000002, 90.45000000000002, 90.45000000000002, 90.45000000000002, 90.45000000000002, 90.45000000000002, 90.45000000000002, 90.45000000000002, 90.45000000000002, 90.45000000000002, 90.45000000000002, 90.45000000000002, 90.45000000000002, 90.45000000000002, 90.45000000000002, 90.45000000000002, 90.45000000000002, 90.45000000000002, 90.45000000000002, 90.45000000000002, 90.45000000000002, 90.45000000000002, 90.45000000000002, 90.45000000000002, 90.45000000000002, 90.45000000000002, 90.45000000000002, 90.45000000000002, 90.45000000000002, 90.45000000000002, 90.45000000000002, 90.45000000000002, 90.45000000000002, 90.45000000000002, 90.45000000000002, 90.45000000000002, 90.45000000000002, 90.45000000000002, 90.45000000000002, 90.45000000000002, 90.45000000000002, 90.45000000000002, 90.45000000000002, 90.45000000000002, 90.45000000000002, 90.45000000000002, 90.45000000000002, 90.45000000000002, 90.45000000000002, 90.45000000000002, 90.45000000000002, 90.45000000000002, 90.45000000000002, 90.45000000000002, 90.45000000000002, 90.45000000000002, 90.45000000000002, 90.45000000000002, 90.45000000000002, 90.45000000000002, 90.45000000000002, 90.45000000000002, 90.45000000000002]

Execution 2:
Parametros: Y=0.997
Start Time (hh:mm:ss.ms) 2023-07-16 20:05:06.016571
generations	MaxGenenerations	Populationk1	Populationk	PopulationElite	PopulationMutant	fitnessElite	alpha	min	max   	avg    	std     
0          	0               	0           	0          	0              	0               	0           	0    	94 	96.825	95.5892	0.476095
1          	125.739         	997         	1000       	100            	200             	94.8475     	0.3  	93.6	96.65 	95.2208	0.526878
2          	125.138         	994         	997        	101            	198             	94.5101     	0.298	93.45	96.85 	95.0429	0.59371 
4          	124.937         	988         	991        	103            	195             	94.3946     	0.295	93.125	96.675	94.8487	0.677298
5          	124.512         	985         	988        	104            	193             	94.1672     	0.293	92.875	96.75 	94.7676	0.727387
7          	124.215         	979         	982        	105            	189             	94.0073     	0.290	92.35 	96.725	94.6205	0.779856
9          	123.55          	973         	976        	107            	186             	93.6489     	0.287	92.15 	96.5  	94.5185	0.83273 
14         	123.218         	958         	961        	111            	177             	93.419      	0.278	91.925	96.925	94.0993	1.02769 
16         	122.899         	952         	955        	113            	173             	93.2272     	0.275	91.8  	96.8  	93.9168	1.04753 
18         	122.695         	946         	949        	115            	170             	93.0934     	0.272	91.55 	96.825	93.7686	1.14507 
22         	122.342         	934         	937        	118            	163             	92.8651     	0.265	91.425	96.55 	93.5172	1.25178 
23         	122.193         	931         	934        	119            	162             	92.778      	0.263	91.225	96.75 	93.4345	1.3078  
29         	122.027         	913         	916        	123            	152             	92.648      	0.254	91.2  	96.675	93.1607	1.39805 
31         	121.975         	907         	910        	125            	148             	92.5983     	0.250	91.1  	96.775	93.0755	1.43485 
33         	121.805         	901         	904        	126            	145             	92.4796     	0.247	91.05 	96.5  	93.0505	1.45034 
37         	121.829         	889         	892        	129            	139             	92.4653     	0.240	91.025	96.625	93.0069	1.46488 
38         	121.686         	886         	889        	130            	137             	92.3645     	0.239	90.925	96.675	92.8786	1.47306 
40         	121.598         	880         	883        	131            	134             	92.2989     	0.235	90.725	96.575	92.8001	1.51193 
47         	121.312         	859         	862        	135            	123             	92.0644     	0.224	90.7  	96.65 	92.6331	1.58979 
49         	121.17          	853         	856        	136            	120             	91.9584     	0.220	90.625	96.575	92.5755	1.60877 
55         	121.151         	835         	838        	140            	112             	91.8901     	0.210	90.55 	97    	92.3568	1.65037 
56         	121.188         	832         	835        	140            	110             	91.8995     	0.209	90.5  	96.675	92.3324	1.62659 
59         	120.975         	823         	826        	142            	106             	91.7451     	0.204	90.45 	96.65 	92.2719	1.69496 
60         	120.927         	820         	823        	143            	104             	91.705      	0.202	90.275	96.6  	92.2319	1.69081 
End Time (hh:mm:ss.ms) 2023-07-16 20:05:18.256579
Total Time (hh:mm:ss.ms) 0:00:12.240008
Individuo: [[7, 11, 17, 4, 3, 18, 0, 16, 12, 1, 19, 9, 15, 10, 8, 2, 14, 5, 13, 6], [1, 1, 1, 1, 1, 1, 0, 0, 0, 1, 1, 1, 1, 1, 1, 0, 0, 1, 1, 1]]
Fitness:  90.27500000000002
Gens:  [0, 1, 2, 3, 4, 5, 6, 7, 8, 9, 10, 11, 12, 13, 14, 15, 16, 17, 18, 19, 20, 21, 22, 23, 24, 25, 26, 27, 28, 29, 30, 31, 32, 33, 34, 35, 36, 37, 38, 39, 40, 41, 42, 43, 44, 45, 46, 47, 48, 49, 50, 51, 52, 53, 54, 55, 56, 57, 58, 59, 60, 61, 62, 63, 64, 65, 66, 67, 68, 69, 70, 71, 72, 73, 74, 75, 76, 77, 78, 79, 80, 81, 82, 83, 84, 85, 86, 87, 88, 89, 90, 91, 92, 93, 94, 95, 96, 97, 98, 99, 100, 101, 102, 103, 104, 105, 106, 107, 108, 109, 110, 111, 112, 113, 114, 115, 116, 117, 118, 119, 120, 121]
Inds:  [94.00000000000001, 93.60000000000004, 93.45, 93.45, 93.12500000000001, 92.87500000000001, 92.87500000000001, 92.35000000000001, 92.35000000000001, 92.15000000000002, 92.15000000000002, 92.15000000000002, 92.15000000000002, 92.15000000000002, 91.92500000000001, 91.92500000000001, 91.80000000000001, 91.80000000000001, 91.55000000000001, 91.55000000000001, 91.55000000000001, 91.55000000000001, 91.42500000000001, 91.22500000000002, 91.22500000000002, 91.22500000000002, 91.22500000000002, 91.22500000000002, 91.22500000000002, 91.20000000000002, 91.20000000000002, 91.10000000000001, 91.10000000000001, 91.05000000000001, 91.05000000000001, 91.05000000000001, 91.05000000000001, 91.025, 90.92500000000001, 90.92500000000001, 90.72500000000001, 90.72500000000001, 90.72500000000001, 90.72500000000001, 90.72500000000001, 90.72500000000001, 90.72500000000001, 90.7, 90.7, 90.62500000000001, 90.62500000000001, 90.62500000000001, 90.62500000000001, 90.62500000000001, 90.62500000000001, 90.55000000000001, 90.50000000000003, 90.50000000000003, 90.50000000000003, 90.45000000000002, 90.27500000000002, 90.27500000000002, 90.27500000000002, 90.27500000000002, 90.27500000000002, 90.27500000000002, 90.27500000000002, 90.27500000000002, 90.27500000000002, 90.27500000000002, 90.27500000000002, 90.27500000000002, 90.27500000000002, 90.27500000000002, 90.27500000000002, 90.27500000000002, 90.27500000000002, 90.27500000000002, 90.27500000000002, 90.27500000000002, 90.27500000000002, 90.27500000000002, 90.27500000000002, 90.27500000000002, 90.27500000000002, 90.27500000000002, 90.27500000000002, 90.27500000000002, 90.27500000000002, 90.27500000000002, 90.27500000000002, 90.27500000000002, 90.27500000000002, 90.27500000000002, 90.27500000000002, 90.27500000000002, 90.27500000000002, 90.27500000000002, 90.27500000000002, 90.27500000000002, 90.27500000000002, 90.27500000000002, 90.27500000000002, 90.27500000000002, 90.27500000000002, 90.27500000000002, 90.27500000000002, 90.27500000000002, 90.27500000000002, 90.27500000000002, 90.27500000000002, 90.27500000000002, 90.27500000000002, 90.27500000000002, 90.27500000000002, 90.27500000000002, 90.27500000000002, 90.27500000000002, 90.27500000000002, 90.27500000000002, 90.27500000000002, 90.27500000000002]

Execution 3:
Parametros: Y=0.997
Start Time (hh:mm:ss.ms) 2023-07-16 20:05:18.955570
generations	MaxGenenerations	Populationk1	Populationk	PopulationElite	PopulationMutant	fitnessElite	alpha	min   	max 	avg    	std     
0          	0               	0           	0          	0              	0               	0           	0    	93.975	96.9	95.5448	0.473481
1          	125.734         	997         	1000       	100            	200             	94.8525     	0.3  	93.65 	97.125	95.2284	0.535197
2          	125.384         	994         	997        	101            	198             	94.687      	0.298	93.55 	96.85 	95.0857	0.577155
4          	125.127         	988         	991        	103            	195             	94.5094     	0.295	93.45 	96.825	94.9286	0.666914
5          	125.003         	985         	988        	104            	193             	94.4409     	0.293	92.875	96.55 	94.8452	0.689073
6          	124.131         	982         	985        	105            	191             	93.9479     	0.291	92.725	96.55 	94.751 	0.709225
8          	124.061         	976         	979        	106            	187             	93.9304     	0.288	92.575	97.025	94.6392	0.802386
12         	123.842         	964         	967        	110            	180             	93.7816     	0.282	92.425	96.55 	94.3889	0.882038
16         	123.651         	952         	955        	113            	174             	93.652      	0.275	92.2  	96.6  	94.2154	0.955301
18         	123.312         	946         	949        	115            	170             	93.4464     	0.272	92.1  	96.725	94.1203	1.02241 
19         	123.16          	943         	946        	115            	168             	93.3523     	0.270	91.975	96.55 	94.0516	1.02535 
21         	123.021         	937         	940        	117            	165             	93.2656     	0.267	91.95 	96.5  	93.8995	1.11012 
23         	122.895         	931         	934        	119            	162             	93.1653     	0.264	91.875	96.975	93.7914	1.14017 
24         	122.952         	928         	931        	119            	160             	93.2142     	0.262	91.75 	96.8  	93.7373	1.18705 
25         	122.72          	925         	928        	120            	158             	93.0675     	0.260	91.25 	96.575	93.6067	1.20311 
28         	121.941         	916         	919        	123            	153             	92.5925     	0.255	91.25 	96.425	93.3154	1.32145 
29         	121.914         	913         	916        	123            	152             	92.5648     	0.254	91.225	96.975	93.2294	1.32534 
32         	121.963         	904         	907        	125            	147             	92.5767     	0.249	91.075	96.85 	93.1264	1.41706 
36         	121.698         	892         	895        	128            	140             	92.3844     	0.242	90.875	96.5  	92.8479	1.43248 
41         	121.613         	877         	880        	131            	133             	92.3037     	0.234	90.825	96.55 	92.7097	1.54393 
43         	121.528         	871         	874        	133            	130             	92.2334     	0.230	90.675	96.725	92.7427	1.59522 
47         	121.2           	859         	862        	135            	123             	91.9971     	0.224	90.65 	96.775	92.52  	1.60449 
50         	121.157         	850         	853        	137            	119             	91.9428     	0.219	90.525	97.125	92.423 	1.63443 
53         	120.954         	841         	844        	139            	114             	91.7931     	0.214	90.425	96.675	92.3627	1.67255 
55         	120.884         	835         	838        	140            	112             	91.7311     	0.210	90.275	96.65 	92.279 	1.67979 
End Time (hh:mm:ss.ms) 2023-07-16 20:05:31.116598
Total Time (hh:mm:ss.ms) 0:00:12.161028
Individuo: [[6, 13, 5, 2, 14, 8, 10, 12, 16, 0, 17, 11, 15, 9, 19, 1, 18, 3, 4, 7], [0, 0, 0, 0, 0, 0, 0, 1, 1, 1, 1, 1, 0, 0, 0, 0, 0, 0, 0, 0]]
Fitness:  90.275
Gens:  [0, 1, 2, 3, 4, 5, 6, 7, 8, 9, 10, 11, 12, 13, 14, 15, 16, 17, 18, 19, 20, 21, 22, 23, 24, 25, 26, 27, 28, 29, 30, 31, 32, 33, 34, 35, 36, 37, 38, 39, 40, 41, 42, 43, 44, 45, 46, 47, 48, 49, 50, 51, 52, 53, 54, 55, 56, 57, 58, 59, 60, 61, 62, 63, 64, 65, 66, 67, 68, 69, 70, 71, 72, 73, 74, 75, 76, 77, 78, 79, 80, 81, 82, 83, 84, 85, 86, 87, 88, 89, 90, 91, 92, 93, 94, 95, 96, 97, 98, 99, 100, 101, 102, 103, 104, 105, 106, 107, 108, 109, 110, 111, 112, 113, 114, 115, 116, 117, 118, 119, 120, 121]
Inds:  [93.97500000000001, 93.65, 93.55000000000001, 93.55000000000001, 93.45000000000002, 92.87500000000001, 92.72500000000002, 92.72500000000002, 92.57500000000002, 92.57500000000002, 92.57500000000002, 92.57500000000002, 92.42500000000001, 92.42500000000001, 92.42500000000001, 92.42500000000001, 92.2, 92.2, 92.10000000000001, 91.975, 91.975, 91.95, 91.95, 91.875, 91.75, 91.25000000000001, 91.25000000000001, 91.25000000000001, 91.25, 91.225, 91.225, 91.225, 91.075, 91.075, 91.075, 91.075, 90.875, 90.875, 90.875, 90.875, 90.875, 90.825, 90.825, 90.675, 90.675, 90.675, 90.675, 90.65, 90.65, 90.65, 90.525, 90.525, 90.525, 90.425, 90.425, 90.275, 90.275, 90.275, 90.275, 90.275, 90.275, 90.275, 90.275, 90.275, 90.275, 90.275, 90.275, 90.275, 90.275, 90.275, 90.275, 90.275, 90.275, 90.275, 90.275, 90.275, 90.275, 90.275, 90.275, 90.275, 90.275, 90.275, 90.275, 90.275, 90.275, 90.275, 90.275, 90.275, 90.275, 90.275, 90.275, 90.275, 90.275, 90.275, 90.275, 90.275, 90.275, 90.275, 90.275, 90.275, 90.275, 90.275, 90.275, 90.275, 90.275, 90.275, 90.275, 90.275, 90.275, 90.275, 90.275, 90.275, 90.275, 90.275, 90.275, 90.275, 90.275, 90.275, 90.275, 90.275, 90.275, 90.275]

Execution 4:
Parametros: Y=0.997
Start Time (hh:mm:ss.ms) 2023-07-16 20:05:31.875604
generations	MaxGenenerations	Populationk1	Populationk	PopulationElite	PopulationMutant	fitnessElite	alpha	min  	max  	avg    	std     
0          	0               	0           	0          	0              	0               	0           	0    	93.55	96.75	95.5784	0.477348
1          	125.109         	997         	1000       	100            	200             	94.51       	0.3  	93.075	96.7 	95.1459	0.595256
3          	124.501         	991         	994        	102            	196             	94.188      	0.296	92.8  	96.775	94.7671	0.738032
5          	124.106         	985         	988        	104            	193             	93.9595     	0.293	92.75 	96.725	94.5687	0.809253
6          	124.029         	982         	985        	105            	191             	93.9105     	0.291	92.575	96.95 	94.4418	0.859648
7          	123.879         	979         	982        	106            	189             	93.8451     	0.290	92.5  	96.825	94.3857	0.892376
8          	123.732         	976         	979        	106            	187             	93.7486     	0.288	92.15 	96.625	94.3354	0.93126 
10         	123.283         	970         	973        	108            	184             	93.4985     	0.285	92.1  	96.675	94.1065	1.03464 
12         	123.188         	964         	967        	110            	180             	93.4261     	0.282	91.975	96.85 	93.9754	1.10926 
13         	123.039         	961         	964        	111            	179             	93.3424     	0.280	91.625	97.175	93.9355	1.1148  
14         	122.691         	958         	961        	112            	177             	93.1724     	0.278	91.525	96.65 	93.8096	1.15433 
16         	122.318         	952         	955        	113            	173             	92.9024     	0.275	91.375	96.75 	93.6489	1.23108 
18         	122.2           	946         	949        	115            	170             	92.8379     	0.272	91.175	96.8  	93.4672	1.29024 
21         	121.932         	937         	940        	117            	165             	92.6646     	0.267	91.125	96.55 	93.267 	1.3947  
22         	121.792         	934         	937        	118            	163             	92.5654     	0.265	90.975	96.6  	93.177 	1.45353 
23         	121.61          	931         	934        	119            	161             	92.459      	0.263	90.8  	96.7  	93.1095	1.49908 
26         	121.495         	922         	925        	121            	156             	92.3854     	0.258	90.55 	96.525	92.9324	1.58815 
27         	121.015         	919         	922        	122            	155             	92.0858     	0.257	90.475	96.625	92.8155	1.64232 
32         	120.878         	904         	907        	126            	147             	91.9548     	0.248	90.25 	96.8  	92.5497	1.75975 
End Time (hh:mm:ss.ms) 2023-07-16 20:05:43.197572
Total Time (hh:mm:ss.ms) 0:00:11.321968
Individuo: [[6, 16, 2, 8, 10, 12, 13, 5, 14, 0, 1, 19, 9, 15, 11, 17, 18, 3, 4, 7], [0, 1, 1, 0, 0, 1, 0, 0, 1, 1, 1, 1, 1, 1, 0, 0, 0, 0, 0, 0]]
Fitness:  90.25
Gens:  [0, 1, 2, 3, 4, 5, 6, 7, 8, 9, 10, 11, 12, 13, 14, 15, 16, 17, 18, 19, 20, 21, 22, 23, 24, 25, 26, 27, 28, 29, 30, 31, 32, 33, 34, 35, 36, 37, 38, 39, 40, 41, 42, 43, 44, 45, 46, 47, 48, 49, 50, 51, 52, 53, 54, 55, 56, 57, 58, 59, 60, 61, 62, 63, 64, 65, 66, 67, 68, 69, 70, 71, 72, 73, 74, 75, 76, 77, 78, 79, 80, 81, 82, 83, 84, 85, 86, 87, 88, 89, 90, 91, 92, 93, 94, 95, 96, 97, 98, 99, 100, 101, 102, 103, 104, 105, 106, 107, 108, 109, 110, 111, 112, 113, 114, 115, 116, 117, 118, 119, 120, 121]
Inds:  [93.55000000000003, 93.07499999999999, 93.07499999999999, 92.80000000000001, 92.80000000000001, 92.75000000000001, 92.575, 92.5, 92.15, 92.15, 92.1, 92.1, 91.975, 91.62500000000001, 91.52499999999999, 91.52499999999999, 91.375, 91.375, 91.17500000000001, 91.17500000000001, 91.17500000000001, 91.125, 90.975, 90.8, 90.8, 90.8, 90.55, 90.475, 90.475, 90.475, 90.475, 90.475, 90.25, 90.25, 90.25, 90.25, 90.25, 90.25, 90.25, 90.25, 90.25, 90.25, 90.25, 90.25, 90.25, 90.25, 90.25, 90.25, 90.25, 90.25, 90.25, 90.25, 90.25, 90.25, 90.25, 90.25, 90.25, 90.25, 90.25, 90.25, 90.25, 90.25, 90.25, 90.25, 90.25, 90.25, 90.25, 90.25, 90.25, 90.25, 90.25, 90.25, 90.25, 90.25, 90.25, 90.25, 90.25, 90.25, 90.25, 90.25, 90.25, 90.25, 90.25, 90.25, 90.25, 90.25, 90.25, 90.25, 90.25, 90.25, 90.25, 90.25, 90.25, 90.25, 90.25, 90.25, 90.25, 90.25, 90.25, 90.25, 90.25, 90.25, 90.25, 90.25, 90.25, 90.25, 90.25, 90.25, 90.25, 90.25, 90.25, 90.25, 90.25, 90.25, 90.25, 90.25, 90.25, 90.25, 90.25, 90.25, 90.25, 90.25]

Execution 5:
Parametros: Y=0.997
Start Time (hh:mm:ss.ms) 2023-07-16 20:05:43.917569
generations	MaxGenenerations	Populationk1	Populationk	PopulationElite	PopulationMutant	fitnessElite	alpha	min   	max   	avg    	std     
0          	0               	0           	0          	0              	0               	0           	0    	93.675	96.875	95.6002	0.476157
2          	125.266         	994         	997        	101            	198             	94.5851     	0.298	93.15 	96.625	95.0269	0.622061
4          	124.583         	988         	991        	103            	195             	94.22       	0.295	92.875	96.625	94.8602	0.701221
5          	124.159         	985         	988        	104            	193             	93.9758     	0.293	92.575	96.925	94.7958	0.749069
9          	123.814         	973         	976        	107            	186             	93.7807     	0.287	92.55 	96.5  	94.517 	0.849469
10         	123.678         	970         	973        	108            	184             	93.6775     	0.285	92.325	96.625	94.4337	0.875076
11         	123.424         	967         	970        	109            	182             	93.5453     	0.283	92.225	96.95 	94.3468	0.93854 
12         	123.411         	964         	967        	110            	180             	93.5583     	0.282	91.9  	96.925	94.2524	0.939798
14         	122.782         	958         	961        	112            	177             	93.1617     	0.278	91.85 	96.775	94.0467	1.00816 
19         	122.927         	943         	946        	116            	168             	93.2442     	0.270	91.825	96.775	93.7331	1.19352 
20         	122.811         	940         	943        	116            	167             	93.1568     	0.269	91.7  	97.15 	93.7502	1.20789 
21         	122.782         	937         	940        	117            	165             	93.1574     	0.267	91.6  	96.975	93.6474	1.21423 
22         	122.584         	934         	937        	118            	163             	93.0283     	0.265	91.4  	96.575	93.5678	1.24822 
23         	122.169         	931         	934        	119            	162             	92.7661     	0.263	91.275	96.625	93.4968	1.26627 
24         	122.02          	928         	931        	120            	160             	92.6783     	0.262	91.025	96.75 	93.4072	1.30683 
30         	121.714         	910         	913        	124            	150             	92.4571     	0.252	90.975	96.625	93.1434	1.39427 
35         	121.61          	895         	898        	128            	142             	92.348      	0.244	90.925	97.2  	93.0204	1.47052 
38         	121.571         	886         	889        	130            	137             	92.3        	0.239	90.625	96.825	92.9203	1.50968 
43         	121.206         	871         	874        	133            	129             	92.0438     	0.230	90.275	96.925	92.6333	1.55641 
End Time (hh:mm:ss.ms) 2023-07-16 20:05:55.185570
Total Time (hh:mm:ss.ms) 0:00:11.268001
Individuo: [[7, 17, 1, 19, 9, 15, 12, 13, 5, 2, 0, 18, 3, 4, 11, 10, 8, 14, 16, 6], [1, 0, 1, 1, 1, 1, 1, 0, 0, 0, 1, 0, 0, 0, 1, 1, 1, 1, 0, 1]]
Fitness:  90.27500000000002
Gens:  [0, 1, 2, 3, 4, 5, 6, 7, 8, 9, 10, 11, 12, 13, 14, 15, 16, 17, 18, 19, 20, 21, 22, 23, 24, 25, 26, 27, 28, 29, 30, 31, 32, 33, 34, 35, 36, 37, 38, 39, 40, 41, 42, 43, 44, 45, 46, 47, 48, 49, 50, 51, 52, 53, 54, 55, 56, 57, 58, 59, 60, 61, 62, 63, 64, 65, 66, 67, 68, 69, 70, 71, 72, 73, 74, 75, 76, 77, 78, 79, 80, 81, 82, 83, 84, 85, 86, 87, 88, 89, 90, 91, 92, 93, 94, 95, 96, 97, 98, 99, 100, 101, 102, 103, 104, 105, 106, 107, 108, 109, 110, 111, 112, 113, 114, 115, 116, 117, 118, 119, 120, 121]
Inds:  [93.67500000000001, 93.67500000000001, 93.14999999999999, 93.14999999999999, 92.875, 92.57500000000003, 92.57500000000003, 92.57500000000003, 92.57500000000003, 92.55000000000001, 92.32500000000002, 92.225, 91.9, 91.9, 91.85, 91.85, 91.85, 91.85, 91.85, 91.825, 91.70000000000002, 91.6, 91.4, 91.275, 91.02500000000002, 91.02500000000002, 91.02500000000002, 91.02500000000002, 91.02500000000002, 91.02500000000002, 90.97500000000001, 90.97500000000001, 90.97500000000001, 90.97500000000001, 90.97500000000001, 90.92500000000001, 90.92500000000001, 90.92500000000001, 90.62500000000003, 90.62500000000003, 90.62500000000003, 90.62500000000003, 90.62500000000003, 90.27500000000002, 90.27500000000002, 90.27500000000002, 90.27500000000002, 90.27500000000002, 90.27500000000002, 90.27500000000002, 90.27500000000002, 90.27500000000002, 90.27500000000002, 90.27500000000002, 90.27500000000002, 90.27500000000002, 90.27500000000002, 90.27500000000002, 90.27500000000002, 90.27500000000002, 90.27500000000002, 90.27500000000002, 90.27500000000002, 90.27500000000002, 90.27500000000002, 90.27500000000002, 90.27500000000002, 90.27500000000002, 90.27500000000002, 90.27500000000002, 90.27500000000002, 90.27500000000002, 90.27500000000002, 90.27500000000002, 90.27500000000002, 90.27500000000002, 90.27500000000002, 90.27500000000002, 90.27500000000002, 90.27500000000002, 90.27500000000002, 90.27500000000002, 90.27500000000002, 90.27500000000002, 90.27500000000002, 90.27500000000002, 90.27500000000002, 90.27500000000002, 90.27500000000002, 90.27500000000002, 90.27500000000002, 90.27500000000002, 90.27500000000002, 90.27500000000002, 90.27500000000002, 90.27500000000002, 90.27500000000002, 90.27500000000002, 90.27500000000002, 90.27500000000002, 90.27500000000002, 90.27500000000002, 90.27500000000002, 90.27500000000002, 90.27500000000002, 90.27500000000002, 90.27500000000002, 90.27500000000002, 90.27500000000002, 90.27500000000002, 90.27500000000002, 90.27500000000002, 90.27500000000002, 90.27500000000002, 90.27500000000002, 90.27500000000002, 90.27500000000002, 90.27500000000002, 90.27500000000002, 90.27500000000002, 90.27500000000002, 90.27500000000002]

Execution 6:
Parametros: Y=0.997
Start Time (hh:mm:ss.ms) 2023-07-16 20:05:55.840610
generations	MaxGenenerations	Populationk1	Populationk	PopulationElite	PopulationMutant	fitnessElite	alpha	min  	max   	avg   	std     
0          	0               	0           	0          	0              	0               	0           	0    	93.95	97.025	95.564	0.473961
1          	125.747         	997         	1000       	100            	200             	94.8725     	0.3  	93.475	96.85 	95.2129	0.551173
3          	125.206         	991         	994        	102            	196             	94.6029     	0.296	93.2  	96.7  	94.9181	0.640717
5          	124.65          	985         	988        	104            	193             	94.2496     	0.293	92.825	96.475	94.7776	0.704745
8          	124.12          	976         	979        	106            	187             	93.9438     	0.288	92.75 	96.925	94.585 	0.81658 
10         	124.057         	970         	973        	108            	184             	93.9062     	0.285	92.4  	97.05 	94.4806	0.838365
15         	123.608         	955         	958        	112            	175             	93.6342     	0.277	91.775	96.725	94.1527	0.983895
22         	122.68          	934         	937        	118            	163             	93.0573     	0.265	91.725	96.575	93.5544	1.20607 
23         	122.603         	931         	934        	119            	162             	93.0059     	0.264	91.675	96.725	93.4826	1.24848 
24         	122.592         	928         	931        	119            	160             	93.0005     	0.262	91.45 	96.625	93.4792	1.22627 
27         	122.254         	919         	922        	122            	155             	92.7824     	0.257	91.325	96.625	93.3323	1.2869  
28         	122.087         	916         	919        	122            	153             	92.6806     	0.255	91.3  	96.775	93.3145	1.31404 
29         	122.109         	913         	916        	123            	152             	92.6914     	0.254	91.3  	96.9  	93.1965	1.34693 
30         	122.155         	910         	913        	124            	150             	92.7141     	0.252	91.275	96.85 	93.2231	1.35877 
31         	122.103         	907         	910        	125            	148             	92.6736     	0.250	91.225	96.6  	93.1181	1.37413 
32         	121.944         	904         	907        	125            	147             	92.5642     	0.249	90.975	96.425	93.095 	1.38544 
34         	121.711         	898         	901        	127            	144             	92.4251     	0.245	90.725	97.275	93.0187	1.43366 
35         	121.522         	895         	898        	128            	142             	92.3235     	0.244	90.7  	96.55 	92.9363	1.47787 
37         	121.343         	889         	892        	129            	139             	92.1861     	0.240	90.65 	96.7  	92.7997	1.51093 
38         	121.212         	886         	889        	130            	137             	92.0956     	0.238	90.575	96.925	92.7593	1.55937 
40         	121.212         	880         	883        	131            	134             	92.0832     	0.235	90.575	96.6  	92.7442	1.59763 
42         	121.066         	874         	877        	132            	131             	91.9686     	0.232	90.55 	96.625	92.5542	1.63154 
45         	121.097         	865         	868        	134            	126             	91.9595     	0.227	90.475	96.65 	92.5232	1.69543 
46         	120.96          	862         	865        	135            	125             	91.8681     	0.225	90.475	96.625	92.3932	1.69931 
60         	120.933         	820         	823        	143            	104             	91.7098     	0.202	90.425	96.35 	92.0873	1.69777 
End Time (hh:mm:ss.ms) 2023-07-16 20:06:06.945571
Total Time (hh:mm:ss.ms) 0:00:11.104961
Individuo: [[6, 16, 0, 1, 19, 9, 15, 2, 5, 13, 12, 14, 8, 10, 18, 3, 4, 17, 11, 7], [0, 1, 1, 1, 1, 1, 1, 1, 1, 1, 0, 0, 0, 0, 0, 0, 0, 0, 0, 0]]
Fitness:  90.42500000000001
Gens:  [0, 1, 2, 3, 4, 5, 6, 7, 8, 9, 10, 11, 12, 13, 14, 15, 16, 17, 18, 19, 20, 21, 22, 23, 24, 25, 26, 27, 28, 29, 30, 31, 32, 33, 34, 35, 36, 37, 38, 39, 40, 41, 42, 43, 44, 45, 46, 47, 48, 49, 50, 51, 52, 53, 54, 55, 56, 57, 58, 59, 60, 61, 62, 63, 64, 65, 66, 67, 68, 69, 70, 71, 72, 73, 74, 75, 76, 77, 78, 79, 80, 81, 82, 83, 84, 85, 86, 87, 88, 89, 90, 91, 92, 93, 94, 95, 96, 97, 98, 99, 100, 101, 102, 103, 104, 105, 106, 107, 108, 109, 110, 111, 112, 113, 114, 115, 116, 117, 118, 119, 120, 121]
Inds:  [93.95000000000002, 93.47500000000001, 93.47500000000001, 93.2, 93.2, 92.82500000000002, 92.82500000000002, 92.82500000000002, 92.75000000000001, 92.75000000000001, 92.4, 92.4, 92.4, 92.4, 92.4, 91.775, 91.775, 91.775, 91.775, 91.775, 91.775, 91.775, 91.72500000000001, 91.67500000000001, 91.45, 91.45, 91.45, 91.32500000000002, 91.30000000000001, 91.3, 91.27499999999999, 91.22500000000001, 90.97500000000001, 90.97500000000001, 90.72500000000001, 90.70000000000002, 90.70000000000002, 90.65, 90.57500000000002, 90.57500000000002, 90.575, 90.575, 90.55000000000001, 90.55000000000001, 90.55000000000001, 90.47500000000001, 90.475, 90.475, 90.475, 90.475, 90.475, 90.475, 90.475, 90.475, 90.475, 90.475, 90.475, 90.475, 90.475, 90.475, 90.42500000000001, 90.42500000000001, 90.42500000000001, 90.42500000000001, 90.42500000000001, 90.42500000000001, 90.42500000000001, 90.42500000000001, 90.42500000000001, 90.42500000000001, 90.42500000000001, 90.42500000000001, 90.42500000000001, 90.42500000000001, 90.42500000000001, 90.42500000000001, 90.42500000000001, 90.42500000000001, 90.42500000000001, 90.42500000000001, 90.42500000000001, 90.42500000000001, 90.42500000000001, 90.42500000000001, 90.42500000000001, 90.42500000000001, 90.42500000000001, 90.42500000000001, 90.42500000000001, 90.42500000000001, 90.42500000000001, 90.42500000000001, 90.42500000000001, 90.42500000000001, 90.42500000000001, 90.42500000000001, 90.42500000000001, 90.42500000000001, 90.42500000000001, 90.42500000000001, 90.42500000000001, 90.42500000000001, 90.42500000000001, 90.42500000000001, 90.42500000000001, 90.42500000000001, 90.42500000000001, 90.42500000000001, 90.42500000000001, 90.42500000000001, 90.42500000000001, 90.42500000000001, 90.42500000000001, 90.42500000000001, 90.42500000000001, 90.42500000000001, 90.42500000000001, 90.42500000000001, 90.42500000000001, 90.42500000000001, 90.42500000000001, 90.42500000000001]

Execution 7:
Parametros: Y=0.997
Start Time (hh:mm:ss.ms) 2023-07-16 20:06:07.675604
generations	MaxGenenerations	Populationk1	Populationk	PopulationElite	PopulationMutant	fitnessElite	alpha	min   	max 	avg    	std     
0          	0               	0           	0          	0              	0               	0           	0    	94.125	96.9	95.5865	0.474994
1          	125.934         	997         	1000       	100            	200             	94.9575     	0.3  	93.75 	96.525	95.2591	0.5051  
2          	125.291         	994         	997        	101            	198             	94.5781     	0.298	93.75 	96.7  	95.0841	0.576602
3          	125.357         	991         	994        	102            	196             	94.6256     	0.296	93.25 	96.7  	95.0098	0.630366
4          	124.689         	988         	991        	103            	195             	94.2684     	0.295	93.175	96.65 	94.9268	0.668474
6          	124.579         	982         	985        	105            	191             	94.1969     	0.291	92.85 	96.725	94.7841	0.705221
7          	124.163         	979         	982        	105            	189             	93.975      	0.290	92.775	96.675	94.6863	0.75055 
9          	124.044         	973         	976        	107            	186             	93.8947     	0.287	92.3  	96.775	94.4876	0.81214 
15         	123.465         	955         	958        	112            	175             	93.5549     	0.277	92.25 	96.625	94.0927	0.974674
16         	123.324         	952         	955        	113            	174             	93.4561     	0.275	92.175	96.7  	94.0204	1.00998 
18         	123.288         	946         	949        	115            	170             	93.435      	0.272	91.75 	96.925	93.9026	1.0644  
19         	122.766         	943         	946        	116            	168             	93.1507     	0.270	91.375	96.575	93.8174	1.07726 
24         	122.163         	928         	931        	120            	160             	92.7589     	0.262	91.325	96.675	93.321 	1.30818 
27         	122.096         	919         	922        	122            	155             	92.6957     	0.257	91.275	96.775	93.1945	1.397   
28         	122.075         	916         	919        	122            	153             	92.6817     	0.255	91.25 	96.7  	93.1751	1.40788 
30         	121.987         	910         	913        	124            	150             	92.6069     	0.252	90.95 	96.85 	93.0496	1.43508 
36         	121.595         	892         	895        	128            	140             	92.3319     	0.242	90.85 	96.8  	92.8044	1.55006 
37         	121.516         	889         	892        	129            	139             	92.2825     	0.240	90.8  	96.65 	92.736 	1.53744 
39         	121.413         	883         	886        	130            	136             	92.2007     	0.237	90.6  	96.75 	92.6265	1.60471 
46         	121.091         	862         	865        	135            	125             	91.9428     	0.225	90.55 	96.8  	92.4431	1.66034 
50         	121.051         	850         	853        	137            	119             	91.8807     	0.219	90.5  	96.95 	92.3917	1.69662 
51         	121.102         	847         	850        	138            	117             	91.9024     	0.217	90.35 	96.8  	92.3718	1.71535 
58         	120.775         	826         	829        	142            	107             	91.6351     	0.205	90.35 	96.875	92.1234	1.72863 
62         	120.711         	814         	817        	144            	102             	91.5585     	0.198	90.15 	96.575	92.0809	1.74158 
End Time (hh:mm:ss.ms) 2023-07-16 20:06:18.869572
Total Time (hh:mm:ss.ms) 0:00:11.193968
Individuo: [[7, 11, 17, 4, 3, 18, 15, 9, 19, 1, 10, 8, 14, 16, 13, 5, 2, 0, 12, 6], [1, 1, 1, 1, 1, 1, 0, 0, 0, 0, 1, 1, 1, 0, 0, 0, 0, 1, 1, 1]]
Fitness:  90.15
Gens:  [0, 1, 2, 3, 4, 5, 6, 7, 8, 9, 10, 11, 12, 13, 14, 15, 16, 17, 18, 19, 20, 21, 22, 23, 24, 25, 26, 27, 28, 29, 30, 31, 32, 33, 34, 35, 36, 37, 38, 39, 40, 41, 42, 43, 44, 45, 46, 47, 48, 49, 50, 51, 52, 53, 54, 55, 56, 57, 58, 59, 60, 61, 62, 63, 64, 65, 66, 67, 68, 69, 70, 71, 72, 73, 74, 75, 76, 77, 78, 79, 80, 81, 82, 83, 84, 85, 86, 87, 88, 89, 90, 91, 92, 93, 94, 95, 96, 97, 98, 99, 100, 101, 102, 103, 104, 105, 106, 107, 108, 109, 110, 111, 112, 113, 114, 115, 116, 117, 118, 119, 120, 121]
Inds:  [94.12500000000001, 93.75000000000001, 93.75, 93.25000000000001, 93.175, 93.175, 92.85000000000001, 92.77500000000002, 92.77500000000002, 92.30000000000001, 92.30000000000001, 92.30000000000001, 92.30000000000001, 92.30000000000001, 92.30000000000001, 92.25000000000001, 92.17500000000001, 92.17500000000001, 91.75000000000001, 91.37500000000001, 91.37500000000001, 91.37500000000001, 91.37500000000001, 91.37500000000001, 91.32500000000002, 91.32500000000002, 91.32500000000002, 91.275, 91.25000000000001, 91.25000000000001, 90.95000000000002, 90.95000000000002, 90.95000000000002, 90.95000000000002, 90.95000000000002, 90.95000000000002, 90.85000000000001, 90.80000000000001, 90.80000000000001, 90.6, 90.6, 90.6, 90.6, 90.6, 90.6, 90.6, 90.55, 90.55, 90.55, 90.55, 90.5, 90.35000000000001, 90.35000000000001, 90.35000000000001, 90.35000000000001, 90.35000000000001, 90.35000000000001, 90.35000000000001, 90.35, 90.35, 90.35, 90.35, 90.15, 90.15, 90.15, 90.15, 90.15, 90.15, 90.15, 90.15, 90.15, 90.15, 90.15, 90.15, 90.15, 90.15, 90.15, 90.15, 90.15, 90.15, 90.15, 90.15, 90.15, 90.15, 90.15, 90.15, 90.15, 90.15, 90.15, 90.15, 90.15, 90.15, 90.15, 90.15, 90.15, 90.15, 90.15, 90.15, 90.15, 90.15, 90.15, 90.15, 90.15, 90.15, 90.15, 90.15, 90.15, 90.15, 90.15, 90.15, 90.15, 90.15, 90.15, 90.15, 90.15, 90.15, 90.15, 90.15, 90.15, 90.15, 90.15, 90.15]

Execution 8:
Parametros: Y=0.997
Start Time (hh:mm:ss.ms) 2023-07-16 20:06:19.571604
generations	MaxGenenerations	Populationk1	Populationk	PopulationElite	PopulationMutant	fitnessElite	alpha	min   	max  	avg    	std     
0          	0               	0           	0          	0              	0               	0           	0    	93.875	96.85	95.5656	0.463896
1          	125.581         	997         	1000       	100            	200             	94.7675     	0.3  	93.45 	96.7 	95.1972	0.545996
2          	124.956         	994         	997        	101            	198             	94.4198     	0.298	93.35 	96.7 	95.0341	0.593945
3          	124.822         	991         	994        	102            	196             	94.3443     	0.296	93.15 	96.65	94.9071	0.639983
4          	124.536         	988         	991        	103            	195             	94.1831     	0.295	93.125	96.6 	94.8115	0.680614
5          	124.484         	985         	988        	104            	193             	94.1452     	0.293	92.825	96.875	94.6623	0.729705
7          	124.148         	979         	982        	105            	189             	93.9718     	0.290	92.725	96.6  	94.4915	0.813066
8          	123.949         	976         	979        	106            	187             	93.8437     	0.288	92.55 	96.6  	94.3995	0.855866
9          	123.716         	973         	976        	107            	186             	93.7126     	0.287	92.1  	96.5  	94.2532	0.923515
11         	123.16          	967         	970        	109            	182             	93.4124     	0.283	92.075	96.65 	93.9677	1.07286 
12         	123.099         	964         	967        	110            	180             	93.3657     	0.282	91.925	96.725	93.893 	1.13567 
13         	122.926         	961         	964        	111            	179             	93.2713     	0.280	91.65 	96.85 	93.7303	1.16245 
14         	122.604         	958         	961        	112            	177             	93.0997     	0.278	91.45 	96.775	93.5851	1.22507 
16         	122.273         	952         	955        	113            	173             	92.8893     	0.275	91.425	96.825	93.4075	1.32946 
17         	122.294         	949         	952        	114            	172             	92.9037     	0.273	91.225	96.625	93.4002	1.33322 
18         	121.953         	946         	949        	115            	170             	92.6945     	0.272	91.2  	96.975	93.2712	1.41075 
19         	122.048         	943         	946        	116            	168             	92.7622     	0.270	91.125	96.8  	93.2174	1.45461 
20         	121.884         	940         	943        	116            	167             	92.6506     	0.268	91    	96.75 	93.1676	1.46703 
23         	121.689         	931         	934        	119            	161             	92.5105     	0.263	90.975	96.9  	93.0165	1.51693 
25         	121.619         	925         	928        	120            	158             	92.447      	0.260	90.95 	96.875	92.9434	1.54001 
26         	121.677         	922         	925        	121            	156             	92.484      	0.258	90.9  	96.675	92.9405	1.59106 
28         	121.519         	916         	919        	123            	153             	92.3631     	0.255	90.875	96.5  	92.8832	1.63574 
30         	121.504         	910         	913        	124            	150             	92.3381     	0.252	90.75 	97    	92.8168	1.63129 
33         	121.246         	901         	904        	126            	145             	92.1529     	0.247	90.725	96.5  	92.6885	1.60932 
36         	121.312         	892         	895        	128            	140             	92.1727     	0.242	90.675	97.125	92.6695	1.64649 
38         	121.309         	886         	889        	130            	137             	92.1568     	0.238	90.475	96.65 	92.5714	1.65844 
39         	120.96          	883         	886        	130            	135             	91.9395     	0.237	90.45 	96.7  	92.5351	1.701   
40         	120.945         	880         	883        	131            	134             	91.9219     	0.235	90.425	96.625	92.4748	1.7108  
94         	120.866         	718         	721        	155            	61              	91.3236     	0.146	90.225	96.75 	91.7721	1.6115  
End Time (hh:mm:ss.ms) 2023-07-16 20:06:30.901571
Total Time (hh:mm:ss.ms) 0:00:11.329967
Individuo: [[6, 12, 17, 11, 15, 9, 19, 1, 0, 2, 5, 13, 16, 14, 8, 10, 18, 3, 4, 7], [0, 0, 1, 1, 0, 0, 0, 0, 0, 1, 1, 1, 1, 0, 0, 0, 0, 0, 0, 0]]
Fitness:  90.225
Gens:  [0, 1, 2, 3, 4, 5, 6, 7, 8, 9, 10, 11, 12, 13, 14, 15, 16, 17, 18, 19, 20, 21, 22, 23, 24, 25, 26, 27, 28, 29, 30, 31, 32, 33, 34, 35, 36, 37, 38, 39, 40, 41, 42, 43, 44, 45, 46, 47, 48, 49, 50, 51, 52, 53, 54, 55, 56, 57, 58, 59, 60, 61, 62, 63, 64, 65, 66, 67, 68, 69, 70, 71, 72, 73, 74, 75, 76, 77, 78, 79, 80, 81, 82, 83, 84, 85, 86, 87, 88, 89, 90, 91, 92, 93, 94, 95, 96, 97, 98, 99, 100, 101, 102, 103, 104, 105, 106, 107, 108, 109, 110, 111, 112, 113, 114, 115, 116, 117, 118, 119, 120, 121]
Inds:  [93.875, 93.44999999999999, 93.35, 93.15, 93.125, 92.825, 92.825, 92.72500000000001, 92.55000000000001, 92.10000000000001, 92.10000000000001, 92.07499999999999, 91.92500000000001, 91.65, 91.45000000000002, 91.45000000000002, 91.42500000000001, 91.22500000000001, 91.20000000000002, 91.125, 91.0, 91.0, 91.0, 90.97500000000001, 90.97500000000001, 90.95, 90.9, 90.9, 90.875, 90.875, 90.75000000000001, 90.75000000000001, 90.75000000000001, 90.72500000000001, 90.72500000000001, 90.72500000000001, 90.67500000000001, 90.67500000000001, 90.475, 90.45000000000002, 90.42500000000001, 90.42500000000001, 90.42500000000001, 90.42500000000001, 90.42500000000001, 90.42500000000001, 90.42500000000001, 90.42500000000001, 90.42500000000001, 90.42500000000001, 90.42500000000001, 90.42500000000001, 90.42500000000001, 90.42500000000001, 90.42500000000001, 90.42500000000001, 90.42500000000001, 90.42500000000001, 90.42500000000001, 90.42500000000001, 90.42500000000001, 90.42500000000001, 90.42500000000001, 90.42500000000001, 90.42500000000001, 90.42500000000001, 90.42500000000001, 90.42500000000001, 90.42500000000001, 90.42500000000001, 90.42500000000001, 90.42500000000001, 90.42500000000001, 90.42500000000001, 90.42500000000001, 90.42500000000001, 90.42500000000001, 90.42500000000001, 90.42500000000001, 90.42500000000001, 90.42500000000001, 90.42500000000001, 90.42500000000001, 90.42500000000001, 90.42500000000001, 90.42500000000001, 90.42500000000001, 90.42500000000001, 90.42500000000001, 90.42500000000001, 90.42500000000001, 90.42500000000001, 90.42500000000001, 90.42500000000001, 90.225, 90.225, 90.225, 90.225, 90.225, 90.225, 90.225, 90.225, 90.225, 90.225, 90.225, 90.225, 90.225, 90.225, 90.225, 90.225, 90.225, 90.225, 90.225, 90.225, 90.225, 90.225, 90.225, 90.225, 90.225, 90.225, 90.225, 90.225]

Execution 9:
Parametros: Y=0.997
Start Time (hh:mm:ss.ms) 2023-07-16 20:06:31.615570
generations	MaxGenenerations	Populationk1	Populationk	PopulationElite	PopulationMutant	fitnessElite	alpha	min   	max 	avg    	std     
0          	0               	0           	0          	0              	0               	0           	0    	93.575	96.7	95.5677	0.479018
1          	125.123         	997         	1000       	100            	200             	94.5125     	0.3  	92.9  	96.8	95.1326	0.597016
3          	124.165         	991         	994        	102            	196             	93.9832     	0.296	92.725	96.675	94.7754	0.732296
7          	123.977         	979         	982        	106            	189             	93.8718     	0.290	92.65 	96.55 	94.3563	0.904032
8          	123.831         	976         	979        	106            	187             	93.7759     	0.288	92.4  	96.675	94.2471	0.937488
10         	123.589         	970         	973        	108            	184             	93.6559     	0.285	92.25 	96.9  	94.1073	0.974091
11         	123.426         	967         	970        	109            	182             	93.5697     	0.283	91.725	96.65 	94.0398	1.02925 
18         	122.613         	946         	949        	115            	170             	93.0523     	0.272	91.65 	96.925	93.5371	1.26582 
20         	122.549         	940         	943        	116            	167             	93.0084     	0.268	91.625	96.8  	93.5583	1.31094 
21         	122.553         	937         	940        	117            	165             	93.0086     	0.267	91.475	96.65 	93.5059	1.3169  
24         	122.297         	928         	931        	119            	160             	92.8329     	0.262	91.375	96.7  	93.3383	1.35842 
27         	122.117         	919         	922        	122            	155             	92.7007     	0.257	91.275	96.625	93.2866	1.40257 
30         	122.13          	910         	913        	124            	150             	92.7017     	0.252	91.25 	96.875	93.1841	1.4123  
72         	121.95          	784         	787        	147            	89              	92.2183     	0.183	91    	96.65 	92.4604	1.46377 
109        	121.625         	673         	676        	157            	45              	91.6793     	0.122	90.725	96.4  	91.8839	1.35238 
119        	121.303         	650         	652        	160            	36              	91.3524     	0.105	90.65 	96.4  	91.657 	1.30323 
120        	121.103         	648         	650        	161            	35              	91.245      	0.103	90.525	96.4  	91.525 	1.32519 
End Time (hh:mm:ss.ms) 2023-07-16 20:06:42.625571
Total Time (hh:mm:ss.ms) 0:00:11.010001
Individuo: [[6, 12, 17, 4, 3, 18, 0, 14, 16, 13, 5, 15, 9, 19, 1, 10, 8, 2, 11, 7], [0, 0, 1, 1, 1, 1, 0, 0, 0, 0, 0, 0, 0, 0, 0, 1, 1, 0, 0, 0]]
Fitness:  90.525
Gens:  [0, 1, 2, 3, 4, 5, 6, 7, 8, 9, 10, 11, 12, 13, 14, 15, 16, 17, 18, 19, 20, 21, 22, 23, 24, 25, 26, 27, 28, 29, 30, 31, 32, 33, 34, 35, 36, 37, 38, 39, 40, 41, 42, 43, 44, 45, 46, 47, 48, 49, 50, 51, 52, 53, 54, 55, 56, 57, 58, 59, 60, 61, 62, 63, 64, 65, 66, 67, 68, 69, 70, 71, 72, 73, 74, 75, 76, 77, 78, 79, 80, 81, 82, 83, 84, 85, 86, 87, 88, 89, 90, 91, 92, 93, 94, 95, 96, 97, 98, 99, 100, 101, 102, 103, 104, 105, 106, 107, 108, 109, 110, 111, 112, 113, 114, 115, 116, 117, 118, 119, 120, 121]
Inds:  [93.57500000000002, 92.90000000000002, 92.90000000000002, 92.72500000000001, 92.72500000000001, 92.72500000000001, 92.72500000000001, 92.65, 92.4, 92.4, 92.25000000000001, 91.725, 91.725, 91.725, 91.725, 91.725, 91.725, 91.725, 91.65, 91.65, 91.625, 91.47500000000001, 91.47500000000001, 91.47500000000001, 91.375, 91.375, 91.375, 91.27500000000002, 91.27500000000002, 91.27500000000002, 91.25, 91.25, 91.25, 91.25, 91.25, 91.25, 91.25, 91.25, 91.25, 91.25, 91.25, 91.25, 91.25, 91.25, 91.25, 91.25, 91.25, 91.25, 91.25, 91.25, 91.25, 91.25, 91.25, 91.25, 91.25, 91.25, 91.25, 91.25, 91.25, 91.25, 91.25, 91.25, 91.25, 91.25, 91.25, 91.25, 91.25, 91.25, 91.25, 91.25, 91.25, 91.25, 91.0, 91.0, 91.0, 91.0, 91.0, 91.0, 91.0, 91.0, 91.0, 91.0, 91.0, 91.0, 91.0, 91.0, 91.0, 91.0, 91.0, 91.0, 91.0, 91.0, 91.0, 91.0, 91.0, 91.0, 91.0, 91.0, 91.0, 91.0, 91.0, 91.0, 91.0, 91.0, 91.0, 91.0, 91.0, 91.0, 91.0, 90.725, 90.725, 90.725, 90.725, 90.725, 90.725, 90.725, 90.725, 90.725, 90.725, 90.65, 90.525, 90.525]

Execution 10:
Parametros: Y=0.997
Start Time (hh:mm:ss.ms) 2023-07-16 20:06:43.328605
generations	MaxGenenerations	Populationk1	Populationk	PopulationElite	PopulationMutant	fitnessElite	alpha	min   	max  	avg    	std    
0          	0               	0           	0          	0              	0               	0           	0    	94.025	96.85	95.5673	0.47602
1          	125.782         	997         	1000       	100            	200             	94.8725     	0.3  	93.525	96.875	95.2074	0.521925
2          	125.122         	994         	997        	101            	198             	94.5246     	0.298	93.275	96.6  	95.0822	0.592765
3          	124.685         	991         	994        	102            	196             	94.2618     	0.296	92.95 	96.925	94.932 	0.638644
4          	124.372         	988         	991        	103            	195             	94.1233     	0.295	92.9  	96.9  	94.8428	0.680899
6          	124.23          	982         	985        	105            	191             	94.0167     	0.291	92.8  	96.675	94.7009	0.743022
9          	124.078         	973         	976        	107            	186             	93.9125     	0.287	92.475	96.825	94.4861	0.844893
12         	123.662         	964         	967        	110            	180             	93.6744     	0.282	92.25 	96.55 	94.3112	0.919749
15         	123.435         	955         	958        	112            	175             	93.5465     	0.277	92.225	96.675	94.1761	0.954364
16         	123.309         	952         	955        	113            	174             	93.4517     	0.275	92.225	96.65 	94.1218	1.00235 
17         	123.3           	949         	952        	114            	172             	93.4377     	0.274	92.15 	96.8  	94.077 	1.01165 
19         	123.246         	943         	946        	115            	168             	93.4024     	0.270	91.7  	96.95 	93.9841	1.06245 
27         	122.542         	919         	922        	122            	155             	92.9363     	0.257	91.375	96.6  	93.3841	1.27628 
29         	122.145         	913         	916        	123            	152             	92.7029     	0.254	91.025	96.675	93.3027	1.34699 
36         	121.732         	892         	895        	128            	140             	92.4133     	0.242	90.95 	96.625	92.9065	1.51669 
37         	121.586         	889         	892        	129            	139             	92.3164     	0.240	90.9  	96.65 	92.7841	1.55313 
38         	121.528         	886         	889        	130            	137             	92.2749     	0.239	90.675	96.45 	92.8142	1.55448 
44         	121.246         	868         	871        	133            	128             	92.0551     	0.229	90.65 	96.675	92.5433	1.67041 
45         	121.203         	865         	868        	134            	126             	92.0201     	0.227	90.425	96.625	92.55  	1.6396  
End Time (hh:mm:ss.ms) 2023-07-16 20:06:54.487578
Total Time (hh:mm:ss.ms) 0:00:11.158973
Individuo: [[6, 12, 15, 18, 1, 19, 9, 3, 4, 11, 10, 8, 14, 16, 13, 5, 2, 0, 17, 7], [0, 0, 0, 1, 1, 1, 1, 0, 0, 1, 1, 1, 1, 0, 0, 0, 0, 1, 1, 0]]
Fitness:  90.42500000000001
Gens:  [0, 1, 2, 3, 4, 5, 6, 7, 8, 9, 10, 11, 12, 13, 14, 15, 16, 17, 18, 19, 20, 21, 22, 23, 24, 25, 26, 27, 28, 29, 30, 31, 32, 33, 34, 35, 36, 37, 38, 39, 40, 41, 42, 43, 44, 45, 46, 47, 48, 49, 50, 51, 52, 53, 54, 55, 56, 57, 58, 59, 60, 61, 62, 63, 64, 65, 66, 67, 68, 69, 70, 71, 72, 73, 74, 75, 76, 77, 78, 79, 80, 81, 82, 83, 84, 85, 86, 87, 88, 89, 90, 91, 92, 93, 94, 95, 96, 97, 98, 99, 100, 101, 102, 103, 104, 105, 106, 107, 108, 109, 110, 111, 112, 113, 114, 115, 116, 117, 118, 119, 120, 121]
Inds:  [94.025, 93.525, 93.27500000000002, 92.95000000000002, 92.90000000000003, 92.90000000000003, 92.8, 92.8, 92.8, 92.47500000000001, 92.47500000000001, 92.47500000000001, 92.25000000000001, 92.25000000000001, 92.25000000000001, 92.22500000000004, 92.22500000000002, 92.15, 92.15, 91.70000000000002, 91.70000000000002, 91.70000000000002, 91.70000000000002, 91.70000000000002, 91.70000000000002, 91.70000000000002, 91.70000000000002, 91.37500000000003, 91.37500000000003, 91.02500000000002, 91.02500000000002, 91.02500000000002, 91.02500000000002, 91.02500000000002, 91.02500000000002, 91.02500000000002, 90.95000000000002, 90.9, 90.67500000000001, 90.67500000000001, 90.67500000000001, 90.67500000000001, 90.67500000000001, 90.67500000000001, 90.65, 90.42500000000001, 90.42500000000001, 90.42500000000001, 90.42500000000001, 90.42500000000001, 90.42500000000001, 90.42500000000001, 90.42500000000001, 90.42500000000001, 90.42500000000001, 90.42500000000001, 90.42500000000001, 90.42500000000001, 90.42500000000001, 90.42500000000001, 90.42500000000001, 90.42500000000001, 90.42500000000001, 90.42500000000001, 90.42500000000001, 90.42500000000001, 90.42500000000001, 90.42500000000001, 90.42500000000001, 90.42500000000001, 90.42500000000001, 90.42500000000001, 90.42500000000001, 90.42500000000001, 90.42500000000001, 90.42500000000001, 90.42500000000001, 90.42500000000001, 90.42500000000001, 90.42500000000001, 90.42500000000001, 90.42500000000001, 90.42500000000001, 90.42500000000001, 90.42500000000001, 90.42500000000001, 90.42500000000001, 90.42500000000001, 90.42500000000001, 90.42500000000001, 90.42500000000001, 90.42500000000001, 90.42500000000001, 90.42500000000001, 90.42500000000001, 90.42500000000001, 90.42500000000001, 90.42500000000001, 90.42500000000001, 90.42500000000001, 90.42500000000001, 90.42500000000001, 90.42500000000001, 90.42500000000001, 90.42500000000001, 90.42500000000001, 90.42500000000001, 90.42500000000001, 90.42500000000001, 90.42500000000001, 90.42500000000001, 90.42500000000001, 90.42500000000001, 90.42500000000001, 90.42500000000001, 90.42500000000001, 90.42500000000001, 90.42500000000001, 90.42500000000001, 90.42500000000001, 90.42500000000001, 90.42500000000001]

