BRKGA-Heuristic:

Execution 1:
Parametros: P=1000, Pe=0.3, Pm=0.15, pe=0.7, Parada=100
Start Time (hh:mm:ss.ms) 2023-07-17 10:08:36.825371
gen	min    	max    	avg   	std    
0  	325.955	340.293	332.61	2.36874
1  	324.722	338.535	331.199	2.17434
2  	324.357	339.805	330.516	2.32844
3  	323.85 	339.53 	330.063	2.4346 
4  	322.865	338.082	329.775	2.58671
8  	322.855	338.74 	328.881	3.01885
9  	321.43 	338.805	328.635	3.02076
10 	321.177	339.122	328.444	3.14811
11 	320.815	337.288	328.197	3.12751
13 	320.135	338.552	327.901	3.30045
16 	320.102	338.862	327.216	3.38019
19 	319.372	340.16 	326.649	3.71589
21 	318.407	339.54 	325.925	3.78959
23 	317.732	338.625	325.205	3.83499
26 	316.99 	338.903	323.974	4.24441
28 	315.447	338.635	323.147	4.56545
31 	315.092	338.75 	321.842	4.95269
32 	314.567	340.792	321.356	5.07059
33 	314.505	338.215	321.006	5.19731
34 	313.97 	338.193	320.521	5.24414
35 	313.28 	337.788	320.207	5.58776
37 	313.087	338.725	319.439	5.87511
38 	312.845	338.132	318.98 	5.9742 
39 	311.388	338.808	318.508	6.05366
42 	311.322	338.583	317.504	6.61042
43 	310.24 	338.958	317.085	6.65874
45 	309.962	338.228	316.456	7.04243
46 	309.742	338.988	316.076	7.1099 
47 	308.22 	338.27 	315.717	7.07366
52 	308.187	339.185	314.378	7.81937
53 	307.77 	337.59 	314.227	7.88841
55 	307.338	338.287	313.61 	7.97372
57 	306.452	341.275	313.095	8.30638
60 	306.137	338.905	312.302	8.63272
61 	305.165	339.41 	312.01 	8.731  
64 	304.822	337.283	311.235	9.08177
66 	304.527	339.52 	310.713	9.30202
67 	303.842	339.97 	310.478	9.4677 
69 	303.53 	338.347	309.913	9.66985
70 	303.277	337.122	309.606	9.79734
71 	302.98 	339.103	309.297	9.91844
72 	302.88 	339.332	308.968	9.99352
73 	302.315	338.078	308.633	9.96787
75 	301.582	339.085	308.206	10.2501
77 	301.405	339.272	307.749	10.491 
79 	301.252	340.02 	307.272	10.6547
80 	300.865	338.647	307.135	10.8594
81 	300.72 	337.823	306.873	10.8198
82 	300.562	339.492	306.706	10.9772
83 	300.462	340.083	306.445	10.954 
84 	299.952	337.99 	306.301	11.1042
86 	299.815	340.1  	305.976	11.3432
87 	299.787	336.695	305.724	11.1679
88 	299.647	337.473	305.658	11.3737
89 	299.473	337.928	305.52 	11.4409
92 	299.31 	337.403	305.178	11.5895
94 	299.115	338.845	304.976	11.715 
95 	298.952	339.44 	304.887	11.7421
97 	298.802	338.075	304.626	11.6898
98 	298.673	337.915	304.549	11.7822
100	298.528	338.365	304.34 	11.8788
102	298.407	337.918	304.089	11.9075
103	298.29 	338.382	303.999	11.9953
104	298.213	337.642	303.923	12.0659
105	298.13 	338.21 	303.84 	12.1142
107	298.025	339.172	303.675	12.1612
109	297.945	338.667	303.494	12.218 
110	297.76 	338.662	303.465	12.3595
111	297.708	338.078	303.366	12.3054
114	297.633	338.662	303.214	12.4871
115	297.585	337.34 	303.136	12.455 
116	297.577	339.462	303.065	12.4089
117	297.472	339.568	303.091	12.5974
118	297.445	338.518	303.011	12.5338
120	297.422	339.072	302.853	12.3864
123	297.405	337.555	302.799	12.5284
125	297.34 	337.585	302.747	12.5713
130	297.317	339.395	302.71 	12.5748
231	297.317	338.518	302.631	12.6874
End Time (hh:mm:ss.ms) 2023-07-17 10:10:08.332343
Total Time (hh:mm:ss.ms) 0:01:31.506972
Individuo: [[60, 74, 64, 9, 49, 77, 3, 56, 7, 5, 41, 78, 43, 63, 46, 24, 75, 15, 36, 4, 73, 42, 72, 21, 44, 54, 2, 10, 61, 1, 66, 22, 19, 12, 25, 79, 17, 35, 67, 14, 20, 68, 31, 62, 51, 18, 55, 45, 33, 71, 59, 13, 37, 0, 39, 26, 48, 52, 11, 50, 70, 29, 58, 27, 76, 23, 8, 30, 6, 40, 38, 53, 16, 34, 32, 28, 65, 47, 69, 57], [0, 0, 0, 0, 0, 1, 0, 1, 1, 1, 1, 1, 0, 1, 1, 1, 1, 0, 1, 0, 1, 1, 1, 1, 0, 1, 1, 0, 1, 0, 0, 1, 0, 1, 1, 0, 1, 0, 1, 0, 1, 1, 1, 0, 0, 1, 0, 1, 1, 1, 1, 1, 0, 0, 0, 1, 1, 1, 1, 0, 1, 0, 0, 0, 0, 0, 0, 0, 1, 0, 0, 0, 0, 0, 1, 0, 0, 0, 0, 0]]
Fitness:  297.3174999999999
Gens:  [0, 1, 2, 3, 4, 5, 6, 7, 8, 9, 10, 11, 12, 13, 14, 15, 16, 17, 18, 19, 20, 21, 22, 23, 24, 25, 26, 27, 28, 29, 30, 31, 32, 33, 34, 35, 36, 37, 38, 39, 40, 41, 42, 43, 44, 45, 46, 47, 48, 49, 50, 51, 52, 53, 54, 55, 56, 57, 58, 59, 60, 61, 62, 63, 64, 65, 66, 67, 68, 69, 70, 71, 72, 73, 74, 75, 76, 77, 78, 79, 80, 81, 82, 83, 84, 85, 86, 87, 88, 89, 90, 91, 92, 93, 94, 95, 96, 97, 98, 99, 100, 101, 102, 103, 104, 105, 106, 107, 108, 109, 110, 111, 112, 113, 114, 115, 116, 117, 118, 119, 120, 121, 122, 123, 124, 125, 126, 127, 128, 129, 130, 131, 132, 133, 134, 135, 136, 137, 138, 139, 140, 141, 142, 143, 144, 145, 146, 147, 148, 149, 150, 151, 152, 153, 154, 155, 156, 157, 158, 159, 160, 161, 162, 163, 164, 165, 166, 167, 168, 169, 170, 171, 172, 173, 174, 175, 176, 177, 178, 179, 180, 181, 182, 183, 184, 185, 186, 187, 188, 189, 190, 191, 192, 193, 194, 195, 196, 197, 198, 199, 200, 201, 202, 203, 204, 205, 206, 207, 208, 209, 210, 211, 212, 213, 214, 215, 216, 217, 218, 219, 220, 221, 222, 223, 224, 225, 226, 227, 228, 229, 230, 231]
Inds:  [325.95500000000004, 324.72249999999985, 324.35749999999996, 323.85, 322.86499999999984, 322.86499999999984, 322.86499999999984, 322.86499999999984, 322.85500000000013, 321.4299999999999, 321.1774999999998, 320.815, 320.815, 320.13500000000005, 320.13500000000005, 320.13500000000005, 320.1024999999998, 320.1024999999998, 320.1024999999998, 319.37249999999995, 319.37249999999995, 318.40749999999997, 318.40749999999997, 317.73249999999996, 317.73249999999996, 317.73249999999996, 316.98999999999984, 316.98999999999984, 315.44749999999993, 315.44749999999993, 315.44749999999993, 315.0925, 314.56749999999994, 314.5049999999999, 313.96999999999986, 313.28, 313.28, 313.0875, 312.8449999999999, 311.38750000000005, 311.38750000000005, 311.38750000000005, 311.3224999999998, 310.24, 310.24, 309.9624999999999, 309.7424999999999, 308.21999999999997, 308.21999999999997, 308.21999999999997, 308.21999999999997, 308.21999999999997, 308.18749999999994, 307.7699999999998, 307.7699999999998, 307.33750000000003, 307.33750000000003, 306.4524999999998, 306.4524999999998, 306.4524999999998, 306.1374999999999, 305.1649999999999, 305.1649999999999, 305.1649999999999, 304.82249999999976, 304.82249999999976, 304.5274999999998, 303.8425, 303.8425, 303.53000000000003, 303.2774999999999, 302.97999999999996, 302.88, 302.3149999999999, 302.3149999999999, 301.5825, 301.5825, 301.40499999999986, 301.40499999999986, 301.2524999999999, 300.8649999999999, 300.71999999999997, 300.56249999999994, 300.46249999999986, 299.95249999999993, 299.95249999999993, 299.81499999999994, 299.7874999999999, 299.6474999999999, 299.4725, 299.4725, 299.4725, 299.30999999999995, 299.30999999999995, 299.115, 298.95249999999993, 298.95249999999993, 298.80249999999995, 298.6725, 298.6725, 298.52750000000003, 298.52750000000003, 298.40749999999997, 298.28999999999996, 298.21250000000003, 298.13, 298.13, 298.02500000000003, 298.02500000000003, 297.945, 297.76, 297.70750000000004, 297.70750000000004, 297.70750000000004, 297.63250000000005, 297.585, 297.5775, 297.47249999999997, 297.445, 297.445, 297.4224999999999, 297.4224999999999, 297.4224999999999, 297.405, 297.405, 297.34, 297.34, 297.34, 297.34, 297.34, 297.3174999999999, 297.3174999999999, 297.3174999999999, 297.3174999999999, 297.3174999999999, 297.3174999999999, 297.3174999999999, 297.3174999999999, 297.3174999999999, 297.3174999999999, 297.3174999999999, 297.3174999999999, 297.3174999999999, 297.3174999999999, 297.3174999999999, 297.3174999999999, 297.3174999999999, 297.3174999999999, 297.3174999999999, 297.3174999999999, 297.3174999999999, 297.3174999999999, 297.3174999999999, 297.3174999999999, 297.3174999999999, 297.3174999999999, 297.3174999999999, 297.3174999999999, 297.3174999999999, 297.3174999999999, 297.3174999999999, 297.3174999999999, 297.3174999999999, 297.3174999999999, 297.3174999999999, 297.3174999999999, 297.3174999999999, 297.3174999999999, 297.3174999999999, 297.3174999999999, 297.3174999999999, 297.3174999999999, 297.3174999999999, 297.3174999999999, 297.3174999999999, 297.3174999999999, 297.3174999999999, 297.3174999999999, 297.3174999999999, 297.3174999999999, 297.3174999999999, 297.3174999999999, 297.3174999999999, 297.3174999999999, 297.3174999999999, 297.3174999999999, 297.3174999999999, 297.3174999999999, 297.3174999999999, 297.3174999999999, 297.3174999999999, 297.3174999999999, 297.3174999999999, 297.3174999999999, 297.3174999999999, 297.3174999999999, 297.3174999999999, 297.3174999999999, 297.3174999999999, 297.3174999999999, 297.3174999999999, 297.3174999999999, 297.3174999999999, 297.3174999999999, 297.3174999999999, 297.3174999999999, 297.3174999999999, 297.3174999999999, 297.3174999999999, 297.3174999999999, 297.3174999999999, 297.3174999999999, 297.3174999999999, 297.3174999999999, 297.3174999999999, 297.3174999999999, 297.3174999999999, 297.3174999999999, 297.3174999999999, 297.3174999999999, 297.3174999999999, 297.3174999999999, 297.3174999999999, 297.3174999999999, 297.3174999999999, 297.3174999999999, 297.3174999999999, 297.3174999999999, 297.3174999999999, 297.3174999999999, 297.3174999999999, 297.3174999999999]

Execution 2:
Parametros: P=1000, Pe=0.3, Pm=0.15, pe=0.7, Parada=100
Start Time (hh:mm:ss.ms) 2023-07-17 10:10:09.821331
gen	min    	max   	avg    	std    
0  	324.777	339.64	332.692	2.33799
2  	323.34 	338.972	330.589	2.34715
3  	323.022	339.105	330.067	2.4526 
4  	322.303	338.94 	329.813	2.60619
8  	321.495	340.343	328.782	2.95689
11 	319.185	338.862	328.254	3.22168
22 	318.83 	339.19 	326.643	3.66864
23 	318.817	338.43 	326.455	3.81489
27 	318.71 	339.267	325.478	3.99274
28 	317.945	340.1  	325.105	4.01394
30 	317.715	337.892	324.271	4.29945
31 	315.41 	338.875	323.91 	4.2885 
33 	312.75 	339.708	322.853	4.6305 
40 	312.47 	338.64 	319.39 	5.92193
42 	311.255	338.688	318.493	6.22239
45 	311.225	340.618	317.088	6.61725
46 	310.82 	338.195	316.735	6.86374
47 	310.26 	338.693	316.397	6.99462
48 	310.248	338.27 	316.015	7.12133
49 	309.585	338.305	315.753	7.35983
50 	308.943	338.56 	315.393	7.42804
51 	308.898	339.992	315.081	7.59736
53 	308.64 	339.217	314.492	7.79866
54 	308.162	337.935	314.14 	7.82403
55 	307.38 	340.295	313.817	8.06586
56 	306.632	338.373	313.545	8.24678
59 	306.548	338.415	312.622	8.58627
60 	306.28 	337.76 	312.221	8.5507 
61 	305.808	338.387	311.912	8.71247
62 	305.27 	339.038	311.64 	8.82521
63 	304.222	338.585	311.338	8.97969
66 	304.033	338.775	310.43 	9.36347
67 	303.978	337.462	310.174	9.42515
68 	303.605	339.263	309.954	9.75067
69 	303.162	337.3  	309.531	9.56212
70 	302.795	341.602	309.311	9.84984
72 	302.365	338.748	308.757	10.1028
73 	301.718	339.888	308.579	10.2878
75 	301.183	339.037	308.086	10.4283
80 	300.503	337.928	307.013	10.7958
83 	300.42 	338.805	306.482	11.0139
84 	300.193	337.645	306.303	11.0472
85 	299.845	339.022	306.123	11.1042
87 	299.445	337.577	305.732	11.2357
88 	299.243	338.247	305.641	11.5206
89 	299.208	338.855	305.468	11.6264
90 	298.95 	338.723	305.259	11.511 
91 	298.8  	338.043	305.087	11.5178
94 	298.743	341.573	304.789	11.854 
96 	298.265	337.992	304.52 	11.8344
99 	298.093	338.935	304.173	12.0296
102	297.98 	337.572	303.883	12.1206
103	297.703	338.053	303.864	12.3581
106	297.635	337.962	303.506	12.2491
107	297.627	337.955	303.475	12.339 
108	297.488	339.017	303.409	12.3859
109	297.305	338.342	303.325	12.393 
112	297.243	338.207	303.059	12.465 
114	297.195	338.863	302.926	12.56  
115	297.108	338.435	302.842	12.5354
116	297.075	338.135	302.786	12.5713
117	297.005	337.907	302.756	12.6445
118	297.003	338.247	302.695	12.6609
119	296.92 	339.165	302.568	12.5365
120	296.773	338.562	302.534	12.6262
122	296.72 	340.727	302.416	12.6658
123	296.603	340.002	302.411	12.8101
126	296.598	339.29 	302.227	12.7527
128	296.553	338.52 	302.192	12.8685
131	296.54 	338.01 	302.112	12.8795
132	296.498	339.507	302.142	12.9966
134	296.445	336.705	301.975	12.7391
136	296.445	339.933	302.015	12.8877
237	296.445	336.94 	301.854	12.9095
End Time (hh:mm:ss.ms) 2023-07-17 10:11:41.260788
Total Time (hh:mm:ss.ms) 0:01:31.439457
Individuo: [[14, 69, 64, 77, 32, 68, 28, 18, 37, 26, 39, 21, 40, 46, 25, 38, 16, 33, 51, 31, 43, 10, 4, 70, 15, 13, 75, 24, 63, 5, 41, 1, 61, 36, 44, 48, 0, 54, 6, 59, 71, 53, 45, 20, 57, 60, 67, 22, 78, 66, 74, 47, 49, 65, 9, 55, 62, 79, 17, 34, 7, 72, 30, 50, 27, 76, 52, 2, 23, 73, 29, 58, 11, 8, 42, 12, 19, 56, 35, 3], [0, 1, 0, 1, 1, 1, 0, 0, 0, 0, 1, 0, 1, 1, 1, 1, 1, 0, 1, 1, 1, 0, 0, 0, 0, 0, 0, 0, 0, 1, 1, 1, 0, 0, 0, 0, 0, 0, 1, 0, 0, 1, 0, 0, 0, 0, 0, 1, 1, 1, 0, 0, 1, 1, 1, 1, 1, 0, 0, 1, 1, 1, 1, 0, 0, 1, 1, 1, 1, 0, 0, 0, 0, 0, 1, 0, 1, 0, 0, 1]]
Fitness:  296.4450000000001
Gens:  [0, 1, 2, 3, 4, 5, 6, 7, 8, 9, 10, 11, 12, 13, 14, 15, 16, 17, 18, 19, 20, 21, 22, 23, 24, 25, 26, 27, 28, 29, 30, 31, 32, 33, 34, 35, 36, 37, 38, 39, 40, 41, 42, 43, 44, 45, 46, 47, 48, 49, 50, 51, 52, 53, 54, 55, 56, 57, 58, 59, 60, 61, 62, 63, 64, 65, 66, 67, 68, 69, 70, 71, 72, 73, 74, 75, 76, 77, 78, 79, 80, 81, 82, 83, 84, 85, 86, 87, 88, 89, 90, 91, 92, 93, 94, 95, 96, 97, 98, 99, 100, 101, 102, 103, 104, 105, 106, 107, 108, 109, 110, 111, 112, 113, 114, 115, 116, 117, 118, 119, 120, 121, 122, 123, 124, 125, 126, 127, 128, 129, 130, 131, 132, 133, 134, 135, 136, 137, 138, 139, 140, 141, 142, 143, 144, 145, 146, 147, 148, 149, 150, 151, 152, 153, 154, 155, 156, 157, 158, 159, 160, 161, 162, 163, 164, 165, 166, 167, 168, 169, 170, 171, 172, 173, 174, 175, 176, 177, 178, 179, 180, 181, 182, 183, 184, 185, 186, 187, 188, 189, 190, 191, 192, 193, 194, 195, 196, 197, 198, 199, 200, 201, 202, 203, 204, 205, 206, 207, 208, 209, 210, 211, 212, 213, 214, 215, 216, 217, 218, 219, 220, 221, 222, 223, 224, 225, 226, 227, 228, 229, 230, 231, 232, 233, 234, 235, 236, 237]
Inds:  [324.7774999999999, 324.7774999999999, 323.33999999999986, 323.0225, 322.3025, 322.3025, 322.3025, 322.3025, 321.49499999999995, 321.49499999999995, 321.49499999999995, 319.18499999999995, 319.18499999999995, 319.18499999999995, 319.18499999999995, 319.18499999999995, 319.18499999999995, 319.18499999999995, 319.18499999999995, 319.18499999999995, 319.18499999999995, 319.18499999999995, 318.8299999999999, 318.8175, 318.8175, 318.8175, 318.8175, 318.71000000000004, 317.94499999999994, 317.94499999999994, 317.71499999999986, 315.4099999999999, 315.4099999999999, 312.7499999999999, 312.7499999999999, 312.7499999999999, 312.7499999999999, 312.7499999999999, 312.7499999999999, 312.7499999999999, 312.4699999999999, 312.4699999999999, 311.25499999999994, 311.25499999999994, 311.25499999999994, 311.22499999999997, 310.82, 310.25999999999993, 310.2475, 309.585, 308.94250000000005, 308.89750000000004, 308.89750000000004, 308.64, 308.16249999999997, 307.3799999999999, 306.63249999999994, 306.63249999999994, 306.63249999999994, 306.5475, 306.28000000000003, 305.80750000000006, 305.27, 304.22249999999997, 304.22249999999997, 304.22249999999997, 304.0325, 303.9775, 303.605, 303.16249999999997, 302.795, 302.795, 302.36500000000007, 301.7175000000001, 301.7175000000001, 301.18250000000006, 301.18250000000006, 301.18250000000006, 301.18250000000006, 301.18250000000006, 300.5025000000002, 300.5025000000002, 300.5025000000002, 300.42, 300.19250000000017, 299.84500000000025, 299.84500000000025, 299.4450000000003, 299.2425000000003, 299.20750000000015, 298.95000000000016, 298.8000000000002, 298.8000000000002, 298.8000000000002, 298.74250000000006, 298.74250000000006, 298.2650000000001, 298.2650000000001, 298.2650000000001, 298.09250000000014, 298.09250000000014, 298.09250000000014, 297.98000000000013, 297.7025000000001, 297.7025000000001, 297.7025000000001, 297.6350000000001, 297.6275, 297.4875, 297.3050000000001, 297.3050000000001, 297.3050000000001, 297.24250000000006, 297.24250000000006, 297.1950000000001, 297.10750000000013, 297.07500000000016, 297.0050000000001, 297.00250000000017, 296.9200000000001, 296.77250000000015, 296.77250000000015, 296.72000000000014, 296.60250000000013, 296.60250000000013, 296.60250000000013, 296.59750000000014, 296.59750000000014, 296.5525000000001, 296.5525000000001, 296.5525000000001, 296.5400000000001, 296.4975000000002, 296.4975000000002, 296.44500000000016, 296.44500000000016, 296.4450000000001, 296.4450000000001, 296.4450000000001, 296.4450000000001, 296.4450000000001, 296.4450000000001, 296.4450000000001, 296.4450000000001, 296.4450000000001, 296.4450000000001, 296.4450000000001, 296.4450000000001, 296.4450000000001, 296.4450000000001, 296.4450000000001, 296.4450000000001, 296.4450000000001, 296.4450000000001, 296.4450000000001, 296.4450000000001, 296.4450000000001, 296.4450000000001, 296.4450000000001, 296.4450000000001, 296.4450000000001, 296.4450000000001, 296.4450000000001, 296.4450000000001, 296.4450000000001, 296.4450000000001, 296.4450000000001, 296.4450000000001, 296.4450000000001, 296.4450000000001, 296.4450000000001, 296.4450000000001, 296.4450000000001, 296.4450000000001, 296.4450000000001, 296.4450000000001, 296.4450000000001, 296.4450000000001, 296.4450000000001, 296.4450000000001, 296.4450000000001, 296.4450000000001, 296.4450000000001, 296.4450000000001, 296.4450000000001, 296.4450000000001, 296.4450000000001, 296.4450000000001, 296.4450000000001, 296.4450000000001, 296.4450000000001, 296.4450000000001, 296.4450000000001, 296.4450000000001, 296.4450000000001, 296.4450000000001, 296.4450000000001, 296.4450000000001, 296.4450000000001, 296.4450000000001, 296.4450000000001, 296.4450000000001, 296.4450000000001, 296.4450000000001, 296.4450000000001, 296.4450000000001, 296.4450000000001, 296.4450000000001, 296.4450000000001, 296.4450000000001, 296.4450000000001, 296.4450000000001, 296.4450000000001, 296.4450000000001, 296.4450000000001, 296.4450000000001, 296.4450000000001, 296.4450000000001, 296.4450000000001, 296.4450000000001, 296.4450000000001, 296.4450000000001, 296.4450000000001, 296.4450000000001, 296.4450000000001, 296.4450000000001, 296.4450000000001, 296.4450000000001, 296.4450000000001, 296.4450000000001, 296.4450000000001, 296.4450000000001, 296.4450000000001, 296.4450000000001, 296.4450000000001, 296.4450000000001, 296.4450000000001, 296.4450000000001]

Execution 3:
Parametros: P=1000, Pe=0.3, Pm=0.15, pe=0.7, Parada=100
Start Time (hh:mm:ss.ms) 2023-07-17 10:11:42.608797
gen	min    	max    	avg    	std    
0  	325.433	339.425	332.717	2.37638
1  	323.39 	338.937	331.271	2.22609
3  	322.872	339.42 	330.157	2.57026
5  	322.793	337.675	329.441	2.76549
6  	322.33 	337.265	329.077	2.79953
7  	321.943	339.222	328.858	2.90552
8  	321.287	339.072	328.74 	3.13951
12 	320.39 	340.55 	327.719	3.31794
15 	320.067	338.622	327.222	3.53882
16 	319.68 	339.125	327    	3.55875
21 	319.582	339.722	326.38 	3.82454
26 	319.442	337.885	325.626	3.98859
27 	319.433	338.78 	325.489	4.06606
28 	318.21 	339.728	325.222	4.08995
30 	317.96 	338.72 	324.75 	4.16776
31 	317.175	338.49 	324.674	4.2283 
32 	316.955	337.993	324.347	4.22185
33 	316.905	338.847	323.936	4.19182
36 	316.075	340.867	323.24 	4.55967
39 	316.012	339.615	322.251	4.76832
40 	314.7  	338.095	321.978	4.95388
41 	314.307	340.015	321.519	5.05607
44 	313.62 	338.38 	320.301	5.47031
45 	313.402	338.655	319.931	5.7775 
46 	312.805	338.697	319.508	5.88865
48 	312.247	339.79 	318.62 	6.17794
49 	311.892	337.11 	318.09 	6.26212
50 	311.805	338.085	317.751	6.43118
51 	310.73 	336.783	317.298	6.50293
52 	310.605	338.827	316.888	6.70308
54 	310.197	339.543	316.257	7.13334
55 	309.765	340.263	315.916	7.22548
56 	309.417	338.505	315.635	7.40886
57 	308.983	339.52 	315.301	7.45788
59 	308.693	338.805	314.654	7.66098
60 	308.122	338.875	314.347	7.86876
61 	307.465	337.348	314.051	7.89262
63 	307.197	339.437	313.503	8.17952
65 	307.092	338.38 	313.008	8.41913
67 	306.712	338.353	312.522	8.41725
68 	305.98 	338.498	312.438	8.72995
69 	305.842	339.45 	312.156	8.75426
71 	305.377	338.3  	311.661	8.87894
72 	305.317	337.062	311.495	8.91216
73 	305.06 	338.38 	311.382	9.13013
75 	304.53 	339.262	310.871	9.22517
76 	304.337	337.83 	310.692	9.35244
78 	303.367	337.145	310.249	9.34195
82 	302.71 	338.685	309.386	9.78322
84 	302.62 	338.538	308.963	10.0579
85 	302.51 	339.382	308.799	10.3002
86 	302.392	338.602	308.479	10.1963
87 	302.012	339.227	308.276	10.3801
88 	301.75 	338.917	307.999	10.4762
89 	301.052	337.7  	307.73 	10.5554
91 	300.678	338.752	307.227	10.6744
92 	300.543	339.458	307.018	10.85  
93 	300.14 	338.748	306.759	11.0025
94 	300.053	339.42 	306.487	11.0988
95 	299.667	339.91 	306.269	11.2484
97 	299.31 	337.8  	305.778	11.3644
99 	299.265	338.525	305.381	11.4977
100	298.743	340.067	305.212	11.591 
102	298.468	339.548	304.774	11.5522
104	298.155	337.348	304.428	11.7602
105	297.968	340.27 	304.309	11.9294
106	297.938	337.945	304.171	12.0602
108	297.12 	338.697	303.842	12.1506
112	297.103	337.55 	303.33 	12.3189
113	296.99 	339.037	303.284	12.5305
114	296.925	339.997	303.166	12.5454
115	296.84 	338.735	303.047	12.5709
119	296.815	338.308	302.653	12.7159
121	296.77 	338.822	302.459	12.6367
123	296.75 	338.618	302.43 	12.8711
125	296.715	339.225	302.315	12.8079
126	296.688	339.402	302.248	12.7691
127	296.56 	340.005	302.271	12.9031
128	296.488	337.35 	302.237	12.8839
130	296.435	338.972	302.152	12.8019
133	296.398	339.485	302.165	12.9972
134	296.295	338.158	302.097	12.9029
135	296.268	338.41 	302.062	12.9434
136	296.225	339.61 	301.978	12.7975
140	296.16 	339.14 	301.741	12.9568
145	296.09 	338.54 	301.7  	13.0521
150	296.063	338.86 	301.736	13.1288
251	296.063	337.132	301.537	13.0533
End Time (hh:mm:ss.ms) 2023-07-17 10:13:16.176926
Total Time (hh:mm:ss.ms) 0:01:33.568129
Individuo: [[57, 47, 65, 9, 55, 32, 66, 67, 5, 41, 78, 43, 7, 40, 63, 30, 11, 48, 0, 37, 76, 8, 50, 27, 2, 21, 10, 61, 22, 1, 19, 12, 72, 4, 36, 46, 24, 38, 45, 31, 62, 68, 49, 28, 35, 56, 34, 79, 17, 51, 71, 75, 44, 15, 52, 23, 70, 42, 73, 29, 58, 13, 39, 26, 54, 6, 59, 16, 53, 33, 18, 25, 77, 64, 20, 74, 60, 3, 69, 14], [1, 1, 1, 1, 1, 0, 1, 1, 0, 1, 1, 0, 0, 1, 1, 1, 0, 0, 0, 0, 1, 0, 0, 0, 1, 0, 0, 1, 1, 0, 0, 1, 0, 1, 0, 1, 1, 0, 0, 0, 1, 1, 1, 1, 1, 1, 1, 1, 1, 1, 1, 0, 0, 0, 0, 0, 1, 1, 1, 0, 0, 1, 0, 1, 0, 1, 0, 0, 0, 0, 0, 1, 1, 1, 1, 1, 1, 1, 1, 1]]
Fitness:  296.06250000000006
Gens:  [0, 1, 2, 3, 4, 5, 6, 7, 8, 9, 10, 11, 12, 13, 14, 15, 16, 17, 18, 19, 20, 21, 22, 23, 24, 25, 26, 27, 28, 29, 30, 31, 32, 33, 34, 35, 36, 37, 38, 39, 40, 41, 42, 43, 44, 45, 46, 47, 48, 49, 50, 51, 52, 53, 54, 55, 56, 57, 58, 59, 60, 61, 62, 63, 64, 65, 66, 67, 68, 69, 70, 71, 72, 73, 74, 75, 76, 77, 78, 79, 80, 81, 82, 83, 84, 85, 86, 87, 88, 89, 90, 91, 92, 93, 94, 95, 96, 97, 98, 99, 100, 101, 102, 103, 104, 105, 106, 107, 108, 109, 110, 111, 112, 113, 114, 115, 116, 117, 118, 119, 120, 121, 122, 123, 124, 125, 126, 127, 128, 129, 130, 131, 132, 133, 134, 135, 136, 137, 138, 139, 140, 141, 142, 143, 144, 145, 146, 147, 148, 149, 150, 151, 152, 153, 154, 155, 156, 157, 158, 159, 160, 161, 162, 163, 164, 165, 166, 167, 168, 169, 170, 171, 172, 173, 174, 175, 176, 177, 178, 179, 180, 181, 182, 183, 184, 185, 186, 187, 188, 189, 190, 191, 192, 193, 194, 195, 196, 197, 198, 199, 200, 201, 202, 203, 204, 205, 206, 207, 208, 209, 210, 211, 212, 213, 214, 215, 216, 217, 218, 219, 220, 221, 222, 223, 224, 225, 226, 227, 228, 229, 230, 231, 232, 233, 234, 235, 236, 237, 238, 239, 240, 241, 242, 243, 244, 245, 246, 247, 248, 249, 250, 251]
Inds:  [325.4325, 323.38999999999993, 323.38999999999993, 322.87249999999983, 322.87249999999983, 322.79250000000013, 322.33000000000015, 321.9425000000001, 321.28749999999997, 321.28749999999997, 321.28749999999997, 321.28749999999997, 320.39000000000004, 320.39000000000004, 320.39000000000004, 320.0675, 319.68000000000006, 319.68000000000006, 319.68000000000006, 319.68000000000006, 319.68000000000006, 319.58249999999987, 319.58249999999987, 319.58249999999987, 319.58249999999987, 319.58249999999987, 319.4425, 319.4325, 318.21000000000004, 318.21000000000004, 317.95999999999987, 317.17499999999995, 316.9549999999999, 316.9049999999999, 316.9049999999999, 316.9049999999999, 316.07500000000005, 316.07500000000005, 316.07500000000005, 316.01249999999993, 314.6999999999999, 314.30749999999995, 314.30749999999995, 314.30749999999995, 313.6199999999999, 313.40249999999986, 312.805, 312.805, 312.2474999999999, 311.89249999999987, 311.805, 310.7299999999999, 310.6049999999999, 310.6049999999999, 310.1974999999998, 309.76499999999993, 309.41749999999996, 308.9825000000001, 308.9825000000001, 308.69250000000005, 308.1224999999999, 307.465, 307.465, 307.1975, 307.1975, 307.0925, 307.0925, 306.7124999999998, 305.9799999999999, 305.8425, 305.8425, 305.3774999999999, 305.3175, 305.05999999999983, 305.05999999999983, 304.52999999999986, 304.3374999999999, 304.3374999999999, 303.36749999999995, 303.36749999999995, 303.36749999999995, 303.36749999999995, 302.71000000000004, 302.71000000000004, 302.62, 302.50999999999993, 302.3925, 302.0124999999999, 301.74999999999983, 301.05249999999995, 301.05249999999995, 300.6775, 300.5425000000001, 300.14, 300.0525, 299.66749999999996, 299.66749999999996, 299.31000000000006, 299.31000000000006, 299.265, 298.7425, 298.7425, 298.4675000000001, 298.4675000000001, 298.155, 297.96750000000003, 297.93750000000006, 297.93750000000006, 297.12000000000006, 297.12000000000006, 297.12000000000006, 297.12000000000006, 297.1025, 296.98999999999995, 296.925, 296.8400000000001, 296.8400000000001, 296.8400000000001, 296.8400000000001, 296.815, 296.815, 296.77, 296.77, 296.75000000000006, 296.75000000000006, 296.7150000000001, 296.68750000000006, 296.5600000000001, 296.4875000000001, 296.4875000000001, 296.4350000000001, 296.4350000000001, 296.4350000000001, 296.3975000000001, 296.29500000000013, 296.26750000000015, 296.22500000000014, 296.22500000000014, 296.22500000000014, 296.22500000000014, 296.1600000000001, 296.1600000000001, 296.1600000000001, 296.1600000000001, 296.1600000000001, 296.0900000000001, 296.0900000000001, 296.0900000000001, 296.0900000000001, 296.0900000000001, 296.06250000000006, 296.06250000000006, 296.06250000000006, 296.06250000000006, 296.06250000000006, 296.06250000000006, 296.06250000000006, 296.06250000000006, 296.06250000000006, 296.06250000000006, 296.06250000000006, 296.06250000000006, 296.06250000000006, 296.06250000000006, 296.06250000000006, 296.06250000000006, 296.06250000000006, 296.06250000000006, 296.06250000000006, 296.06250000000006, 296.06250000000006, 296.06250000000006, 296.06250000000006, 296.06250000000006, 296.06250000000006, 296.06250000000006, 296.06250000000006, 296.06250000000006, 296.06250000000006, 296.06250000000006, 296.06250000000006, 296.06250000000006, 296.06250000000006, 296.06250000000006, 296.06250000000006, 296.06250000000006, 296.06250000000006, 296.06250000000006, 296.06250000000006, 296.06250000000006, 296.06250000000006, 296.06250000000006, 296.06250000000006, 296.06250000000006, 296.06250000000006, 296.06250000000006, 296.06250000000006, 296.06250000000006, 296.06250000000006, 296.06250000000006, 296.06250000000006, 296.06250000000006, 296.06250000000006, 296.06250000000006, 296.06250000000006, 296.06250000000006, 296.06250000000006, 296.06250000000006, 296.06250000000006, 296.06250000000006, 296.06250000000006, 296.06250000000006, 296.06250000000006, 296.06250000000006, 296.06250000000006, 296.06250000000006, 296.06250000000006, 296.06250000000006, 296.06250000000006, 296.06250000000006, 296.06250000000006, 296.06250000000006, 296.06250000000006, 296.06250000000006, 296.06250000000006, 296.06250000000006, 296.06250000000006, 296.06250000000006, 296.06250000000006, 296.06250000000006, 296.06250000000006, 296.06250000000006, 296.06250000000006, 296.06250000000006, 296.06250000000006, 296.06250000000006, 296.06250000000006, 296.06250000000006, 296.06250000000006, 296.06250000000006, 296.06250000000006, 296.06250000000006, 296.06250000000006, 296.06250000000006, 296.06250000000006, 296.06250000000006, 296.06250000000006, 296.06250000000006, 296.06250000000006, 296.06250000000006, 296.06250000000006, 296.06250000000006]

Execution 4:
Parametros: P=1000, Pe=0.3, Pm=0.15, pe=0.7, Parada=100
Start Time (hh:mm:ss.ms) 2023-07-17 10:13:17.534927
gen	min    	max    	avg    	std    
0  	322.622	342.018	332.533	2.29435
5  	321.743	338.988	329.402	2.70202
10 	321.59 	339.177	328.273	3.14282
11 	319.57 	338.77 	328.057	3.25521
20 	318.115	338.495	326.652	3.75107
22 	317.897	339.31 	326.143	3.75772
30 	317.145	338.318	324.499	4.18652
32 	316.935	339.687	324.021	4.42923
35 	316.488	338.827	323.048	4.57428
36 	315.925	338.095	322.856	4.61992
37 	315.357	339.01 	322.54 	4.88409
38 	313.632	338.827	322.11 	4.89145
41 	313.36 	338.748	321.099	5.24927
44 	313.077	337.65 	319.789	5.78728
45 	311.817	337.552	319.217	5.72249
46 	310.268	338.717	318.749	5.98615
51 	310.04 	338.258	316.622	6.88601
52 	309.79 	337.735	316.216	7.05504
55 	309.053	338.385	315.228	7.47987
56 	308.335	337.933	314.95 	7.53407
57 	308.078	338.45 	314.652	7.6783 
58 	307.822	338.655	314.338	7.77159
60 	307.213	337.98 	313.74 	7.97964
62 	306.942	341.722	313.139	8.30024
63 	306.615	338.55 	312.887	8.37871
64 	306.17 	338.007	312.652	8.48842
66 	305.317	337.962	312.186	8.65822
68 	304.83 	338.902	311.636	8.82455
70 	304.815	337.572	311.107	9.0722 
71 	304.39 	338.703	310.822	9.20758
73 	304.12 	339.187	310.234	9.43171
74 	303.998	339.963	309.992	9.61528
75 	303.585	338.36 	309.789	9.82047
76 	303.215	338.012	309.506	9.84802
78 	302.962	339.863	309.049	9.98912
79 	302.93 	337.777	308.799	9.90661
80 	302.303	337.458	308.569	9.98373
81 	302.24 	338.607	308.379	10.1117
82 	302.212	338.137	308.257	10.4316
83 	301.872	339.375	307.989	10.4195
84 	301.77 	338.487	307.749	10.4154
85 	301.627	339.232	307.627	10.7061
86 	301.285	338.137	307.346	10.583 
88 	301.225	339.698	306.988	10.7042
89 	300.96 	339.72 	306.893	10.9332
91 	300.585	337.675	306.489	10.9665
92 	300.457	338.475	306.334	11.0936
93 	300.42 	338.605	306.179	11.1646
94 	300.25 	337.967	306.1  	11.3436
95 	300.182	340.27 	305.932	11.3311
96 	300.015	339.4  	305.743	11.3178
97 	299.563	338.367	305.595	11.3991
100	299.35 	338.602	305.224	11.7275
101	299.315	340.107	305.073	11.7195
104	299.075	338.36 	304.723	11.7802
105	298.933	338.602	304.608	11.7555
106	298.915	339.003	304.575	11.9574
107	298.61 	338.548	304.428	11.8737
110	298.473	337.822	304.125	11.9238
111	298.348	339.078	304.062	12.004 
112	298.345	339.28 	304.04 	12.1926
114	298.29 	339.633	303.868	12.1907
117	298.282	338.882	303.678	12.3324
218	298.282	340.985	303.464	12.3718
End Time (hh:mm:ss.ms) 2023-07-17 10:14:40.196581
Total Time (hh:mm:ss.ms) 0:01:22.661654
Individuo: [[65, 47, 20, 69, 14, 17, 16, 53, 33, 51, 62, 56, 31, 55, 18, 59, 40, 21, 44, 8, 30, 6, 12, 63, 71, 75, 24, 46, 58, 29, 73, 50, 76, 48, 26, 39, 13, 15, 52, 23, 27, 70, 2, 37, 0, 54, 11, 7, 79, 41, 1, 78, 22, 61, 19, 5, 25, 68, 34, 43, 72, 10, 42, 4, 36, 38, 45, 77, 32, 66, 67, 60, 74, 35, 64, 49, 9, 28, 57, 3], [1, 0, 0, 0, 0, 0, 1, 1, 0, 1, 1, 1, 0, 1, 0, 1, 1, 1, 0, 0, 0, 1, 0, 1, 0, 1, 0, 0, 1, 1, 1, 0, 0, 0, 0, 1, 0, 1, 0, 1, 1, 0, 0, 1, 0, 0, 1, 0, 1, 1, 1, 0, 0, 0, 1, 1, 1, 0, 1, 1, 0, 0, 0, 1, 0, 0, 0, 1, 1, 1, 1, 1, 1, 1, 0, 1, 1, 1, 0, 0]]
Fitness:  298.28249999999997
Gens:  [0, 1, 2, 3, 4, 5, 6, 7, 8, 9, 10, 11, 12, 13, 14, 15, 16, 17, 18, 19, 20, 21, 22, 23, 24, 25, 26, 27, 28, 29, 30, 31, 32, 33, 34, 35, 36, 37, 38, 39, 40, 41, 42, 43, 44, 45, 46, 47, 48, 49, 50, 51, 52, 53, 54, 55, 56, 57, 58, 59, 60, 61, 62, 63, 64, 65, 66, 67, 68, 69, 70, 71, 72, 73, 74, 75, 76, 77, 78, 79, 80, 81, 82, 83, 84, 85, 86, 87, 88, 89, 90, 91, 92, 93, 94, 95, 96, 97, 98, 99, 100, 101, 102, 103, 104, 105, 106, 107, 108, 109, 110, 111, 112, 113, 114, 115, 116, 117, 118, 119, 120, 121, 122, 123, 124, 125, 126, 127, 128, 129, 130, 131, 132, 133, 134, 135, 136, 137, 138, 139, 140, 141, 142, 143, 144, 145, 146, 147, 148, 149, 150, 151, 152, 153, 154, 155, 156, 157, 158, 159, 160, 161, 162, 163, 164, 165, 166, 167, 168, 169, 170, 171, 172, 173, 174, 175, 176, 177, 178, 179, 180, 181, 182, 183, 184, 185, 186, 187, 188, 189, 190, 191, 192, 193, 194, 195, 196, 197, 198, 199, 200, 201, 202, 203, 204, 205, 206, 207, 208, 209, 210, 211, 212, 213, 214, 215, 216, 217, 218]
Inds:  [322.62249999999995, 322.62249999999995, 322.62249999999995, 322.62249999999995, 322.62249999999995, 321.74250000000006, 321.74250000000006, 321.74250000000006, 321.74250000000006, 321.74250000000006, 321.59000000000003, 319.57000000000005, 319.57000000000005, 319.57000000000005, 319.57000000000005, 319.57000000000005, 319.57000000000005, 319.57000000000005, 319.57000000000005, 319.57000000000005, 318.1149999999999, 318.1149999999999, 317.8975, 317.8975, 317.8975, 317.8975, 317.8975, 317.8975, 317.8975, 317.8975, 317.14499999999987, 317.14499999999987, 316.9349999999999, 316.9349999999999, 316.9349999999999, 316.4875, 315.92500000000007, 315.35749999999985, 313.6324999999999, 313.6324999999999, 313.6324999999999, 313.36, 313.36, 313.36, 313.07749999999993, 311.8175, 310.26750000000004, 310.26750000000004, 310.26750000000004, 310.26750000000004, 310.26750000000004, 310.04, 309.7899999999999, 309.7899999999999, 309.7899999999999, 309.05250000000007, 308.3349999999999, 308.07750000000004, 307.8225, 307.8225, 307.21250000000003, 307.21250000000003, 306.9425, 306.61499999999995, 306.1700000000001, 306.1700000000001, 305.31749999999994, 305.31749999999994, 304.8299999999999, 304.8299999999999, 304.8149999999999, 304.39, 304.39, 304.1199999999999, 303.9975, 303.5849999999999, 303.215, 303.215, 302.9624999999999, 302.92999999999995, 302.3025, 302.2399999999999, 302.2125, 301.8724999999999, 301.77, 301.6275, 301.28499999999997, 301.28499999999997, 301.225, 300.96000000000004, 300.96000000000004, 300.58500000000015, 300.4575, 300.4200000000001, 300.25, 300.18249999999995, 300.01499999999993, 299.5625000000001, 299.5625000000001, 299.5625000000001, 299.3500000000001, 299.31500000000005, 299.31500000000005, 299.31500000000005, 299.07500000000005, 298.9325, 298.91499999999996, 298.61000000000007, 298.61000000000007, 298.61000000000007, 298.4725, 298.3475, 298.345, 298.345, 298.29, 298.29, 298.29, 298.28249999999997, 298.28249999999997, 298.28249999999997, 298.28249999999997, 298.28249999999997, 298.28249999999997, 298.28249999999997, 298.28249999999997, 298.28249999999997, 298.28249999999997, 298.28249999999997, 298.28249999999997, 298.28249999999997, 298.28249999999997, 298.28249999999997, 298.28249999999997, 298.28249999999997, 298.28249999999997, 298.28249999999997, 298.28249999999997, 298.28249999999997, 298.28249999999997, 298.28249999999997, 298.28249999999997, 298.28249999999997, 298.28249999999997, 298.28249999999997, 298.28249999999997, 298.28249999999997, 298.28249999999997, 298.28249999999997, 298.28249999999997, 298.28249999999997, 298.28249999999997, 298.28249999999997, 298.28249999999997, 298.28249999999997, 298.28249999999997, 298.28249999999997, 298.28249999999997, 298.28249999999997, 298.28249999999997, 298.28249999999997, 298.28249999999997, 298.28249999999997, 298.28249999999997, 298.28249999999997, 298.28249999999997, 298.28249999999997, 298.28249999999997, 298.28249999999997, 298.28249999999997, 298.28249999999997, 298.28249999999997, 298.28249999999997, 298.28249999999997, 298.28249999999997, 298.28249999999997, 298.28249999999997, 298.28249999999997, 298.28249999999997, 298.28249999999997, 298.28249999999997, 298.28249999999997, 298.28249999999997, 298.28249999999997, 298.28249999999997, 298.28249999999997, 298.28249999999997, 298.28249999999997, 298.28249999999997, 298.28249999999997, 298.28249999999997, 298.28249999999997, 298.28249999999997, 298.28249999999997, 298.28249999999997, 298.28249999999997, 298.28249999999997, 298.28249999999997, 298.28249999999997, 298.28249999999997, 298.28249999999997, 298.28249999999997, 298.28249999999997, 298.28249999999997, 298.28249999999997, 298.28249999999997, 298.28249999999997, 298.28249999999997, 298.28249999999997, 298.28249999999997, 298.28249999999997, 298.28249999999997, 298.28249999999997, 298.28249999999997, 298.28249999999997, 298.28249999999997, 298.28249999999997, 298.28249999999997, 298.28249999999997, 298.28249999999997]

Execution 5:
Parametros: P=1000, Pe=0.3, Pm=0.15, pe=0.7, Parada=100
Start Time (hh:mm:ss.ms) 2023-07-17 10:14:41.639586
gen	min  	max    	avg    	std    
0  	324.4	341.035	332.665	2.34118
2  	323.033	338.763	330.735	2.40335
3  	322.91 	339.688	330.164	2.48928
6  	322.825	337.925	329.356	2.77892
9  	320.165	338.558	328.666	2.97467
22 	318.82 	338.885	326.122	3.6862 
25 	317.65 	338.54 	325.244	3.97711
27 	316.615	338.215	324.7  	4.11323
29 	315.71 	338.17 	323.976	4.37985
30 	315.483	338.58 	323.567	4.46708
34 	313.995	338.042	322.227	4.78202
39 	313.868	337.83 	320.723	5.39332
40 	313.52 	339.298	320.369	5.5653 
44 	311.977	339.983	319.157	6.04261
46 	311.945	337.46 	318.466	6.15152
47 	311.6  	338.527	318.14 	6.51825
48 	311.558	337.835	317.708	6.534  
49 	310.863	339.135	317.31 	6.66108
50 	310.517	339.315	316.985	6.77998
51 	309.835	337.33 	316.638	6.85427
52 	309.793	339.25 	316.229	7.01778
53 	309.33 	337.282	315.947	7.18645
55 	308.982	338.155	315.227	7.46636
56 	308.582	337.78 	314.874	7.50546
58 	307.65 	338.645	314.301	7.89368
59 	307.182	338.775	313.959	8.01367
61 	306.822	339.377	313.345	8.2127 
63 	306.38 	337.932	312.751	8.42435
66 	305.978	340.175	311.939	8.7519 
67 	305.795	341.433	311.815	8.8279 
68 	305.183	338.345	311.556	8.95892
69 	304.985	338.803	311.282	9.04907
72 	304.25 	338.085	310.557	9.21628
73 	304.16 	338.592	310.419	9.34705
74 	304.06 	337.417	310.266	9.49384
75 	303.958	337.395	310.059	9.47015
76 	303.497	338.813	309.842	9.56067
78 	303.09 	339.178	309.484	9.8389 
80 	302.8  	338.35 	309    	9.94498
82 	301.962	339.397	308.643	10.0734
87 	301.712	338.387	307.857	10.4182
88 	301.485	340.485	307.712	10.541 
89 	301.37 	338.168	307.619	10.7488
90 	301.33 	340.067	307.405	10.6684
91 	300.957	339.243	307.178	10.7976
93 	300.783	340.092	306.893	10.9892
94 	300.51 	339.118	306.669	10.9037
95 	300.163	338.11 	306.557	11.098 
97 	300.125	338.822	306.18 	11.195 
98 	300.093	338.733	305.962	11.1644
99 	300.025	338.763	305.765	11.184 
100	299.847	339.007	305.639	11.3294
101	299.66 	338.227	305.493	11.3834
102	299.465	337.15 	305.363	11.4473
103	299.363	339.715	305.179	11.4715
104	299.243	339.735	305.057	11.5298
105	299.07 	338.48 	304.916	11.5653
106	298.932	339.033	304.899	11.8659
107	298.71 	339.497	304.75 	11.8335
109	298.56 	339.705	304.544	11.933 
111	298.545	338.058	304.261	11.8385
112	298.505	338.585	304.201	12.0127
113	298.317	337.178	304.099	12.0349
114	298.275	338.377	304.008	12.1298
115	298.16 	338.242	303.896	12.1209
116	298.055	337.973	303.809	12.1205
117	297.998	340.145	303.735	12.1913
120	297.995	337.402	303.502	12.2175
121	297.96 	337.762	303.446	12.2965
122	297.932	339.495	303.395	12.3469
123	297.85 	338.895	303.343	12.3848
124	297.822	341.815	303.297	12.4135
125	297.785	338.972	303.232	12.3685
127	297.785	341.033	303.174	12.437 
128	297.708	340.267	303.09 	12.3385
131	297.673	337.847	303.048	12.4505
134	297.658	338.247	302.961	12.3785
235	297.658	339.615	302.85 	12.3963
End Time (hh:mm:ss.ms) 2023-07-17 10:16:09.687211
Total Time (hh:mm:ss.ms) 0:01:28.047625
Individuo: [[57, 3, 60, 1, 74, 35, 61, 36, 21, 72, 4, 50, 58, 76, 23, 2, 11, 27, 52, 0, 48, 42, 29, 73, 10, 40, 51, 55, 38, 45, 12, 19, 78, 43, 34, 79, 5, 17, 28, 18, 16, 71, 33, 70, 8, 44, 24, 75, 53, 31, 25, 6, 30, 54, 15, 26, 37, 39, 13, 59, 46, 63, 7, 41, 22, 66, 67, 56, 68, 32, 77, 62, 49, 9, 65, 14, 64, 20, 69, 47], [0, 0, 0, 1, 1, 1, 0, 0, 0, 0, 0, 0, 0, 0, 0, 1, 1, 0, 1, 1, 1, 1, 1, 1, 1, 0, 0, 0, 1, 0, 0, 1, 1, 0, 0, 1, 1, 1, 0, 0, 1, 1, 0, 0, 1, 1, 1, 1, 1, 1, 0, 0, 1, 1, 0, 0, 0, 0, 0, 1, 0, 0, 0, 1, 0, 1, 1, 1, 0, 0, 0, 0, 1, 0, 0, 0, 0, 0, 0, 1]]
Fitness:  297.6575
Gens:  [0, 1, 2, 3, 4, 5, 6, 7, 8, 9, 10, 11, 12, 13, 14, 15, 16, 17, 18, 19, 20, 21, 22, 23, 24, 25, 26, 27, 28, 29, 30, 31, 32, 33, 34, 35, 36, 37, 38, 39, 40, 41, 42, 43, 44, 45, 46, 47, 48, 49, 50, 51, 52, 53, 54, 55, 56, 57, 58, 59, 60, 61, 62, 63, 64, 65, 66, 67, 68, 69, 70, 71, 72, 73, 74, 75, 76, 77, 78, 79, 80, 81, 82, 83, 84, 85, 86, 87, 88, 89, 90, 91, 92, 93, 94, 95, 96, 97, 98, 99, 100, 101, 102, 103, 104, 105, 106, 107, 108, 109, 110, 111, 112, 113, 114, 115, 116, 117, 118, 119, 120, 121, 122, 123, 124, 125, 126, 127, 128, 129, 130, 131, 132, 133, 134, 135, 136, 137, 138, 139, 140, 141, 142, 143, 144, 145, 146, 147, 148, 149, 150, 151, 152, 153, 154, 155, 156, 157, 158, 159, 160, 161, 162, 163, 164, 165, 166, 167, 168, 169, 170, 171, 172, 173, 174, 175, 176, 177, 178, 179, 180, 181, 182, 183, 184, 185, 186, 187, 188, 189, 190, 191, 192, 193, 194, 195, 196, 197, 198, 199, 200, 201, 202, 203, 204, 205, 206, 207, 208, 209, 210, 211, 212, 213, 214, 215, 216, 217, 218, 219, 220, 221, 222, 223, 224, 225, 226, 227, 228, 229, 230, 231, 232, 233, 234, 235]
Inds:  [324.4, 324.4, 323.0325, 322.9099999999999, 322.9099999999999, 322.9099999999999, 322.8249999999998, 322.8249999999998, 322.8249999999998, 320.1650000000001, 320.1650000000001, 320.1650000000001, 320.1650000000001, 320.1650000000001, 320.1650000000001, 320.1650000000001, 320.1650000000001, 320.1650000000001, 320.1650000000001, 320.1650000000001, 320.1650000000001, 320.1650000000001, 318.81999999999994, 318.81999999999994, 318.81999999999994, 317.64999999999986, 317.64999999999986, 316.61499999999995, 316.61499999999995, 315.7099999999999, 315.4825, 315.4825, 315.4825, 315.4825, 313.995, 313.995, 313.995, 313.995, 313.995, 313.8675, 313.5199999999999, 313.5199999999999, 313.5199999999999, 313.5199999999999, 311.97749999999985, 311.97749999999985, 311.9450000000001, 311.59999999999997, 311.5575, 310.86250000000007, 310.5175, 309.83499999999975, 309.7925, 309.32999999999987, 309.32999999999987, 308.9824999999998, 308.5825, 308.5825, 307.6500000000001, 307.18249999999995, 307.18249999999995, 306.82249999999993, 306.82249999999993, 306.37999999999994, 306.37999999999994, 306.37999999999994, 305.9775, 305.79499999999996, 305.18250000000006, 304.9849999999999, 304.9849999999999, 304.9849999999999, 304.25, 304.1599999999999, 304.06, 303.95750000000004, 303.4974999999999, 303.4974999999999, 303.0899999999999, 303.0899999999999, 302.79999999999995, 302.79999999999995, 301.9624999999999, 301.9624999999999, 301.9624999999999, 301.9624999999999, 301.9624999999999, 301.7125, 301.4849999999999, 301.36999999999995, 301.33000000000004, 300.9575, 300.9575, 300.7825000000001, 300.51, 300.1625, 300.1625, 300.125, 300.0925000000001, 300.025, 299.84749999999997, 299.65999999999997, 299.46500000000003, 299.3625, 299.2425, 299.06999999999994, 298.93249999999995, 298.71000000000004, 298.71000000000004, 298.56, 298.56, 298.54499999999996, 298.50499999999994, 298.3175, 298.275, 298.16, 298.055, 297.99750000000006, 297.99750000000006, 297.99750000000006, 297.99499999999995, 297.96, 297.93249999999995, 297.85, 297.8225, 297.785, 297.785, 297.78499999999997, 297.70750000000004, 297.70750000000004, 297.70750000000004, 297.6725, 297.6725, 297.6725, 297.6575, 297.6575, 297.6575, 297.6575, 297.6575, 297.6575, 297.6575, 297.6575, 297.6575, 297.6575, 297.6575, 297.6575, 297.6575, 297.6575, 297.6575, 297.6575, 297.6575, 297.6575, 297.6575, 297.6575, 297.6575, 297.6575, 297.6575, 297.6575, 297.6575, 297.6575, 297.6575, 297.6575, 297.6575, 297.6575, 297.6575, 297.6575, 297.6575, 297.6575, 297.6575, 297.6575, 297.6575, 297.6575, 297.6575, 297.6575, 297.6575, 297.6575, 297.6575, 297.6575, 297.6575, 297.6575, 297.6575, 297.6575, 297.6575, 297.6575, 297.6575, 297.6575, 297.6575, 297.6575, 297.6575, 297.6575, 297.6575, 297.6575, 297.6575, 297.6575, 297.6575, 297.6575, 297.6575, 297.6575, 297.6575, 297.6575, 297.6575, 297.6575, 297.6575, 297.6575, 297.6575, 297.6575, 297.6575, 297.6575, 297.6575, 297.6575, 297.6575, 297.6575, 297.6575, 297.6575, 297.6575, 297.6575, 297.6575, 297.6575, 297.6575, 297.6575, 297.6575, 297.6575, 297.6575, 297.6575, 297.6575, 297.6575, 297.6575, 297.6575, 297.6575, 297.6575, 297.6575, 297.6575, 297.6575, 297.6575, 297.6575, 297.6575]

Execution 6:
Parametros: P=1000, Pe=0.3, Pm=0.15, pe=0.7, Parada=100
Start Time (hh:mm:ss.ms) 2023-07-17 10:16:11.070215
gen	min  	max   	avg    	std    
0  	323.6	339.01	332.528	2.38622
2  	323.28	339.08 	330.44 	2.50513
5  	323.112	340.18 	329.231	2.79574
8  	322.322	338.705	328.523	2.98922
9  	322.312	338.34 	328.271	3.05734
10 	321.132	338.267	328.006	3.19284
12 	320.535	337.535	327.555	3.22889
13 	319.295	339.735	327.383	3.41138
15 	319.075	337.567	326.745	3.41596
18 	318.787	339.445	326.025	3.68597
23 	318.48 	339.15 	324.732	4.03203
24 	317.507	337.737	324.39 	4.16242
25 	317.447	338.59 	324.02 	4.26454
26 	317.3  	338.733	323.748	4.37622
27 	317.175	341.26 	323.412	4.53141
29 	316.242	339.307	322.622	4.6986 
30 	315.712	338.675	322.218	4.93406
33 	313.535	338.738	320.948	5.25428
36 	312.91 	338.338	319.799	5.55755
37 	312.53 	336.617	319.55 	5.83392
38 	311.352	338.375	319.04 	5.85774
43 	310.897	337.46 	317.277	6.54893
44 	310.51 	338.715	316.93 	6.78756
45 	310.485	340.435	316.595	7.0159 
46 	309.275	337.95 	316.132	7.00127
49 	308.048	339.068	315.29 	7.52856
54 	307.712	338.585	313.733	8.12475
55 	307.37 	339.46 	313.459	8.14852
56 	306.46 	337.97 	313.161	8.29068
60 	304.997	337.747	312.008	8.72588
63 	304.863	342.748	311.201	9.10055
65 	303.322	338.72 	310.781	9.30276
71 	303.048	336.94 	309.418	9.81368
72 	302.738	338.505	309.194	9.83133
73 	302.345	337.322	309    	10.0366
75 	302.138	338.342	308.521	10.1389
76 	302.093	339.935	308.29 	10.2922
77 	301.412	338.498	308.047	10.2981
79 	300.863	338.605	307.68 	10.5764
81 	300.773	337.065	307.196	10.6944
82 	300.75 	337.575	307    	10.8373
83 	300.255	337.89 	306.763	10.898 
85 	300.18 	338.758	306.368	11.0612
87 	299.995	341.452	306.018	11.2912
88 	299.593	339.07 	305.805	11.3442
89 	299.37 	338.83 	305.652	11.4264
91 	299.285	339.39 	305.347	11.6341
92 	299.155	340.152	305.132	11.4717
93 	298.837	339.103	305.081	11.7227
96 	298.602	340.755	304.647	11.7982
97 	298.36 	340.165	304.551	11.9196
100	298.278	338.792	304.234	11.9957
101	298.075	337.103	304.11 	11.9713
102	297.957	339.212	304.073	12.1385
104	297.862	340.115	303.814	12.0348
105	297.565	339.047	303.799	12.2006
109	297.465	339.55 	303.477	12.289 
112	297.288	338.625	303.307	12.4506
114	297.08 	339.612	303.132	12.429 
116	296.99 	339.992	302.976	12.4908
117	296.87 	338.85 	302.913	12.5938
119	296.735	339.615	302.665	12.5328
121	296.47 	339.012	302.517	12.7483
126	296.402	338.275	302.134	12.9687
128	296.402	338.54 	302    	12.9865
229	296.402	338.452	301.815	12.9163
End Time (hh:mm:ss.ms) 2023-07-17 10:17:38.095911
Total Time (hh:mm:ss.ms) 0:01:27.025696
Individuo: [[57, 60, 20, 14, 47, 77, 62, 18, 33, 16, 46, 6, 2, 48, 44, 36, 12, 63, 21, 30, 11, 52, 0, 54, 39, 15, 37, 24, 71, 53, 38, 51, 55, 49, 32, 64, 28, 68, 9, 65, 45, 59, 40, 25, 31, 75, 13, 26, 76, 23, 8, 27, 50, 70, 42, 29, 58, 73, 4, 72, 10, 61, 22, 5, 43, 7, 79, 34, 56, 67, 1, 66, 19, 78, 41, 17, 35, 3, 74, 69], [0, 0, 0, 1, 1, 0, 0, 1, 1, 0, 0, 0, 0, 0, 1, 1, 1, 1, 1, 1, 1, 1, 0, 0, 1, 1, 1, 1, 0, 1, 0, 0, 0, 0, 0, 0, 0, 0, 0, 1, 1, 1, 1, 1, 0, 1, 1, 1, 1, 0, 0, 1, 1, 1, 1, 0, 0, 0, 1, 0, 0, 1, 1, 1, 0, 0, 0, 0, 0, 0, 1, 1, 0, 0, 0, 1, 0, 1, 0, 0]]
Fitness:  296.4024999999999
Gens:  [0, 1, 2, 3, 4, 5, 6, 7, 8, 9, 10, 11, 12, 13, 14, 15, 16, 17, 18, 19, 20, 21, 22, 23, 24, 25, 26, 27, 28, 29, 30, 31, 32, 33, 34, 35, 36, 37, 38, 39, 40, 41, 42, 43, 44, 45, 46, 47, 48, 49, 50, 51, 52, 53, 54, 55, 56, 57, 58, 59, 60, 61, 62, 63, 64, 65, 66, 67, 68, 69, 70, 71, 72, 73, 74, 75, 76, 77, 78, 79, 80, 81, 82, 83, 84, 85, 86, 87, 88, 89, 90, 91, 92, 93, 94, 95, 96, 97, 98, 99, 100, 101, 102, 103, 104, 105, 106, 107, 108, 109, 110, 111, 112, 113, 114, 115, 116, 117, 118, 119, 120, 121, 122, 123, 124, 125, 126, 127, 128, 129, 130, 131, 132, 133, 134, 135, 136, 137, 138, 139, 140, 141, 142, 143, 144, 145, 146, 147, 148, 149, 150, 151, 152, 153, 154, 155, 156, 157, 158, 159, 160, 161, 162, 163, 164, 165, 166, 167, 168, 169, 170, 171, 172, 173, 174, 175, 176, 177, 178, 179, 180, 181, 182, 183, 184, 185, 186, 187, 188, 189, 190, 191, 192, 193, 194, 195, 196, 197, 198, 199, 200, 201, 202, 203, 204, 205, 206, 207, 208, 209, 210, 211, 212, 213, 214, 215, 216, 217, 218, 219, 220, 221, 222, 223, 224, 225, 226, 227, 228, 229]
Inds:  [323.5999999999999, 323.5999999999999, 323.2799999999999, 323.2799999999999, 323.2799999999999, 323.1124999999999, 323.1124999999999, 323.1124999999999, 322.3225, 322.31249999999994, 321.1325, 321.1325, 320.53499999999985, 319.29499999999985, 319.29499999999985, 319.07500000000005, 319.07500000000005, 319.07500000000005, 318.7874999999999, 318.7874999999999, 318.7874999999999, 318.7874999999999, 318.7874999999999, 318.48, 317.50749999999994, 317.4475, 317.29999999999995, 317.1749999999999, 317.1749999999999, 316.24249999999995, 315.7125, 315.7125, 315.7125, 313.535, 313.535, 313.535, 312.91, 312.5299999999999, 311.3524999999999, 311.3524999999999, 311.3524999999999, 311.3524999999999, 311.3524999999999, 310.8975, 310.51000000000005, 310.485, 309.2749999999999, 309.2749999999999, 309.2749999999999, 308.0475000000001, 308.0475000000001, 308.0475000000001, 308.0475000000001, 308.0475000000001, 307.7125, 307.36999999999983, 306.46000000000004, 306.46000000000004, 306.46000000000004, 306.46000000000004, 304.99749999999983, 304.99749999999983, 304.99749999999983, 304.86250000000007, 304.86250000000007, 303.3225, 303.3225, 303.3225, 303.3225, 303.3225, 303.3225, 303.0475, 302.73750000000007, 302.3450000000001, 302.3450000000001, 302.1375000000001, 302.09250000000003, 301.4124999999999, 301.4124999999999, 300.8625, 300.8625, 300.77250000000004, 300.75000000000006, 300.25499999999994, 300.25499999999994, 300.17999999999995, 300.17999999999995, 299.995, 299.59250000000003, 299.37, 299.37, 299.285, 299.15500000000003, 298.8374999999999, 298.8374999999999, 298.8374999999999, 298.60249999999996, 298.35999999999996, 298.35999999999996, 298.35999999999996, 298.2775000000001, 298.075, 297.9575, 297.9575, 297.86249999999995, 297.565, 297.565, 297.565, 297.565, 297.465, 297.465, 297.465, 297.2875, 297.2875, 297.08000000000004, 297.08000000000004, 296.99, 296.87000000000006, 296.87000000000006, 296.73499999999996, 296.73499999999996, 296.47, 296.47, 296.47, 296.47, 296.47, 296.4025, 296.4025, 296.4024999999999, 296.4024999999999, 296.4024999999999, 296.4024999999999, 296.4024999999999, 296.4024999999999, 296.4024999999999, 296.4024999999999, 296.4024999999999, 296.4024999999999, 296.4024999999999, 296.4024999999999, 296.4024999999999, 296.4024999999999, 296.4024999999999, 296.4024999999999, 296.4024999999999, 296.4024999999999, 296.4024999999999, 296.4024999999999, 296.4024999999999, 296.4024999999999, 296.4024999999999, 296.4024999999999, 296.4024999999999, 296.4024999999999, 296.4024999999999, 296.4024999999999, 296.4024999999999, 296.4024999999999, 296.4024999999999, 296.4024999999999, 296.4024999999999, 296.4024999999999, 296.4024999999999, 296.4024999999999, 296.4024999999999, 296.4024999999999, 296.4024999999999, 296.4024999999999, 296.4024999999999, 296.4024999999999, 296.4024999999999, 296.4024999999999, 296.4024999999999, 296.4024999999999, 296.4024999999999, 296.4024999999999, 296.4024999999999, 296.4024999999999, 296.4024999999999, 296.4024999999999, 296.4024999999999, 296.4024999999999, 296.4024999999999, 296.4024999999999, 296.4024999999999, 296.4024999999999, 296.4024999999999, 296.4024999999999, 296.4024999999999, 296.4024999999999, 296.4024999999999, 296.4024999999999, 296.4024999999999, 296.4024999999999, 296.4024999999999, 296.4024999999999, 296.4024999999999, 296.4024999999999, 296.4024999999999, 296.4024999999999, 296.4024999999999, 296.4024999999999, 296.4024999999999, 296.4024999999999, 296.4024999999999, 296.4024999999999, 296.4024999999999, 296.4024999999999, 296.4024999999999, 296.4024999999999, 296.4024999999999, 296.4024999999999, 296.4024999999999, 296.4024999999999, 296.4024999999999, 296.4024999999999, 296.4024999999999, 296.4024999999999, 296.4024999999999, 296.4024999999999, 296.4024999999999, 296.4024999999999, 296.4024999999999, 296.4024999999999, 296.4024999999999, 296.4024999999999, 296.4024999999999, 296.4024999999999, 296.4024999999999, 296.4024999999999]

Execution 7:
Parametros: P=1000, Pe=0.3, Pm=0.15, pe=0.7, Parada=100
Start Time (hh:mm:ss.ms) 2023-07-17 10:17:39.470506
gen	min    	max    	avg    	std    
0  	326.307	339.965	332.642	2.44074
1  	324.097	339.305	331.088	2.32167
2  	323.748	337.95 	330.478	2.39356
4  	322.84 	339.577	329.735	2.71872
6  	322.53 	338.465	329.146	2.79074
8  	321.835	339.835	328.7  	3.05766
10 	320.63 	338.18 	328.325	3.19855
17 	319.7  	339.318	326.954	3.56286
18 	318.82 	337.68 	326.846	3.58031
24 	318.57 	338.147	325.724	3.93902
27 	317.695	340.25 	325.189	4.16017
30 	316.927	338.553	324.5  	4.2309 
35 	314.475	339.532	322.961	4.59378
39 	314.227	338.425	321.821	5.11459
42 	314    	339.348	320.759	5.45639
43 	312.75 	339.68 	320.423	5.61198
49 	312.217	338.212	318.333	6.24981
50 	311.567	338.605	318.033	6.37433
51 	311.357	338.68 	317.79 	6.57021
52 	311.238	339.477	317.482	6.52907
53 	310.402	339.475	317.189	6.67155
56 	310.04 	339.327	316.231	7.07494
57 	309.917	339.49 	315.93 	7.17048
58 	309.81 	338.972	315.691	7.48069
59 	308.562	337.865	315.306	7.4735 
61 	308.067	339.558	314.829	7.69031
64 	307.287	338.673	314.098	7.89254
66 	307.235	339.08 	313.672	8.06018
67 	307.21 	339.385	313.471	8.26145
69 	306.633	337.142	312.939	8.39576
71 	306.495	339.457	312.565	8.56386
72 	306.155	340.965	312.362	8.77208
73 	305.622	339.93 	312.194	8.82369
74 	305.563	340.672	311.915	8.78387
75 	305.115	339.29 	311.723	8.97704
76 	304.915	338.342	311.444	8.88224
78 	304.67 	338.188	310.873	9.15673
80 	304.16 	338.688	310.366	9.39331
81 	304.045	337.282	310.199	9.58508
82 	303.143	338.217	309.893	9.62207
86 	302.908	338.607	309.034	9.86528
87 	302.877	337.345	308.79 	9.9561 
88 	301.945	341.005	308.57 	10.1618
90 	301.673	338.347	308.122	10.4769
91 	301.188	337.522	307.848	10.487 
92 	300.983	337.65 	307.599	10.622 
93 	300.95 	339.062	307.326	10.6653
94 	300.643	338.177	307.088	10.8169
95 	300.407	338.805	306.854	10.8174
97 	300    	338.97 	306.398	10.9928
98 	299.908	338.357	306.171	11.1393
99 	299.85 	337.137	305.972	11.2804
100	299.83 	339.19 	305.754	11.3527
101	299.6  	337.738	305.597	11.5447
102	298.993	338.023	305.368	11.5397
104	298.56 	339.105	304.935	11.6218
107	298.555	338.798	304.471	11.9097
108	298.24 	337.105	304.312	11.8681
111	298.11 	339.213	304.01 	12.152 
112	298.01 	337.903	303.801	11.9674
113	297.912	336.858	303.75 	12.0706
114	297.735	338.457	303.654	12.1418
115	297.657	340.118	303.614	12.281 
117	297.652	340.348	303.393	12.3469
118	297.582	338.502	303.342	12.492 
119	297.53 	339.587	303.204	12.4347
120	297.422	338.967	303.093	12.4448
121	297.347	338.367	303.054	12.5521
122	297.245	340.047	302.975	12.569 
124	297.182	339.065	302.776	12.466 
126	297.147	339.113	302.722	12.672 
127	297.105	337.852	302.626	12.5697
128	297.102	339.7  	302.621	12.677 
129	297.07 	337.76 	302.565	12.6772
131	297.05 	338.673	302.5  	12.7563
134	297.05 	338.183	302.459	12.7483
235	297.05 	338.583	302.388	12.7354
End Time (hh:mm:ss.ms) 2023-07-17 10:19:09.156160
Total Time (hh:mm:ss.ms) 0:01:29.685654
Individuo: [[65, 9, 28, 32, 14, 20, 25, 36, 61, 78, 12, 19, 22, 1, 66, 43, 46, 10, 72, 44, 6, 18, 62, 77, 69, 64, 55, 49, 68, 51, 40, 30, 58, 29, 70, 2, 52, 23, 13, 59, 7, 41, 79, 24, 75, 54, 27, 8, 11, 50, 4, 73, 15, 26, 39, 37, 0, 48, 76, 42, 21, 63, 5, 17, 31, 33, 53, 71, 16, 38, 45, 34, 56, 35, 74, 67, 60, 3, 57, 47], [1, 1, 1, 0, 1, 1, 0, 1, 1, 1, 1, 1, 0, 0, 0, 0, 0, 1, 1, 0, 1, 0, 1, 1, 0, 0, 0, 0, 0, 1, 1, 1, 1, 1, 0, 0, 0, 0, 0, 1, 0, 1, 0, 1, 1, 1, 1, 1, 1, 0, 1, 1, 0, 1, 0, 0, 1, 1, 1, 0, 0, 0, 1, 1, 0, 1, 0, 0, 0, 0, 0, 0, 0, 0, 1, 0, 1, 1, 1, 1]]
Fitness:  297.0499999999999
Gens:  [0, 1, 2, 3, 4, 5, 6, 7, 8, 9, 10, 11, 12, 13, 14, 15, 16, 17, 18, 19, 20, 21, 22, 23, 24, 25, 26, 27, 28, 29, 30, 31, 32, 33, 34, 35, 36, 37, 38, 39, 40, 41, 42, 43, 44, 45, 46, 47, 48, 49, 50, 51, 52, 53, 54, 55, 56, 57, 58, 59, 60, 61, 62, 63, 64, 65, 66, 67, 68, 69, 70, 71, 72, 73, 74, 75, 76, 77, 78, 79, 80, 81, 82, 83, 84, 85, 86, 87, 88, 89, 90, 91, 92, 93, 94, 95, 96, 97, 98, 99, 100, 101, 102, 103, 104, 105, 106, 107, 108, 109, 110, 111, 112, 113, 114, 115, 116, 117, 118, 119, 120, 121, 122, 123, 124, 125, 126, 127, 128, 129, 130, 131, 132, 133, 134, 135, 136, 137, 138, 139, 140, 141, 142, 143, 144, 145, 146, 147, 148, 149, 150, 151, 152, 153, 154, 155, 156, 157, 158, 159, 160, 161, 162, 163, 164, 165, 166, 167, 168, 169, 170, 171, 172, 173, 174, 175, 176, 177, 178, 179, 180, 181, 182, 183, 184, 185, 186, 187, 188, 189, 190, 191, 192, 193, 194, 195, 196, 197, 198, 199, 200, 201, 202, 203, 204, 205, 206, 207, 208, 209, 210, 211, 212, 213, 214, 215, 216, 217, 218, 219, 220, 221, 222, 223, 224, 225, 226, 227, 228, 229, 230, 231, 232, 233, 234, 235]
Inds:  [326.30749999999995, 324.09749999999997, 323.7475000000001, 323.7475000000001, 322.84000000000003, 322.84000000000003, 322.53, 322.53, 321.8349999999999, 321.8349999999999, 320.63, 320.63, 320.63, 320.63, 320.63, 320.63, 320.63, 319.69999999999993, 318.82000000000005, 318.82000000000005, 318.82000000000005, 318.82000000000005, 318.82000000000005, 318.82000000000005, 318.57, 318.57, 318.57, 317.6949999999998, 317.6949999999998, 317.6949999999998, 316.9274999999998, 316.9274999999998, 316.9274999999998, 316.9274999999998, 316.9274999999998, 314.4749999999999, 314.4749999999999, 314.4749999999999, 314.4749999999999, 314.22749999999996, 314.22749999999996, 314.22749999999996, 313.9999999999999, 312.74999999999994, 312.74999999999994, 312.74999999999994, 312.74999999999994, 312.74999999999994, 312.74999999999994, 312.2175, 311.5674999999999, 311.3574999999999, 311.23750000000007, 310.4024999999999, 310.4024999999999, 310.4024999999999, 310.04, 309.91749999999985, 309.80999999999983, 308.56249999999983, 308.56249999999983, 308.0674999999998, 308.0674999999998, 308.0674999999998, 307.28749999999997, 307.28749999999997, 307.2349999999999, 307.2099999999999, 307.2099999999999, 306.63250000000005, 306.63250000000005, 306.4949999999999, 306.15499999999986, 305.62249999999995, 305.5625000000001, 305.11499999999995, 304.9149999999999, 304.9149999999999, 304.6699999999999, 304.6699999999999, 304.16, 304.045, 303.14250000000004, 303.14250000000004, 303.14250000000004, 303.14250000000004, 302.9075, 302.87749999999994, 301.94500000000005, 301.94500000000005, 301.6725, 301.18750000000006, 300.9825, 300.95000000000005, 300.64250000000015, 300.40749999999997, 300.40749999999997, 300.0, 299.9075000000001, 299.8499999999999, 299.83000000000004, 299.6, 298.9925, 298.9925, 298.55999999999995, 298.55999999999995, 298.55999999999995, 298.55499999999995, 298.24000000000007, 298.24000000000007, 298.24000000000007, 298.11, 298.01000000000005, 297.9124999999999, 297.73499999999996, 297.6574999999999, 297.6574999999999, 297.6525, 297.5824999999999, 297.53, 297.42249999999996, 297.34749999999997, 297.2449999999999, 297.2449999999999, 297.18249999999995, 297.18249999999995, 297.1475, 297.10499999999996, 297.10249999999996, 297.07, 297.07, 297.04999999999995, 297.04999999999995, 297.04999999999995, 297.0499999999999, 297.0499999999999, 297.0499999999999, 297.0499999999999, 297.0499999999999, 297.0499999999999, 297.0499999999999, 297.0499999999999, 297.0499999999999, 297.0499999999999, 297.0499999999999, 297.0499999999999, 297.0499999999999, 297.0499999999999, 297.0499999999999, 297.0499999999999, 297.0499999999999, 297.0499999999999, 297.0499999999999, 297.0499999999999, 297.0499999999999, 297.0499999999999, 297.0499999999999, 297.0499999999999, 297.0499999999999, 297.0499999999999, 297.0499999999999, 297.0499999999999, 297.0499999999999, 297.0499999999999, 297.0499999999999, 297.0499999999999, 297.0499999999999, 297.0499999999999, 297.0499999999999, 297.0499999999999, 297.0499999999999, 297.0499999999999, 297.0499999999999, 297.0499999999999, 297.0499999999999, 297.0499999999999, 297.0499999999999, 297.0499999999999, 297.0499999999999, 297.0499999999999, 297.0499999999999, 297.0499999999999, 297.0499999999999, 297.0499999999999, 297.0499999999999, 297.0499999999999, 297.0499999999999, 297.0499999999999, 297.0499999999999, 297.0499999999999, 297.0499999999999, 297.0499999999999, 297.0499999999999, 297.0499999999999, 297.0499999999999, 297.0499999999999, 297.0499999999999, 297.0499999999999, 297.0499999999999, 297.0499999999999, 297.0499999999999, 297.0499999999999, 297.0499999999999, 297.0499999999999, 297.0499999999999, 297.0499999999999, 297.0499999999999, 297.0499999999999, 297.0499999999999, 297.0499999999999, 297.0499999999999, 297.0499999999999, 297.0499999999999, 297.0499999999999, 297.0499999999999, 297.0499999999999, 297.0499999999999, 297.0499999999999, 297.0499999999999, 297.0499999999999, 297.0499999999999, 297.0499999999999, 297.0499999999999, 297.0499999999999, 297.0499999999999, 297.0499999999999, 297.0499999999999, 297.0499999999999, 297.0499999999999, 297.0499999999999, 297.0499999999999, 297.0499999999999, 297.0499999999999, 297.0499999999999, 297.0499999999999, 297.0499999999999]

Execution 8:
Parametros: P=1000, Pe=0.3, Pm=0.15, pe=0.7, Parada=100
Start Time (hh:mm:ss.ms) 2023-07-17 10:19:10.657127
gen	min    	max    	avg   	std    
0  	326.007	339.857	332.67	2.32539
1  	324.962	339.225	331.329	2.26556
3  	322.015	338.392	330.163	2.49242
7  	320.43 	338.67 	328.957	2.88036
16 	319.01 	338.122	327.311	3.47832
20 	318.228	338.285	326.626	3.62817
25 	317.827	340.295	325.64 	3.87801
27 	316.725	338.23 	325.128	4.09288
32 	315.848	339.493	323.406	4.43169
33 	315.805	338.757	323.062	4.58162
35 	315.413	338.07 	322.404	4.87977
36 	315.373	337.348	321.815	4.87354
37 	314.68 	339.54 	321.475	5.0839 
38 	313.708	340.162	320.999	5.26494
40 	313.275	339.15 	320.133	5.60954
43 	313.047	338.645	319.148	6.0042 
44 	312.185	338.607	318.719	6.13729
46 	310.665	339.25 	317.919	6.26532
48 	309.942	340.05 	317.291	6.84425
52 	309.458	339.9  	315.991	7.25075
54 	308.65 	340.475	315.354	7.4426 
56 	308.588	339.432	314.703	7.70154
57 	308.027	338.22 	314.471	7.75944
58 	307.883	338.325	314.207	7.93854
60 	307.792	338.522	313.732	8.10617
61 	306.803	338.967	313.408	8.13643
64 	306.477	339.992	312.664	8.5315 
65 	305.652	338.393	312.422	8.6936 
66 	305.4  	339.76 	312.191	8.85824
69 	305.265	338.7  	311.319	9.05254
70 	305.182	338.92 	311.101	9.18034
71 	304.438	339.672	310.902	9.2726 
72 	304.388	338.535	310.67 	9.35426
74 	303.925	340.83 	310.214	9.49352
75 	303.385	338.615	310.029	9.67959
76 	302.923	340.475	309.819	9.81018
77 	302.22 	338.93 	309.554	9.83018
81 	302.192	338.25 	308.737	10.1187
83 	301.517	339.49 	308.331	10.2194
84 	301.355	338.555	308.155	10.3306
85 	301.188	338.01 	307.954	10.4337
88 	300.543	338.315	307.399	10.6165
89 	300.26 	338.102	307.22 	10.7606
93 	300.12 	338.845	306.449	11.0972
94 	299.408	340.208	306.246	11.1185
97 	299.3  	338.585	305.704	11.3014
98 	299.27 	338.245	305.629	11.436 
100	298.99 	338.275	305.37 	11.5298
101	298.815	339.8  	305.219	11.634 
102	298.803	339.27 	305.046	11.6121
103	298.505	338.527	304.929	11.7146
105	298.073	338.17 	304.587	11.8427
106	297.955	338.317	304.44 	11.9038
107	297.928	337.962	304.293	11.944 
108	297.783	339.73 	304.133	11.9497
109	297.405	339.657	304.042	12.0434
112	297.143	338.125	303.59 	12.2318
113	297.128	339.437	303.433	12.3014
115	296.858	338.3  	303.164	12.5062
116	296.768	340.82 	302.971	12.5019
117	296.578	338.857	302.857	12.6046
119	296.45 	338.798	302.6  	12.7115
120	296.328	338.49 	302.459	12.767 
122	296.028	338.783	302.22 	12.8242
123	296.028	338.49 	302.099	12.8721
124	295.958	338.213	302.069	13.0897
126	295.883	338.928	301.766	12.8603
127	295.865	338.405	301.768	13.0524
128	295.858	337.465	301.685	13.0536
129	295.795	338.378	301.603	13.0632
130	295.695	338.58 	301.542	13.0978
131	295.568	338.78 	301.512	13.2061
132	295.548	339.705	301.451	13.2209
133	295.495	340.54 	301.344	13.1465
134	295.468	338.138	301.335	13.2862
135	295.398	338.93 	301.23 	13.2429
236	295.398	337.912	300.973	13.3034
End Time (hh:mm:ss.ms) 2023-07-17 10:20:40.121715
Total Time (hh:mm:ss.ms) 0:01:29.464588
Individuo: [[47, 65, 9, 49, 55, 31, 59, 13, 39, 75, 24, 43, 61, 1, 78, 41, 22, 66, 74, 64, 32, 68, 28, 33, 71, 16, 53, 45, 25, 12, 19, 5, 79, 7, 46, 40, 63, 6, 52, 76, 58, 29, 4, 42, 27, 37, 26, 54, 50, 70, 73, 8, 23, 11, 30, 2, 48, 0, 15, 44, 21, 36, 10, 72, 38, 51, 18, 34, 62, 17, 56, 60, 3, 67, 35, 77, 20, 14, 69, 57], [1, 1, 1, 1, 1, 1, 0, 1, 1, 0, 0, 1, 1, 0, 1, 1, 0, 1, 0, 0, 1, 1, 0, 1, 1, 1, 1, 0, 0, 0, 1, 1, 0, 1, 0, 0, 0, 0, 0, 1, 1, 1, 0, 0, 0, 1, 1, 0, 1, 1, 1, 1, 0, 0, 0, 0, 0, 0, 1, 1, 0, 1, 1, 1, 0, 0, 0, 0, 0, 0, 0, 1, 0, 1, 1, 1, 0, 1, 0, 0]]
Fitness:  295.3975000000001
Gens:  [0, 1, 2, 3, 4, 5, 6, 7, 8, 9, 10, 11, 12, 13, 14, 15, 16, 17, 18, 19, 20, 21, 22, 23, 24, 25, 26, 27, 28, 29, 30, 31, 32, 33, 34, 35, 36, 37, 38, 39, 40, 41, 42, 43, 44, 45, 46, 47, 48, 49, 50, 51, 52, 53, 54, 55, 56, 57, 58, 59, 60, 61, 62, 63, 64, 65, 66, 67, 68, 69, 70, 71, 72, 73, 74, 75, 76, 77, 78, 79, 80, 81, 82, 83, 84, 85, 86, 87, 88, 89, 90, 91, 92, 93, 94, 95, 96, 97, 98, 99, 100, 101, 102, 103, 104, 105, 106, 107, 108, 109, 110, 111, 112, 113, 114, 115, 116, 117, 118, 119, 120, 121, 122, 123, 124, 125, 126, 127, 128, 129, 130, 131, 132, 133, 134, 135, 136, 137, 138, 139, 140, 141, 142, 143, 144, 145, 146, 147, 148, 149, 150, 151, 152, 153, 154, 155, 156, 157, 158, 159, 160, 161, 162, 163, 164, 165, 166, 167, 168, 169, 170, 171, 172, 173, 174, 175, 176, 177, 178, 179, 180, 181, 182, 183, 184, 185, 186, 187, 188, 189, 190, 191, 192, 193, 194, 195, 196, 197, 198, 199, 200, 201, 202, 203, 204, 205, 206, 207, 208, 209, 210, 211, 212, 213, 214, 215, 216, 217, 218, 219, 220, 221, 222, 223, 224, 225, 226, 227, 228, 229, 230, 231, 232, 233, 234, 235, 236]
Inds:  [326.00749999999994, 324.9625, 324.9625, 322.015, 322.015, 322.015, 322.015, 320.4299999999999, 320.4299999999999, 320.4299999999999, 320.4299999999999, 320.4299999999999, 320.4299999999999, 320.4299999999999, 320.4299999999999, 320.4299999999999, 319.00999999999993, 319.00999999999993, 319.00999999999993, 319.00999999999993, 318.2275000000001, 318.2275000000001, 318.2275000000001, 318.2275000000001, 318.2275000000001, 317.8275, 317.8275, 316.72499999999997, 316.72499999999997, 316.72499999999997, 316.72499999999997, 316.72499999999997, 315.8475000000001, 315.8049999999998, 315.8049999999998, 315.4125, 315.3725, 314.67999999999995, 313.70750000000004, 313.70750000000004, 313.2750000000001, 313.2750000000001, 313.2750000000001, 313.04749999999984, 312.185, 312.185, 310.66499999999996, 310.66499999999996, 309.9425, 309.9425, 309.9425, 309.9425, 309.4575000000001, 309.4575000000001, 308.65, 308.65, 308.5875000000001, 308.0274999999999, 307.88250000000005, 307.88250000000005, 307.79249999999996, 306.8025, 306.8025, 306.8025, 306.47749999999996, 305.6525, 305.4, 305.4, 305.4, 305.265, 305.18249999999995, 304.43750000000006, 304.38750000000005, 304.38750000000005, 303.92499999999995, 303.38500000000005, 302.9225000000001, 302.21999999999997, 302.21999999999997, 302.21999999999997, 302.21999999999997, 302.1925, 302.1925, 301.5175, 301.355, 301.18750000000006, 301.18750000000006, 301.18750000000006, 300.5425000000001, 300.26, 300.26, 300.26, 300.26, 300.1200000000001, 299.4075000000001, 299.4075000000001, 299.4075000000001, 299.3000000000001, 299.2700000000001, 299.2700000000001, 298.9900000000001, 298.81500000000005, 298.80250000000007, 298.50500000000005, 298.50500000000005, 298.07250000000005, 297.9550000000001, 297.92750000000007, 297.7825000000001, 297.40500000000003, 297.40500000000003, 297.40500000000003, 297.14250000000015, 297.12750000000005, 297.12750000000005, 296.8575, 296.76750000000004, 296.5775000000001, 296.5775000000001, 296.4500000000001, 296.32750000000004, 296.32750000000004, 296.0275000000001, 296.02750000000003, 295.95750000000004, 295.95750000000004, 295.88250000000005, 295.8650000000001, 295.8575, 295.7950000000001, 295.6950000000001, 295.56750000000005, 295.54750000000007, 295.49500000000006, 295.4675000000001, 295.3975000000001, 295.3975000000001, 295.3975000000001, 295.3975000000001, 295.3975000000001, 295.3975000000001, 295.3975000000001, 295.3975000000001, 295.3975000000001, 295.3975000000001, 295.3975000000001, 295.3975000000001, 295.3975000000001, 295.3975000000001, 295.3975000000001, 295.3975000000001, 295.3975000000001, 295.3975000000001, 295.3975000000001, 295.3975000000001, 295.3975000000001, 295.3975000000001, 295.3975000000001, 295.3975000000001, 295.3975000000001, 295.3975000000001, 295.3975000000001, 295.3975000000001, 295.3975000000001, 295.3975000000001, 295.3975000000001, 295.3975000000001, 295.3975000000001, 295.3975000000001, 295.3975000000001, 295.3975000000001, 295.3975000000001, 295.3975000000001, 295.3975000000001, 295.3975000000001, 295.3975000000001, 295.3975000000001, 295.3975000000001, 295.3975000000001, 295.3975000000001, 295.3975000000001, 295.3975000000001, 295.3975000000001, 295.3975000000001, 295.3975000000001, 295.3975000000001, 295.3975000000001, 295.3975000000001, 295.3975000000001, 295.3975000000001, 295.3975000000001, 295.3975000000001, 295.3975000000001, 295.3975000000001, 295.3975000000001, 295.3975000000001, 295.3975000000001, 295.3975000000001, 295.3975000000001, 295.3975000000001, 295.3975000000001, 295.3975000000001, 295.3975000000001, 295.3975000000001, 295.3975000000001, 295.3975000000001, 295.3975000000001, 295.3975000000001, 295.3975000000001, 295.3975000000001, 295.3975000000001, 295.3975000000001, 295.3975000000001, 295.3975000000001, 295.3975000000001, 295.3975000000001, 295.3975000000001, 295.3975000000001, 295.3975000000001, 295.3975000000001, 295.3975000000001, 295.3975000000001, 295.3975000000001, 295.3975000000001, 295.3975000000001, 295.3975000000001, 295.3975000000001, 295.3975000000001, 295.3975000000001, 295.3975000000001, 295.3975000000001, 295.3975000000001, 295.3975000000001, 295.3975000000001, 295.3975000000001, 295.3975000000001, 295.3975000000001]

Execution 9:
Parametros: P=1000, Pe=0.3, Pm=0.15, pe=0.7, Parada=100
Start Time (hh:mm:ss.ms) 2023-07-17 10:20:41.502716
gen	min    	max   	avg    	std    
0  	324.355	339.67	332.721	2.27566
2  	324.252	338.403	330.586	2.29024
4  	324.055	338.13 	329.92 	2.57467
5  	322.655	337.17 	329.531	2.61665
7  	322.01 	337.467	328.979	2.73936
10 	320.452	338.738	328.37 	3.07204
13 	320.35 	338.205	327.753	3.32431
15 	319.25 	338.9  	327.275	3.47134
19 	318.25 	338.733	326.332	3.78433
24 	318.142	339.462	325.172	4.07017
27 	317.385	341.042	324.284	4.29887
28 	316.847	338.79 	324.022	4.44978
31 	316.295	340.11 	322.937	4.61485
33 	315.51 	337.157	322.273	4.77097
35 	314.577	338.775	321.389	5.16703
36 	314.36 	338.792	320.995	5.17878
38 	313.91 	338.777	320.223	5.53939
39 	313.872	338.463	319.805	5.6085 
40 	313.017	337.93 	319.491	5.84104
41 	312.065	338.525	319.062	5.90337
45 	311.995	338.853	317.869	6.44826
46 	311.088	339.295	317.607	6.52577
48 	310.192	339.137	316.961	6.72902
49 	308.952	341.582	316.63 	6.88613
53 	308.92 	338.317	315.573	7.44896
55 	308.592	339.093	315.008	7.62975
58 	307.95 	337.513	314.286	7.86688
59 	307.387	338.353	313.942	7.97398
61 	306.982	338.295	313.325	8.24289
62 	306.96 	339.222	312.977	8.26865
63 	306.48 	337.298	312.712	8.33894
64 	305.86 	338.425	312.452	8.47814
65 	305.782	338.41 	312.267	8.75944
67 	305.692	338.702	311.645	8.8549 
68 	305.265	340.265	311.401	8.98797
69 	305.005	337.49 	311.177	9.14562
70 	304.613	338.395	310.872	9.19588
71 	304.212	340.315	310.587	9.27963
73 	303.725	340.182	310.099	9.64988
74 	303.61 	338.602	309.789	9.65662
75 	303.482	338.785	309.574	9.87603
76 	303.332	338.257	309.363	10.0338
77 	303.1  	337.833	309.01 	9.81757
78 	302.68 	338.288	308.806	10.0511
79 	302.395	338.985	308.561	10.1056
81 	301.98 	339.668	308.176	10.5222
82 	301.718	338.162	307.908	10.4034
83 	301.45 	338.438	307.711	10.5057
85 	301.178	340.417	307.346	10.7099
87 	300.995	340.192	307.043	10.9273
88 	300.472	337.435	306.821	10.8725
90 	300.44 	337.18 	306.51 	11.1028
91 	300.125	338.552	306.34 	11.1228
92 	299.94 	337.337	306.137	11.1041
94 	299.898	340.055	305.825	11.2258
97 	299.77 	338.445	305.448	11.3911
98 	299.577	340.645	305.354	11.4584
99 	299.488	338.78 	305.241	11.5865
100	299.44 	337.993	305.105	11.5783
101	299.255	338.7  	304.999	11.6385
103	299.207	337.89 	304.828	11.7656
104	298.975	339.02 	304.7  	11.7586
105	298.893	339.02 	304.573	11.7417
107	298.838	338.045	304.393	11.8086
108	298.757	340.985	304.328	11.851 
109	298.695	339.592	304.293	11.9972
110	298.588	338.557	304.243	12.0792
111	298.575	337.74 	304.099	11.9777
112	298.488	340.445	304.047	12.0988
113	298.468	340.012	303.926	12.0253
114	298.382	338.605	303.869	12.089 
115	298.31 	338.843	303.788	12.1004
116	298.272	338.913	303.707	12.095 
117	298.168	339.205	303.73 	12.3042
118	298.043	338.77 	303.701	12.4115
119	298.03 	338.45 	303.563	12.2631
121	297.96 	338.427	303.427	12.3175
122	297.905	338.29 	303.274	12.1955
126	297.9  	337.835	303.199	12.3351
128	297.835	339.238	303.221	12.4599
129	297.765	339.778	303.18 	12.4071
135	297.708	338.215	303.059	12.4193
236	297.708	339.185	302.978	12.5797
End Time (hh:mm:ss.ms) 2023-07-17 10:22:09.291769
Total Time (hh:mm:ss.ms) 0:01:27.789053
Individuo: [[57, 20, 77, 51, 18, 53, 75, 30, 11, 27, 29, 50, 6, 46, 34, 3, 60, 56, 62, 17, 13, 39, 37, 26, 15, 2, 8, 10, 72, 12, 63, 43, 19, 31, 71, 33, 55, 28, 49, 9, 65, 64, 68, 32, 78, 22, 79, 45, 38, 21, 44, 52, 76, 23, 48, 0, 54, 58, 73, 4, 42, 70, 36, 59, 16, 24, 40, 25, 7, 61, 1, 5, 41, 66, 35, 67, 74, 69, 14, 47], [1, 1, 0, 0, 0, 0, 0, 1, 1, 1, 1, 1, 1, 1, 0, 0, 0, 1, 0, 0, 1, 1, 1, 1, 1, 0, 0, 1, 1, 0, 1, 1, 1, 0, 1, 0, 0, 1, 1, 0, 0, 0, 0, 0, 1, 1, 0, 1, 1, 1, 0, 0, 1, 0, 0, 0, 0, 0, 0, 0, 0, 0, 0, 0, 0, 0, 0, 1, 1, 1, 0, 1, 1, 1, 0, 1, 0, 0, 1, 1]]
Fitness:  297.70750000000004
Gens:  [0, 1, 2, 3, 4, 5, 6, 7, 8, 9, 10, 11, 12, 13, 14, 15, 16, 17, 18, 19, 20, 21, 22, 23, 24, 25, 26, 27, 28, 29, 30, 31, 32, 33, 34, 35, 36, 37, 38, 39, 40, 41, 42, 43, 44, 45, 46, 47, 48, 49, 50, 51, 52, 53, 54, 55, 56, 57, 58, 59, 60, 61, 62, 63, 64, 65, 66, 67, 68, 69, 70, 71, 72, 73, 74, 75, 76, 77, 78, 79, 80, 81, 82, 83, 84, 85, 86, 87, 88, 89, 90, 91, 92, 93, 94, 95, 96, 97, 98, 99, 100, 101, 102, 103, 104, 105, 106, 107, 108, 109, 110, 111, 112, 113, 114, 115, 116, 117, 118, 119, 120, 121, 122, 123, 124, 125, 126, 127, 128, 129, 130, 131, 132, 133, 134, 135, 136, 137, 138, 139, 140, 141, 142, 143, 144, 145, 146, 147, 148, 149, 150, 151, 152, 153, 154, 155, 156, 157, 158, 159, 160, 161, 162, 163, 164, 165, 166, 167, 168, 169, 170, 171, 172, 173, 174, 175, 176, 177, 178, 179, 180, 181, 182, 183, 184, 185, 186, 187, 188, 189, 190, 191, 192, 193, 194, 195, 196, 197, 198, 199, 200, 201, 202, 203, 204, 205, 206, 207, 208, 209, 210, 211, 212, 213, 214, 215, 216, 217, 218, 219, 220, 221, 222, 223, 224, 225, 226, 227, 228, 229, 230, 231, 232, 233, 234, 235, 236]
Inds:  [324.35499999999996, 324.35499999999996, 324.25249999999994, 324.25249999999994, 324.05499999999995, 322.6549999999999, 322.6549999999999, 322.00999999999993, 322.00999999999993, 322.00999999999993, 320.4524999999999, 320.4524999999999, 320.4524999999999, 320.3499999999999, 320.3499999999999, 319.24999999999994, 319.24999999999994, 319.24999999999994, 319.24999999999994, 318.25000000000017, 318.25000000000017, 318.25000000000017, 318.25000000000017, 318.25000000000017, 318.1424999999998, 318.1424999999998, 318.1424999999998, 317.38500000000005, 316.84749999999997, 316.84749999999997, 316.84749999999997, 316.29499999999985, 316.29499999999985, 315.51, 315.51, 314.5774999999998, 314.35999999999984, 314.35999999999984, 313.90999999999985, 313.87249999999995, 313.0174999999999, 312.0649999999999, 312.0649999999999, 312.0649999999999, 312.0649999999999, 311.99500000000006, 311.0875000000001, 311.0875000000001, 310.1924999999999, 308.95249999999993, 308.95249999999993, 308.95249999999993, 308.95249999999993, 308.91999999999996, 308.91999999999996, 308.5925, 308.5925, 308.5925, 307.95000000000005, 307.3874999999999, 307.3874999999999, 306.98249999999996, 306.9599999999998, 306.47999999999985, 305.85999999999984, 305.78249999999986, 305.78249999999986, 305.6924999999999, 305.2649999999999, 305.005, 304.6125, 304.2125, 304.2125, 303.72499999999997, 303.60999999999996, 303.4824999999999, 303.3324999999999, 303.1, 302.6799999999999, 302.395, 302.395, 301.9799999999999, 301.71750000000003, 301.45, 301.45, 301.1775, 301.1775, 300.995, 300.4724999999999, 300.4724999999999, 300.44, 300.12499999999994, 299.94, 299.94, 299.89750000000004, 299.89750000000004, 299.89750000000004, 299.7700000000001, 299.57749999999993, 299.4875000000001, 299.43999999999994, 299.255, 299.255, 299.2075, 298.9749999999999, 298.89250000000004, 298.89250000000004, 298.83750000000003, 298.7575, 298.695, 298.58750000000003, 298.57500000000005, 298.4875, 298.46750000000003, 298.3825, 298.31, 298.2725, 298.1675, 298.0425, 298.03000000000003, 298.03000000000003, 297.96000000000004, 297.90500000000003, 297.90500000000003, 297.90500000000003, 297.90500000000003, 297.90000000000003, 297.90000000000003, 297.83500000000004, 297.76500000000004, 297.76500000000004, 297.76500000000004, 297.76500000000004, 297.76500000000004, 297.76500000000004, 297.70750000000004, 297.70750000000004, 297.70750000000004, 297.70750000000004, 297.70750000000004, 297.70750000000004, 297.70750000000004, 297.70750000000004, 297.70750000000004, 297.70750000000004, 297.70750000000004, 297.70750000000004, 297.70750000000004, 297.70750000000004, 297.70750000000004, 297.70750000000004, 297.70750000000004, 297.70750000000004, 297.70750000000004, 297.70750000000004, 297.70750000000004, 297.70750000000004, 297.70750000000004, 297.70750000000004, 297.70750000000004, 297.70750000000004, 297.70750000000004, 297.70750000000004, 297.70750000000004, 297.70750000000004, 297.70750000000004, 297.70750000000004, 297.70750000000004, 297.70750000000004, 297.70750000000004, 297.70750000000004, 297.70750000000004, 297.70750000000004, 297.70750000000004, 297.70750000000004, 297.70750000000004, 297.70750000000004, 297.70750000000004, 297.70750000000004, 297.70750000000004, 297.70750000000004, 297.70750000000004, 297.70750000000004, 297.70750000000004, 297.70750000000004, 297.70750000000004, 297.70750000000004, 297.70750000000004, 297.70750000000004, 297.70750000000004, 297.70750000000004, 297.70750000000004, 297.70750000000004, 297.70750000000004, 297.70750000000004, 297.70750000000004, 297.70750000000004, 297.70750000000004, 297.70750000000004, 297.70750000000004, 297.70750000000004, 297.70750000000004, 297.70750000000004, 297.70750000000004, 297.70750000000004, 297.70750000000004, 297.70750000000004, 297.70750000000004, 297.70750000000004, 297.70750000000004, 297.70750000000004, 297.70750000000004, 297.70750000000004, 297.70750000000004, 297.70750000000004, 297.70750000000004, 297.70750000000004, 297.70750000000004, 297.70750000000004, 297.70750000000004, 297.70750000000004, 297.70750000000004, 297.70750000000004, 297.70750000000004, 297.70750000000004, 297.70750000000004, 297.70750000000004, 297.70750000000004, 297.70750000000004, 297.70750000000004, 297.70750000000004, 297.70750000000004, 297.70750000000004, 297.70750000000004, 297.70750000000004, 297.70750000000004, 297.70750000000004]

Execution 10:
Parametros: P=1000, Pe=0.3, Pm=0.15, pe=0.7, Parada=100
Start Time (hh:mm:ss.ms) 2023-07-17 10:22:10.643182
gen	min    	max    	avg    	std    
0  	323.967	339.005	332.691	2.32891
1  	323.935	338.28 	331.202	2.19666
2  	323.84 	339.475	330.574	2.41894
3  	323.772	339.535	330.097	2.53594
4  	323.252	339.33 	329.775	2.73296
5  	321.81 	338.14 	329.387	2.77545
8  	320.93 	338.683	328.662	3.03806
10 	320.022	338.038	328.197	3.24078
13 	319.642	338.105	327.77 	3.40579
20 	318.165	337.837	326.23 	3.65253
23 	317.39 	338.425	325.374	3.94435
27 	316.56 	337.437	323.741	4.22475
29 	315.76 	338.88 	323.017	4.52978
32 	315.04 	339.375	321.906	5.06215
34 	313.095	338.15 	320.965	5.22333
38 	312.365	339.065	319.157	5.97622
39 	311.897	338.312	318.79 	6.12413
41 	311.24 	338.73 	318.022	6.45924
42 	310.867	338.863	317.57 	6.59075
44 	310.425	339.008	316.728	6.78656
45 	310.042	338.045	316.389	7.09147
46 	308.967	340.213	315.95 	7.10607
49 	308.147	338.6  	314.935	7.6739 
51 	307.692	337.697	314.21 	7.83422
53 	307.22 	337.7  	313.428	7.97436
54 	306.2  	338.965	313.202	8.19385
58 	305.43 	339.602	312.138	8.80046
61 	305.055	340.498	311.245	8.93873
62 	304.988	337.532	311.004	9.1449 
63 	304.178	337.76 	310.735	9.22198
65 	303.83 	338.558	310.221	9.48665
68 	303.637	340.26 	309.421	9.74252
69 	303.425	338.962	309.28 	10.0111
70 	302.933	338.343	308.984	9.9642 
71 	302.552	336.805	308.767	10.0069
72 	302.377	338.573	308.583	10.2245
73 	302.165	339.205	308.317	10.2467
74 	301.882	339.185	308.113	10.3835
77 	301.855	339.152	307.567	10.6194
78 	301.507	339.265	307.396	10.7036
79 	301.355	338.582	307.304	10.8798
80 	300.712	337.915	306.998	10.736 
81 	300.648	338.132	306.897	10.9321
85 	300.447	338.582	306.222	11.139 
86 	300.415	341.355	306.097	11.2697
87 	300.045	337.907	305.943	11.285 
88 	299.863	339.48 	305.767	11.2829
89 	299.602	338.4  	305.67 	11.4752
90 	299.587	339.67 	305.509	11.4578
92 	299.538	337.747	305.18 	11.4582
93 	299.175	339.41 	305.068	11.5207
94 	299.12 	339.88 	305.008	11.7258
96 	298.928	337.637	304.691	11.7115
97 	298.86 	337.145	304.612	11.7982
98 	298.845	340.455	304.546	11.953 
99 	298.8  	338.343	304.359	11.8188
100	298.497	339.61 	304.339	12.0104
102	298.47 	338.645	304.137	12.0295
103	298.455	337.73 	304.001	11.948 
104	298.305	338.59 	303.935	12.0109
106	298.285	337.727	303.763	12.0986
108	298.255	339.647	303.618	12.1451
109	298.235	340.147	303.642	12.3295
113	298.112	337.587	303.448	12.2105
214	298.112	338.21 	303.283	12.3383
End Time (hh:mm:ss.ms) 2023-07-17 10:23:31.914904
Total Time (hh:mm:ss.ms) 0:01:21.271722
Individuo: [[65, 47, 69, 64, 32, 20, 57, 66, 78, 46, 16, 71, 8, 50, 23, 27, 29, 58, 15, 0, 48, 11, 70, 42, 72, 37, 26, 13, 5, 19, 1, 7, 25, 17, 45, 6, 73, 36, 12, 22, 61, 4, 10, 21, 40, 59, 33, 55, 9, 49, 68, 28, 51, 18, 53, 75, 38, 56, 35, 67, 60, 3, 62, 34, 77, 74, 41, 79, 43, 63, 30, 52, 76, 54, 44, 2, 39, 24, 31, 14], [1, 0, 1, 0, 0, 0, 0, 0, 1, 1, 1, 1, 0, 0, 1, 1, 0, 0, 0, 1, 1, 1, 1, 1, 1, 1, 0, 0, 0, 0, 0, 1, 1, 1, 1, 0, 0, 0, 0, 0, 0, 0, 1, 1, 0, 0, 0, 0, 0, 0, 0, 0, 1, 0, 0, 0, 0, 0, 0, 0, 1, 1, 0, 0, 1, 1, 0, 0, 1, 1, 1, 0, 0, 0, 0, 0, 0, 1, 0, 1]]
Fitness:  298.11249999999995
Gens:  [0, 1, 2, 3, 4, 5, 6, 7, 8, 9, 10, 11, 12, 13, 14, 15, 16, 17, 18, 19, 20, 21, 22, 23, 24, 25, 26, 27, 28, 29, 30, 31, 32, 33, 34, 35, 36, 37, 38, 39, 40, 41, 42, 43, 44, 45, 46, 47, 48, 49, 50, 51, 52, 53, 54, 55, 56, 57, 58, 59, 60, 61, 62, 63, 64, 65, 66, 67, 68, 69, 70, 71, 72, 73, 74, 75, 76, 77, 78, 79, 80, 81, 82, 83, 84, 85, 86, 87, 88, 89, 90, 91, 92, 93, 94, 95, 96, 97, 98, 99, 100, 101, 102, 103, 104, 105, 106, 107, 108, 109, 110, 111, 112, 113, 114, 115, 116, 117, 118, 119, 120, 121, 122, 123, 124, 125, 126, 127, 128, 129, 130, 131, 132, 133, 134, 135, 136, 137, 138, 139, 140, 141, 142, 143, 144, 145, 146, 147, 148, 149, 150, 151, 152, 153, 154, 155, 156, 157, 158, 159, 160, 161, 162, 163, 164, 165, 166, 167, 168, 169, 170, 171, 172, 173, 174, 175, 176, 177, 178, 179, 180, 181, 182, 183, 184, 185, 186, 187, 188, 189, 190, 191, 192, 193, 194, 195, 196, 197, 198, 199, 200, 201, 202, 203, 204, 205, 206, 207, 208, 209, 210, 211, 212, 213, 214]
Inds:  [323.9674999999999, 323.9350000000001, 323.83999999999986, 323.7724999999999, 323.2524999999999, 321.81000000000006, 321.81000000000006, 321.81000000000006, 320.9299999999999, 320.9299999999999, 320.0225, 320.0225, 320.0225, 319.6425, 319.6425, 319.6425, 319.6425, 319.6425, 319.6425, 319.6425, 318.1650000000002, 318.1650000000002, 318.1650000000002, 317.39, 317.39, 317.39, 317.39, 316.5599999999999, 316.5599999999999, 315.76000000000005, 315.76000000000005, 315.76000000000005, 315.0399999999998, 315.0399999999998, 313.095, 313.095, 313.095, 313.095, 312.36499999999995, 311.8974999999999, 311.8974999999999, 311.23999999999984, 310.86749999999995, 310.86749999999995, 310.425, 310.04249999999996, 308.9675, 308.9675, 308.9675, 308.1475, 308.1475, 307.69249999999994, 307.69249999999994, 307.21999999999997, 306.19999999999993, 306.19999999999993, 306.19999999999993, 306.19999999999993, 305.42999999999995, 305.42999999999995, 305.42999999999995, 305.055, 304.98750000000007, 304.1775, 304.1775, 303.83, 303.83, 303.83, 303.6375, 303.42499999999995, 302.9325, 302.55249999999995, 302.37749999999994, 302.16499999999985, 301.88249999999994, 301.88249999999994, 301.88249999999994, 301.855, 301.5074999999999, 301.3549999999999, 300.7124999999999, 300.64750000000004, 300.64750000000004, 300.64750000000004, 300.64750000000004, 300.44749999999993, 300.41499999999996, 300.045, 299.8625, 299.60249999999996, 299.5875, 299.5875, 299.5375, 299.1749999999999, 299.11999999999995, 299.11999999999995, 298.9275, 298.8599999999999, 298.84499999999997, 298.8, 298.49749999999995, 298.49749999999995, 298.4699999999999, 298.455, 298.305, 298.305, 298.28499999999997, 298.28499999999997, 298.25499999999994, 298.23499999999996, 298.23499999999996, 298.23499999999996, 298.23499999999996, 298.11249999999995, 298.11249999999995, 298.11249999999995, 298.11249999999995, 298.11249999999995, 298.11249999999995, 298.11249999999995, 298.11249999999995, 298.11249999999995, 298.11249999999995, 298.11249999999995, 298.11249999999995, 298.11249999999995, 298.11249999999995, 298.11249999999995, 298.11249999999995, 298.11249999999995, 298.11249999999995, 298.11249999999995, 298.11249999999995, 298.11249999999995, 298.11249999999995, 298.11249999999995, 298.11249999999995, 298.11249999999995, 298.11249999999995, 298.11249999999995, 298.11249999999995, 298.11249999999995, 298.11249999999995, 298.11249999999995, 298.11249999999995, 298.11249999999995, 298.11249999999995, 298.11249999999995, 298.11249999999995, 298.11249999999995, 298.11249999999995, 298.11249999999995, 298.11249999999995, 298.11249999999995, 298.11249999999995, 298.11249999999995, 298.11249999999995, 298.11249999999995, 298.11249999999995, 298.11249999999995, 298.11249999999995, 298.11249999999995, 298.11249999999995, 298.11249999999995, 298.11249999999995, 298.11249999999995, 298.11249999999995, 298.11249999999995, 298.11249999999995, 298.11249999999995, 298.11249999999995, 298.11249999999995, 298.11249999999995, 298.11249999999995, 298.11249999999995, 298.11249999999995, 298.11249999999995, 298.11249999999995, 298.11249999999995, 298.11249999999995, 298.11249999999995, 298.11249999999995, 298.11249999999995, 298.11249999999995, 298.11249999999995, 298.11249999999995, 298.11249999999995, 298.11249999999995, 298.11249999999995, 298.11249999999995, 298.11249999999995, 298.11249999999995, 298.11249999999995, 298.11249999999995, 298.11249999999995, 298.11249999999995, 298.11249999999995, 298.11249999999995, 298.11249999999995, 298.11249999999995, 298.11249999999995, 298.11249999999995, 298.11249999999995, 298.11249999999995, 298.11249999999995, 298.11249999999995, 298.11249999999995, 298.11249999999995, 298.11249999999995, 298.11249999999995, 298.11249999999995, 298.11249999999995, 298.11249999999995, 298.11249999999995, 298.11249999999995]

