BRKGA-Heuristic:

Execution 1:
Parametros: P=1000, Pe=0.3, Pm=0.15, pe=0.7, Parada=100
Start Time (hh:mm:ss.ms) 2023-07-17 10:57:42.956570
gen	min    	max    	avg    	std     
0  	102.567	105.768	104.368	0.484392
2  	102.537	105.51 	103.94 	0.501195
3  	102.27 	105.58 	103.865	0.532669
6  	102.13 	105.263	103.666	0.591292
7  	102.07 	105.76 	103.596	0.606944
14 	102.04 	105.717	103.32 	0.683826
16 	101.897	105.365	103.261	0.720688
17 	101.797	105.57 	103.23 	0.714096
19 	101.7  	105.42 	103.158	0.75054 
21 	101.397	105.707	103.098	0.765337
25 	101.36 	106.262	102.98 	0.803638
27 	101.337	105.557	102.925	0.828253
35 	101.333	105.528	102.657	0.909501
37 	100.715	105.35 	102.579	0.917152
41 	100.66 	105.72 	102.445	1.00455 
43 	100.587	105.748	102.35 	1.01323 
47 	100.577	105.61 	102.042	1.07035 
48 	100.177	105.673	101.952	1.10835 
51 	99.9475	105.42 	101.649	1.2254  
54 	99.6825	105.74 	101.384	1.3262  
56 	99.62  	105.507	101.158	1.4085  
57 	99.48  	105.978	101.063	1.4641  
58 	99.38  	105.485	100.923	1.49406 
60 	99.3125	105.488	100.754	1.55113 
61 	99.2125	105.418	100.664	1.60333 
62 	99.055 	105.335	100.576	1.6042  
65 	98.7975	105.617	100.331	1.72029 
66 	98.7575	105.698	100.28 	1.76523 
68 	98.715 	105.647	100.144	1.8289  
69 	98.6825	105.38 	100.047	1.79625 
70 	98.5075	105.855	100.016	1.86027 
71 	98.48  	105.377	99.9457	1.87901 
73 	98.36  	105.652	99.8105	1.94037 
74 	98.3575	105.69 	99.7562	1.98149 
75 	98.125 	105.41 	99.6925	1.98967 
77 	97.94  	105.635	99.5693	2.04386 
81 	97.855 	105.737	99.2941	2.14493 
82 	97.855 	105.455	99.2435	2.17094 
83 	97.775 	105.645	99.1619	2.15285 
85 	97.6675	105.565	99.0451	2.22186 
86 	97.66  	105.558	99.0092	2.27635 
87 	97.61  	105.625	98.9472	2.28905 
88 	97.61  	105.577	98.9123	2.32438 
89 	97.525 	105.527	98.8557	2.31474 
90 	97.4925	105.385	98.8227	2.34871 
92 	97.465 	105.62 	98.7618	2.40174 
93 	97.415 	105.235	98.7077	2.36298 
95 	97.4025	105.595	98.6572	2.42209 
96 	97.385 	105.615	98.6255	2.44079 
97 	97.3475	105.402	98.5885	2.44615 
98 	97.33  	105.902	98.5535	2.4392  
99 	97.315 	105.528	98.529 	2.46061 
100	97.2975	105.467	98.4871	2.45927 
102	97.265 	105.83 	98.439 	2.50011 
105	97.2525	105.64 	98.3845	2.51264 
106	97.24  	106.1  	98.3845	2.53881 
107	97.2275	105.518	98.3688	2.51921 
108	97.205 	105.602	98.3741	2.54425 
114	97.19  	105.65 	98.3448	2.5455  
125	97.1875	106.135	98.3002	2.59254 
226	97.1875	105.332	98.2651	2.57099 
End Time (hh:mm:ss.ms) 2023-07-17 10:58:36.826620
Total Time (hh:mm:ss.ms) 0:00:53.870050
Individuo: [[30, 47, 31, 22, 28, 1, 7, 52, 33, 53, 32, 50, 29, 48, 39, 3, 5, 11, 38, 16, 9, 35, 41, 26, 46, 18, 42, 40, 51, 10, 21, 49, 14, 34, 27, 45, 0, 6, 24, 4, 44, 17, 2, 20, 37, 25, 23, 8, 19, 13, 12, 36, 15, 43], [0, 0, 1, 1, 1, 1, 0, 1, 0, 0, 1, 1, 1, 1, 0, 1, 1, 0, 0, 1, 0, 1, 1, 1, 1, 0, 0, 0, 0, 1, 0, 1, 1, 1, 1, 0, 0, 1, 1, 1, 1, 0, 1, 1, 0, 0, 0, 1, 0, 0, 0, 0, 0, 0]]
Fitness:  97.18749999999997
Gens:  [0, 1, 2, 3, 4, 5, 6, 7, 8, 9, 10, 11, 12, 13, 14, 15, 16, 17, 18, 19, 20, 21, 22, 23, 24, 25, 26, 27, 28, 29, 30, 31, 32, 33, 34, 35, 36, 37, 38, 39, 40, 41, 42, 43, 44, 45, 46, 47, 48, 49, 50, 51, 52, 53, 54, 55, 56, 57, 58, 59, 60, 61, 62, 63, 64, 65, 66, 67, 68, 69, 70, 71, 72, 73, 74, 75, 76, 77, 78, 79, 80, 81, 82, 83, 84, 85, 86, 87, 88, 89, 90, 91, 92, 93, 94, 95, 96, 97, 98, 99, 100, 101, 102, 103, 104, 105, 106, 107, 108, 109, 110, 111, 112, 113, 114, 115, 116, 117, 118, 119, 120, 121, 122, 123, 124, 125, 126, 127, 128, 129, 130, 131, 132, 133, 134, 135, 136, 137, 138, 139, 140, 141, 142, 143, 144, 145, 146, 147, 148, 149, 150, 151, 152, 153, 154, 155, 156, 157, 158, 159, 160, 161, 162, 163, 164, 165, 166, 167, 168, 169, 170, 171, 172, 173, 174, 175, 176, 177, 178, 179, 180, 181, 182, 183, 184, 185, 186, 187, 188, 189, 190, 191, 192, 193, 194, 195, 196, 197, 198, 199, 200, 201, 202, 203, 204, 205, 206, 207, 208, 209, 210, 211, 212, 213, 214, 215, 216, 217, 218, 219, 220, 221, 222, 223, 224, 225, 226]
Inds:  [102.56749999999995, 102.56749999999995, 102.53749999999997, 102.27, 102.27, 102.27, 102.13, 102.06999999999998, 102.06999999999998, 102.06999999999998, 102.06999999999998, 102.06999999999998, 102.06999999999998, 102.06999999999998, 102.03999999999998, 102.03999999999998, 101.8975, 101.79749999999994, 101.79749999999994, 101.69999999999999, 101.69999999999999, 101.39749999999995, 101.39749999999995, 101.39749999999995, 101.39749999999995, 101.35999999999999, 101.35999999999999, 101.33749999999998, 101.33749999999998, 101.33749999999998, 101.33749999999998, 101.33749999999998, 101.33749999999998, 101.33749999999998, 101.33749999999998, 101.33250000000002, 101.33250000000002, 100.71499999999997, 100.71499999999997, 100.71499999999997, 100.71499999999997, 100.66, 100.66, 100.58749999999995, 100.58749999999995, 100.58749999999995, 100.58749999999995, 100.57749999999999, 100.17749999999995, 100.17749999999995, 100.17749999999995, 99.94749999999993, 99.94749999999993, 99.94749999999993, 99.68249999999995, 99.68249999999995, 99.62, 99.47999999999998, 99.37999999999998, 99.37999999999998, 99.31249999999999, 99.21249999999996, 99.05499999999996, 99.05499999999996, 99.05499999999996, 98.79750000000001, 98.75750000000001, 98.75750000000001, 98.715, 98.68249999999998, 98.5075, 98.47999999999998, 98.47999999999998, 98.35999999999999, 98.35749999999997, 98.12500000000003, 98.12500000000003, 97.94000000000003, 97.94000000000003, 97.94000000000003, 97.94000000000003, 97.85499999999998, 97.85499999999996, 97.77499999999998, 97.77499999999998, 97.6675, 97.66, 97.60999999999999, 97.60999999999997, 97.52499999999998, 97.49249999999996, 97.49249999999996, 97.465, 97.41499999999998, 97.41499999999998, 97.40249999999999, 97.38499999999996, 97.34749999999998, 97.32999999999997, 97.31499999999997, 97.29749999999997, 97.29749999999997, 97.26499999999997, 97.26499999999997, 97.26499999999997, 97.25249999999997, 97.23999999999997, 97.22749999999998, 97.20499999999997, 97.20499999999997, 97.20499999999997, 97.20499999999997, 97.20499999999997, 97.20499999999997, 97.18999999999997, 97.18999999999997, 97.18999999999997, 97.18999999999997, 97.18999999999997, 97.18999999999997, 97.18999999999997, 97.18999999999997, 97.18999999999997, 97.18999999999997, 97.18999999999997, 97.18749999999997, 97.18749999999997, 97.18749999999997, 97.18749999999997, 97.18749999999997, 97.18749999999997, 97.18749999999997, 97.18749999999997, 97.18749999999997, 97.18749999999997, 97.18749999999997, 97.18749999999997, 97.18749999999997, 97.18749999999997, 97.18749999999997, 97.18749999999997, 97.18749999999997, 97.18749999999997, 97.18749999999997, 97.18749999999997, 97.18749999999997, 97.18749999999997, 97.18749999999997, 97.18749999999997, 97.18749999999997, 97.18749999999997, 97.18749999999997, 97.18749999999997, 97.18749999999997, 97.18749999999997, 97.18749999999997, 97.18749999999997, 97.18749999999997, 97.18749999999997, 97.18749999999997, 97.18749999999997, 97.18749999999997, 97.18749999999997, 97.18749999999997, 97.18749999999997, 97.18749999999997, 97.18749999999997, 97.18749999999997, 97.18749999999997, 97.18749999999997, 97.18749999999997, 97.18749999999997, 97.18749999999997, 97.18749999999997, 97.18749999999997, 97.18749999999997, 97.18749999999997, 97.18749999999997, 97.18749999999997, 97.18749999999997, 97.18749999999997, 97.18749999999997, 97.18749999999997, 97.18749999999997, 97.18749999999997, 97.18749999999997, 97.18749999999997, 97.18749999999997, 97.18749999999997, 97.18749999999997, 97.18749999999997, 97.18749999999997, 97.18749999999997, 97.18749999999997, 97.18749999999997, 97.18749999999997, 97.18749999999997, 97.18749999999997, 97.18749999999997, 97.18749999999997, 97.18749999999997, 97.18749999999997, 97.18749999999997, 97.18749999999997, 97.18749999999997, 97.18749999999997, 97.18749999999997, 97.18749999999997, 97.18749999999997, 97.18749999999997, 97.18749999999997, 97.18749999999997, 97.18749999999997, 97.18749999999997, 97.18749999999997, 97.18749999999997, 97.18749999999997, 97.18749999999997, 97.18749999999997, 97.18749999999997, 97.18749999999997, 97.18749999999997, 97.18749999999997, 97.18749999999997, 97.18749999999997, 97.18749999999997, 97.18749999999997]

Execution 2:
Parametros: P=1000, Pe=0.3, Pm=0.15, pe=0.7, Parada=100
Start Time (hh:mm:ss.ms) 2023-07-17 10:58:37.865621
gen	min   	max    	avg    	std     
0  	102.92	106.012	104.381	0.497954
1  	102.757	105.65 	104.068	0.452161
2  	102.425	105.432	103.946	0.470559
4  	102.422	105.45 	103.809	0.55115 
6  	102.395	105.465	103.685	0.573147
7  	102.007	105.627	103.647	0.602714
14 	101.817	105.72 	103.335	0.688782
15 	101.74 	105.4  	103.32 	0.705022
17 	101.66 	105.33 	103.239	0.750264
20 	101.64 	105.857	103.041	0.768371
22 	101.337	105.457	102.92 	0.797417
24 	101.085	105.615	102.795	0.859619
27 	101.015	105.717	102.553	0.911022
28 	100.957	105.447	102.48 	0.935722
29 	100.745	105.867	102.387	0.975587
30 	100.578	105.712	102.299	0.99988 
32 	100.56 	105.452	102.085	1.03616 
33 	100.442	105.457	102.02 	1.09008 
35 	100.21 	105.54 	101.824	1.13966 
39 	100.11 	105.645	101.486	1.27736 
40 	99.8725	105.837	101.397	1.33142 
41 	99.59  	105.528	101.329	1.36251 
44 	99.55  	105.365	101.075	1.43481 
47 	99.27  	105.177	100.834	1.52796 
50 	98.905 	105.855	100.608	1.64324 
52 	98.8025	105.577	100.445	1.6896  
54 	98.6575	105.273	100.273	1.7206  
55 	98.575 	105.315	100.209	1.78101 
59 	98.4575	105.64 	99.9228	1.92732 
61 	98.3825	105.663	99.7674	1.94571 
62 	98.29  	105.365	99.7119	1.98352 
63 	98.25  	105.497	99.6438	1.99628 
64 	98.1775	105.487	99.6041	2.05082 
65 	98.0875	105.757	99.5157	2.03912 
66 	98.0175	105.672	99.4567	2.08291 
67 	97.9575	105.455	99.3906	2.10402 
68 	97.9575	105.418	99.3234	2.11479 
69 	97.905 	105.46 	99.2657	2.14088 
71 	97.74  	105.432	99.1583	2.17858 
72 	97.555 	105.81 	99.1089	2.19628 
85 	97.4725	105.565	98.8477	2.35307 
88 	97.4275	105.342	98.8128	2.36565 
92 	97.3975	105.602	98.6801	2.38866 
93 	97.35  	105.815	98.6592	2.42325 
96 	97.31  	105.365	98.5763	2.41813 
97 	97.28  	105.322	98.5678	2.44824 
101	97.2425	105.455	98.4972	2.46276 
103	97.2175	105.478	98.4682	2.49071 
105	97.21  	105.98 	98.4227	2.47201 
106	97.155 	105.62 	98.4246	2.53571 
107	97.1375	105.417	98.3964	2.49986 
108	97.125 	105.39 	98.3822	2.52543 
109	97.0875	105.688	98.3432	2.5269  
210	97.0875	105.518	98.1763	2.59795 
End Time (hh:mm:ss.ms) 2023-07-17 10:59:26.606626
Total Time (hh:mm:ss.ms) 0:00:48.741005
Individuo: [[30, 15, 47, 36, 35, 13, 19, 26, 41, 18, 45, 20, 2, 6, 14, 3, 53, 16, 38, 11, 39, 28, 49, 21, 1, 5, 48, 9, 23, 8, 46, 40, 42, 7, 32, 33, 52, 29, 50, 17, 31, 34, 25, 51, 10, 27, 0, 24, 37, 4, 44, 22, 12, 43], [0, 1, 0, 0, 0, 1, 1, 0, 0, 0, 0, 0, 0, 0, 0, 1, 0, 0, 1, 1, 1, 0, 0, 0, 0, 1, 1, 0, 0, 1, 1, 1, 1, 0, 0, 0, 0, 0, 0, 1, 1, 1, 0, 0, 0, 1, 1, 0, 0, 1, 0, 1, 0, 0]]
Fitness:  97.08749999999999
Gens:  [0, 1, 2, 3, 4, 5, 6, 7, 8, 9, 10, 11, 12, 13, 14, 15, 16, 17, 18, 19, 20, 21, 22, 23, 24, 25, 26, 27, 28, 29, 30, 31, 32, 33, 34, 35, 36, 37, 38, 39, 40, 41, 42, 43, 44, 45, 46, 47, 48, 49, 50, 51, 52, 53, 54, 55, 56, 57, 58, 59, 60, 61, 62, 63, 64, 65, 66, 67, 68, 69, 70, 71, 72, 73, 74, 75, 76, 77, 78, 79, 80, 81, 82, 83, 84, 85, 86, 87, 88, 89, 90, 91, 92, 93, 94, 95, 96, 97, 98, 99, 100, 101, 102, 103, 104, 105, 106, 107, 108, 109, 110, 111, 112, 113, 114, 115, 116, 117, 118, 119, 120, 121, 122, 123, 124, 125, 126, 127, 128, 129, 130, 131, 132, 133, 134, 135, 136, 137, 138, 139, 140, 141, 142, 143, 144, 145, 146, 147, 148, 149, 150, 151, 152, 153, 154, 155, 156, 157, 158, 159, 160, 161, 162, 163, 164, 165, 166, 167, 168, 169, 170, 171, 172, 173, 174, 175, 176, 177, 178, 179, 180, 181, 182, 183, 184, 185, 186, 187, 188, 189, 190, 191, 192, 193, 194, 195, 196, 197, 198, 199, 200, 201, 202, 203, 204, 205, 206, 207, 208, 209, 210]
Inds:  [102.92, 102.75749999999996, 102.425, 102.425, 102.4225, 102.4225, 102.39499999999998, 102.00749999999998, 102.00749999999998, 102.00749999999998, 102.00749999999998, 102.00749999999998, 102.00749999999998, 102.00749999999998, 101.81749999999998, 101.73999999999998, 101.73999999999998, 101.65999999999998, 101.65999999999998, 101.65999999999998, 101.64, 101.64, 101.33749999999999, 101.33749999999999, 101.08500000000002, 101.08500000000002, 101.08500000000002, 101.015, 100.95749999999997, 100.74500000000002, 100.57750000000001, 100.57750000000001, 100.55999999999999, 100.4425, 100.4425, 100.21, 100.21, 100.21, 100.21, 100.10999999999997, 99.87250000000002, 99.59, 99.59, 99.59, 99.54999999999998, 99.54999999999998, 99.54999999999998, 99.27, 99.27, 99.27, 98.905, 98.905, 98.80250000000001, 98.80250000000001, 98.65750000000001, 98.57499999999997, 98.57499999999997, 98.57499999999997, 98.57499999999997, 98.45749999999998, 98.45749999999998, 98.38250000000002, 98.28999999999999, 98.24999999999999, 98.1775, 98.08749999999999, 98.01749999999997, 97.95749999999998, 97.95749999999997, 97.90499999999999, 97.90499999999999, 97.74, 97.55499999999999, 97.55499999999999, 97.55499999999999, 97.55499999999999, 97.55499999999999, 97.55499999999999, 97.55499999999999, 97.55499999999999, 97.55499999999999, 97.55499999999999, 97.55499999999999, 97.55499999999999, 97.55499999999999, 97.47249999999998, 97.47249999999998, 97.47249999999998, 97.4275, 97.4275, 97.4275, 97.4275, 97.39749999999998, 97.35000000000002, 97.35000000000002, 97.35000000000002, 97.31, 97.27999999999997, 97.27999999999997, 97.27999999999997, 97.27999999999997, 97.24249999999999, 97.24249999999999, 97.21749999999999, 97.21749999999999, 97.21, 97.15499999999999, 97.13749999999999, 97.125, 97.08749999999999, 97.08749999999999, 97.08749999999999, 97.08749999999999, 97.08749999999999, 97.08749999999999, 97.08749999999999, 97.08749999999999, 97.08749999999999, 97.08749999999999, 97.08749999999999, 97.08749999999999, 97.08749999999999, 97.08749999999999, 97.08749999999999, 97.08749999999999, 97.08749999999999, 97.08749999999999, 97.08749999999999, 97.08749999999999, 97.08749999999999, 97.08749999999999, 97.08749999999999, 97.08749999999999, 97.08749999999999, 97.08749999999999, 97.08749999999999, 97.08749999999999, 97.08749999999999, 97.08749999999999, 97.08749999999999, 97.08749999999999, 97.08749999999999, 97.08749999999999, 97.08749999999999, 97.08749999999999, 97.08749999999999, 97.08749999999999, 97.08749999999999, 97.08749999999999, 97.08749999999999, 97.08749999999999, 97.08749999999999, 97.08749999999999, 97.08749999999999, 97.08749999999999, 97.08749999999999, 97.08749999999999, 97.08749999999999, 97.08749999999999, 97.08749999999999, 97.08749999999999, 97.08749999999999, 97.08749999999999, 97.08749999999999, 97.08749999999999, 97.08749999999999, 97.08749999999999, 97.08749999999999, 97.08749999999999, 97.08749999999999, 97.08749999999999, 97.08749999999999, 97.08749999999999, 97.08749999999999, 97.08749999999999, 97.08749999999999, 97.08749999999999, 97.08749999999999, 97.08749999999999, 97.08749999999999, 97.08749999999999, 97.08749999999999, 97.08749999999999, 97.08749999999999, 97.08749999999999, 97.08749999999999, 97.08749999999999, 97.08749999999999, 97.08749999999999, 97.08749999999999, 97.08749999999999, 97.08749999999999, 97.08749999999999, 97.08749999999999, 97.08749999999999, 97.08749999999999, 97.08749999999999, 97.08749999999999, 97.08749999999999, 97.08749999999999, 97.08749999999999, 97.08749999999999, 97.08749999999999, 97.08749999999999, 97.08749999999999, 97.08749999999999, 97.08749999999999, 97.08749999999999, 97.08749999999999, 97.08749999999999, 97.08749999999999]

Execution 3:
Parametros: P=1000, Pe=0.3, Pm=0.15, pe=0.7, Parada=100
Start Time (hh:mm:ss.ms) 2023-07-17 10:59:27.611628
gen	min    	max    	avg    	std     
0  	101.975	106.058	104.386	0.493565
13 	101.933	106.09 	103.376	0.69398 
14 	101.922	105.857	103.337	0.691914
16 	101.695	105.625	103.3  	0.74279 
18 	101.472	105.607	103.233	0.789971
19 	101.452	105.515	103.164	0.777347
22 	101.35 	105.48 	103.084	0.815132
26 	101.3  	105.642	102.926	0.825809
28 	100.732	105.602	102.797	0.861235
32 	100.682	105.562	102.589	0.897257
40 	100.465	105.702	102.009	1.08373 
41 	100.12 	105.627	101.911	1.13048 
44 	99.95  	105.57 	101.634	1.23648 
47 	99.895 	105.552	101.382	1.31655 
48 	99.845 	106.027	101.277	1.37115 
49 	99.5875	105.447	101.197	1.37767 
51 	99.44  	105.587	101.075	1.44145 
52 	99.42  	105.66 	100.993	1.44321 
54 	99.265 	105.447	100.861	1.51131 
55 	99.15  	105.752	100.818	1.55855 
57 	99.0775	105.607	100.677	1.58861 
60 	99.025 	105.343	100.482	1.66024 
61 	98.95  	105.653	100.418	1.68027 
62 	98.9375	105.505	100.357	1.7235  
63 	98.925 	105.587	100.29 	1.74331 
64 	98.775 	105.665	100.231	1.79719 
65 	98.485 	105.537	100.17 	1.77963 
69 	98.3725	105.69 	99.9414	1.88871 
74 	98.155 	105.74 	99.6786	1.98653 
77 	98.1475	105.672	99.5404	2.03926 
78 	98.1425	105.497	99.5047	2.06555 
79 	98.0775	105.505	99.4603	2.08697 
80 	98.01  	105.48 	99.4211	2.12651 
81 	97.895 	105.665	99.3697	2.12886 
84 	97.805 	105.765	99.2154	2.178   
85 	97.79  	105.405	99.1915	2.2407  
86 	97.7175	105.47 	99.1279	2.23915 
88 	97.705 	105.635	99.0161	2.27461 
89 	97.6275	105.407	98.945 	2.26291 
90 	97.5725	105.61 	98.8973	2.31598 
92 	97.5475	105.6  	98.8141	2.36188 
93 	97.5   	105.635	98.7651	2.36697 
95 	97.4825	105.432	98.6841	2.38588 
96 	97.415 	105.7  	98.6559	2.41438 
100	97.325 	105.515	98.5431	2.42882 
102	97.32  	105.612	98.5304	2.4875  
103	97.3025	105.397	98.4948	2.46436 
105	97.285 	105.685	98.4773	2.50743 
106	97.265 	105.548	98.4493	2.4738  
113	97.26  	105.657	98.3559	2.52767 
214	97.26  	105.633	98.342 	2.58183 
End Time (hh:mm:ss.ms) 2023-07-17 11:00:18.251385
Total Time (hh:mm:ss.ms) 0:00:50.639757
Individuo: [[36, 12, 23, 19, 13, 25, 31, 17, 20, 50, 52, 38, 11, 39, 29, 2, 6, 27, 14, 10, 22, 35, 46, 41, 51, 40, 8, 26, 18, 42, 21, 1, 7, 53, 34, 9, 49, 28, 3, 48, 5, 16, 33, 32, 45, 0, 44, 37, 24, 4, 43, 30, 15, 47], [1, 1, 0, 0, 0, 1, 0, 0, 0, 0, 0, 1, 1, 1, 0, 0, 0, 0, 0, 0, 0, 1, 1, 1, 0, 0, 0, 0, 0, 0, 0, 0, 0, 1, 1, 1, 1, 1, 0, 0, 0, 1, 1, 1, 1, 1, 1, 1, 1, 1, 0, 0, 1, 0]]
Fitness:  97.25999999999996
Gens:  [0, 1, 2, 3, 4, 5, 6, 7, 8, 9, 10, 11, 12, 13, 14, 15, 16, 17, 18, 19, 20, 21, 22, 23, 24, 25, 26, 27, 28, 29, 30, 31, 32, 33, 34, 35, 36, 37, 38, 39, 40, 41, 42, 43, 44, 45, 46, 47, 48, 49, 50, 51, 52, 53, 54, 55, 56, 57, 58, 59, 60, 61, 62, 63, 64, 65, 66, 67, 68, 69, 70, 71, 72, 73, 74, 75, 76, 77, 78, 79, 80, 81, 82, 83, 84, 85, 86, 87, 88, 89, 90, 91, 92, 93, 94, 95, 96, 97, 98, 99, 100, 101, 102, 103, 104, 105, 106, 107, 108, 109, 110, 111, 112, 113, 114, 115, 116, 117, 118, 119, 120, 121, 122, 123, 124, 125, 126, 127, 128, 129, 130, 131, 132, 133, 134, 135, 136, 137, 138, 139, 140, 141, 142, 143, 144, 145, 146, 147, 148, 149, 150, 151, 152, 153, 154, 155, 156, 157, 158, 159, 160, 161, 162, 163, 164, 165, 166, 167, 168, 169, 170, 171, 172, 173, 174, 175, 176, 177, 178, 179, 180, 181, 182, 183, 184, 185, 186, 187, 188, 189, 190, 191, 192, 193, 194, 195, 196, 197, 198, 199, 200, 201, 202, 203, 204, 205, 206, 207, 208, 209, 210, 211, 212, 213, 214]
Inds:  [101.975, 101.975, 101.975, 101.975, 101.975, 101.975, 101.975, 101.975, 101.975, 101.975, 101.975, 101.975, 101.975, 101.93250000000002, 101.92249999999999, 101.92249999999999, 101.69499999999998, 101.69499999999998, 101.47249999999997, 101.45249999999999, 101.45249999999999, 101.45249999999999, 101.34999999999998, 101.34999999999998, 101.34999999999998, 101.34999999999998, 101.29999999999997, 101.29999999999997, 100.73249999999997, 100.73249999999997, 100.73249999999997, 100.73249999999997, 100.68249999999998, 100.68249999999998, 100.68249999999998, 100.68249999999998, 100.68249999999998, 100.68249999999998, 100.68249999999998, 100.68249999999998, 100.46499999999999, 100.11999999999999, 100.11999999999999, 100.11999999999999, 99.94999999999997, 99.94999999999997, 99.94999999999997, 99.89499999999998, 99.84499999999997, 99.5875, 99.5875, 99.44, 99.41999999999999, 99.41999999999999, 99.26499999999997, 99.14999999999995, 99.14999999999995, 99.07749999999996, 99.07749999999996, 99.07749999999996, 99.02499999999999, 98.94999999999996, 98.9375, 98.92499999999998, 98.77499999999998, 98.48499999999996, 98.48499999999996, 98.48499999999996, 98.48499999999996, 98.37249999999997, 98.37249999999997, 98.37249999999997, 98.37249999999997, 98.37249999999997, 98.15499999999996, 98.15499999999996, 98.15499999999996, 98.14749999999995, 98.1425, 98.07749999999994, 98.00999999999996, 97.89499999999997, 97.89499999999997, 97.89499999999997, 97.80499999999998, 97.78999999999998, 97.71749999999996, 97.71749999999996, 97.70499999999997, 97.62749999999997, 97.57249999999998, 97.57249999999998, 97.54749999999997, 97.49999999999994, 97.49999999999994, 97.48249999999997, 97.41499999999996, 97.41499999999996, 97.41499999999996, 97.41499999999996, 97.32499999999996, 97.32499999999996, 97.31999999999996, 97.30249999999997, 97.30249999999997, 97.28499999999997, 97.26499999999997, 97.26499999999997, 97.26499999999997, 97.26499999999997, 97.26499999999997, 97.26499999999997, 97.26499999999997, 97.25999999999996, 97.25999999999996, 97.25999999999996, 97.25999999999996, 97.25999999999996, 97.25999999999996, 97.25999999999996, 97.25999999999996, 97.25999999999996, 97.25999999999996, 97.25999999999996, 97.25999999999996, 97.25999999999996, 97.25999999999996, 97.25999999999996, 97.25999999999996, 97.25999999999996, 97.25999999999996, 97.25999999999996, 97.25999999999996, 97.25999999999996, 97.25999999999996, 97.25999999999996, 97.25999999999996, 97.25999999999996, 97.25999999999996, 97.25999999999996, 97.25999999999996, 97.25999999999996, 97.25999999999996, 97.25999999999996, 97.25999999999996, 97.25999999999996, 97.25999999999996, 97.25999999999996, 97.25999999999996, 97.25999999999996, 97.25999999999996, 97.25999999999996, 97.25999999999996, 97.25999999999996, 97.25999999999996, 97.25999999999996, 97.25999999999996, 97.25999999999996, 97.25999999999996, 97.25999999999996, 97.25999999999996, 97.25999999999996, 97.25999999999996, 97.25999999999996, 97.25999999999996, 97.25999999999996, 97.25999999999996, 97.25999999999996, 97.25999999999996, 97.25999999999996, 97.25999999999996, 97.25999999999996, 97.25999999999996, 97.25999999999996, 97.25999999999996, 97.25999999999996, 97.25999999999996, 97.25999999999996, 97.25999999999996, 97.25999999999996, 97.25999999999996, 97.25999999999996, 97.25999999999996, 97.25999999999996, 97.25999999999996, 97.25999999999996, 97.25999999999996, 97.25999999999996, 97.25999999999996, 97.25999999999996, 97.25999999999996, 97.25999999999996, 97.25999999999996, 97.25999999999996, 97.25999999999996, 97.25999999999996, 97.25999999999996, 97.25999999999996, 97.25999999999996, 97.25999999999996, 97.25999999999996, 97.25999999999996, 97.25999999999996, 97.25999999999996, 97.25999999999996, 97.25999999999996, 97.25999999999996, 97.25999999999996, 97.25999999999996, 97.25999999999996, 97.25999999999996, 97.25999999999996, 97.25999999999996, 97.25999999999996, 97.25999999999996]

Execution 4:
Parametros: P=1000, Pe=0.3, Pm=0.15, pe=0.7, Parada=100
Start Time (hh:mm:ss.ms) 2023-07-17 11:00:19.299419
gen	min    	max    	avg    	std     
0  	102.968	105.752	104.368	0.484011
1  	102.582	105.87 	104.082	0.45483 
4  	102.542	105.4  	103.82 	0.55551 
5  	101.767	105.668	103.739	0.568382
17 	101.7  	105.55 	103.229	0.722828
18 	101.635	105.3  	103.202	0.729095
21 	101.538	105.435	103.08 	0.763441
23 	101.405	105.442	102.994	0.785644
24 	101.398	105.435	102.945	0.802666
28 	101.272	105.535	102.772	0.880772
30 	101.195	105.35 	102.639	0.892266
31 	101.155	105.585	102.569	0.915143
33 	101.127	105.515	102.474	0.938823
34 	100.712	105.937	102.429	0.982229
38 	100.55 	105.46 	102.187	1.02346 
41 	100.527	105.677	102.025	1.11269 
42 	100.305	105.45 	101.932	1.11044 
45 	100.282	105.645	101.739	1.18398 
47 	100.06 	105.552	101.596	1.22173 
49 	99.9725	105.632	101.479	1.27066 
51 	99.94  	105.61 	101.348	1.31034 
52 	99.7225	105.268	101.277	1.31609 
54 	99.59  	105.427	101.196	1.39346 
58 	99.3625	105.57 	100.941	1.49385 
61 	99.28  	105.675	100.769	1.56936 
62 	99.2275	105.95 	100.696	1.57837 
65 	99.175 	105.527	100.465	1.64116 
66 	99.0625	105.365	100.392	1.67397 
67 	98.8575	105.58 	100.326	1.73422 
68 	98.835 	105.457	100.264	1.74074 
70 	98.825 	105.307	100.164	1.80461 
71 	98.69  	105.642	100.093	1.82358 
73 	98.655 	106.013	99.9812	1.88318 
74 	98.5275	105.495	99.9178	1.89411 
75 	98.285 	105.602	99.8499	1.91901 
78 	98.2825	105.722	99.6696	1.96503 
79 	98.25  	105.585	99.6328	2.02472 
80 	98.2225	105.465	99.5629	2.03539 
81 	98.1175	105.857	99.5052	2.06923 
83 	98.0325	105.312	99.3749	2.0875  
84 	98.01  	105.597	99.3179	2.09403 
86 	98     	105.63 	99.2481	2.16633 
87 	97.87  	105.412	99.1996	2.18287 
89 	97.84  	105.982	99.1289	2.24086 
91 	97.8325	105.48 	99.05  	2.2394  
92 	97.8275	105.65 	99.0222	2.24679 
93 	97.7875	105.197	99.0052	2.28353 
94 	97.7375	105.983	98.9741	2.27888 
95 	97.7275	105.485	98.9615	2.30006 
96 	97.6925	105.467	98.9207	2.28221 
97 	97.6225	106.133	98.899 	2.3074  
102	97.61  	105.627	98.7657	2.33718 
104	97.605 	105.685	98.7193	2.34885 
105	97.5825	105.39 	98.7053	2.38236 
106	97.575 	105.665	98.6882	2.4181  
113	97.5725	105.588	98.6237	2.43197 
114	97.5675	105.475	98.6139	2.40555 
215	97.5675	105.455	98.5914	2.44439 
End Time (hh:mm:ss.ms) 2023-07-17 11:01:08.987461
Total Time (hh:mm:ss.ms) 0:00:49.688042
Individuo: [[43, 47, 36, 44, 31, 34, 27, 0, 6, 10, 28, 3, 39, 11, 38, 33, 45, 32, 29, 5, 16, 53, 14, 49, 21, 1, 48, 52, 20, 17, 9, 51, 46, 40, 18, 25, 4, 37, 12, 24, 2, 50, 7, 42, 41, 26, 8, 19, 23, 13, 22, 35, 15, 30], [1, 1, 1, 0, 1, 0, 1, 1, 0, 0, 1, 0, 0, 0, 0, 0, 0, 0, 1, 0, 1, 1, 0, 0, 0, 0, 0, 1, 0, 1, 1, 1, 1, 1, 1, 1, 0, 1, 0, 0, 1, 0, 1, 0, 1, 1, 1, 1, 1, 0, 0, 1, 1, 1]]
Fitness:  97.5675
Gens:  [0, 1, 2, 3, 4, 5, 6, 7, 8, 9, 10, 11, 12, 13, 14, 15, 16, 17, 18, 19, 20, 21, 22, 23, 24, 25, 26, 27, 28, 29, 30, 31, 32, 33, 34, 35, 36, 37, 38, 39, 40, 41, 42, 43, 44, 45, 46, 47, 48, 49, 50, 51, 52, 53, 54, 55, 56, 57, 58, 59, 60, 61, 62, 63, 64, 65, 66, 67, 68, 69, 70, 71, 72, 73, 74, 75, 76, 77, 78, 79, 80, 81, 82, 83, 84, 85, 86, 87, 88, 89, 90, 91, 92, 93, 94, 95, 96, 97, 98, 99, 100, 101, 102, 103, 104, 105, 106, 107, 108, 109, 110, 111, 112, 113, 114, 115, 116, 117, 118, 119, 120, 121, 122, 123, 124, 125, 126, 127, 128, 129, 130, 131, 132, 133, 134, 135, 136, 137, 138, 139, 140, 141, 142, 143, 144, 145, 146, 147, 148, 149, 150, 151, 152, 153, 154, 155, 156, 157, 158, 159, 160, 161, 162, 163, 164, 165, 166, 167, 168, 169, 170, 171, 172, 173, 174, 175, 176, 177, 178, 179, 180, 181, 182, 183, 184, 185, 186, 187, 188, 189, 190, 191, 192, 193, 194, 195, 196, 197, 198, 199, 200, 201, 202, 203, 204, 205, 206, 207, 208, 209, 210, 211, 212, 213, 214, 215]
Inds:  [102.9675, 102.58249999999994, 102.58249999999994, 102.58249999999994, 102.54249999999998, 101.76749999999997, 101.76749999999997, 101.76749999999997, 101.76749999999997, 101.76749999999997, 101.76749999999997, 101.76749999999997, 101.76749999999997, 101.76749999999997, 101.76749999999997, 101.76749999999997, 101.76749999999997, 101.69999999999997, 101.63499999999999, 101.63499999999999, 101.63499999999999, 101.53750000000002, 101.53750000000002, 101.40499999999999, 101.39750000000001, 101.39750000000001, 101.39750000000001, 101.39750000000001, 101.27249999999997, 101.27249999999997, 101.19499999999998, 101.15499999999997, 101.15499999999997, 101.12749999999998, 100.71249999999996, 100.71249999999996, 100.71249999999996, 100.71249999999996, 100.55, 100.55, 100.55, 100.52749999999997, 100.30499999999999, 100.30499999999999, 100.30499999999999, 100.28249999999998, 100.28249999999998, 100.05999999999997, 100.05999999999997, 99.97249999999995, 99.97249999999995, 99.93999999999997, 99.7225, 99.7225, 99.58999999999996, 99.58999999999996, 99.58999999999996, 99.58999999999996, 99.36250000000001, 99.36250000000001, 99.36250000000001, 99.28, 99.22750000000002, 99.22750000000002, 99.22750000000002, 99.17499999999998, 99.06249999999999, 98.8575, 98.835, 98.835, 98.825, 98.68999999999998, 98.68999999999998, 98.65500000000002, 98.52749999999999, 98.28500000000001, 98.28500000000001, 98.28500000000001, 98.28250000000001, 98.24999999999999, 98.2225, 98.1175, 98.1175, 98.03249999999997, 98.00999999999998, 98.00999999999998, 98.0, 97.86999999999999, 97.86999999999999, 97.84, 97.84, 97.8325, 97.82749999999999, 97.7875, 97.73749999999998, 97.72749999999999, 97.6925, 97.62249999999999, 97.62249999999999, 97.62249999999999, 97.62249999999999, 97.62249999999999, 97.60999999999999, 97.60999999999999, 97.60499999999999, 97.5825, 97.57499999999999, 97.57499999999999, 97.57499999999999, 97.57499999999999, 97.57499999999999, 97.57499999999999, 97.57499999999999, 97.57249999999999, 97.5675, 97.5675, 97.5675, 97.5675, 97.5675, 97.5675, 97.5675, 97.5675, 97.5675, 97.5675, 97.5675, 97.5675, 97.5675, 97.5675, 97.5675, 97.5675, 97.5675, 97.5675, 97.5675, 97.5675, 97.5675, 97.5675, 97.5675, 97.5675, 97.5675, 97.5675, 97.5675, 97.5675, 97.5675, 97.5675, 97.5675, 97.5675, 97.5675, 97.5675, 97.5675, 97.5675, 97.5675, 97.5675, 97.5675, 97.5675, 97.5675, 97.5675, 97.5675, 97.5675, 97.5675, 97.5675, 97.5675, 97.5675, 97.5675, 97.5675, 97.5675, 97.5675, 97.5675, 97.5675, 97.5675, 97.5675, 97.5675, 97.5675, 97.5675, 97.5675, 97.5675, 97.5675, 97.5675, 97.5675, 97.5675, 97.5675, 97.5675, 97.5675, 97.5675, 97.5675, 97.5675, 97.5675, 97.5675, 97.5675, 97.5675, 97.5675, 97.5675, 97.5675, 97.5675, 97.5675, 97.5675, 97.5675, 97.5675, 97.5675, 97.5675, 97.5675, 97.5675, 97.5675, 97.5675, 97.5675, 97.5675, 97.5675, 97.5675, 97.5675, 97.5675, 97.5675, 97.5675, 97.5675, 97.5675, 97.5675, 97.5675, 97.5675]

Execution 5:
Parametros: P=1000, Pe=0.3, Pm=0.15, pe=0.7, Parada=100
Start Time (hh:mm:ss.ms) 2023-07-17 11:01:10.028464
gen	min   	max   	avg    	std     
0  	102.71	105.76	104.385	0.474917
1  	102.64	105.515	104.086	0.463817
2  	102.565	105.51 	103.945	0.510182
3  	102.387	105.873	103.841	0.532622
4  	102.365	105.817	103.792	0.56584 
5  	102.335	105.44 	103.721	0.581193
6  	102.153	105.615	103.66 	0.599334
12 	102.077	105.585	103.478	0.693205
13 	102    	105.645	103.394	0.661212
15 	101.922	105.642	103.359	0.708635
17 	101.84 	105.898	103.323	0.737552
20 	101.608	105.583	103.222	0.736079
25 	101.488	105.41 	103.071	0.771442
27 	101.12 	105.802	102.992	0.827494
30 	101.11 	105.615	102.793	0.858794
31 	101.022	105.563	102.741	0.87246 
33 	100.97 	105.61 	102.632	0.899125
36 	100.87 	105.668	102.406	0.95384 
37 	100.698	105.718	102.344	0.980142
40 	100.282	105.522	102.146	1.03923 
45 	100.067	105.59 	101.788	1.16403 
47 	100.055	105.62 	101.643	1.20133 
51 	99.8525	105.435	101.333	1.30833 
52 	99.7   	105.938	101.28 	1.37308 
53 	99.6   	105.652	101.181	1.36519 
54 	99.415 	105.422	101.101	1.39972 
56 	99.355 	105.687	100.953	1.47756 
57 	99.2775	105.693	100.868	1.49684 
59 	98.9375	105.335	100.701	1.56145 
63 	98.7625	105.41 	100.386	1.69478 
66 	98.7175	105.635	100.156	1.77741 
67 	98.68  	105.675	100.081	1.81823 
68 	98.6375	105.48 	100.007	1.8578  
69 	98.5475	105.417	99.9295	1.87602 
70 	98.4125	105.457	99.8497	1.90656 
72 	98.205 	105.42 	99.7352	1.9858  
73 	98     	105.672	99.6604	2.02491 
77 	97.9625	105.737	99.3657	2.10771 
78 	97.9075	105.335	99.3216	2.17286 
80 	97.9   	105.63 	99.2267	2.20223 
81 	97.815 	105.46 	99.1689	2.19544 
82 	97.7425	105.56 	99.1244	2.20386 
83 	97.7075	105.29 	99.0819	2.21166 
85 	97.675 	105.592	99.0002	2.26006 
86 	97.565 	105.515	98.9649	2.28641 
87 	97.52  	105.575	98.932 	2.29944 
90 	97.41  	105.39 	98.8072	2.34727 
95 	97.36  	105.707	98.6149	2.41742 
96 	97.35  	105.77 	98.5971	2.42366 
97 	97.3325	105.5  	98.5699	2.46227 
98 	97.3175	105.57 	98.5402	2.47305 
99 	97.2875	105.432	98.5106	2.46457 
101	97.2875	105.605	98.461 	2.512   
202	97.2875	105.943	98.366 	2.57419 
End Time (hh:mm:ss.ms) 2023-07-17 11:01:55.200089
Total Time (hh:mm:ss.ms) 0:00:45.171625
Individuo: [[30, 47, 36, 24, 37, 31, 27, 53, 39, 11, 38, 3, 5, 52, 32, 7, 1, 48, 29, 2, 20, 50, 45, 33, 6, 0, 14, 22, 8, 19, 35, 23, 26, 41, 18, 42, 40, 10, 21, 49, 34, 4, 17, 44, 25, 46, 15, 13, 51, 28, 16, 9, 12, 43], [0, 0, 1, 0, 0, 1, 1, 0, 0, 0, 0, 1, 1, 1, 1, 1, 0, 0, 0, 0, 0, 0, 1, 0, 1, 0, 0, 0, 0, 0, 0, 0, 0, 0, 0, 0, 0, 0, 1, 1, 1, 0, 1, 0, 0, 0, 1, 0, 0, 1, 1, 0, 0, 0]]
Fitness:  97.28749999999995
Gens:  [0, 1, 2, 3, 4, 5, 6, 7, 8, 9, 10, 11, 12, 13, 14, 15, 16, 17, 18, 19, 20, 21, 22, 23, 24, 25, 26, 27, 28, 29, 30, 31, 32, 33, 34, 35, 36, 37, 38, 39, 40, 41, 42, 43, 44, 45, 46, 47, 48, 49, 50, 51, 52, 53, 54, 55, 56, 57, 58, 59, 60, 61, 62, 63, 64, 65, 66, 67, 68, 69, 70, 71, 72, 73, 74, 75, 76, 77, 78, 79, 80, 81, 82, 83, 84, 85, 86, 87, 88, 89, 90, 91, 92, 93, 94, 95, 96, 97, 98, 99, 100, 101, 102, 103, 104, 105, 106, 107, 108, 109, 110, 111, 112, 113, 114, 115, 116, 117, 118, 119, 120, 121, 122, 123, 124, 125, 126, 127, 128, 129, 130, 131, 132, 133, 134, 135, 136, 137, 138, 139, 140, 141, 142, 143, 144, 145, 146, 147, 148, 149, 150, 151, 152, 153, 154, 155, 156, 157, 158, 159, 160, 161, 162, 163, 164, 165, 166, 167, 168, 169, 170, 171, 172, 173, 174, 175, 176, 177, 178, 179, 180, 181, 182, 183, 184, 185, 186, 187, 188, 189, 190, 191, 192, 193, 194, 195, 196, 197, 198, 199, 200, 201, 202]
Inds:  [102.71, 102.63999999999999, 102.56499999999996, 102.38749999999995, 102.365, 102.33499999999998, 102.1525, 102.1525, 102.1525, 102.1525, 102.1525, 102.1525, 102.07749999999997, 101.99999999999997, 101.99999999999997, 101.92249999999999, 101.92249999999999, 101.84, 101.84, 101.84, 101.6075, 101.6075, 101.6075, 101.6075, 101.6075, 101.48750000000003, 101.48750000000003, 101.11999999999999, 101.11999999999999, 101.11999999999999, 101.11000000000003, 101.02249999999998, 101.02249999999998, 100.97000000000003, 100.97000000000003, 100.97000000000003, 100.87000000000002, 100.6975, 100.6975, 100.6975, 100.28249999999997, 100.28249999999997, 100.28249999999997, 100.28249999999997, 100.28249999999997, 100.06749999999997, 100.06749999999997, 100.055, 100.055, 100.055, 100.055, 99.85249999999998, 99.69999999999999, 99.59999999999998, 99.41499999999999, 99.41499999999999, 99.35500000000002, 99.27750000000002, 99.27750000000002, 98.93749999999999, 98.93749999999999, 98.93749999999999, 98.93749999999999, 98.76249999999997, 98.76249999999997, 98.76249999999997, 98.71749999999999, 98.67999999999996, 98.63749999999997, 98.54749999999999, 98.41249999999998, 98.41249999999998, 98.20500000000001, 98.0, 98.0, 98.0, 98.0, 97.96249999999998, 97.90749999999998, 97.90749999999998, 97.89999999999993, 97.815, 97.74249999999998, 97.70749999999997, 97.70749999999997, 97.67499999999998, 97.56499999999997, 97.51999999999997, 97.51999999999997, 97.51999999999997, 97.41, 97.41, 97.41, 97.41, 97.41, 97.35999999999996, 97.34999999999998, 97.33249999999998, 97.31749999999998, 97.28749999999998, 97.28749999999998, 97.28749999999995, 97.28749999999995, 97.28749999999995, 97.28749999999995, 97.28749999999995, 97.28749999999995, 97.28749999999995, 97.28749999999995, 97.28749999999995, 97.28749999999995, 97.28749999999995, 97.28749999999995, 97.28749999999995, 97.28749999999995, 97.28749999999995, 97.28749999999995, 97.28749999999995, 97.28749999999995, 97.28749999999995, 97.28749999999995, 97.28749999999995, 97.28749999999995, 97.28749999999995, 97.28749999999995, 97.28749999999995, 97.28749999999995, 97.28749999999995, 97.28749999999995, 97.28749999999995, 97.28749999999995, 97.28749999999995, 97.28749999999995, 97.28749999999995, 97.28749999999995, 97.28749999999995, 97.28749999999995, 97.28749999999995, 97.28749999999995, 97.28749999999995, 97.28749999999995, 97.28749999999995, 97.28749999999995, 97.28749999999995, 97.28749999999995, 97.28749999999995, 97.28749999999995, 97.28749999999995, 97.28749999999995, 97.28749999999995, 97.28749999999995, 97.28749999999995, 97.28749999999995, 97.28749999999995, 97.28749999999995, 97.28749999999995, 97.28749999999995, 97.28749999999995, 97.28749999999995, 97.28749999999995, 97.28749999999995, 97.28749999999995, 97.28749999999995, 97.28749999999995, 97.28749999999995, 97.28749999999995, 97.28749999999995, 97.28749999999995, 97.28749999999995, 97.28749999999995, 97.28749999999995, 97.28749999999995, 97.28749999999995, 97.28749999999995, 97.28749999999995, 97.28749999999995, 97.28749999999995, 97.28749999999995, 97.28749999999995, 97.28749999999995, 97.28749999999995, 97.28749999999995, 97.28749999999995, 97.28749999999995, 97.28749999999995, 97.28749999999995, 97.28749999999995, 97.28749999999995, 97.28749999999995, 97.28749999999995, 97.28749999999995, 97.28749999999995, 97.28749999999995, 97.28749999999995, 97.28749999999995, 97.28749999999995, 97.28749999999995, 97.28749999999995, 97.28749999999995, 97.28749999999995, 97.28749999999995, 97.28749999999995, 97.28749999999995]

Execution 6:
Parametros: P=1000, Pe=0.3, Pm=0.15, pe=0.7, Parada=100
Start Time (hh:mm:ss.ms) 2023-07-17 11:01:56.227122
gen	min   	max    	avg    	std     
0  	102.45	105.767	104.371	0.468228
2  	102.448	105.84 	103.952	0.497334
4  	102.383	105.647	103.815	0.552145
5  	102.22 	105.565	103.764	0.583613
10 	102.21 	105.85 	103.558	0.668854
12 	101.91 	105.543	103.465	0.665455
20 	101.825	105.807	103.274	0.754341
21 	101.81 	105.667	103.229	0.76358 
23 	101.635	105.405	103.182	0.766297
27 	101.33 	105.862	103.068	0.796312
36 	101.092	105.502	102.699	0.890556
38 	100.928	105.615	102.607	0.927006
42 	100.76 	105.62 	102.378	0.97055 
43 	100.457	105.585	102.312	1.00543 
44 	100.213	105.68 	102.244	1.01475 
54 	100.21 	105.397	101.599	1.24819 
55 	100.175	105.57 	101.499	1.25753 
56 	100.033	105.46 	101.46 	1.30806 
57 	100.027	105.802	101.371	1.33754 
58 	99.855 	105.73 	101.292	1.34961 
59 	99.8125	105.417	101.226	1.39439 
61 	99.3675	105.76 	101.051	1.44465 
64 	99.3625	105.512	100.844	1.51944 
67 	99.295 	105.457	100.633	1.58314 
68 	99.26  	105.455	100.572	1.61919 
69 	99.1825	105.692	100.497	1.64134 
70 	98.9975	105.552	100.444	1.6918  
72 	98.8175	105.57 	100.304	1.73639 
76 	98.7625	105.722	100.098	1.80851 
77 	98.7   	105.765	100.067	1.83045 
78 	98.6125	105.713	100.024	1.86175 
80 	98.4675	105.608	99.9077	1.87056 
82 	98.3125	105.603	99.8003	1.92606 
86 	98.295 	105.468	99.5914	1.99055 
87 	98.165 	105.567	99.5621	2.08111 
88 	98.085 	105.593	99.4891	2.08221 
90 	98.035 	105.61 	99.3838	2.11213 
91 	98.005 	105.612	99.328 	2.13818 
92 	97.995 	105.525	99.3072	2.19412 
93 	97.9825	105.542	99.2315	2.15749 
94 	97.9475	105.525	99.1861	2.17567 
95 	97.8575	105.84 	99.1494	2.22503 
96 	97.835 	105.632	99.1019	2.23949 
97 	97.7725	105.235	99.05  	2.21527 
98 	97.7275	105.632	99.0162	2.26941 
100	97.7225	105.388	98.9171	2.25673 
101	97.6975	105.243	98.8985	2.31659 
102	97.6775	105.635	98.8567	2.3179  
103	97.6775	105.528	98.8352	2.34783 
104	97.6425	105.527	98.8038	2.34844 
106	97.6325	105.707	98.7681	2.37829 
107	97.6   	105.887	98.7523	2.38765 
109	97.57  	105.718	98.7139	2.38554 
113	97.5525	105.465	98.6448	2.42938 
114	97.4975	105.617	98.6161	2.39387 
117	97.485 	105.567	98.6082	2.42918 
218	97.485 	105.27 	98.5128	2.45399 
End Time (hh:mm:ss.ms) 2023-07-17 11:02:45.227891
Total Time (hh:mm:ss.ms) 0:00:49.000769
Individuo: [[30, 15, 35, 4, 12, 37, 24, 17, 34, 9, 42, 40, 18, 21, 1, 3, 38, 11, 39, 48, 53, 33, 0, 2, 50, 28, 49, 10, 22, 32, 45, 6, 29, 20, 52, 5, 7, 16, 14, 27, 31, 44, 51, 41, 8, 19, 13, 26, 23, 46, 25, 47, 36, 43], [0, 0, 0, 0, 1, 1, 1, 0, 1, 1, 0, 0, 0, 0, 0, 0, 1, 1, 1, 0, 1, 0, 1, 1, 0, 0, 0, 0, 0, 1, 1, 1, 0, 1, 0, 0, 1, 1, 1, 0, 0, 0, 0, 1, 1, 0, 0, 0, 1, 0, 1, 1, 1, 0]]
Fitness:  97.48499999999994
Gens:  [0, 1, 2, 3, 4, 5, 6, 7, 8, 9, 10, 11, 12, 13, 14, 15, 16, 17, 18, 19, 20, 21, 22, 23, 24, 25, 26, 27, 28, 29, 30, 31, 32, 33, 34, 35, 36, 37, 38, 39, 40, 41, 42, 43, 44, 45, 46, 47, 48, 49, 50, 51, 52, 53, 54, 55, 56, 57, 58, 59, 60, 61, 62, 63, 64, 65, 66, 67, 68, 69, 70, 71, 72, 73, 74, 75, 76, 77, 78, 79, 80, 81, 82, 83, 84, 85, 86, 87, 88, 89, 90, 91, 92, 93, 94, 95, 96, 97, 98, 99, 100, 101, 102, 103, 104, 105, 106, 107, 108, 109, 110, 111, 112, 113, 114, 115, 116, 117, 118, 119, 120, 121, 122, 123, 124, 125, 126, 127, 128, 129, 130, 131, 132, 133, 134, 135, 136, 137, 138, 139, 140, 141, 142, 143, 144, 145, 146, 147, 148, 149, 150, 151, 152, 153, 154, 155, 156, 157, 158, 159, 160, 161, 162, 163, 164, 165, 166, 167, 168, 169, 170, 171, 172, 173, 174, 175, 176, 177, 178, 179, 180, 181, 182, 183, 184, 185, 186, 187, 188, 189, 190, 191, 192, 193, 194, 195, 196, 197, 198, 199, 200, 201, 202, 203, 204, 205, 206, 207, 208, 209, 210, 211, 212, 213, 214, 215, 216, 217, 218]
Inds:  [102.44999999999999, 102.44999999999999, 102.4475, 102.4475, 102.38250000000001, 102.22, 102.22, 102.22, 102.22, 102.22, 102.20999999999998, 102.20999999999998, 101.91, 101.91, 101.91, 101.91, 101.91, 101.91, 101.91, 101.91, 101.82500000000002, 101.80999999999997, 101.80999999999997, 101.63499999999996, 101.63499999999996, 101.63499999999996, 101.63499999999996, 101.33000000000004, 101.33000000000004, 101.33000000000004, 101.33000000000004, 101.33000000000004, 101.33000000000004, 101.33000000000004, 101.33000000000004, 101.33000000000004, 101.09249999999997, 101.09249999999997, 100.92750000000002, 100.92750000000002, 100.92750000000002, 100.92750000000002, 100.76000000000002, 100.45749999999995, 100.2125, 100.2125, 100.2125, 100.2125, 100.2125, 100.2125, 100.2125, 100.2125, 100.2125, 100.2125, 100.21000000000001, 100.17499999999995, 100.03250000000001, 100.02749999999999, 99.855, 99.8125, 99.8125, 99.36749999999999, 99.36749999999999, 99.36749999999999, 99.36249999999998, 99.36249999999998, 99.36249999999998, 99.29499999999999, 99.25999999999999, 99.1825, 98.9975, 98.9975, 98.8175, 98.8175, 98.8175, 98.8175, 98.76249999999997, 98.7, 98.6125, 98.6125, 98.46749999999997, 98.46749999999997, 98.31249999999997, 98.31249999999997, 98.31249999999997, 98.31249999999997, 98.29499999999999, 98.16499999999998, 98.08499999999998, 98.08499999999998, 98.03499999999997, 98.005, 97.99499999999998, 97.98249999999999, 97.9475, 97.85749999999999, 97.83500000000001, 97.77249999999998, 97.72749999999998, 97.72749999999998, 97.72249999999997, 97.69749999999998, 97.67749999999998, 97.67749999999997, 97.64249999999996, 97.64249999999996, 97.63249999999998, 97.59999999999997, 97.59999999999997, 97.56999999999996, 97.56999999999996, 97.56999999999996, 97.56999999999996, 97.55249999999997, 97.49749999999996, 97.49749999999996, 97.49749999999996, 97.48499999999994, 97.48499999999994, 97.48499999999994, 97.48499999999994, 97.48499999999994, 97.48499999999994, 97.48499999999994, 97.48499999999994, 97.48499999999994, 97.48499999999994, 97.48499999999994, 97.48499999999994, 97.48499999999994, 97.48499999999994, 97.48499999999994, 97.48499999999994, 97.48499999999994, 97.48499999999994, 97.48499999999994, 97.48499999999994, 97.48499999999994, 97.48499999999994, 97.48499999999994, 97.48499999999994, 97.48499999999994, 97.48499999999994, 97.48499999999994, 97.48499999999994, 97.48499999999994, 97.48499999999994, 97.48499999999994, 97.48499999999994, 97.48499999999994, 97.48499999999994, 97.48499999999994, 97.48499999999994, 97.48499999999994, 97.48499999999994, 97.48499999999994, 97.48499999999994, 97.48499999999994, 97.48499999999994, 97.48499999999994, 97.48499999999994, 97.48499999999994, 97.48499999999994, 97.48499999999994, 97.48499999999994, 97.48499999999994, 97.48499999999994, 97.48499999999994, 97.48499999999994, 97.48499999999994, 97.48499999999994, 97.48499999999994, 97.48499999999994, 97.48499999999994, 97.48499999999994, 97.48499999999994, 97.48499999999994, 97.48499999999994, 97.48499999999994, 97.48499999999994, 97.48499999999994, 97.48499999999994, 97.48499999999994, 97.48499999999994, 97.48499999999994, 97.48499999999994, 97.48499999999994, 97.48499999999994, 97.48499999999994, 97.48499999999994, 97.48499999999994, 97.48499999999994, 97.48499999999994, 97.48499999999994, 97.48499999999994, 97.48499999999994, 97.48499999999994, 97.48499999999994, 97.48499999999994, 97.48499999999994, 97.48499999999994, 97.48499999999994, 97.48499999999994, 97.48499999999994, 97.48499999999994, 97.48499999999994, 97.48499999999994, 97.48499999999994, 97.48499999999994, 97.48499999999994, 97.48499999999994, 97.48499999999994, 97.48499999999994, 97.48499999999994, 97.48499999999994, 97.48499999999994, 97.48499999999994, 97.48499999999994, 97.48499999999994]

Execution 7:
Parametros: P=1000, Pe=0.3, Pm=0.15, pe=0.7, Parada=100
Start Time (hh:mm:ss.ms) 2023-07-17 11:02:46.270895
gen	min    	max   	avg   	std     
0  	102.542	105.76	104.38	0.490983
4  	102.382	105.702	103.79 	0.557552
6  	102.275	105.845	103.654	0.586574
7  	102.172	105.355	103.605	0.605551
8  	102.11 	105.497	103.568	0.619751
10 	101.915	106.177	103.459	0.661511
13 	101.81 	105.75 	103.361	0.71474 
18 	101.793	105.723	103.198	0.766768
20 	101.61 	105.535	103.108	0.764497
21 	101.508	105.828	103.052	0.787415
27 	101.403	105.743	102.873	0.856466
29 	100.957	105.608	102.799	0.86703 
35 	100.947	105.5  	102.495	0.952361
36 	100.872	105.652	102.445	0.967792
37 	100.737	105.742	102.388	0.999514
38 	100.697	105.465	102.323	1.01177 
41 	100.535	105.765	102.087	1.09102 
43 	100.345	105.86 	101.907	1.13972 
44 	100.225	105.453	101.796	1.15607 
45 	100.202	106.162	101.705	1.21828 
47 	100.172	105.735	101.529	1.23885 
48 	100.06 	105.892	101.465	1.3056  
49 	99.84  	105.65 	101.375	1.31945 
50 	99.8225	105.725	101.274	1.36066 
51 	99.5925	105.69 	101.184	1.37486 
52 	99.5825	105.547	101.098	1.4459  
53 	99.195 	105.282	100.996	1.47608 
57 	99.0225	105.935	100.617	1.62541 
60 	99.005 	105.407	100.343	1.71892 
61 	98.8   	105.467	100.253	1.73183 
62 	98.7875	105.707	100.186	1.79093 
63 	98.655 	105.652	100.128	1.82863 
65 	98.655 	105.762	100.006	1.86588 
67 	98.2575	105.533	99.8779	1.90943 
71 	98.2175	105.495	99.6446	1.98415 
75 	98.1375	105.425	99.428 	2.06465 
77 	98.0725	105.66 	99.3661	2.15391 
78 	98.0125	105.527	99.3085	2.12706 
81 	97.9975	105.535	99.208 	2.19314 
82 	97.9025	105.653	99.1664	2.17788 
84 	97.9025	105.522	99.1124	2.21737 
86 	97.8825	105.482	99.0603	2.24436 
87 	97.875 	105.625	99.0288	2.24607 
88 	97.785 	105.747	99.0096	2.27487 
89 	97.7775	105.607	98.989 	2.30872 
91 	97.75  	105.858	98.9234	2.29765 
92 	97.75  	105.563	98.907 	2.31923 
94 	97.745 	105.498	98.8605	2.32077 
95 	97.725 	105.522	98.8476	2.33496 
96 	97.6625	105.673	98.8228	2.32133 
99 	97.635 	105.23 	98.7812	2.3441  
100	97.6325	105.825	98.7525	2.33307 
101	97.5725	105.395	98.7478	2.36727 
102	97.5675	105.605	98.7251	2.37754 
105	97.5225	105.578	98.6863	2.3972  
206	97.5225	105.713	98.5483	2.4495  
End Time (hh:mm:ss.ms) 2023-07-17 11:03:33.310458
Total Time (hh:mm:ss.ms) 0:00:47.039563
Individuo: [[47, 30, 13, 46, 40, 51, 16, 7, 29, 50, 52, 53, 27, 34, 35, 15, 19, 23, 22, 21, 18, 42, 49, 10, 28, 41, 26, 8, 25, 31, 44, 12, 24, 6, 14, 1, 3, 48, 11, 39, 38, 5, 45, 33, 32, 9, 17, 37, 20, 2, 0, 4, 36, 43], [0, 0, 0, 1, 0, 0, 0, 0, 0, 0, 0, 1, 0, 1, 1, 1, 1, 1, 1, 1, 1, 1, 1, 1, 0, 1, 1, 1, 1, 0, 0, 0, 0, 0, 0, 0, 0, 0, 0, 1, 1, 0, 1, 1, 1, 0, 1, 1, 0, 0, 0, 0, 0, 0]]
Fitness:  97.5225
Gens:  [0, 1, 2, 3, 4, 5, 6, 7, 8, 9, 10, 11, 12, 13, 14, 15, 16, 17, 18, 19, 20, 21, 22, 23, 24, 25, 26, 27, 28, 29, 30, 31, 32, 33, 34, 35, 36, 37, 38, 39, 40, 41, 42, 43, 44, 45, 46, 47, 48, 49, 50, 51, 52, 53, 54, 55, 56, 57, 58, 59, 60, 61, 62, 63, 64, 65, 66, 67, 68, 69, 70, 71, 72, 73, 74, 75, 76, 77, 78, 79, 80, 81, 82, 83, 84, 85, 86, 87, 88, 89, 90, 91, 92, 93, 94, 95, 96, 97, 98, 99, 100, 101, 102, 103, 104, 105, 106, 107, 108, 109, 110, 111, 112, 113, 114, 115, 116, 117, 118, 119, 120, 121, 122, 123, 124, 125, 126, 127, 128, 129, 130, 131, 132, 133, 134, 135, 136, 137, 138, 139, 140, 141, 142, 143, 144, 145, 146, 147, 148, 149, 150, 151, 152, 153, 154, 155, 156, 157, 158, 159, 160, 161, 162, 163, 164, 165, 166, 167, 168, 169, 170, 171, 172, 173, 174, 175, 176, 177, 178, 179, 180, 181, 182, 183, 184, 185, 186, 187, 188, 189, 190, 191, 192, 193, 194, 195, 196, 197, 198, 199, 200, 201, 202, 203, 204, 205, 206]
Inds:  [102.54249999999999, 102.54249999999999, 102.54249999999999, 102.54249999999999, 102.3825, 102.3825, 102.275, 102.1725, 102.11, 102.11, 101.915, 101.915, 101.915, 101.80999999999997, 101.80999999999997, 101.80999999999997, 101.80999999999997, 101.80999999999997, 101.79250000000002, 101.79250000000002, 101.60999999999999, 101.50750000000002, 101.50750000000002, 101.50750000000002, 101.50750000000002, 101.50750000000002, 101.50750000000002, 101.4025, 101.4025, 100.95749999999998, 100.95749999999998, 100.95749999999998, 100.95749999999998, 100.95749999999998, 100.95749999999998, 100.94749999999999, 100.87249999999999, 100.73749999999998, 100.69749999999998, 100.69749999999998, 100.69749999999998, 100.53499999999998, 100.53499999999998, 100.34499999999998, 100.225, 100.20249999999999, 100.20249999999999, 100.1725, 100.05999999999999, 99.83999999999997, 99.82249999999999, 99.59249999999999, 99.5825, 99.19499999999998, 99.19499999999998, 99.19499999999998, 99.19499999999998, 99.02249999999997, 99.02249999999997, 99.02249999999997, 99.00499999999997, 98.8, 98.78749999999998, 98.65500000000002, 98.65500000000002, 98.65499999999999, 98.65499999999999, 98.25750000000001, 98.25750000000001, 98.25750000000001, 98.25750000000001, 98.21749999999999, 98.21749999999999, 98.21749999999999, 98.21749999999999, 98.13749999999999, 98.13749999999999, 98.07249999999999, 98.01249999999997, 98.01249999999997, 98.01249999999997, 97.99750000000002, 97.9025, 97.9025, 97.90249999999999, 97.90249999999999, 97.88249999999998, 97.87499999999999, 97.78500000000001, 97.7775, 97.7775, 97.74999999999999, 97.74999999999997, 97.74999999999997, 97.745, 97.72500000000001, 97.66250000000001, 97.66250000000001, 97.66250000000001, 97.63499999999998, 97.63249999999998, 97.57249999999999, 97.5675, 97.5675, 97.5675, 97.5225, 97.5225, 97.5225, 97.5225, 97.5225, 97.5225, 97.5225, 97.5225, 97.5225, 97.5225, 97.5225, 97.5225, 97.5225, 97.5225, 97.5225, 97.5225, 97.5225, 97.5225, 97.5225, 97.5225, 97.5225, 97.5225, 97.5225, 97.5225, 97.5225, 97.5225, 97.5225, 97.5225, 97.5225, 97.5225, 97.5225, 97.5225, 97.5225, 97.5225, 97.5225, 97.5225, 97.5225, 97.5225, 97.5225, 97.5225, 97.5225, 97.5225, 97.5225, 97.5225, 97.5225, 97.5225, 97.5225, 97.5225, 97.5225, 97.5225, 97.5225, 97.5225, 97.5225, 97.5225, 97.5225, 97.5225, 97.5225, 97.5225, 97.5225, 97.5225, 97.5225, 97.5225, 97.5225, 97.5225, 97.5225, 97.5225, 97.5225, 97.5225, 97.5225, 97.5225, 97.5225, 97.5225, 97.5225, 97.5225, 97.5225, 97.5225, 97.5225, 97.5225, 97.5225, 97.5225, 97.5225, 97.5225, 97.5225, 97.5225, 97.5225, 97.5225, 97.5225, 97.5225, 97.5225, 97.5225, 97.5225, 97.5225, 97.5225, 97.5225, 97.5225, 97.5225, 97.5225, 97.5225, 97.5225, 97.5225, 97.5225, 97.5225]

Execution 8:
Parametros: P=1000, Pe=0.3, Pm=0.15, pe=0.7, Parada=100
Start Time (hh:mm:ss.ms) 2023-07-17 11:03:34.396421
gen	min    	max    	avg    	std     
0  	102.703	105.618	104.357	0.478336
3  	102.44 	105.63 	103.876	0.537151
5  	102.39 	105.8  	103.733	0.568677
6  	102.33 	105.492	103.683	0.574595
7  	102.172	105.477	103.665	0.614913
10 	102.095	105.57 	103.52 	0.654515
11 	101.965	105.647	103.466	0.648088
13 	101.715	105.558	103.391	0.693982
19 	101.51 	105.815	103.136	0.771307
20 	101.367	105.495	103.078	0.779194
24 	101.21 	105.74 	102.82 	0.848029
26 	101.135	105.59 	102.68 	0.889953
28 	101.132	105.56 	102.514	0.928472
30 	100.977	105.51 	102.367	0.962302
32 	100.822	105.572	102.222	1.02249 
33 	100.743	105.57 	102.149	1.04044 
34 	100.567	105.58 	102.106	1.04748 
37 	100.142	105.427	101.912	1.12162 
40 	99.965 	105.6  	101.716	1.20266 
45 	99.51  	105.733	101.426	1.30474 
51 	99.5   	105.575	101.07 	1.43088 
53 	99.3825	105.857	100.94 	1.48367 
55 	99.1925	105.415	100.825	1.54221 
57 	99.0975	105.44 	100.678	1.57779 
58 	98.9775	105.64 	100.624	1.64692 
61 	98.825 	105.623	100.375	1.7094  
62 	98.76  	105.71 	100.308	1.74949 
63 	98.69  	105.81 	100.223	1.78084 
64 	98.605 	105.427	100.126	1.83158 
65 	98.525 	105.64 	100.018	1.86451 
67 	98.2775	105.245	99.8593	1.90272 
68 	98.2725	105.38 	99.7919	1.95424 
70 	98.12  	105.422	99.658 	1.99723 
74 	97.9575	105.343	99.4056	2.09433 
76 	97.765 	105.445	99.2806	2.16451 
79 	97.695 	105.465	99.1117	2.21541 
80 	97.6475	105.45 	99.0316	2.22713 
81 	97.6025	105.553	98.9901	2.27027 
82 	97.5225	105.54 	98.936 	2.30114 
83 	97.45  	105.925	98.8872	2.3288  
85 	97.4025	105.635	98.7648	2.36038 
87 	97.3775	105.637	98.6796	2.38495 
89 	97.2825	105.752	98.6214	2.44263 
93 	97.1975	105.405	98.5213	2.4645  
99 	97.175 	105.417	98.4176	2.5007  
101	97.175 	105.755	98.3956	2.53173 
103	97.16  	105.735	98.346 	2.53857 
104	97.1125	105.387	98.3249	2.55263 
205	97.1125	105.405	98.2047	2.6065  
End Time (hh:mm:ss.ms) 2023-07-17 11:04:20.705752
Total Time (hh:mm:ss.ms) 0:00:46.309331
Individuo: [[30, 15, 36, 12, 10, 53, 14, 42, 40, 18, 28, 1, 6, 17, 44, 25, 46, 8, 26, 41, 23, 19, 51, 49, 22, 34, 27, 31, 4, 24, 37, 0, 2, 50, 20, 33, 45, 52, 32, 29, 39, 11, 38, 3, 16, 7, 5, 48, 21, 9, 35, 13, 47, 43], [0, 0, 1, 1, 1, 1, 0, 0, 0, 0, 1, 1, 1, 1, 0, 0, 0, 0, 0, 0, 0, 0, 0, 1, 0, 0, 0, 0, 0, 0, 0, 1, 1, 1, 1, 0, 0, 0, 0, 1, 0, 0, 0, 1, 1, 1, 1, 1, 1, 0, 1, 1, 0, 0]]
Fitness:  97.1125
Gens:  [0, 1, 2, 3, 4, 5, 6, 7, 8, 9, 10, 11, 12, 13, 14, 15, 16, 17, 18, 19, 20, 21, 22, 23, 24, 25, 26, 27, 28, 29, 30, 31, 32, 33, 34, 35, 36, 37, 38, 39, 40, 41, 42, 43, 44, 45, 46, 47, 48, 49, 50, 51, 52, 53, 54, 55, 56, 57, 58, 59, 60, 61, 62, 63, 64, 65, 66, 67, 68, 69, 70, 71, 72, 73, 74, 75, 76, 77, 78, 79, 80, 81, 82, 83, 84, 85, 86, 87, 88, 89, 90, 91, 92, 93, 94, 95, 96, 97, 98, 99, 100, 101, 102, 103, 104, 105, 106, 107, 108, 109, 110, 111, 112, 113, 114, 115, 116, 117, 118, 119, 120, 121, 122, 123, 124, 125, 126, 127, 128, 129, 130, 131, 132, 133, 134, 135, 136, 137, 138, 139, 140, 141, 142, 143, 144, 145, 146, 147, 148, 149, 150, 151, 152, 153, 154, 155, 156, 157, 158, 159, 160, 161, 162, 163, 164, 165, 166, 167, 168, 169, 170, 171, 172, 173, 174, 175, 176, 177, 178, 179, 180, 181, 182, 183, 184, 185, 186, 187, 188, 189, 190, 191, 192, 193, 194, 195, 196, 197, 198, 199, 200, 201, 202, 203, 204, 205]
Inds:  [102.7025, 102.7025, 102.7025, 102.44, 102.44, 102.38999999999999, 102.33, 102.17249999999999, 102.17249999999999, 102.17249999999999, 102.09499999999998, 101.96499999999999, 101.96499999999999, 101.71499999999996, 101.71499999999996, 101.71499999999996, 101.71499999999996, 101.71499999999996, 101.71499999999996, 101.50999999999999, 101.36749999999999, 101.36749999999999, 101.36749999999999, 101.36749999999999, 101.21000000000001, 101.21000000000001, 101.13499999999998, 101.13499999999998, 101.13249999999998, 101.13249999999998, 100.97749999999998, 100.97749999999998, 100.82249999999996, 100.7425, 100.56749999999998, 100.56749999999998, 100.56749999999998, 100.14249999999998, 100.14249999999998, 100.14249999999998, 99.96499999999999, 99.96499999999999, 99.96499999999999, 99.96499999999999, 99.96499999999999, 99.51, 99.51, 99.51, 99.51, 99.51, 99.51, 99.5, 99.5, 99.3825, 99.3825, 99.1925, 99.1925, 99.09750000000003, 98.97749999999999, 98.97749999999999, 98.97749999999999, 98.82500000000002, 98.75999999999999, 98.68999999999997, 98.60499999999999, 98.525, 98.525, 98.27749999999997, 98.27250000000001, 98.27250000000001, 98.12, 98.12, 98.12, 98.12, 97.95749999999998, 97.95749999999998, 97.765, 97.765, 97.765, 97.69500000000002, 97.64750000000004, 97.60249999999998, 97.52250000000001, 97.44999999999999, 97.44999999999999, 97.40249999999999, 97.40249999999999, 97.37750000000001, 97.37750000000001, 97.2825, 97.2825, 97.2825, 97.2825, 97.19750000000002, 97.19750000000002, 97.19750000000002, 97.19750000000002, 97.19750000000002, 97.19750000000002, 97.17500000000001, 97.17500000000001, 97.175, 97.175, 97.16000000000001, 97.1125, 97.1125, 97.1125, 97.1125, 97.1125, 97.1125, 97.1125, 97.1125, 97.1125, 97.1125, 97.1125, 97.1125, 97.1125, 97.1125, 97.1125, 97.1125, 97.1125, 97.1125, 97.1125, 97.1125, 97.1125, 97.1125, 97.1125, 97.1125, 97.1125, 97.1125, 97.1125, 97.1125, 97.1125, 97.1125, 97.1125, 97.1125, 97.1125, 97.1125, 97.1125, 97.1125, 97.1125, 97.1125, 97.1125, 97.1125, 97.1125, 97.1125, 97.1125, 97.1125, 97.1125, 97.1125, 97.1125, 97.1125, 97.1125, 97.1125, 97.1125, 97.1125, 97.1125, 97.1125, 97.1125, 97.1125, 97.1125, 97.1125, 97.1125, 97.1125, 97.1125, 97.1125, 97.1125, 97.1125, 97.1125, 97.1125, 97.1125, 97.1125, 97.1125, 97.1125, 97.1125, 97.1125, 97.1125, 97.1125, 97.1125, 97.1125, 97.1125, 97.1125, 97.1125, 97.1125, 97.1125, 97.1125, 97.1125, 97.1125, 97.1125, 97.1125, 97.1125, 97.1125, 97.1125, 97.1125, 97.1125, 97.1125, 97.1125, 97.1125, 97.1125, 97.1125, 97.1125, 97.1125, 97.1125, 97.1125, 97.1125, 97.1125]

Execution 9:
Parametros: P=1000, Pe=0.3, Pm=0.15, pe=0.7, Parada=100
Start Time (hh:mm:ss.ms) 2023-07-17 11:04:21.774793
gen	min    	max    	avg    	std     
0  	102.575	105.815	104.385	0.498055
2  	102.522	105.635	103.95 	0.490311
6  	102.443	105.398	103.675	0.584625
7  	102.32 	105.515	103.652	0.600593
8  	102.19 	105.675	103.589	0.621473
9  	102.002	105.505	103.551	0.645138
12 	101.995	105.637	103.409	0.672985
14 	101.84 	105.747	103.334	0.696437
15 	101.767	105.48 	103.297	0.724166
19 	101.597	105.492	103.101	0.752745
22 	101.418	105.817	102.97 	0.805161
26 	100.812	105.58 	102.788	0.823649
35 	100.575	105.58 	102.22 	1.02108 
38 	100.517	105.882	101.992	1.09713 
39 	100.46 	105.822	101.912	1.13236 
40 	100.337	105.765	101.851	1.16415 
43 	100.305	105.455	101.595	1.22149 
44 	100.085	105.7  	101.516	1.28265 
45 	99.8   	105.195	101.437	1.27346 
49 	99.76  	105.687	101.125	1.39894 
51 	99.6975	105.67 	100.967	1.46625 
52 	99.565 	105.96 	100.91 	1.51398 
53 	99.555 	105.595	100.839	1.54379 
54 	99.225 	105.37 	100.738	1.54035 
57 	99.2025	105.778	100.549	1.65289 
58 	99.1325	105.545	100.467	1.66705 
59 	99     	105.547	100.38 	1.67525 
60 	98.925 	105.675	100.33 	1.72663 
61 	98.68  	105.305	100.28 	1.75243 
65 	98.4675	105.797	100.005	1.83548 
69 	98.2675	105.42 	99.7881	1.93354 
74 	98.1725	105.648	99.5455	2.0761  
75 	98.1375	105.367	99.4943	2.07734 
77 	97.9725	105.4  	99.3724	2.07845 
79 	97.9425	105.645	99.2771	2.15218 
80 	97.9225	105.365	99.2246	2.16562 
81 	97.8575	105.392	99.1787	2.21296 
82 	97.845 	105.547	99.1211	2.22118 
83 	97.755 	105.797	99.0687	2.24093 
84 	97.7225	105.597	99.0292	2.26887 
88 	97.61  	105.63 	98.889 	2.32725 
90 	97.5575	105.622	98.8372	2.35669 
91 	97.535 	105.652	98.7925	2.34348 
92 	97.5275	105.655	98.7702	2.37126 
93 	97.5175	105.622	98.7461	2.38352 
95 	97.5025	105.562	98.6997	2.39582 
96 	97.49  	105.472	98.6648	2.37848 
97 	97.46  	105.665	98.6595	2.42512 
98 	97.445 	105.832	98.6318	2.41751 
99 	97.4075	105.48 	98.5939	2.4061  
100	97.3825	105.332	98.5625	2.42174 
201	97.3825	105.477	98.43  	2.49214 
End Time (hh:mm:ss.ms) 2023-07-17 11:05:06.813932
Total Time (hh:mm:ss.ms) 0:00:45.039139
Individuo: [[4, 22, 49, 21, 3, 38, 5, 16, 9, 24, 29, 52, 50, 32, 33, 6, 17, 37, 35, 46, 41, 26, 19, 25, 12, 44, 31, 27, 14, 7, 20, 2, 0, 53, 45, 34, 28, 48, 11, 39, 1, 18, 40, 42, 10, 51, 8, 23, 13, 15, 36, 30, 47, 43], [1, 1, 0, 0, 0, 1, 0, 1, 0, 0, 1, 1, 1, 0, 0, 1, 1, 1, 1, 1, 1, 1, 0, 1, 0, 0, 1, 1, 0, 0, 0, 0, 0, 0, 1, 1, 1, 0, 1, 1, 1, 1, 1, 1, 1, 1, 0, 1, 1, 1, 1, 0, 0, 0]]
Fitness:  97.38250000000001
Gens:  [0, 1, 2, 3, 4, 5, 6, 7, 8, 9, 10, 11, 12, 13, 14, 15, 16, 17, 18, 19, 20, 21, 22, 23, 24, 25, 26, 27, 28, 29, 30, 31, 32, 33, 34, 35, 36, 37, 38, 39, 40, 41, 42, 43, 44, 45, 46, 47, 48, 49, 50, 51, 52, 53, 54, 55, 56, 57, 58, 59, 60, 61, 62, 63, 64, 65, 66, 67, 68, 69, 70, 71, 72, 73, 74, 75, 76, 77, 78, 79, 80, 81, 82, 83, 84, 85, 86, 87, 88, 89, 90, 91, 92, 93, 94, 95, 96, 97, 98, 99, 100, 101, 102, 103, 104, 105, 106, 107, 108, 109, 110, 111, 112, 113, 114, 115, 116, 117, 118, 119, 120, 121, 122, 123, 124, 125, 126, 127, 128, 129, 130, 131, 132, 133, 134, 135, 136, 137, 138, 139, 140, 141, 142, 143, 144, 145, 146, 147, 148, 149, 150, 151, 152, 153, 154, 155, 156, 157, 158, 159, 160, 161, 162, 163, 164, 165, 166, 167, 168, 169, 170, 171, 172, 173, 174, 175, 176, 177, 178, 179, 180, 181, 182, 183, 184, 185, 186, 187, 188, 189, 190, 191, 192, 193, 194, 195, 196, 197, 198, 199, 200, 201]
Inds:  [102.57499999999997, 102.57499999999997, 102.5225, 102.5225, 102.5225, 102.5225, 102.44250000000002, 102.32, 102.18999999999996, 102.00249999999994, 102.00249999999994, 102.00249999999994, 101.99500000000003, 101.99500000000003, 101.84, 101.7675, 101.7675, 101.7675, 101.7675, 101.5975, 101.5975, 101.5975, 101.41750000000003, 101.41750000000003, 101.41750000000003, 101.41750000000003, 100.81249999999999, 100.81249999999999, 100.81249999999999, 100.81249999999999, 100.81249999999999, 100.81249999999999, 100.81249999999999, 100.81249999999999, 100.81249999999999, 100.57499999999997, 100.57499999999997, 100.57499999999997, 100.51749999999994, 100.45999999999998, 100.33749999999996, 100.33749999999996, 100.33749999999996, 100.30499999999999, 100.08500000000001, 99.79999999999998, 99.79999999999998, 99.79999999999998, 99.79999999999998, 99.75999999999999, 99.75999999999999, 99.69750000000002, 99.56499999999994, 99.55499999999998, 99.22499999999997, 99.22499999999997, 99.22499999999997, 99.20249999999999, 99.13249999999996, 98.99999999999999, 98.925, 98.67999999999999, 98.67999999999999, 98.67999999999999, 98.67999999999999, 98.46750000000002, 98.46750000000002, 98.46750000000002, 98.46750000000002, 98.2675, 98.2675, 98.2675, 98.2675, 98.2675, 98.1725, 98.1375, 98.1375, 97.97249999999997, 97.97249999999997, 97.94250000000002, 97.92250000000001, 97.85750000000002, 97.84500000000001, 97.75500000000001, 97.72250000000001, 97.72250000000001, 97.72250000000001, 97.72250000000001, 97.61, 97.61, 97.5575, 97.53500000000001, 97.52749999999999, 97.51750000000001, 97.51750000000001, 97.50250000000001, 97.49000000000001, 97.46000000000001, 97.44500000000004, 97.40750000000001, 97.38250000000001, 97.38250000000001, 97.38250000000001, 97.38250000000001, 97.38250000000001, 97.38250000000001, 97.38250000000001, 97.38250000000001, 97.38250000000001, 97.38250000000001, 97.38250000000001, 97.38250000000001, 97.38250000000001, 97.38250000000001, 97.38250000000001, 97.38250000000001, 97.38250000000001, 97.38250000000001, 97.38250000000001, 97.38250000000001, 97.38250000000001, 97.38250000000001, 97.38250000000001, 97.38250000000001, 97.38250000000001, 97.38250000000001, 97.38250000000001, 97.38250000000001, 97.38250000000001, 97.38250000000001, 97.38250000000001, 97.38250000000001, 97.38250000000001, 97.38250000000001, 97.38250000000001, 97.38250000000001, 97.38250000000001, 97.38250000000001, 97.38250000000001, 97.38250000000001, 97.38250000000001, 97.38250000000001, 97.38250000000001, 97.38250000000001, 97.38250000000001, 97.38250000000001, 97.38250000000001, 97.38250000000001, 97.38250000000001, 97.38250000000001, 97.38250000000001, 97.38250000000001, 97.38250000000001, 97.38250000000001, 97.38250000000001, 97.38250000000001, 97.38250000000001, 97.38250000000001, 97.38250000000001, 97.38250000000001, 97.38250000000001, 97.38250000000001, 97.38250000000001, 97.38250000000001, 97.38250000000001, 97.38250000000001, 97.38250000000001, 97.38250000000001, 97.38250000000001, 97.38250000000001, 97.38250000000001, 97.38250000000001, 97.38250000000001, 97.38250000000001, 97.38250000000001, 97.38250000000001, 97.38250000000001, 97.38250000000001, 97.38250000000001, 97.38250000000001, 97.38250000000001, 97.38250000000001, 97.38250000000001, 97.38250000000001, 97.38250000000001, 97.38250000000001, 97.38250000000001, 97.38250000000001, 97.38250000000001, 97.38250000000001, 97.38250000000001, 97.38250000000001, 97.38250000000001, 97.38250000000001, 97.38250000000001, 97.38250000000001, 97.38250000000001, 97.38250000000001, 97.38250000000001, 97.38250000000001, 97.38250000000001, 97.38250000000001]

Execution 10:
Parametros: P=1000, Pe=0.3, Pm=0.15, pe=0.7, Parada=100
Start Time (hh:mm:ss.ms) 2023-07-17 11:05:07.855935
gen	min   	max    	avg    	std     
0  	102.89	105.935	104.357	0.489982
1  	102.622	105.76 	104.073	0.467219
3  	102.342	105.657	103.846	0.518802
7  	102.238	105.555	103.654	0.615012
8  	101.975	105.73 	103.568	0.610171
9  	101.665	105.455	103.565	0.651612
17 	101.562	105.395	103.182	0.748027
19 	101.538	105.557	103.05 	0.803887
21 	101.37 	105.498	102.932	0.804852
22 	100.987	105.617	102.877	0.81272 
27 	100.932	105.592	102.541	0.905715
31 	100.752	105.36 	102.264	0.999275
32 	100.535	105.72 	102.205	1.01962 
35 	100.315	105.53 	101.994	1.08587 
40 	100.182	105.65 	101.624	1.24716 
41 	99.8475	105.585	101.543	1.27192 
43 	99.7475	105.377	101.364	1.29866 
44 	99.71  	105.765	101.283	1.38053 
45 	99.4675	105.282	101.191	1.40463 
46 	99.42  	105.518	101.096	1.4432  
48 	99.29  	105.562	100.92 	1.49731 
51 	99.145 	105.52 	100.672	1.58816 
53 	98.775 	105.43 	100.518	1.63986 
56 	98.735 	105.895	100.308	1.75747 
58 	98.495 	105.732	100.145	1.82362 
61 	98.37  	105.698	99.9244	1.90001 
63 	98.285 	105.605	99.7854	1.96495 
65 	98.0775	105.468	99.6337	2.01129 
67 	98.025 	105.655	99.4841	2.05454 
68 	98     	105.592	99.4208	2.10192 
69 	97.9375	105.882	99.3398	2.11331 
70 	97.7525	105.45 	99.2849	2.14769 
72 	97.71  	105.502	99.1726	2.20597 
73 	97.63  	105.297	99.1017	2.2233  
74 	97.6   	105.343	99.0492	2.23706 
76 	97.5425	106.093	98.9528	2.29174 
78 	97.52  	105.498	98.8545	2.31104 
80 	97.465 	105.765	98.7656	2.3587  
81 	97.37  	105.405	98.7275	2.36659 
83 	97.335 	105.53 	98.6291	2.38182 
84 	97.2925	105.67 	98.5932	2.39666 
85 	97.275 	105.847	98.566 	2.45632 
87 	97.2675	105.395	98.4796	2.48673 
88 	97.1875	105.367	98.4412	2.50528 
90 	97.1825	105.505	98.3918	2.53177 
91 	97.1775	105.442	98.3629	2.51971 
92 	97.1625	105.463	98.3529	2.53421 
94 	97.1425	105.735	98.3283	2.55093 
95 	97.1375	105.292	98.2949	2.51945 
96 	97.1275	105.547	98.2913	2.54459 
97 	97.1025	105.7  	98.2736	2.56582 
98 	97.1   	105.742	98.2482	2.54387 
101	97.095 	105.292	98.2366	2.58471 
106	97.09  	105.555	98.208 	2.6075  
109	97.0875	105.618	98.1901	2.60295 
210	97.0875	105.652	98.166 	2.57458 
End Time (hh:mm:ss.ms) 2023-07-17 11:05:54.752400
Total Time (hh:mm:ss.ms) 0:00:46.896465
Individuo: [[43, 47, 15, 35, 23, 19, 13, 8, 46, 22, 17, 2, 45, 34, 9, 10, 49, 53, 48, 1, 28, 16, 3, 39, 11, 38, 5, 14, 33, 20, 52, 29, 50, 32, 7, 21, 42, 51, 41, 26, 18, 40, 25, 31, 37, 24, 4, 27, 6, 0, 44, 12, 36, 30], [1, 1, 0, 0, 0, 0, 0, 0, 1, 0, 0, 1, 1, 1, 1, 0, 0, 1, 1, 0, 0, 0, 0, 0, 0, 0, 0, 1, 1, 1, 0, 0, 0, 1, 1, 1, 0, 1, 1, 1, 0, 0, 1, 0, 1, 1, 1, 1, 1, 0, 0, 0, 0, 1]]
Fitness:  97.08749999999996
Gens:  [0, 1, 2, 3, 4, 5, 6, 7, 8, 9, 10, 11, 12, 13, 14, 15, 16, 17, 18, 19, 20, 21, 22, 23, 24, 25, 26, 27, 28, 29, 30, 31, 32, 33, 34, 35, 36, 37, 38, 39, 40, 41, 42, 43, 44, 45, 46, 47, 48, 49, 50, 51, 52, 53, 54, 55, 56, 57, 58, 59, 60, 61, 62, 63, 64, 65, 66, 67, 68, 69, 70, 71, 72, 73, 74, 75, 76, 77, 78, 79, 80, 81, 82, 83, 84, 85, 86, 87, 88, 89, 90, 91, 92, 93, 94, 95, 96, 97, 98, 99, 100, 101, 102, 103, 104, 105, 106, 107, 108, 109, 110, 111, 112, 113, 114, 115, 116, 117, 118, 119, 120, 121, 122, 123, 124, 125, 126, 127, 128, 129, 130, 131, 132, 133, 134, 135, 136, 137, 138, 139, 140, 141, 142, 143, 144, 145, 146, 147, 148, 149, 150, 151, 152, 153, 154, 155, 156, 157, 158, 159, 160, 161, 162, 163, 164, 165, 166, 167, 168, 169, 170, 171, 172, 173, 174, 175, 176, 177, 178, 179, 180, 181, 182, 183, 184, 185, 186, 187, 188, 189, 190, 191, 192, 193, 194, 195, 196, 197, 198, 199, 200, 201, 202, 203, 204, 205, 206, 207, 208, 209, 210]
Inds:  [102.88999999999999, 102.62249999999999, 102.62249999999999, 102.34249999999999, 102.34249999999999, 102.34249999999999, 102.34249999999999, 102.23750000000001, 101.97499999999998, 101.665, 101.665, 101.665, 101.665, 101.665, 101.665, 101.665, 101.665, 101.5625, 101.5625, 101.53750000000001, 101.53750000000001, 101.36999999999999, 100.9875, 100.9875, 100.9875, 100.9875, 100.9875, 100.93249999999999, 100.93249999999999, 100.93249999999999, 100.93249999999999, 100.75249999999998, 100.53499999999997, 100.53499999999997, 100.53499999999997, 100.315, 100.315, 100.315, 100.315, 100.315, 100.18249999999996, 99.84750000000001, 99.84750000000001, 99.74750000000002, 99.70999999999998, 99.46749999999999, 99.42, 99.42, 99.29, 99.29, 99.29, 99.145, 99.145, 98.775, 98.775, 98.775, 98.735, 98.735, 98.49499999999999, 98.49499999999999, 98.49499999999999, 98.36999999999998, 98.36999999999998, 98.28499999999998, 98.28499999999998, 98.0775, 98.0775, 98.025, 97.99999999999997, 97.9375, 97.75250000000001, 97.75250000000001, 97.71, 97.63, 97.6, 97.6, 97.54249999999999, 97.54249999999999, 97.51999999999998, 97.51999999999998, 97.46499999999999, 97.36999999999998, 97.36999999999998, 97.33499999999998, 97.29249999999999, 97.27499999999999, 97.27499999999999, 97.2675, 97.18749999999999, 97.18749999999999, 97.18249999999998, 97.17749999999998, 97.16249999999998, 97.16249999999998, 97.1425, 97.13749999999997, 97.12749999999998, 97.10249999999998, 97.09999999999998, 97.09999999999998, 97.09999999999998, 97.09499999999997, 97.09499999999997, 97.09499999999997, 97.09499999999997, 97.09499999999997, 97.08999999999996, 97.08999999999996, 97.08999999999996, 97.08749999999996, 97.08749999999996, 97.08749999999996, 97.08749999999996, 97.08749999999996, 97.08749999999996, 97.08749999999996, 97.08749999999996, 97.08749999999996, 97.08749999999996, 97.08749999999996, 97.08749999999996, 97.08749999999996, 97.08749999999996, 97.08749999999996, 97.08749999999996, 97.08749999999996, 97.08749999999996, 97.08749999999996, 97.08749999999996, 97.08749999999996, 97.08749999999996, 97.08749999999996, 97.08749999999996, 97.08749999999996, 97.08749999999996, 97.08749999999996, 97.08749999999996, 97.08749999999996, 97.08749999999996, 97.08749999999996, 97.08749999999996, 97.08749999999996, 97.08749999999996, 97.08749999999996, 97.08749999999996, 97.08749999999996, 97.08749999999996, 97.08749999999996, 97.08749999999996, 97.08749999999996, 97.08749999999996, 97.08749999999996, 97.08749999999996, 97.08749999999996, 97.08749999999996, 97.08749999999996, 97.08749999999996, 97.08749999999996, 97.08749999999996, 97.08749999999996, 97.08749999999996, 97.08749999999996, 97.08749999999996, 97.08749999999996, 97.08749999999996, 97.08749999999996, 97.08749999999996, 97.08749999999996, 97.08749999999996, 97.08749999999996, 97.08749999999996, 97.08749999999996, 97.08749999999996, 97.08749999999996, 97.08749999999996, 97.08749999999996, 97.08749999999996, 97.08749999999996, 97.08749999999996, 97.08749999999996, 97.08749999999996, 97.08749999999996, 97.08749999999996, 97.08749999999996, 97.08749999999996, 97.08749999999996, 97.08749999999996, 97.08749999999996, 97.08749999999996, 97.08749999999996, 97.08749999999996, 97.08749999999996, 97.08749999999996, 97.08749999999996, 97.08749999999996, 97.08749999999996, 97.08749999999996, 97.08749999999996, 97.08749999999996, 97.08749999999996, 97.08749999999996, 97.08749999999996, 97.08749999999996, 97.08749999999996, 97.08749999999996, 97.08749999999996, 97.08749999999996, 97.08749999999996, 97.08749999999996, 97.08749999999996, 97.08749999999996]

