BRKGA-Heuristic:

Execution 1:
Parametros: P=1000, Pe=0.3, Pm=0.15, pe=0.7, Parada=100
Start Time (hh:mm:ss.ms) 2023-07-17 08:05:15.023437
gen	min   	max   	avg    	std     
0  	29.875	30.885	30.3823	0.162888
1  	29.8225	30.815	30.2869	0.156158
2  	29.6825	30.77 	30.2387	0.168336
7  	29.6275	30.8825	30.1092	0.21099 
9  	29.605 	30.8275	30.0931	0.230259
11 	29.535 	30.7825	30.0567	0.231772
15 	29.4825	30.8375	30.0052	0.253365
18 	29.4575	30.76  	29.9632	0.259783
20 	29.435 	30.78  	29.941 	0.263167
23 	29.395 	30.8475	29.8902	0.276871
25 	29.3925	30.8425	29.855 	0.286156
26 	29.385 	30.76  	29.8246	0.282679
27 	29.32  	30.895 	29.8026	0.292937
28 	29.23  	30.745 	29.773 	0.302019
31 	29.2   	30.8575	29.682 	0.32785 
33 	29.14  	30.8075	29.6193	0.356857
34 	29.1125	30.815 	29.5889	0.368225
35 	29.0475	30.8975	29.5465	0.361331
38 	29.0425	30.7575	29.464 	0.403483
39 	29.0325	30.9225	29.4495	0.42062 
40 	28.915 	30.9275	29.4202	0.424226
46 	28.845 	30.79  	29.3001	0.468747
47 	28.84  	30.9325	29.278 	0.473387
48 	28.805 	30.7375	29.2573	0.47079 
51 	28.8025	30.9   	29.2006	0.501776
52 	28.7575	30.7975	29.189 	0.517888
53 	28.75  	30.85  	29.1701	0.522325
54 	28.6525	30.84  	29.1506	0.522669
59 	28.645 	30.915 	29.0638	0.561154
60 	28.61  	30.825 	29.0476	0.568758
61 	28.595 	30.8175	29.0299	0.577528
62 	28.59  	30.75  	29.0147	0.581176
63 	28.49  	30.8275	29.0003	0.59842 
67 	28.4875	30.7725	28.9282	0.613882
68 	28.455 	30.895 	28.9109	0.629009
70 	28.445 	30.8225	28.8746	0.64482 
71 	28.4325	30.7975	28.8551	0.651374
72 	28.4225	30.675 	28.8363	0.651754
73 	28.415 	30.835 	28.8215	0.665186
74 	28.3975	30.8475	28.8025	0.670678
75 	28.39  	30.84  	28.7923	0.679895
76 	28.3625	30.7525	28.7717	0.676244
77 	28.35  	30.91  	28.7574	0.68306 
78 	28.35  	30.7725	28.7502	0.694045
79 	28.3325	30.765 	28.7382	0.702679
80 	28.3175	30.96  	28.721 	0.703121
82 	28.315 	30.8075	28.6947	0.72403 
84 	28.31  	30.7475	28.6657	0.72522 
85 	28.3075	30.8125	28.654 	0.729771
90 	28.3025	30.8675	28.6259	0.740449
191	28.3025	30.7575	28.6191	0.756077
End Time (hh:mm:ss.ms) 2023-07-17 08:05:55.402881
Total Time (hh:mm:ss.ms) 0:00:40.379444
Individuo: [[26, 38, 40, 25, 42, 0, 3, 33, 30, 11, 37, 34, 36, 17, 31, 23, 14, 10, 29, 16, 13, 4, 32, 27, 18, 12, 35, 21, 24, 19, 41, 5, 15, 2, 20, 22, 28, 8, 39, 7, 9, 1, 6], [0, 1, 1, 0, 1, 0, 1, 1, 1, 1, 1, 1, 1, 1, 1, 1, 0, 1, 0, 0, 1, 0, 0, 0, 0, 0, 1, 1, 1, 0, 1, 1, 0, 0, 1, 1, 1, 0, 0, 0, 0, 1, 0]]
Fitness:  28.302499999999995
Gens:  [0, 1, 2, 3, 4, 5, 6, 7, 8, 9, 10, 11, 12, 13, 14, 15, 16, 17, 18, 19, 20, 21, 22, 23, 24, 25, 26, 27, 28, 29, 30, 31, 32, 33, 34, 35, 36, 37, 38, 39, 40, 41, 42, 43, 44, 45, 46, 47, 48, 49, 50, 51, 52, 53, 54, 55, 56, 57, 58, 59, 60, 61, 62, 63, 64, 65, 66, 67, 68, 69, 70, 71, 72, 73, 74, 75, 76, 77, 78, 79, 80, 81, 82, 83, 84, 85, 86, 87, 88, 89, 90, 91, 92, 93, 94, 95, 96, 97, 98, 99, 100, 101, 102, 103, 104, 105, 106, 107, 108, 109, 110, 111, 112, 113, 114, 115, 116, 117, 118, 119, 120, 121, 122, 123, 124, 125, 126, 127, 128, 129, 130, 131, 132, 133, 134, 135, 136, 137, 138, 139, 140, 141, 142, 143, 144, 145, 146, 147, 148, 149, 150, 151, 152, 153, 154, 155, 156, 157, 158, 159, 160, 161, 162, 163, 164, 165, 166, 167, 168, 169, 170, 171, 172, 173, 174, 175, 176, 177, 178, 179, 180, 181, 182, 183, 184, 185, 186, 187, 188, 189, 190, 191]
Inds:  [29.875, 29.822499999999998, 29.6825, 29.6825, 29.6825, 29.6825, 29.6825, 29.627500000000005, 29.627500000000005, 29.605000000000004, 29.605000000000004, 29.535000000000004, 29.535000000000004, 29.535000000000004, 29.535000000000004, 29.482499999999995, 29.482499999999995, 29.482499999999995, 29.45750000000001, 29.45750000000001, 29.434999999999995, 29.434999999999995, 29.434999999999995, 29.395000000000003, 29.395000000000003, 29.392500000000005, 29.385000000000005, 29.320000000000004, 29.229999999999993, 29.229999999999993, 29.229999999999993, 29.200000000000003, 29.200000000000003, 29.139999999999997, 29.11249999999999, 29.047499999999996, 29.047499999999996, 29.047499999999996, 29.042499999999993, 29.0325, 28.915, 28.915, 28.915, 28.915, 28.915, 28.915, 28.845, 28.839999999999996, 28.80499999999999, 28.80499999999999, 28.80499999999999, 28.802499999999995, 28.757499999999997, 28.75, 28.652499999999996, 28.652499999999996, 28.652499999999996, 28.652499999999996, 28.652499999999996, 28.644999999999996, 28.609999999999992, 28.59499999999999, 28.590000000000003, 28.489999999999995, 28.489999999999995, 28.489999999999995, 28.489999999999995, 28.487499999999997, 28.455, 28.455, 28.444999999999993, 28.4325, 28.422499999999992, 28.414999999999992, 28.3975, 28.39, 28.362499999999997, 28.35, 28.349999999999994, 28.332499999999996, 28.317499999999995, 28.317499999999995, 28.314999999999998, 28.314999999999998, 28.309999999999995, 28.307499999999997, 28.307499999999997, 28.307499999999997, 28.307499999999997, 28.307499999999997, 28.302499999999995, 28.302499999999995, 28.302499999999995, 28.302499999999995, 28.302499999999995, 28.302499999999995, 28.302499999999995, 28.302499999999995, 28.302499999999995, 28.302499999999995, 28.302499999999995, 28.302499999999995, 28.302499999999995, 28.302499999999995, 28.302499999999995, 28.302499999999995, 28.302499999999995, 28.302499999999995, 28.302499999999995, 28.302499999999995, 28.302499999999995, 28.302499999999995, 28.302499999999995, 28.302499999999995, 28.302499999999995, 28.302499999999995, 28.302499999999995, 28.302499999999995, 28.302499999999995, 28.302499999999995, 28.302499999999995, 28.302499999999995, 28.302499999999995, 28.302499999999995, 28.302499999999995, 28.302499999999995, 28.302499999999995, 28.302499999999995, 28.302499999999995, 28.302499999999995, 28.302499999999995, 28.302499999999995, 28.302499999999995, 28.302499999999995, 28.302499999999995, 28.302499999999995, 28.302499999999995, 28.302499999999995, 28.302499999999995, 28.302499999999995, 28.302499999999995, 28.302499999999995, 28.302499999999995, 28.302499999999995, 28.302499999999995, 28.302499999999995, 28.302499999999995, 28.302499999999995, 28.302499999999995, 28.302499999999995, 28.302499999999995, 28.302499999999995, 28.302499999999995, 28.302499999999995, 28.302499999999995, 28.302499999999995, 28.302499999999995, 28.302499999999995, 28.302499999999995, 28.302499999999995, 28.302499999999995, 28.302499999999995, 28.302499999999995, 28.302499999999995, 28.302499999999995, 28.302499999999995, 28.302499999999995, 28.302499999999995, 28.302499999999995, 28.302499999999995, 28.302499999999995, 28.302499999999995, 28.302499999999995, 28.302499999999995, 28.302499999999995, 28.302499999999995, 28.302499999999995, 28.302499999999995, 28.302499999999995, 28.302499999999995, 28.302499999999995, 28.302499999999995, 28.302499999999995, 28.302499999999995, 28.302499999999995, 28.302499999999995, 28.302499999999995, 28.302499999999995, 28.302499999999995, 28.302499999999995, 28.302499999999995, 28.302499999999995]

Execution 2:
Parametros: P=1000, Pe=0.3, Pm=0.15, pe=0.7, Parada=100
Start Time (hh:mm:ss.ms) 2023-07-17 08:05:56.715846
gen	min  	max    	avg    	std     
0  	29.86	30.9225	30.3808	0.170089
1  	29.7975	30.8475	30.2749	0.152122
2  	29.7375	30.89  	30.2413	0.168985
4  	29.68  	30.7725	30.1842	0.177327
8  	29.6325	30.6925	30.1017	0.21237 
9  	29.4875	30.8425	30.0798	0.215093
15 	29.445 	30.74  	29.9853	0.249008
17 	29.335 	30.81  	29.949 	0.261084
25 	29.3075	30.865 	29.8219	0.300572
28 	29.2525	30.6625	29.7481	0.30083 
29 	29.2475	30.865 	29.739 	0.319675
30 	29.2225	30.7475	29.7097	0.323671
31 	29.215 	30.8275	29.6826	0.330512
33 	29.14  	30.79  	29.634 	0.345069
35 	29.1325	30.775 	29.5788	0.372343
36 	29.07  	30.785 	29.5546	0.380464
37 	29.03  	30.7825	29.5234	0.387867
39 	29.01  	30.8775	29.4609	0.402848
40 	28.94  	30.8725	29.4402	0.423456
41 	28.91  	30.7525	29.4054	0.438384
44 	28.7925	30.775 	29.3017	0.458825
45 	28.75  	30.805 	29.2754	0.473665
47 	28.74  	30.8575	29.2151	0.509772
49 	28.685 	30.705 	29.1543	0.529937
51 	28.6775	30.7625	29.1039	0.549217
52 	28.66  	30.96  	29.0728	0.550863
53 	28.6275	30.805 	29.0574	0.568983
54 	28.615 	30.87  	29.0334	0.579357
55 	28.535 	30.7725	29.0046	0.583104
57 	28.51  	30.7425	28.9581	0.605776
58 	28.495 	30.8975	28.9365	0.606004
59 	28.45  	30.8725	28.9193	0.62281 
60 	28.445 	30.6825	28.8986	0.632291
61 	28.43  	30.8325	28.8797	0.645318
62 	28.425 	30.79  	28.8562	0.654591
63 	28.4125	30.8925	28.8335	0.656641
65 	28.405 	30.7975	28.7924	0.674949
66 	28.3625	30.765 	28.7735	0.681095
67 	28.3475	30.74  	28.7524	0.683901
69 	28.3325	30.7725	28.7234	0.701277
71 	28.315 	30.8325	28.6935	0.711456
73 	28.31  	30.7975	28.6731	0.725005
78 	28.3075	30.73  	28.6418	0.731607
79 	28.305 	30.8975	28.6388	0.732856
81 	28.3025	30.77  	28.6362	0.734875
182	28.3025	30.8575	28.6134	0.743026
End Time (hh:mm:ss.ms) 2023-07-17 08:06:35.375847
Total Time (hh:mm:ss.ms) 0:00:38.660001
Individuo: [[17, 14, 36, 6, 1, 26, 7, 13, 8, 9, 39, 16, 22, 20, 25, 42, 0, 32, 18, 27, 41, 24, 19, 28, 3, 4, 40, 37, 33, 2, 34, 10, 29, 23, 31, 11, 30, 15, 35, 5, 21, 12, 38], [0, 0, 1, 1, 1, 1, 1, 1, 1, 1, 1, 0, 0, 0, 0, 1, 0, 0, 1, 1, 1, 1, 1, 1, 0, 0, 1, 1, 1, 0, 1, 1, 1, 0, 1, 0, 0, 1, 0, 0, 0, 1, 0]]
Fitness:  28.30250000000001
Gens:  [0, 1, 2, 3, 4, 5, 6, 7, 8, 9, 10, 11, 12, 13, 14, 15, 16, 17, 18, 19, 20, 21, 22, 23, 24, 25, 26, 27, 28, 29, 30, 31, 32, 33, 34, 35, 36, 37, 38, 39, 40, 41, 42, 43, 44, 45, 46, 47, 48, 49, 50, 51, 52, 53, 54, 55, 56, 57, 58, 59, 60, 61, 62, 63, 64, 65, 66, 67, 68, 69, 70, 71, 72, 73, 74, 75, 76, 77, 78, 79, 80, 81, 82, 83, 84, 85, 86, 87, 88, 89, 90, 91, 92, 93, 94, 95, 96, 97, 98, 99, 100, 101, 102, 103, 104, 105, 106, 107, 108, 109, 110, 111, 112, 113, 114, 115, 116, 117, 118, 119, 120, 121, 122, 123, 124, 125, 126, 127, 128, 129, 130, 131, 132, 133, 134, 135, 136, 137, 138, 139, 140, 141, 142, 143, 144, 145, 146, 147, 148, 149, 150, 151, 152, 153, 154, 155, 156, 157, 158, 159, 160, 161, 162, 163, 164, 165, 166, 167, 168, 169, 170, 171, 172, 173, 174, 175, 176, 177, 178, 179, 180, 181, 182]
Inds:  [29.86, 29.7975, 29.737499999999997, 29.737499999999997, 29.679999999999993, 29.679999999999993, 29.679999999999993, 29.679999999999993, 29.632499999999993, 29.487499999999997, 29.487499999999997, 29.487499999999997, 29.487499999999997, 29.487499999999997, 29.487499999999997, 29.444999999999997, 29.444999999999997, 29.334999999999997, 29.334999999999997, 29.334999999999997, 29.334999999999997, 29.334999999999997, 29.334999999999997, 29.334999999999997, 29.334999999999997, 29.307499999999994, 29.307499999999994, 29.307499999999994, 29.2525, 29.2475, 29.222499999999993, 29.215, 29.215, 29.14, 29.14, 29.1325, 29.07, 29.030000000000005, 29.030000000000005, 29.010000000000005, 28.940000000000005, 28.910000000000004, 28.910000000000004, 28.910000000000004, 28.7925, 28.750000000000004, 28.750000000000004, 28.740000000000002, 28.740000000000002, 28.685000000000002, 28.685000000000002, 28.677499999999995, 28.660000000000007, 28.627499999999998, 28.615000000000002, 28.535, 28.535, 28.510000000000005, 28.494999999999994, 28.450000000000003, 28.445, 28.43, 28.425, 28.4125, 28.4125, 28.40500000000001, 28.362500000000008, 28.347500000000004, 28.347500000000004, 28.332500000000003, 28.332500000000003, 28.315000000000005, 28.315000000000005, 28.310000000000002, 28.310000000000002, 28.310000000000002, 28.310000000000002, 28.310000000000002, 28.307500000000005, 28.305000000000007, 28.305000000000007, 28.30250000000001, 28.30250000000001, 28.30250000000001, 28.30250000000001, 28.30250000000001, 28.30250000000001, 28.30250000000001, 28.30250000000001, 28.30250000000001, 28.30250000000001, 28.30250000000001, 28.30250000000001, 28.30250000000001, 28.30250000000001, 28.30250000000001, 28.30250000000001, 28.30250000000001, 28.30250000000001, 28.30250000000001, 28.30250000000001, 28.30250000000001, 28.30250000000001, 28.30250000000001, 28.30250000000001, 28.30250000000001, 28.30250000000001, 28.30250000000001, 28.30250000000001, 28.30250000000001, 28.30250000000001, 28.30250000000001, 28.30250000000001, 28.30250000000001, 28.30250000000001, 28.30250000000001, 28.30250000000001, 28.30250000000001, 28.30250000000001, 28.30250000000001, 28.30250000000001, 28.30250000000001, 28.30250000000001, 28.30250000000001, 28.30250000000001, 28.30250000000001, 28.30250000000001, 28.30250000000001, 28.30250000000001, 28.30250000000001, 28.30250000000001, 28.30250000000001, 28.30250000000001, 28.30250000000001, 28.30250000000001, 28.30250000000001, 28.30250000000001, 28.30250000000001, 28.30250000000001, 28.30250000000001, 28.30250000000001, 28.30250000000001, 28.30250000000001, 28.30250000000001, 28.30250000000001, 28.30250000000001, 28.30250000000001, 28.30250000000001, 28.30250000000001, 28.30250000000001, 28.30250000000001, 28.30250000000001, 28.30250000000001, 28.30250000000001, 28.30250000000001, 28.30250000000001, 28.30250000000001, 28.30250000000001, 28.30250000000001, 28.30250000000001, 28.30250000000001, 28.30250000000001, 28.30250000000001, 28.30250000000001, 28.30250000000001, 28.30250000000001, 28.30250000000001, 28.30250000000001, 28.30250000000001, 28.30250000000001, 28.30250000000001, 28.30250000000001, 28.30250000000001, 28.30250000000001, 28.30250000000001, 28.30250000000001, 28.30250000000001, 28.30250000000001, 28.30250000000001, 28.30250000000001, 28.30250000000001, 28.30250000000001, 28.30250000000001]

Execution 3:
Parametros: P=1000, Pe=0.3, Pm=0.15, pe=0.7, Parada=100
Start Time (hh:mm:ss.ms) 2023-07-17 08:06:36.424844
gen	min    	max    	avg    	std     
0  	29.8975	30.8825	30.3847	0.157044
1  	29.7875	30.8775	30.2884	0.156204
4  	29.6725	30.81  	30.1923	0.184873
7  	29.565 	30.785 	30.1073	0.204829
8  	29.5175	30.8325	30.0967	0.213159
17 	29.3525	30.8075	29.9517	0.258161
19 	29.3325	30.7925	29.9226	0.271544
20 	29.2975	30.825 	29.9011	0.268198
26 	29.29  	30.83  	29.7909	0.296042
27 	29.26  	30.775 	29.7708	0.301787
28 	29.1975	30.79  	29.7609	0.317301
30 	29.1925	30.82  	29.7136	0.329793
34 	29.1375	30.865 	29.6314	0.353502
36 	29.11  	30.7675	29.5867	0.364514
38 	29.06  	30.75  	29.5561	0.378714
40 	29.0125	30.8225	29.5171	0.397434
43 	28.9725	30.8325	29.4525	0.416267
44 	28.9675	30.7975	29.4325	0.424582
47 	28.8825	30.7825	29.3648	0.451394
48 	28.8375	30.72  	29.3409	0.45013 
50 	28.8175	30.89  	29.3082	0.468235
52 	28.785 	30.8675	29.2707	0.485405
55 	28.7725	30.7725	29.2247	0.501085
56 	28.7425	30.895 	29.2078	0.505986
57 	28.71  	30.7875	29.1984	0.525965
60 	28.675 	30.91  	29.1463	0.534979
62 	28.6725	30.805 	29.1119	0.541276
63 	28.635 	30.94  	29.1046	0.556693
65 	28.6175	30.7675	29.065 	0.557536
66 	28.5975	30.7675	29.0508	0.563106
68 	28.575 	30.94  	29.0142	0.58485 
69 	28.5275	30.835 	28.9959	0.586657
74 	28.5075	30.8   	28.9136	0.622928
76 	28.4725	30.7575	28.8802	0.632936
77 	28.47  	30.74  	28.8639	0.638648
78 	28.435 	30.7575	28.8525	0.652298
79 	28.425 	30.76  	28.8351	0.649784
83 	28.4175	30.8475	28.7835	0.673983
84 	28.4025	30.8775	28.7784	0.686335
86 	28.3925	30.71  	28.7571	0.682602
89 	28.385 	30.8775	28.7362	0.695571
91 	28.375 	30.8425	28.7255	0.705529
93 	28.37  	30.8725	28.7189	0.714678
94 	28.365 	30.785 	28.7074	0.701208
95 	28.355 	30.77  	28.7051	0.708039
98 	28.335 	30.78  	28.6948	0.71738 
102	28.335 	30.8275	28.6764	0.718681
103	28.3325	30.76  	28.6734	0.726335
104	28.3275	30.8575	28.6637	0.724356
125	28.32  	30.775 	28.6364	0.735574
226	28.32  	30.7975	28.6311	0.74279 
End Time (hh:mm:ss.ms) 2023-07-17 08:07:24.502846
Total Time (hh:mm:ss.ms) 0:00:48.078002
Individuo: [[26, 38, 6, 1, 39, 7, 9, 16, 3, 13, 8, 25, 40, 34, 37, 5, 35, 21, 41, 24, 22, 42, 19, 28, 32, 4, 0, 27, 18, 20, 15, 12, 2, 33, 30, 11, 10, 29, 17, 31, 23, 36, 14], [0, 1, 1, 0, 0, 0, 0, 0, 0, 1, 1, 1, 1, 1, 1, 1, 1, 1, 0, 1, 1, 1, 1, 1, 1, 1, 1, 0, 0, 0, 1, 1, 0, 1, 1, 1, 1, 1, 1, 1, 1, 1, 1]]
Fitness:  28.32000000000001
Gens:  [0, 1, 2, 3, 4, 5, 6, 7, 8, 9, 10, 11, 12, 13, 14, 15, 16, 17, 18, 19, 20, 21, 22, 23, 24, 25, 26, 27, 28, 29, 30, 31, 32, 33, 34, 35, 36, 37, 38, 39, 40, 41, 42, 43, 44, 45, 46, 47, 48, 49, 50, 51, 52, 53, 54, 55, 56, 57, 58, 59, 60, 61, 62, 63, 64, 65, 66, 67, 68, 69, 70, 71, 72, 73, 74, 75, 76, 77, 78, 79, 80, 81, 82, 83, 84, 85, 86, 87, 88, 89, 90, 91, 92, 93, 94, 95, 96, 97, 98, 99, 100, 101, 102, 103, 104, 105, 106, 107, 108, 109, 110, 111, 112, 113, 114, 115, 116, 117, 118, 119, 120, 121, 122, 123, 124, 125, 126, 127, 128, 129, 130, 131, 132, 133, 134, 135, 136, 137, 138, 139, 140, 141, 142, 143, 144, 145, 146, 147, 148, 149, 150, 151, 152, 153, 154, 155, 156, 157, 158, 159, 160, 161, 162, 163, 164, 165, 166, 167, 168, 169, 170, 171, 172, 173, 174, 175, 176, 177, 178, 179, 180, 181, 182, 183, 184, 185, 186, 187, 188, 189, 190, 191, 192, 193, 194, 195, 196, 197, 198, 199, 200, 201, 202, 203, 204, 205, 206, 207, 208, 209, 210, 211, 212, 213, 214, 215, 216, 217, 218, 219, 220, 221, 222, 223, 224, 225, 226]
Inds:  [29.897500000000004, 29.787499999999998, 29.787499999999998, 29.787499999999998, 29.672499999999996, 29.672499999999996, 29.672499999999996, 29.564999999999994, 29.5175, 29.5175, 29.5175, 29.5175, 29.5175, 29.5175, 29.5175, 29.5175, 29.5175, 29.35250000000001, 29.35250000000001, 29.332499999999992, 29.297499999999992, 29.297499999999992, 29.297499999999992, 29.297499999999992, 29.297499999999992, 29.297499999999992, 29.289999999999992, 29.259999999999994, 29.197499999999994, 29.197499999999994, 29.192499999999992, 29.192499999999992, 29.192499999999992, 29.192499999999992, 29.1375, 29.1375, 29.110000000000003, 29.110000000000003, 29.060000000000006, 29.060000000000006, 29.012500000000006, 29.012500000000006, 29.012500000000006, 28.9725, 28.967499999999998, 28.967499999999998, 28.967499999999998, 28.8825, 28.83750000000001, 28.83750000000001, 28.8175, 28.8175, 28.784999999999997, 28.784999999999997, 28.784999999999997, 28.7725, 28.742500000000007, 28.710000000000008, 28.710000000000008, 28.710000000000008, 28.674999999999997, 28.674999999999997, 28.672499999999996, 28.634999999999998, 28.634999999999998, 28.617499999999996, 28.597499999999997, 28.597499999999997, 28.57500000000001, 28.527500000000007, 28.527500000000007, 28.527500000000007, 28.527500000000007, 28.527500000000007, 28.507500000000004, 28.507500000000004, 28.4725, 28.470000000000002, 28.435000000000002, 28.425000000000008, 28.425000000000008, 28.425000000000008, 28.425000000000008, 28.417500000000004, 28.4025, 28.4025, 28.392500000000005, 28.392500000000005, 28.392500000000005, 28.385, 28.385, 28.375000000000004, 28.375000000000004, 28.370000000000005, 28.365000000000006, 28.355000000000004, 28.355000000000004, 28.355000000000004, 28.335000000000008, 28.335000000000008, 28.335000000000008, 28.335000000000008, 28.335000000000004, 28.332500000000007, 28.327500000000008, 28.327500000000008, 28.327500000000008, 28.327500000000008, 28.327500000000008, 28.327500000000008, 28.327500000000008, 28.327500000000008, 28.327500000000008, 28.327500000000008, 28.327500000000008, 28.327500000000008, 28.327500000000008, 28.327500000000008, 28.327500000000008, 28.327500000000008, 28.327500000000008, 28.327500000000008, 28.327500000000008, 28.327500000000008, 28.327500000000008, 28.32000000000001, 28.32000000000001, 28.32000000000001, 28.32000000000001, 28.32000000000001, 28.32000000000001, 28.32000000000001, 28.32000000000001, 28.32000000000001, 28.32000000000001, 28.32000000000001, 28.32000000000001, 28.32000000000001, 28.32000000000001, 28.32000000000001, 28.32000000000001, 28.32000000000001, 28.32000000000001, 28.32000000000001, 28.32000000000001, 28.32000000000001, 28.32000000000001, 28.32000000000001, 28.32000000000001, 28.32000000000001, 28.32000000000001, 28.32000000000001, 28.32000000000001, 28.32000000000001, 28.32000000000001, 28.32000000000001, 28.32000000000001, 28.32000000000001, 28.32000000000001, 28.32000000000001, 28.32000000000001, 28.32000000000001, 28.32000000000001, 28.32000000000001, 28.32000000000001, 28.32000000000001, 28.32000000000001, 28.32000000000001, 28.32000000000001, 28.32000000000001, 28.32000000000001, 28.32000000000001, 28.32000000000001, 28.32000000000001, 28.32000000000001, 28.32000000000001, 28.32000000000001, 28.32000000000001, 28.32000000000001, 28.32000000000001, 28.32000000000001, 28.32000000000001, 28.32000000000001, 28.32000000000001, 28.32000000000001, 28.32000000000001, 28.32000000000001, 28.32000000000001, 28.32000000000001, 28.32000000000001, 28.32000000000001, 28.32000000000001, 28.32000000000001, 28.32000000000001, 28.32000000000001, 28.32000000000001, 28.32000000000001, 28.32000000000001, 28.32000000000001, 28.32000000000001, 28.32000000000001, 28.32000000000001, 28.32000000000001, 28.32000000000001, 28.32000000000001, 28.32000000000001, 28.32000000000001, 28.32000000000001, 28.32000000000001, 28.32000000000001, 28.32000000000001, 28.32000000000001, 28.32000000000001, 28.32000000000001, 28.32000000000001, 28.32000000000001, 28.32000000000001, 28.32000000000001, 28.32000000000001, 28.32000000000001, 28.32000000000001, 28.32000000000001, 28.32000000000001, 28.32000000000001, 28.32000000000001, 28.32000000000001, 28.32000000000001]

Execution 4:
Parametros: P=1000, Pe=0.3, Pm=0.15, pe=0.7, Parada=100
Start Time (hh:mm:ss.ms) 2023-07-17 08:07:25.616845
gen	min    	max  	avg    	std     
0  	29.8325	30.85	30.3862	0.161469
3  	29.7975	30.7775	30.2063	0.175581
4  	29.725 	30.8325	30.1873	0.186097
5  	29.565 	30.7775	30.1654	0.197454
6  	29.52  	30.8   	30.1404	0.20145 
19 	29.4575	30.7475	29.9536	0.255035
24 	29.4325	30.7875	29.891 	0.273595
28 	29.265 	30.8525	29.834 	0.29228 
31 	29.25  	30.8125	29.7873	0.3067  
34 	29.185 	30.805 	29.7233	0.320851
35 	29.1425	30.885 	29.7095	0.333565
37 	29.1125	30.7475	29.657 	0.341801
39 	29.0875	30.8325	29.5999	0.358957
41 	29.0875	30.8725	29.5308	0.375901
42 	29.0575	30.885 	29.507 	0.398071
43 	29.0025	30.8175	29.4723	0.404939
44 	28.975 	30.795 	29.4531	0.415486
45 	28.97  	30.7525	29.4147	0.420171
46 	28.905 	30.69  	29.3925	0.428305
49 	28.875 	30.825 	29.3224	0.457606
50 	28.815 	30.825 	29.293 	0.464676
51 	28.7825	30.8   	29.2734	0.467849
54 	28.7575	30.8275	29.2216	0.502681
56 	28.7475	30.795 	29.1855	0.511359
57 	28.7025	30.76  	29.1649	0.520077
58 	28.69  	30.7   	29.1489	0.52684 
59 	28.6775	30.7575	29.1243	0.52602 
60 	28.6275	30.95  	29.1095	0.546437
64 	28.55  	30.855 	29.0349	0.579271
67 	28.525 	30.8275	28.9873	0.605678
70 	28.4625	30.7275	28.9337	0.607644
73 	28.44  	30.825 	28.8883	0.628068
74 	28.3875	30.69  	28.8811	0.636426
81 	28.375 	30.7525	28.7882	0.66889 
83 	28.35  	30.7075	28.7631	0.682235
84 	28.3375	30.75  	28.7469	0.681465
86 	28.3125	30.76  	28.718 	0.702105
88 	28.305 	30.775 	28.6916	0.71908 
89 	28.3   	30.895 	28.6761	0.722902
90 	28.2725	30.68  	28.6599	0.725605
95 	28.265 	30.72  	28.6223	0.738827
96 	28.2625	30.775 	28.6192	0.744527
97 	28.2575	30.865 	28.6096	0.739463
98 	28.2475	30.82  	28.6069	0.746485
100	28.2375	30.83  	28.6004	0.755311
101	28.235 	30.8   	28.596 	0.757383
102	28.225 	30.82  	28.5916	0.760614
103	28.215 	30.825 	28.5871	0.75958 
104	28.2125	30.815 	28.5811	0.754553
106	28.185 	30.7725	28.575 	0.759731
111	28.18  	30.8225	28.5636	0.775214
114	28.18  	30.8   	28.5365	0.783464
120	28.1775	30.7875	28.513 	0.781077
221	28.1775	30.8425	28.5094	0.792823
End Time (hh:mm:ss.ms) 2023-07-17 08:08:12.404405
Total Time (hh:mm:ss.ms) 0:00:46.787560
Individuo: [[26, 7, 9, 28, 32, 4, 3, 8, 13, 39, 40, 10, 29, 16, 25, 20, 22, 19, 42, 0, 41, 27, 18, 24, 12, 21, 5, 35, 15, 2, 33, 30, 11, 37, 34, 23, 31, 17, 14, 36, 6, 38, 1], [1, 1, 0, 0, 1, 1, 1, 0, 0, 1, 1, 0, 0, 0, 1, 1, 1, 0, 0, 1, 1, 0, 0, 0, 1, 1, 1, 1, 0, 0, 1, 1, 1, 1, 1, 0, 0, 0, 0, 1, 1, 1, 1]]
Fitness:  28.177500000000006
Gens:  [0, 1, 2, 3, 4, 5, 6, 7, 8, 9, 10, 11, 12, 13, 14, 15, 16, 17, 18, 19, 20, 21, 22, 23, 24, 25, 26, 27, 28, 29, 30, 31, 32, 33, 34, 35, 36, 37, 38, 39, 40, 41, 42, 43, 44, 45, 46, 47, 48, 49, 50, 51, 52, 53, 54, 55, 56, 57, 58, 59, 60, 61, 62, 63, 64, 65, 66, 67, 68, 69, 70, 71, 72, 73, 74, 75, 76, 77, 78, 79, 80, 81, 82, 83, 84, 85, 86, 87, 88, 89, 90, 91, 92, 93, 94, 95, 96, 97, 98, 99, 100, 101, 102, 103, 104, 105, 106, 107, 108, 109, 110, 111, 112, 113, 114, 115, 116, 117, 118, 119, 120, 121, 122, 123, 124, 125, 126, 127, 128, 129, 130, 131, 132, 133, 134, 135, 136, 137, 138, 139, 140, 141, 142, 143, 144, 145, 146, 147, 148, 149, 150, 151, 152, 153, 154, 155, 156, 157, 158, 159, 160, 161, 162, 163, 164, 165, 166, 167, 168, 169, 170, 171, 172, 173, 174, 175, 176, 177, 178, 179, 180, 181, 182, 183, 184, 185, 186, 187, 188, 189, 190, 191, 192, 193, 194, 195, 196, 197, 198, 199, 200, 201, 202, 203, 204, 205, 206, 207, 208, 209, 210, 211, 212, 213, 214, 215, 216, 217, 218, 219, 220, 221]
Inds:  [29.832500000000003, 29.832500000000003, 29.832500000000003, 29.797499999999992, 29.724999999999998, 29.56500000000001, 29.520000000000003, 29.520000000000003, 29.520000000000003, 29.520000000000003, 29.520000000000003, 29.520000000000003, 29.520000000000003, 29.520000000000003, 29.520000000000003, 29.520000000000003, 29.520000000000003, 29.520000000000003, 29.520000000000003, 29.457499999999996, 29.457499999999996, 29.457499999999996, 29.457499999999996, 29.457499999999996, 29.432499999999994, 29.432499999999994, 29.432499999999994, 29.432499999999994, 29.265000000000004, 29.265000000000004, 29.265000000000004, 29.250000000000007, 29.250000000000007, 29.250000000000007, 29.184999999999995, 29.142500000000002, 29.142500000000002, 29.112499999999997, 29.112499999999997, 29.08750000000001, 29.08750000000001, 29.087500000000002, 29.057500000000008, 29.002499999999998, 28.975, 28.969999999999995, 28.904999999999998, 28.904999999999998, 28.904999999999998, 28.875000000000004, 28.815000000000005, 28.7825, 28.7825, 28.7825, 28.757500000000004, 28.757500000000004, 28.747500000000002, 28.7025, 28.690000000000005, 28.677500000000006, 28.6275, 28.6275, 28.6275, 28.6275, 28.549999999999997, 28.549999999999997, 28.549999999999997, 28.525000000000002, 28.525000000000002, 28.525000000000002, 28.462500000000006, 28.462500000000006, 28.462500000000006, 28.440000000000005, 28.387499999999996, 28.387499999999996, 28.387499999999996, 28.387499999999996, 28.387499999999996, 28.387499999999996, 28.387499999999996, 28.375000000000004, 28.375000000000004, 28.349999999999998, 28.337500000000006, 28.337500000000006, 28.312500000000007, 28.312500000000007, 28.305000000000007, 28.300000000000008, 28.272500000000004, 28.272500000000004, 28.272500000000004, 28.272500000000004, 28.272500000000004, 28.265000000000004, 28.2625, 28.257500000000007, 28.247500000000006, 28.247500000000006, 28.237500000000008, 28.23500000000001, 28.225000000000005, 28.215000000000007, 28.21250000000001, 28.21250000000001, 28.185000000000006, 28.185000000000006, 28.185000000000006, 28.185000000000006, 28.185000000000006, 28.18000000000001, 28.18000000000001, 28.18000000000001, 28.180000000000003, 28.180000000000003, 28.180000000000003, 28.180000000000003, 28.180000000000003, 28.180000000000003, 28.177500000000006, 28.177500000000006, 28.177500000000006, 28.177500000000006, 28.177500000000006, 28.177500000000006, 28.177500000000006, 28.177500000000006, 28.177500000000006, 28.177500000000006, 28.177500000000006, 28.177500000000006, 28.177500000000006, 28.177500000000006, 28.177500000000006, 28.177500000000006, 28.177500000000006, 28.177500000000006, 28.177500000000006, 28.177500000000006, 28.177500000000006, 28.177500000000006, 28.177500000000006, 28.177500000000006, 28.177500000000006, 28.177500000000006, 28.177500000000006, 28.177500000000006, 28.177500000000006, 28.177500000000006, 28.177500000000006, 28.177500000000006, 28.177500000000006, 28.177500000000006, 28.177500000000006, 28.177500000000006, 28.177500000000006, 28.177500000000006, 28.177500000000006, 28.177500000000006, 28.177500000000006, 28.177500000000006, 28.177500000000006, 28.177500000000006, 28.177500000000006, 28.177500000000006, 28.177500000000006, 28.177500000000006, 28.177500000000006, 28.177500000000006, 28.177500000000006, 28.177500000000006, 28.177500000000006, 28.177500000000006, 28.177500000000006, 28.177500000000006, 28.177500000000006, 28.177500000000006, 28.177500000000006, 28.177500000000006, 28.177500000000006, 28.177500000000006, 28.177500000000006, 28.177500000000006, 28.177500000000006, 28.177500000000006, 28.177500000000006, 28.177500000000006, 28.177500000000006, 28.177500000000006, 28.177500000000006, 28.177500000000006, 28.177500000000006, 28.177500000000006, 28.177500000000006, 28.177500000000006, 28.177500000000006, 28.177500000000006, 28.177500000000006, 28.177500000000006, 28.177500000000006, 28.177500000000006, 28.177500000000006, 28.177500000000006, 28.177500000000006, 28.177500000000006, 28.177500000000006, 28.177500000000006, 28.177500000000006, 28.177500000000006, 28.177500000000006, 28.177500000000006, 28.177500000000006, 28.177500000000006, 28.177500000000006, 28.177500000000006, 28.177500000000006, 28.177500000000006, 28.177500000000006, 28.177500000000006, 28.177500000000006, 28.177500000000006]

Execution 5:
Parametros: P=1000, Pe=0.3, Pm=0.15, pe=0.7, Parada=100
Start Time (hh:mm:ss.ms) 2023-07-17 08:08:13.557408
gen	min  	max    	avg    	std    
0  	29.86	30.8575	30.3813	0.16403
2  	29.79	30.835 	30.2367	0.172188
3  	29.69	30.8525	30.2062	0.18221 
6  	29.6525	30.7775	30.1302	0.200547
7  	29.4325	30.7975	30.1203	0.217691
19 	29.3275	30.825 	29.9402	0.264779
23 	29.2725	30.8575	29.8897	0.275322
29 	29.1825	30.905 	29.8027	0.30623 
32 	29.1725	30.82  	29.7339	0.310683
37 	29.1275	30.8175	29.6391	0.356174
39 	29.1075	30.775 	29.589 	0.367568
40 	29.0925	30.95  	29.5679	0.3745  
41 	29.02  	30.8025	29.5431	0.386577
43 	28.935 	30.785 	29.4886	0.397503
47 	28.925 	30.84  	29.3794	0.437127
48 	28.8775	30.8   	29.3483	0.449651
51 	28.82  	30.825 	29.2794	0.474804
53 	28.7925	30.78  	29.2373	0.494383
55 	28.725 	30.7975	29.1954	0.511555
56 	28.7   	30.7925	29.1781	0.533064
57 	28.6575	30.7575	29.1506	0.529163
59 	28.6025	30.84  	29.1022	0.54813 
62 	28.6   	30.77  	29.0469	0.569479
63 	28.58  	30.81  	29.0282	0.574648
64 	28.55  	30.7775	29.0113	0.591017
66 	28.5375	30.73  	28.9682	0.596469
67 	28.47  	30.745 	28.9476	0.60808 
69 	28.44  	30.87  	28.9097	0.628814
70 	28.4125	30.855 	28.8877	0.637656
71 	28.41  	30.8625	28.863 	0.640081
72 	28.3775	30.7625	28.8445	0.655558
74 	28.3675	30.8425	28.7971	0.661933
75 	28.3375	30.8175	28.7794	0.671856
77 	28.33  	30.8425	28.7478	0.694392
78 	28.2775	30.7525	28.7264	0.697905
81 	28.265 	30.815 	28.6878	0.728057
83 	28.235 	30.795 	28.657 	0.727724
88 	28.2125	30.7925	28.6072	0.75222 
89 	28.205 	30.745 	28.596 	0.752189
91 	28.2025	30.7575	28.5818	0.754339
103	28.2025	30.825 	28.5534	0.771036
111	28.2025	30.855 	28.5355	0.777991
212	28.2025	30.885 	28.5326	0.788141
End Time (hh:mm:ss.ms) 2023-07-17 08:08:59.771603
Total Time (hh:mm:ss.ms) 0:00:46.214195
Individuo: [[6, 17, 31, 23, 10, 34, 2, 33, 37, 40, 16, 8, 3, 0, 32, 42, 28, 21, 35, 12, 20, 22, 19, 41, 27, 18, 24, 5, 15, 30, 11, 25, 4, 13, 39, 9, 7, 26, 38, 36, 14, 29, 1], [0, 1, 1, 1, 0, 0, 1, 0, 0, 0, 0, 0, 1, 1, 1, 0, 0, 0, 0, 1, 1, 1, 0, 0, 0, 0, 0, 1, 0, 1, 1, 0, 1, 0, 1, 1, 0, 0, 1, 1, 0, 0, 1]]
Fitness:  28.202499999999997
Gens:  [0, 1, 2, 3, 4, 5, 6, 7, 8, 9, 10, 11, 12, 13, 14, 15, 16, 17, 18, 19, 20, 21, 22, 23, 24, 25, 26, 27, 28, 29, 30, 31, 32, 33, 34, 35, 36, 37, 38, 39, 40, 41, 42, 43, 44, 45, 46, 47, 48, 49, 50, 51, 52, 53, 54, 55, 56, 57, 58, 59, 60, 61, 62, 63, 64, 65, 66, 67, 68, 69, 70, 71, 72, 73, 74, 75, 76, 77, 78, 79, 80, 81, 82, 83, 84, 85, 86, 87, 88, 89, 90, 91, 92, 93, 94, 95, 96, 97, 98, 99, 100, 101, 102, 103, 104, 105, 106, 107, 108, 109, 110, 111, 112, 113, 114, 115, 116, 117, 118, 119, 120, 121, 122, 123, 124, 125, 126, 127, 128, 129, 130, 131, 132, 133, 134, 135, 136, 137, 138, 139, 140, 141, 142, 143, 144, 145, 146, 147, 148, 149, 150, 151, 152, 153, 154, 155, 156, 157, 158, 159, 160, 161, 162, 163, 164, 165, 166, 167, 168, 169, 170, 171, 172, 173, 174, 175, 176, 177, 178, 179, 180, 181, 182, 183, 184, 185, 186, 187, 188, 189, 190, 191, 192, 193, 194, 195, 196, 197, 198, 199, 200, 201, 202, 203, 204, 205, 206, 207, 208, 209, 210, 211, 212]
Inds:  [29.860000000000003, 29.860000000000003, 29.78999999999999, 29.689999999999998, 29.689999999999998, 29.689999999999998, 29.6525, 29.432500000000005, 29.432500000000005, 29.432500000000005, 29.432500000000005, 29.432500000000005, 29.432500000000005, 29.432500000000005, 29.432500000000005, 29.432500000000005, 29.432500000000005, 29.432500000000005, 29.432500000000005, 29.3275, 29.3275, 29.3275, 29.3275, 29.272499999999997, 29.272499999999997, 29.272499999999997, 29.272499999999997, 29.272499999999997, 29.272499999999997, 29.182499999999997, 29.182499999999997, 29.182499999999997, 29.172500000000003, 29.172500000000003, 29.172500000000003, 29.172500000000003, 29.172500000000003, 29.127500000000005, 29.127500000000005, 29.107499999999995, 29.092499999999998, 29.02, 29.02, 28.935, 28.935, 28.935, 28.935, 28.924999999999997, 28.877499999999998, 28.877499999999998, 28.877499999999998, 28.819999999999997, 28.819999999999997, 28.792499999999993, 28.792499999999993, 28.725000000000005, 28.70000000000001, 28.657499999999995, 28.657499999999995, 28.602500000000003, 28.602500000000003, 28.602500000000003, 28.59999999999999, 28.580000000000005, 28.550000000000004, 28.550000000000004, 28.537499999999998, 28.469999999999995, 28.469999999999995, 28.439999999999998, 28.412499999999998, 28.409999999999997, 28.377499999999998, 28.377499999999998, 28.367500000000007, 28.3375, 28.3375, 28.329999999999995, 28.277500000000007, 28.277500000000007, 28.277500000000007, 28.265, 28.265, 28.235, 28.235, 28.235, 28.235, 28.235, 28.212500000000002, 28.205000000000002, 28.205000000000002, 28.202500000000004, 28.202500000000004, 28.202500000000004, 28.202500000000004, 28.202500000000004, 28.202500000000004, 28.202500000000004, 28.202500000000004, 28.202500000000004, 28.202500000000004, 28.202500000000004, 28.202500000000004, 28.2025, 28.2025, 28.2025, 28.2025, 28.2025, 28.2025, 28.2025, 28.2025, 28.202499999999997, 28.202499999999997, 28.202499999999997, 28.202499999999997, 28.202499999999997, 28.202499999999997, 28.202499999999997, 28.202499999999997, 28.202499999999997, 28.202499999999997, 28.202499999999997, 28.202499999999997, 28.202499999999997, 28.202499999999997, 28.202499999999997, 28.202499999999997, 28.202499999999997, 28.202499999999997, 28.202499999999997, 28.202499999999997, 28.202499999999997, 28.202499999999997, 28.202499999999997, 28.202499999999997, 28.202499999999997, 28.202499999999997, 28.202499999999997, 28.202499999999997, 28.202499999999997, 28.202499999999997, 28.202499999999997, 28.202499999999997, 28.202499999999997, 28.202499999999997, 28.202499999999997, 28.202499999999997, 28.202499999999997, 28.202499999999997, 28.202499999999997, 28.202499999999997, 28.202499999999997, 28.202499999999997, 28.202499999999997, 28.202499999999997, 28.202499999999997, 28.202499999999997, 28.202499999999997, 28.202499999999997, 28.202499999999997, 28.202499999999997, 28.202499999999997, 28.202499999999997, 28.202499999999997, 28.202499999999997, 28.202499999999997, 28.202499999999997, 28.202499999999997, 28.202499999999997, 28.202499999999997, 28.202499999999997, 28.202499999999997, 28.202499999999997, 28.202499999999997, 28.202499999999997, 28.202499999999997, 28.202499999999997, 28.202499999999997, 28.202499999999997, 28.202499999999997, 28.202499999999997, 28.202499999999997, 28.202499999999997, 28.202499999999997, 28.202499999999997, 28.202499999999997, 28.202499999999997, 28.202499999999997, 28.202499999999997, 28.202499999999997, 28.202499999999997, 28.202499999999997, 28.202499999999997, 28.202499999999997, 28.202499999999997, 28.202499999999997, 28.202499999999997, 28.202499999999997, 28.202499999999997, 28.202499999999997, 28.202499999999997, 28.202499999999997, 28.202499999999997, 28.202499999999997, 28.202499999999997, 28.202499999999997, 28.202499999999997, 28.202499999999997, 28.202499999999997, 28.202499999999997, 28.202499999999997, 28.202499999999997, 28.202499999999997]

Execution 6:
Parametros: P=1000, Pe=0.3, Pm=0.15, pe=0.7, Parada=100
Start Time (hh:mm:ss.ms) 2023-07-17 08:09:00.997603
gen	min  	max  	avg    	std     
0  	29.86	30.92	30.3838	0.172308
2  	29.785	30.8375	30.2255	0.167959
3  	29.7175	30.8225	30.1889	0.181563
5  	29.66  	30.8625	30.146 	0.196048
8  	29.6225	30.8575	30.0949	0.215701
9  	29.5575	30.7975	30.0762	0.226852
10 	29.5075	30.74  	30.0531	0.226107
15 	29.4875	30.94  	29.9655	0.258292
16 	29.4575	31.0325	29.9424	0.262222
17 	29.38  	30.7925	29.9239	0.265735
18 	29.315 	30.9075	29.9124	0.267714
24 	29.3075	30.7025	29.8204	0.296637
27 	29.3   	30.7975	29.7625	0.305285
28 	29.19  	30.7725	29.741 	0.317547
33 	29.1725	30.8675	29.6512	0.350753
36 	29.0825	30.8   	29.5732	0.369441
37 	28.945 	30.8225	29.5455	0.376629
40 	28.82  	30.7825	29.4783	0.40892 
49 	28.6925	30.92  	29.2626	0.490837
54 	28.6275	30.82  	29.1434	0.524845
58 	28.5625	30.7475	29.0683	0.556634
61 	28.4775	30.83  	29.0178	0.58228 
67 	28.465 	30.835 	28.9128	0.622324
68 	28.45  	31     	28.8955	0.63162 
71 	28.4475	30.81  	28.8482	0.649124
72 	28.43  	30.7025	28.8342	0.650912
73 	28.385 	30.755 	28.8188	0.659187
75 	28.3825	30.8225	28.7911	0.669596
76 	28.3375	30.7575	28.7774	0.677012
78 	28.295 	30.7875	28.7527	0.687943
83 	28.28  	30.7625	28.6857	0.708266
85 	28.265 	30.7325	28.6665	0.720311
87 	28.25  	30.7875	28.647 	0.723608
89 	28.24  	30.8075	28.6299	0.731361
90 	28.2375	30.7725	28.6282	0.750888
91 	28.2325	30.7825	28.6138	0.742465
92 	28.22  	30.875 	28.6093	0.750565
94 	28.2075	30.785 	28.5903	0.751567
96 	28.175 	30.8725	28.5746	0.760197
100	28.17  	30.8075	28.5427	0.771725
101	28.16  	30.78  	28.5341	0.770091
202	28.16  	30.8   	28.4932	0.795301
End Time (hh:mm:ss.ms) 2023-07-17 08:09:42.891834
Total Time (hh:mm:ss.ms) 0:00:41.894231
Individuo: [[17, 36, 14, 6, 38, 29, 9, 39, 1, 26, 7, 13, 8, 16, 19, 27, 41, 24, 18, 12, 15, 33, 11, 30, 2, 20, 35, 21, 5, 22, 42, 28, 3, 4, 32, 0, 25, 37, 34, 40, 10, 23, 31], [0, 0, 1, 1, 1, 0, 1, 1, 1, 1, 1, 1, 1, 0, 0, 1, 1, 1, 1, 0, 0, 0, 0, 0, 0, 1, 1, 1, 1, 1, 1, 1, 0, 0, 0, 0, 1, 0, 0, 0, 0, 0, 0]]
Fitness:  28.160000000000004
Gens:  [0, 1, 2, 3, 4, 5, 6, 7, 8, 9, 10, 11, 12, 13, 14, 15, 16, 17, 18, 19, 20, 21, 22, 23, 24, 25, 26, 27, 28, 29, 30, 31, 32, 33, 34, 35, 36, 37, 38, 39, 40, 41, 42, 43, 44, 45, 46, 47, 48, 49, 50, 51, 52, 53, 54, 55, 56, 57, 58, 59, 60, 61, 62, 63, 64, 65, 66, 67, 68, 69, 70, 71, 72, 73, 74, 75, 76, 77, 78, 79, 80, 81, 82, 83, 84, 85, 86, 87, 88, 89, 90, 91, 92, 93, 94, 95, 96, 97, 98, 99, 100, 101, 102, 103, 104, 105, 106, 107, 108, 109, 110, 111, 112, 113, 114, 115, 116, 117, 118, 119, 120, 121, 122, 123, 124, 125, 126, 127, 128, 129, 130, 131, 132, 133, 134, 135, 136, 137, 138, 139, 140, 141, 142, 143, 144, 145, 146, 147, 148, 149, 150, 151, 152, 153, 154, 155, 156, 157, 158, 159, 160, 161, 162, 163, 164, 165, 166, 167, 168, 169, 170, 171, 172, 173, 174, 175, 176, 177, 178, 179, 180, 181, 182, 183, 184, 185, 186, 187, 188, 189, 190, 191, 192, 193, 194, 195, 196, 197, 198, 199, 200, 201, 202]
Inds:  [29.859999999999996, 29.859999999999996, 29.785000000000004, 29.717499999999994, 29.717499999999994, 29.660000000000007, 29.660000000000007, 29.660000000000007, 29.622499999999995, 29.557499999999997, 29.507499999999997, 29.507499999999997, 29.507499999999997, 29.507499999999997, 29.507499999999997, 29.487499999999994, 29.4575, 29.379999999999995, 29.314999999999998, 29.314999999999998, 29.314999999999998, 29.314999999999998, 29.314999999999998, 29.314999999999998, 29.307499999999997, 29.307499999999997, 29.307499999999997, 29.29999999999999, 29.19, 29.19, 29.19, 29.19, 29.19, 29.172499999999992, 29.172499999999992, 29.172499999999992, 29.082499999999996, 28.944999999999997, 28.944999999999997, 28.944999999999997, 28.82, 28.82, 28.82, 28.82, 28.82, 28.82, 28.82, 28.82, 28.82, 28.69250000000001, 28.69250000000001, 28.69250000000001, 28.69250000000001, 28.69250000000001, 28.627499999999998, 28.627499999999998, 28.627499999999998, 28.627499999999998, 28.562500000000004, 28.562500000000004, 28.562500000000004, 28.477500000000003, 28.477500000000003, 28.477500000000003, 28.477500000000003, 28.477500000000003, 28.477500000000003, 28.464999999999996, 28.45000000000001, 28.45000000000001, 28.45000000000001, 28.447500000000005, 28.430000000000007, 28.385000000000005, 28.385000000000005, 28.382500000000007, 28.337500000000006, 28.337500000000006, 28.29500000000001, 28.29500000000001, 28.29500000000001, 28.29500000000001, 28.29500000000001, 28.28000000000001, 28.28000000000001, 28.265000000000008, 28.265000000000008, 28.250000000000007, 28.250000000000007, 28.240000000000002, 28.237500000000004, 28.2325, 28.220000000000006, 28.220000000000006, 28.207500000000003, 28.207500000000003, 28.175000000000004, 28.175000000000004, 28.175000000000004, 28.175000000000004, 28.17, 28.160000000000004, 28.160000000000004, 28.160000000000004, 28.160000000000004, 28.160000000000004, 28.160000000000004, 28.160000000000004, 28.160000000000004, 28.160000000000004, 28.160000000000004, 28.160000000000004, 28.160000000000004, 28.160000000000004, 28.160000000000004, 28.160000000000004, 28.160000000000004, 28.160000000000004, 28.160000000000004, 28.160000000000004, 28.160000000000004, 28.160000000000004, 28.160000000000004, 28.160000000000004, 28.160000000000004, 28.160000000000004, 28.160000000000004, 28.160000000000004, 28.160000000000004, 28.160000000000004, 28.160000000000004, 28.160000000000004, 28.160000000000004, 28.160000000000004, 28.160000000000004, 28.160000000000004, 28.160000000000004, 28.160000000000004, 28.160000000000004, 28.160000000000004, 28.160000000000004, 28.160000000000004, 28.160000000000004, 28.160000000000004, 28.160000000000004, 28.160000000000004, 28.160000000000004, 28.160000000000004, 28.160000000000004, 28.160000000000004, 28.160000000000004, 28.160000000000004, 28.160000000000004, 28.160000000000004, 28.160000000000004, 28.160000000000004, 28.160000000000004, 28.160000000000004, 28.160000000000004, 28.160000000000004, 28.160000000000004, 28.160000000000004, 28.160000000000004, 28.160000000000004, 28.160000000000004, 28.160000000000004, 28.160000000000004, 28.160000000000004, 28.160000000000004, 28.160000000000004, 28.160000000000004, 28.160000000000004, 28.160000000000004, 28.160000000000004, 28.160000000000004, 28.160000000000004, 28.160000000000004, 28.160000000000004, 28.160000000000004, 28.160000000000004, 28.160000000000004, 28.160000000000004, 28.160000000000004, 28.160000000000004, 28.160000000000004, 28.160000000000004, 28.160000000000004, 28.160000000000004, 28.160000000000004, 28.160000000000004, 28.160000000000004, 28.160000000000004, 28.160000000000004, 28.160000000000004, 28.160000000000004, 28.160000000000004, 28.160000000000004, 28.160000000000004, 28.160000000000004, 28.160000000000004, 28.160000000000004, 28.160000000000004, 28.160000000000004]

Execution 7:
Parametros: P=1000, Pe=0.3, Pm=0.15, pe=0.7, Parada=100
Start Time (hh:mm:ss.ms) 2023-07-17 08:09:43.890084
gen	min    	max    	avg    	std     
0  	29.8575	30.9875	30.3795	0.164492
1  	29.5825	30.8375	30.2821	0.159198
10 	29.575 	30.7725	30.0544	0.223098
11 	29.5575	30.81  	30.0457	0.230037
13 	29.5425	30.885 	30.0046	0.234752
14 	29.535 	30.8625	30.0038	0.249908
15 	29.465 	30.7425	29.9884	0.252772
16 	29.42  	30.7475	29.9717	0.249577
19 	29.37  	30.7725	29.9157	0.260452
20 	29.36  	30.76  	29.9105	0.27286 
22 	29.3175	30.765 	29.8708	0.28544 
24 	29.24  	30.775 	29.8065	0.291214
25 	29.2225	30.8325	29.7923	0.300018
28 	29.185 	30.8675	29.6937	0.330217
29 	29.1825	30.85  	29.6583	0.335961
30 	29.1075	30.785 	29.6269	0.349309
32 	29.1075	30.75  	29.5549	0.367861
33 	29.085 	30.82  	29.5337	0.386497
34 	29.06  	30.7875	29.5064	0.385481
35 	29.045 	30.72  	29.4801	0.391783
36 	29.0325	30.8925	29.4609	0.408958
37 	28.9575	30.7275	29.4361	0.412597
39 	28.8875	30.7525	29.3973	0.432602
40 	28.87  	30.7375	29.3711	0.433681
44 	28.855 	30.8675	29.3038	0.469438
45 	28.8225	30.765 	29.2816	0.481667
46 	28.815 	30.8475	29.2605	0.490056
47 	28.71  	30.8425	29.2436	0.503237
49 	28.69  	30.8075	29.1982	0.513256
52 	28.645 	30.79  	29.1378	0.539682
55 	28.6425	30.9125	29.0718	0.565185
57 	28.5675	30.7475	29.0329	0.575054
60 	28.565 	30.9425	28.9711	0.608851
61 	28.5575	30.7675	28.9494	0.599997
62 	28.53  	30.9475	28.9284	0.608882
63 	28.5075	30.7975	28.9106	0.616654
65 	28.4825	30.7875	28.8813	0.643868
66 	28.4575	30.8125	28.8662	0.650517
68 	28.4475	30.7625	28.829 	0.650277
69 	28.4375	30.7675	28.8123	0.659132
70 	28.425 	30.8275	28.7983	0.674472
71 	28.42  	30.8   	28.7813	0.679342
72 	28.3875	30.785 	28.7689	0.680256
73 	28.3775	30.795 	28.7553	0.682185
74 	28.3725	30.8575	28.7452	0.687578
75 	28.3675	30.7875	28.7383	0.69826 
76 	28.3675	30.8275	28.7278	0.700055
77 	28.3475	30.875 	28.7164	0.700621
79 	28.3425	30.78  	28.6938	0.709673
80 	28.34  	30.79  	28.684 	0.708946
82 	28.335 	30.8   	28.6691	0.726621
83 	28.3325	30.94  	28.6582	0.727728
184	28.3325	30.8775	28.6401	0.73524 
End Time (hh:mm:ss.ms) 2023-07-17 08:10:20.617547
Total Time (hh:mm:ss.ms) 0:00:36.727463
Individuo: [[6, 29, 1, 26, 7, 39, 9, 13, 3, 32, 4, 8, 25, 20, 22, 19, 0, 28, 18, 21, 5, 15, 2, 35, 12, 42, 27, 24, 41, 33, 30, 37, 40, 16, 34, 38, 10, 11, 36, 14, 23, 31, 17], [0, 0, 1, 1, 1, 1, 1, 1, 1, 1, 1, 1, 1, 1, 1, 0, 0, 0, 0, 1, 1, 0, 0, 0, 1, 1, 1, 0, 0, 1, 1, 1, 0, 0, 1, 1, 0, 1, 1, 0, 0, 0, 0]]
Fitness:  28.3325
Gens:  [0, 1, 2, 3, 4, 5, 6, 7, 8, 9, 10, 11, 12, 13, 14, 15, 16, 17, 18, 19, 20, 21, 22, 23, 24, 25, 26, 27, 28, 29, 30, 31, 32, 33, 34, 35, 36, 37, 38, 39, 40, 41, 42, 43, 44, 45, 46, 47, 48, 49, 50, 51, 52, 53, 54, 55, 56, 57, 58, 59, 60, 61, 62, 63, 64, 65, 66, 67, 68, 69, 70, 71, 72, 73, 74, 75, 76, 77, 78, 79, 80, 81, 82, 83, 84, 85, 86, 87, 88, 89, 90, 91, 92, 93, 94, 95, 96, 97, 98, 99, 100, 101, 102, 103, 104, 105, 106, 107, 108, 109, 110, 111, 112, 113, 114, 115, 116, 117, 118, 119, 120, 121, 122, 123, 124, 125, 126, 127, 128, 129, 130, 131, 132, 133, 134, 135, 136, 137, 138, 139, 140, 141, 142, 143, 144, 145, 146, 147, 148, 149, 150, 151, 152, 153, 154, 155, 156, 157, 158, 159, 160, 161, 162, 163, 164, 165, 166, 167, 168, 169, 170, 171, 172, 173, 174, 175, 176, 177, 178, 179, 180, 181, 182, 183, 184]
Inds:  [29.857499999999998, 29.582499999999992, 29.582499999999992, 29.582499999999992, 29.582499999999992, 29.582499999999992, 29.582499999999992, 29.582499999999992, 29.582499999999992, 29.582499999999992, 29.575, 29.5575, 29.5575, 29.542500000000004, 29.535000000000007, 29.464999999999996, 29.42, 29.42, 29.42, 29.37, 29.360000000000003, 29.360000000000003, 29.317499999999992, 29.317499999999992, 29.240000000000006, 29.2225, 29.2225, 29.2225, 29.185, 29.1825, 29.10750000000001, 29.10750000000001, 29.1075, 29.084999999999994, 29.06, 29.044999999999998, 29.0325, 28.957500000000003, 28.957500000000003, 28.88750000000001, 28.87, 28.87, 28.87, 28.87, 28.855, 28.8225, 28.815, 28.710000000000004, 28.710000000000004, 28.69, 28.69, 28.69, 28.645, 28.645, 28.645, 28.64250000000001, 28.64250000000001, 28.567500000000003, 28.567500000000003, 28.567500000000003, 28.56500000000001, 28.557500000000005, 28.53000000000001, 28.5075, 28.5075, 28.4825, 28.457500000000003, 28.457500000000003, 28.447500000000005, 28.437500000000004, 28.425, 28.42, 28.387500000000006, 28.377499999999998, 28.3725, 28.367500000000003, 28.3675, 28.3475, 28.3475, 28.3425, 28.34, 28.34, 28.335, 28.3325, 28.3325, 28.3325, 28.3325, 28.3325, 28.3325, 28.3325, 28.3325, 28.3325, 28.3325, 28.3325, 28.3325, 28.3325, 28.3325, 28.3325, 28.3325, 28.3325, 28.3325, 28.3325, 28.3325, 28.3325, 28.3325, 28.3325, 28.3325, 28.3325, 28.3325, 28.3325, 28.3325, 28.3325, 28.3325, 28.3325, 28.3325, 28.3325, 28.3325, 28.3325, 28.3325, 28.3325, 28.3325, 28.3325, 28.3325, 28.3325, 28.3325, 28.3325, 28.3325, 28.3325, 28.3325, 28.3325, 28.3325, 28.3325, 28.3325, 28.3325, 28.3325, 28.3325, 28.3325, 28.3325, 28.3325, 28.3325, 28.3325, 28.3325, 28.3325, 28.3325, 28.3325, 28.3325, 28.3325, 28.3325, 28.3325, 28.3325, 28.3325, 28.3325, 28.3325, 28.3325, 28.3325, 28.3325, 28.3325, 28.3325, 28.3325, 28.3325, 28.3325, 28.3325, 28.3325, 28.3325, 28.3325, 28.3325, 28.3325, 28.3325, 28.3325, 28.3325, 28.3325, 28.3325, 28.3325, 28.3325, 28.3325, 28.3325, 28.3325, 28.3325, 28.3325, 28.3325, 28.3325, 28.3325, 28.3325, 28.3325, 28.3325]

Execution 8:
Parametros: P=1000, Pe=0.3, Pm=0.15, pe=0.7, Parada=100
Start Time (hh:mm:ss.ms) 2023-07-17 08:10:21.644546
gen	min    	max    	avg    	std    
0  	29.8225	30.8275	30.3916	0.16431
1  	29.7975	30.8275	30.2885	0.158074
2  	29.75  	30.7625	30.2454	0.167191
4  	29.7425	30.86  	30.1813	0.19021 
5  	29.72  	30.8875	30.1529	0.198117
7  	29.6925	30.7025	30.1045	0.205103
8  	29.61  	30.9   	30.0897	0.21495 
10 	29.515 	30.845 	30.0569	0.225256
12 	29.4825	30.9225	30.0235	0.240997
16 	29.455 	30.955 	29.9394	0.263216
17 	29.4325	30.75  	29.9221	0.262756
18 	29.42  	30.7325	29.8887	0.261087
19 	29.385 	30.815 	29.8717	0.275549
20 	29.38  	30.8025	29.8428	0.275151
22 	29.315 	30.935 	29.8111	0.297289
25 	29.31  	30.8225	29.7488	0.314916
26 	29.2925	30.8125	29.7196	0.315789
27 	29.2125	30.9   	29.7007	0.320147
28 	29.1975	30.79  	29.682 	0.338919
30 	29.19  	30.8525	29.6342	0.346874
31 	29.1475	30.83  	29.6123	0.353827
32 	29.1475	30.7725	29.5899	0.370348
33 	29.135 	30.7125	29.5584	0.368556
34 	29.03  	30.8075	29.5306	0.377774
36 	29.0125	30.905 	29.4882	0.404202
38 	28.935 	30.745 	29.4439	0.421715
43 	28.8625	30.78  	29.3393	0.456368
44 	28.83  	30.79  	29.3195	0.452372
48 	28.81  	30.7725	29.2429	0.493075
49 	28.8   	30.8875	29.2233	0.50239 
50 	28.7775	30.7375	29.2066	0.507997
51 	28.685 	30.8075	29.182 	0.51372 
54 	28.6475	30.7425	29.1135	0.536219
56 	28.6275	30.8475	29.0711	0.547361
58 	28.6025	30.935 	29.0418	0.574176
59 	28.5725	30.9   	29.0247	0.587748
62 	28.57  	30.7875	28.9769	0.598897
64 	28.5425	30.82  	28.9435	0.610731
65 	28.5025	30.8475	28.9303	0.617859
68 	28.495 	30.8475	28.8859	0.632181
69 	28.48  	30.8875	28.8692	0.644285
70 	28.47  	30.8075	28.8565	0.651688
71 	28.45  	30.82  	28.8397	0.653509
72 	28.415 	30.89  	28.8243	0.662267
74 	28.3975	30.75  	28.7918	0.669736
76 	28.39  	30.92  	28.7618	0.686682
77 	28.375 	30.6925	28.7433	0.683613
78 	28.3675	30.845 	28.7345	0.703075
79 	28.3625	30.76  	28.7193	0.704703
83 	28.3625	30.8775	28.6805	0.722519
87 	28.355 	30.735 	28.67  	0.716963
91 	28.35  	30.7575	28.6694	0.719573
98 	28.35  	30.7675	28.6595	0.719181
199	28.35  	30.8925	28.6527	0.723003
End Time (hh:mm:ss.ms) 2023-07-17 08:11:01.068546
Total Time (hh:mm:ss.ms) 0:00:39.424000
Individuo: [[14, 10, 29, 40, 37, 12, 35, 2, 15, 5, 24, 18, 41, 27, 20, 21, 22, 28, 19, 42, 3, 9, 39, 0, 32, 34, 11, 30, 33, 25, 16, 8, 4, 13, 7, 26, 1, 38, 6, 36, 17, 31, 23], [0, 1, 0, 1, 1, 0, 1, 1, 1, 0, 1, 1, 0, 0, 1, 1, 1, 0, 0, 0, 0, 1, 1, 1, 1, 1, 0, 0, 0, 0, 0, 0, 1, 0, 0, 0, 0, 0, 0, 1, 1, 1, 1]]
Fitness:  28.35
Gens:  [0, 1, 2, 3, 4, 5, 6, 7, 8, 9, 10, 11, 12, 13, 14, 15, 16, 17, 18, 19, 20, 21, 22, 23, 24, 25, 26, 27, 28, 29, 30, 31, 32, 33, 34, 35, 36, 37, 38, 39, 40, 41, 42, 43, 44, 45, 46, 47, 48, 49, 50, 51, 52, 53, 54, 55, 56, 57, 58, 59, 60, 61, 62, 63, 64, 65, 66, 67, 68, 69, 70, 71, 72, 73, 74, 75, 76, 77, 78, 79, 80, 81, 82, 83, 84, 85, 86, 87, 88, 89, 90, 91, 92, 93, 94, 95, 96, 97, 98, 99, 100, 101, 102, 103, 104, 105, 106, 107, 108, 109, 110, 111, 112, 113, 114, 115, 116, 117, 118, 119, 120, 121, 122, 123, 124, 125, 126, 127, 128, 129, 130, 131, 132, 133, 134, 135, 136, 137, 138, 139, 140, 141, 142, 143, 144, 145, 146, 147, 148, 149, 150, 151, 152, 153, 154, 155, 156, 157, 158, 159, 160, 161, 162, 163, 164, 165, 166, 167, 168, 169, 170, 171, 172, 173, 174, 175, 176, 177, 178, 179, 180, 181, 182, 183, 184, 185, 186, 187, 188, 189, 190, 191, 192, 193, 194, 195, 196, 197, 198, 199]
Inds:  [29.82249999999999, 29.7975, 29.749999999999993, 29.749999999999993, 29.742500000000003, 29.720000000000002, 29.720000000000002, 29.69249999999999, 29.609999999999992, 29.609999999999992, 29.515000000000004, 29.515000000000004, 29.482500000000005, 29.482500000000005, 29.482500000000005, 29.482500000000005, 29.454999999999995, 29.4325, 29.42, 29.38499999999999, 29.380000000000003, 29.380000000000003, 29.315000000000005, 29.315000000000005, 29.315000000000005, 29.309999999999988, 29.292499999999993, 29.212499999999995, 29.197499999999998, 29.197499999999998, 29.19, 29.147500000000004, 29.1475, 29.134999999999994, 29.03, 29.03, 29.012500000000003, 29.012500000000003, 28.935000000000002, 28.935000000000002, 28.935000000000002, 28.935000000000002, 28.935000000000002, 28.862499999999997, 28.830000000000002, 28.830000000000002, 28.830000000000002, 28.830000000000002, 28.809999999999995, 28.8, 28.777499999999993, 28.685, 28.685, 28.685, 28.647499999999994, 28.647499999999994, 28.627499999999998, 28.627499999999998, 28.6025, 28.572499999999994, 28.572499999999994, 28.572499999999994, 28.569999999999997, 28.569999999999997, 28.542499999999997, 28.5025, 28.5025, 28.5025, 28.495000000000005, 28.480000000000004, 28.47, 28.450000000000003, 28.415000000000003, 28.415000000000003, 28.3975, 28.3975, 28.390000000000008, 28.375000000000007, 28.367500000000003, 28.362500000000004, 28.362500000000004, 28.362500000000004, 28.362500000000004, 28.3625, 28.3625, 28.3625, 28.3625, 28.355, 28.355, 28.355, 28.355, 28.35000000000001, 28.35000000000001, 28.35000000000001, 28.35000000000001, 28.35000000000001, 28.35000000000001, 28.35000000000001, 28.35, 28.35, 28.35, 28.35, 28.35, 28.35, 28.35, 28.35, 28.35, 28.35, 28.35, 28.35, 28.35, 28.35, 28.35, 28.35, 28.35, 28.35, 28.35, 28.35, 28.35, 28.35, 28.35, 28.35, 28.35, 28.35, 28.35, 28.35, 28.35, 28.35, 28.35, 28.35, 28.35, 28.35, 28.35, 28.35, 28.35, 28.35, 28.35, 28.35, 28.35, 28.35, 28.35, 28.35, 28.35, 28.35, 28.35, 28.35, 28.35, 28.35, 28.35, 28.35, 28.35, 28.35, 28.35, 28.35, 28.35, 28.35, 28.35, 28.35, 28.35, 28.35, 28.35, 28.35, 28.35, 28.35, 28.35, 28.35, 28.35, 28.35, 28.35, 28.35, 28.35, 28.35, 28.35, 28.35, 28.35, 28.35, 28.35, 28.35, 28.35, 28.35, 28.35, 28.35, 28.35, 28.35, 28.35, 28.35, 28.35, 28.35, 28.35, 28.35, 28.35, 28.35, 28.35, 28.35, 28.35, 28.35, 28.35, 28.35, 28.35, 28.35]

Execution 9:
Parametros: P=1000, Pe=0.3, Pm=0.15, pe=0.7, Parada=100
Start Time (hh:mm:ss.ms) 2023-07-17 08:11:02.074546
gen	min    	max  	avg    	std     
0  	29.7575	30.87	30.3919	0.171111
2  	29.7075	30.84 	30.2337	0.174461
4  	29.7   	30.82  	30.1763	0.200696
5  	29.64  	30.7525	30.1491	0.199347
9  	29.5425	30.8825	30.0843	0.221691
14 	29.5025	30.7775	30.014 	0.241384
17 	29.4675	30.6975	29.9887	0.245435
21 	29.46  	30.7275	29.9477	0.260778
22 	29.3475	30.7975	29.9307	0.26387 
30 	29.29  	30.83  	29.7916	0.295605
32 	29.275 	30.8925	29.7499	0.319059
33 	29.255 	30.8175	29.7228	0.328731
34 	29.2375	30.775 	29.6877	0.333072
35 	29.21  	30.77  	29.6537	0.334917
36 	29.205 	30.7425	29.6307	0.349107
37 	29.1025	30.965 	29.6016	0.360282
39 	29.065 	30.765 	29.5358	0.377161
40 	29.05  	30.91  	29.5159	0.391703
43 	29.0175	30.8825	29.4356	0.417767
44 	29.0125	30.85  	29.4115	0.42584 
45 	28.9875	30.795 	29.3867	0.428786
46 	28.9125	30.89  	29.3741	0.441928
47 	28.8625	30.7225	29.3462	0.439408
48 	28.8525	30.8525	29.3328	0.452408
50 	28.835 	30.8625	29.2922	0.466574
51 	28.8025	30.825 	29.2807	0.4778  
52 	28.775 	30.7975	29.2522	0.477792
55 	28.765 	30.785 	29.1827	0.513288
56 	28.73  	30.7325	29.1614	0.522678
57 	28.695 	30.8525	29.1383	0.530143
58 	28.6475	30.8925	29.124 	0.537732
59 	28.635 	30.7925	29.1017	0.546645
60 	28.565 	30.735 	29.0824	0.550854
66 	28.54  	30.8025	28.9723	0.605463
67 	28.525 	30.745 	28.9531	0.61156 
68 	28.45  	30.765 	28.9354	0.616978
74 	28.435 	30.765 	28.8258	0.652631
75 	28.42  	30.825 	28.8101	0.666577
76 	28.3925	30.7625	28.7892	0.663623
78 	28.3775	30.755 	28.7701	0.687237
81 	28.3525	30.73  	28.7408	0.692086
83 	28.34  	30.84  	28.7239	0.702687
85 	28.33  	30.825 	28.6886	0.710792
86 	28.305 	30.8625	28.6804	0.721959
88 	28.3025	30.965 	28.6624	0.720941
89 	28.2925	30.75  	28.656 	0.729867
90 	28.29  	30.8075	28.6487	0.733179
91 	28.2825	30.7975	28.6343	0.72766 
92 	28.2825	30.7625	28.6283	0.737231
93 	28.28  	30.7825	28.622 	0.745702
94 	28.265 	30.86  	28.6169	0.750266
96 	28.25  	30.8175	28.6007	0.744407
98 	28.24  	30.6825	28.593 	0.758169
103	28.23  	30.7775	28.5634	0.766079
204	28.23  	30.855 	28.5518	0.768869
End Time (hh:mm:ss.ms) 2023-07-17 08:11:45.530547
Total Time (hh:mm:ss.ms) 0:00:43.456001
Individuo: [[26, 1, 10, 17, 31, 23, 36, 6, 29, 38, 14, 30, 15, 12, 2, 33, 11, 37, 25, 20, 35, 5, 24, 18, 42, 19, 28, 3, 4, 32, 0, 27, 41, 21, 22, 34, 40, 16, 8, 13, 9, 39, 7], [0, 0, 0, 1, 1, 1, 1, 1, 0, 0, 0, 0, 1, 1, 1, 0, 1, 1, 0, 1, 0, 0, 1, 1, 1, 1, 1, 0, 0, 0, 0, 1, 1, 0, 1, 0, 0, 0, 0, 0, 0, 0, 0]]
Fitness:  28.229999999999997
Gens:  [0, 1, 2, 3, 4, 5, 6, 7, 8, 9, 10, 11, 12, 13, 14, 15, 16, 17, 18, 19, 20, 21, 22, 23, 24, 25, 26, 27, 28, 29, 30, 31, 32, 33, 34, 35, 36, 37, 38, 39, 40, 41, 42, 43, 44, 45, 46, 47, 48, 49, 50, 51, 52, 53, 54, 55, 56, 57, 58, 59, 60, 61, 62, 63, 64, 65, 66, 67, 68, 69, 70, 71, 72, 73, 74, 75, 76, 77, 78, 79, 80, 81, 82, 83, 84, 85, 86, 87, 88, 89, 90, 91, 92, 93, 94, 95, 96, 97, 98, 99, 100, 101, 102, 103, 104, 105, 106, 107, 108, 109, 110, 111, 112, 113, 114, 115, 116, 117, 118, 119, 120, 121, 122, 123, 124, 125, 126, 127, 128, 129, 130, 131, 132, 133, 134, 135, 136, 137, 138, 139, 140, 141, 142, 143, 144, 145, 146, 147, 148, 149, 150, 151, 152, 153, 154, 155, 156, 157, 158, 159, 160, 161, 162, 163, 164, 165, 166, 167, 168, 169, 170, 171, 172, 173, 174, 175, 176, 177, 178, 179, 180, 181, 182, 183, 184, 185, 186, 187, 188, 189, 190, 191, 192, 193, 194, 195, 196, 197, 198, 199, 200, 201, 202, 203, 204]
Inds:  [29.7575, 29.7575, 29.707499999999996, 29.707499999999996, 29.700000000000003, 29.639999999999997, 29.639999999999997, 29.639999999999997, 29.639999999999997, 29.5425, 29.5425, 29.5425, 29.5425, 29.5425, 29.502500000000005, 29.502500000000005, 29.502500000000005, 29.467499999999987, 29.467499999999987, 29.467499999999987, 29.467499999999987, 29.459999999999994, 29.347499999999993, 29.347499999999993, 29.347499999999993, 29.347499999999993, 29.347499999999993, 29.347499999999993, 29.347499999999993, 29.347499999999993, 29.29, 29.29, 29.274999999999995, 29.255, 29.237500000000004, 29.210000000000004, 29.204999999999995, 29.1025, 29.1025, 29.065000000000005, 29.049999999999994, 29.049999999999994, 29.049999999999994, 29.017500000000005, 29.012500000000003, 28.9875, 28.912499999999998, 28.862499999999997, 28.852499999999996, 28.852499999999996, 28.834999999999997, 28.8025, 28.775, 28.775, 28.775, 28.765, 28.729999999999997, 28.695000000000007, 28.6475, 28.634999999999994, 28.565, 28.565, 28.565, 28.565, 28.565, 28.565, 28.540000000000003, 28.525, 28.450000000000003, 28.450000000000003, 28.450000000000003, 28.450000000000003, 28.450000000000003, 28.450000000000003, 28.435000000000002, 28.419999999999998, 28.3925, 28.3925, 28.3775, 28.3775, 28.3775, 28.352499999999996, 28.352499999999996, 28.339999999999996, 28.339999999999996, 28.33, 28.305000000000003, 28.305000000000003, 28.302499999999995, 28.292499999999993, 28.289999999999996, 28.282500000000002, 28.282499999999995, 28.279999999999994, 28.264999999999997, 28.264999999999997, 28.249999999999996, 28.249999999999996, 28.239999999999995, 28.239999999999995, 28.239999999999995, 28.239999999999995, 28.239999999999995, 28.229999999999997, 28.229999999999997, 28.229999999999997, 28.229999999999997, 28.229999999999997, 28.229999999999997, 28.229999999999997, 28.229999999999997, 28.229999999999997, 28.229999999999997, 28.229999999999997, 28.229999999999997, 28.229999999999997, 28.229999999999997, 28.229999999999997, 28.229999999999997, 28.229999999999997, 28.229999999999997, 28.229999999999997, 28.229999999999997, 28.229999999999997, 28.229999999999997, 28.229999999999997, 28.229999999999997, 28.229999999999997, 28.229999999999997, 28.229999999999997, 28.229999999999997, 28.229999999999997, 28.229999999999997, 28.229999999999997, 28.229999999999997, 28.229999999999997, 28.229999999999997, 28.229999999999997, 28.229999999999997, 28.229999999999997, 28.229999999999997, 28.229999999999997, 28.229999999999997, 28.229999999999997, 28.229999999999997, 28.229999999999997, 28.229999999999997, 28.229999999999997, 28.229999999999997, 28.229999999999997, 28.229999999999997, 28.229999999999997, 28.229999999999997, 28.229999999999997, 28.229999999999997, 28.229999999999997, 28.229999999999997, 28.229999999999997, 28.229999999999997, 28.229999999999997, 28.229999999999997, 28.229999999999997, 28.229999999999997, 28.229999999999997, 28.229999999999997, 28.229999999999997, 28.229999999999997, 28.229999999999997, 28.229999999999997, 28.229999999999997, 28.229999999999997, 28.229999999999997, 28.229999999999997, 28.229999999999997, 28.229999999999997, 28.229999999999997, 28.229999999999997, 28.229999999999997, 28.229999999999997, 28.229999999999997, 28.229999999999997, 28.229999999999997, 28.229999999999997, 28.229999999999997, 28.229999999999997, 28.229999999999997, 28.229999999999997, 28.229999999999997, 28.229999999999997, 28.229999999999997, 28.229999999999997, 28.229999999999997, 28.229999999999997, 28.229999999999997, 28.229999999999997, 28.229999999999997, 28.229999999999997, 28.229999999999997, 28.229999999999997, 28.229999999999997, 28.229999999999997, 28.229999999999997, 28.229999999999997, 28.229999999999997, 28.229999999999997]

Execution 10:
Parametros: P=1000, Pe=0.3, Pm=0.15, pe=0.7, Parada=100
Start Time (hh:mm:ss.ms) 2023-07-17 08:11:46.637548
gen	min    	max    	avg    	std     
0  	29.8125	30.9975	30.3818	0.172883
2  	29.7075	30.87  	30.2263	0.175947
4  	29.445 	30.835 	30.1705	0.198504
16 	29.4375	30.7475	29.9598	0.256872
20 	29.3975	30.7225	29.8971	0.267019
24 	29.2425	30.905 	29.8435	0.285469
26 	29.18  	30.735 	29.8084	0.297886
29 	29.15  	30.7725	29.7533	0.31373 
34 	29.135 	30.7425	29.6423	0.348144
35 	29.1175	30.8575	29.6214	0.35759 
37 	29.0825	30.8775	29.5838	0.37417 
38 	28.99  	30.89  	29.5627	0.377348
41 	28.9125	30.7925	29.4919	0.395368
48 	28.8875	30.91  	29.3358	0.463099
49 	28.8025	30.8   	29.3163	0.460861
52 	28.7625	30.8325	29.2528	0.483122
54 	28.7375	30.7425	29.2108	0.506953
57 	28.6925	30.83  	29.1443	0.533656
58 	28.6875	30.7475	29.1241	0.538598
59 	28.605 	30.7675	29.1015	0.542732
62 	28.6   	30.8875	29.0389	0.560193
64 	28.555 	30.7275	28.9977	0.582066
67 	28.5125	30.7475	28.9465	0.607717
69 	28.485 	30.765 	28.9148	0.618751
71 	28.465 	30.88  	28.8886	0.6362  
72 	28.46  	30.7725	28.8786	0.645596
73 	28.4375	31.03  	28.8614	0.651289
76 	28.425 	30.8575	28.8205	0.661208
77 	28.4075	30.9325	28.8119	0.675236
79 	28.355 	30.83  	28.7801	0.66677 
83 	28.3425	30.785 	28.7432	0.689276
84 	28.3125	30.8725	28.7339	0.69721 
85 	28.31  	30.755 	28.719 	0.693518
86 	28.2975	30.7325	28.7098	0.699686
87 	28.2875	30.8   	28.6936	0.710682
88 	28.2825	30.8475	28.685 	0.722366
89 	28.2775	30.7125	28.6639	0.721721
91 	28.26  	30.83  	28.6367	0.726296
96 	28.2575	30.76  	28.5981	0.746379
197	28.2575	30.8625	28.5782	0.766686
End Time (hh:mm:ss.ms) 2023-07-17 08:12:28.296557
Total Time (hh:mm:ss.ms) 0:00:41.659009
Individuo: [[6, 17, 31, 23, 29, 38, 1, 39, 7, 9, 13, 3, 42, 25, 12, 15, 21, 5, 35, 18, 27, 2, 30, 11, 33, 24, 41, 32, 4, 8, 16, 0, 19, 28, 22, 20, 37, 34, 40, 10, 36, 14, 26], [0, 1, 1, 1, 0, 0, 0, 0, 0, 1, 1, 1, 1, 1, 0, 0, 1, 1, 1, 1, 1, 1, 1, 1, 0, 0, 0, 1, 1, 1, 0, 1, 1, 1, 0, 0, 0, 0, 0, 0, 1, 1, 1]]
Fitness:  28.257500000000004
Gens:  [0, 1, 2, 3, 4, 5, 6, 7, 8, 9, 10, 11, 12, 13, 14, 15, 16, 17, 18, 19, 20, 21, 22, 23, 24, 25, 26, 27, 28, 29, 30, 31, 32, 33, 34, 35, 36, 37, 38, 39, 40, 41, 42, 43, 44, 45, 46, 47, 48, 49, 50, 51, 52, 53, 54, 55, 56, 57, 58, 59, 60, 61, 62, 63, 64, 65, 66, 67, 68, 69, 70, 71, 72, 73, 74, 75, 76, 77, 78, 79, 80, 81, 82, 83, 84, 85, 86, 87, 88, 89, 90, 91, 92, 93, 94, 95, 96, 97, 98, 99, 100, 101, 102, 103, 104, 105, 106, 107, 108, 109, 110, 111, 112, 113, 114, 115, 116, 117, 118, 119, 120, 121, 122, 123, 124, 125, 126, 127, 128, 129, 130, 131, 132, 133, 134, 135, 136, 137, 138, 139, 140, 141, 142, 143, 144, 145, 146, 147, 148, 149, 150, 151, 152, 153, 154, 155, 156, 157, 158, 159, 160, 161, 162, 163, 164, 165, 166, 167, 168, 169, 170, 171, 172, 173, 174, 175, 176, 177, 178, 179, 180, 181, 182, 183, 184, 185, 186, 187, 188, 189, 190, 191, 192, 193, 194, 195, 196, 197]
Inds:  [29.812499999999993, 29.812499999999993, 29.7075, 29.7075, 29.445000000000007, 29.445000000000007, 29.445000000000007, 29.445000000000007, 29.445000000000007, 29.445000000000007, 29.445000000000007, 29.445000000000007, 29.445000000000007, 29.445000000000007, 29.445000000000007, 29.445000000000007, 29.437500000000004, 29.437500000000004, 29.437500000000004, 29.437500000000004, 29.3975, 29.3975, 29.3975, 29.3975, 29.242499999999996, 29.242499999999996, 29.180000000000003, 29.180000000000003, 29.180000000000003, 29.149999999999995, 29.149999999999995, 29.149999999999995, 29.149999999999995, 29.149999999999995, 29.134999999999998, 29.117500000000003, 29.117500000000003, 29.082499999999996, 28.989999999999995, 28.989999999999995, 28.989999999999995, 28.912499999999994, 28.912499999999994, 28.912499999999994, 28.912499999999994, 28.912499999999994, 28.912499999999994, 28.912499999999994, 28.887500000000003, 28.802500000000002, 28.802500000000002, 28.802500000000002, 28.7625, 28.7625, 28.737499999999997, 28.737499999999997, 28.737499999999997, 28.692500000000006, 28.6875, 28.604999999999993, 28.604999999999993, 28.604999999999993, 28.599999999999998, 28.599999999999998, 28.555000000000007, 28.555000000000007, 28.555000000000007, 28.5125, 28.5125, 28.484999999999996, 28.484999999999996, 28.465, 28.460000000000004, 28.437500000000007, 28.437500000000007, 28.437500000000007, 28.425000000000004, 28.4075, 28.4075, 28.355, 28.355, 28.355, 28.355, 28.3425, 28.312500000000007, 28.310000000000006, 28.297500000000003, 28.287500000000005, 28.282500000000006, 28.277500000000003, 28.277500000000003, 28.260000000000005, 28.260000000000005, 28.260000000000005, 28.260000000000005, 28.260000000000005, 28.257500000000004, 28.257500000000004, 28.257500000000004, 28.257500000000004, 28.257500000000004, 28.257500000000004, 28.257500000000004, 28.257500000000004, 28.257500000000004, 28.257500000000004, 28.257500000000004, 28.257500000000004, 28.257500000000004, 28.257500000000004, 28.257500000000004, 28.257500000000004, 28.257500000000004, 28.257500000000004, 28.257500000000004, 28.257500000000004, 28.257500000000004, 28.257500000000004, 28.257500000000004, 28.257500000000004, 28.257500000000004, 28.257500000000004, 28.257500000000004, 28.257500000000004, 28.257500000000004, 28.257500000000004, 28.257500000000004, 28.257500000000004, 28.257500000000004, 28.257500000000004, 28.257500000000004, 28.257500000000004, 28.257500000000004, 28.257500000000004, 28.257500000000004, 28.257500000000004, 28.257500000000004, 28.257500000000004, 28.257500000000004, 28.257500000000004, 28.257500000000004, 28.257500000000004, 28.257500000000004, 28.257500000000004, 28.257500000000004, 28.257500000000004, 28.257500000000004, 28.257500000000004, 28.257500000000004, 28.257500000000004, 28.257500000000004, 28.257500000000004, 28.257500000000004, 28.257500000000004, 28.257500000000004, 28.257500000000004, 28.257500000000004, 28.257500000000004, 28.257500000000004, 28.257500000000004, 28.257500000000004, 28.257500000000004, 28.257500000000004, 28.257500000000004, 28.257500000000004, 28.257500000000004, 28.257500000000004, 28.257500000000004, 28.257500000000004, 28.257500000000004, 28.257500000000004, 28.257500000000004, 28.257500000000004, 28.257500000000004, 28.257500000000004, 28.257500000000004, 28.257500000000004, 28.257500000000004, 28.257500000000004, 28.257500000000004, 28.257500000000004, 28.257500000000004, 28.257500000000004, 28.257500000000004, 28.257500000000004, 28.257500000000004, 28.257500000000004, 28.257500000000004, 28.257500000000004, 28.257500000000004, 28.257500000000004, 28.257500000000004, 28.257500000000004, 28.257500000000004, 28.257500000000004, 28.257500000000004, 28.257500000000004, 28.257500000000004]

