BRKGA-Heuristic:

Execution 1:
Parametros: P=1000, Pe=0.3, Pm=0.15, pe=0.7, Parada=100
Start Time (hh:mm:ss.ms) 2023-07-17 08:17:11.002490
gen	min    	max    	avg    	std     
0  	145.105	150.055	147.876	0.798398
1  	144.545	149.905	147.416	0.756304
3  	144.4  	149.745	147.034	0.862454
6  	144.145	150.095	146.703	1.02212 
10 	143.71 	150.115	146.36 	1.10276 
13 	143.695	150.05 	146.151	1.15092 
14 	143.015	149.48 	146.131	1.20636 
24 	143.015	149.465	145.466	1.33112 
26 	142.645	149.77 	145.359	1.39024 
31 	142.52 	149.655	144.938	1.53233 
32 	141.99 	149.785	144.851	1.5435  
33 	141.845	150.08 	144.731	1.60104 
36 	141.735	149.58 	144.262	1.66562 
38 	141.215	149.495	143.981	1.8156  
41 	141.12 	149.695	143.407	1.97596 
42 	140.735	150.185	143.245	2.06157 
44 	140.635	149.915	142.923	2.16006 
45 	140.025	150.11 	142.802	2.26031 
51 	139.785	149.705	142.086	2.49108 
56 	139.69 	149.68 	141.634	2.66411 
58 	139.655	149.635	141.461	2.7361  
59 	139.515	150.025	141.399	2.7697  
60 	139.48 	150.155	141.272	2.74127 
61 	139.405	149.59 	141.232	2.86126 
62 	139.365	149.39 	141.174	2.86418 
63 	139.315	149.76 	141.085	2.87653 
67 	139.295	149.965	140.895	2.99874 
77 	139.24 	149.885	140.722	3.04946 
82 	139.135	149.855	140.599	3.07894 
183	139.135	149.765	140.457	3.16132 
End Time (hh:mm:ss.ms) 2023-07-17 08:17:36.593488
Total Time (hh:mm:ss.ms) 0:00:25.590998
Individuo: [[13, 14, 20, 21, 4, 24, 6, 23, 3, 9, 10, 26, 25, 8, 5, 22, 11, 16, 1, 18, 17, 2, 7, 15, 0, 19, 27, 12], [1, 1, 0, 0, 0, 0, 0, 0, 0, 0, 0, 0, 0, 0, 0, 1, 1, 1, 1, 0, 0, 0, 0, 1, 0, 0, 0, 1]]
Fitness:  139.135
Gens:  [0, 1, 2, 3, 4, 5, 6, 7, 8, 9, 10, 11, 12, 13, 14, 15, 16, 17, 18, 19, 20, 21, 22, 23, 24, 25, 26, 27, 28, 29, 30, 31, 32, 33, 34, 35, 36, 37, 38, 39, 40, 41, 42, 43, 44, 45, 46, 47, 48, 49, 50, 51, 52, 53, 54, 55, 56, 57, 58, 59, 60, 61, 62, 63, 64, 65, 66, 67, 68, 69, 70, 71, 72, 73, 74, 75, 76, 77, 78, 79, 80, 81, 82, 83, 84, 85, 86, 87, 88, 89, 90, 91, 92, 93, 94, 95, 96, 97, 98, 99, 100, 101, 102, 103, 104, 105, 106, 107, 108, 109, 110, 111, 112, 113, 114, 115, 116, 117, 118, 119, 120, 121, 122, 123, 124, 125, 126, 127, 128, 129, 130, 131, 132, 133, 134, 135, 136, 137, 138, 139, 140, 141, 142, 143, 144, 145, 146, 147, 148, 149, 150, 151, 152, 153, 154, 155, 156, 157, 158, 159, 160, 161, 162, 163, 164, 165, 166, 167, 168, 169, 170, 171, 172, 173, 174, 175, 176, 177, 178, 179, 180, 181, 182, 183]
Inds:  [145.105, 144.545, 144.545, 144.39999999999998, 144.39999999999998, 144.39999999999998, 144.145, 144.145, 144.145, 144.145, 143.70999999999998, 143.70999999999998, 143.70999999999998, 143.695, 143.01500000000001, 143.01500000000001, 143.01500000000001, 143.01500000000001, 143.01500000000001, 143.01500000000001, 143.01500000000001, 143.01500000000001, 143.01500000000001, 143.01500000000001, 143.015, 143.015, 142.645, 142.645, 142.645, 142.645, 142.645, 142.51999999999998, 141.98999999999995, 141.84499999999997, 141.84499999999997, 141.84499999999997, 141.73499999999996, 141.73499999999996, 141.215, 141.215, 141.215, 141.12, 140.73499999999999, 140.73499999999999, 140.635, 140.025, 140.025, 140.025, 140.025, 140.025, 140.025, 139.785, 139.785, 139.785, 139.785, 139.785, 139.69, 139.69, 139.655, 139.515, 139.48, 139.40499999999997, 139.365, 139.315, 139.315, 139.315, 139.315, 139.295, 139.295, 139.295, 139.295, 139.295, 139.295, 139.295, 139.295, 139.295, 139.295, 139.23999999999998, 139.23999999999998, 139.23999999999998, 139.23999999999998, 139.23999999999998, 139.135, 139.135, 139.135, 139.135, 139.135, 139.135, 139.135, 139.135, 139.135, 139.135, 139.135, 139.135, 139.135, 139.135, 139.135, 139.135, 139.135, 139.135, 139.135, 139.135, 139.135, 139.135, 139.135, 139.135, 139.135, 139.135, 139.135, 139.135, 139.135, 139.135, 139.135, 139.135, 139.135, 139.135, 139.135, 139.135, 139.135, 139.135, 139.135, 139.135, 139.135, 139.135, 139.135, 139.135, 139.135, 139.135, 139.135, 139.135, 139.135, 139.135, 139.135, 139.135, 139.135, 139.135, 139.135, 139.135, 139.135, 139.135, 139.135, 139.135, 139.135, 139.135, 139.135, 139.135, 139.135, 139.135, 139.135, 139.135, 139.135, 139.135, 139.135, 139.135, 139.135, 139.135, 139.135, 139.135, 139.135, 139.135, 139.135, 139.135, 139.135, 139.135, 139.135, 139.135, 139.135, 139.135, 139.135, 139.135, 139.135, 139.135, 139.135, 139.135, 139.135, 139.135, 139.135, 139.135, 139.135, 139.135, 139.135, 139.135, 139.135, 139.135]

Execution 2:
Parametros: P=1000, Pe=0.3, Pm=0.15, pe=0.7, Parada=100
Start Time (hh:mm:ss.ms) 2023-07-17 08:17:37.540486
gen	min    	max   	avg    	std     
0  	145.115	150.12	147.904	0.735676
1  	144.765	149.79	147.458	0.728323
3  	144.165	149.46 	147.098	0.842366
4  	143.88 	149.595	146.99 	0.899534
12 	143.67 	149.535	146.189	1.12606 
15 	143.4  	149.725	146.021	1.20692 
16 	143.395	149.875	145.969	1.21714 
17 	142.84 	149.705	145.885	1.21827 
29 	142.55 	149.29 	145.081	1.44539 
30 	142.25 	149.93 	144.963	1.47708 
37 	141.83 	149.89 	144.451	1.6378  
42 	141.69 	149.93 	143.904	1.83967 
44 	141.53 	149.985	143.675	1.88843 
45 	141.38 	150.21 	143.562	1.93193 
47 	141.145	149.82 	143.278	1.98534 
48 	141.105	149.735	143.185	2.05255 
49 	140.955	150.075	143.084	2.10487 
51 	140.86 	149.71 	142.903	2.18569 
52 	140.75 	149.525	142.765	2.182   
54 	140.6  	149.935	142.59 	2.30202 
57 	140.56 	149.6  	142.277	2.40675 
58 	140.455	149.87 	142.23 	2.43332 
59 	140.44 	149.62 	142.129	2.42947 
60 	140.32 	149.655	142.088	2.50252 
61 	140.27 	149.775	142    	2.4894  
62 	140.225	149.32 	141.956	2.54655 
63 	140.025	149.655	141.877	2.53526 
66 	139.89 	149.48 	141.736	2.62106 
69 	139.835	150.155	141.511	2.66992 
70 	139.66 	149.88 	141.465	2.71966 
71 	139.55 	149.87 	141.402	2.75414 
172	139.55 	149.51 	140.804	2.98854 
End Time (hh:mm:ss.ms) 2023-07-17 08:18:01.622488
Total Time (hh:mm:ss.ms) 0:00:24.082002
Individuo: [[12, 27, 19, 15, 0, 4, 24, 6, 20, 8, 21, 25, 10, 26, 1, 17, 18, 16, 11, 22, 5, 9, 3, 2, 7, 23, 14, 13], [0, 1, 1, 1, 0, 0, 0, 0, 0, 0, 0, 1, 0, 0, 0, 0, 0, 0, 0, 0, 1, 1, 0, 0, 0, 0, 0, 0]]
Fitness:  139.55
Gens:  [0, 1, 2, 3, 4, 5, 6, 7, 8, 9, 10, 11, 12, 13, 14, 15, 16, 17, 18, 19, 20, 21, 22, 23, 24, 25, 26, 27, 28, 29, 30, 31, 32, 33, 34, 35, 36, 37, 38, 39, 40, 41, 42, 43, 44, 45, 46, 47, 48, 49, 50, 51, 52, 53, 54, 55, 56, 57, 58, 59, 60, 61, 62, 63, 64, 65, 66, 67, 68, 69, 70, 71, 72, 73, 74, 75, 76, 77, 78, 79, 80, 81, 82, 83, 84, 85, 86, 87, 88, 89, 90, 91, 92, 93, 94, 95, 96, 97, 98, 99, 100, 101, 102, 103, 104, 105, 106, 107, 108, 109, 110, 111, 112, 113, 114, 115, 116, 117, 118, 119, 120, 121, 122, 123, 124, 125, 126, 127, 128, 129, 130, 131, 132, 133, 134, 135, 136, 137, 138, 139, 140, 141, 142, 143, 144, 145, 146, 147, 148, 149, 150, 151, 152, 153, 154, 155, 156, 157, 158, 159, 160, 161, 162, 163, 164, 165, 166, 167, 168, 169, 170, 171, 172]
Inds:  [145.11499999999998, 144.76500000000004, 144.76500000000004, 144.16500000000002, 143.88, 143.88, 143.88, 143.88, 143.88, 143.88, 143.88, 143.88, 143.67000000000002, 143.67000000000002, 143.67000000000002, 143.4, 143.39499999999998, 142.83999999999997, 142.83999999999997, 142.83999999999997, 142.83999999999997, 142.83999999999997, 142.83999999999997, 142.83999999999997, 142.83999999999997, 142.83999999999997, 142.83999999999997, 142.83999999999997, 142.83999999999997, 142.55, 142.24999999999997, 142.24999999999997, 142.24999999999997, 142.24999999999997, 142.24999999999997, 142.24999999999997, 142.24999999999997, 141.82999999999998, 141.82999999999998, 141.82999999999998, 141.82999999999998, 141.82999999999998, 141.69, 141.69, 141.53, 141.38000000000002, 141.38000000000002, 141.145, 141.105, 140.955, 140.955, 140.85999999999999, 140.75, 140.75, 140.6, 140.6, 140.6, 140.55999999999997, 140.45499999999996, 140.44, 140.32, 140.26999999999998, 140.22500000000002, 140.025, 140.025, 140.025, 139.89, 139.89, 139.89, 139.835, 139.66, 139.55, 139.55, 139.55, 139.55, 139.55, 139.55, 139.55, 139.55, 139.55, 139.55, 139.55, 139.55, 139.55, 139.55, 139.55, 139.55, 139.55, 139.55, 139.55, 139.55, 139.55, 139.55, 139.55, 139.55, 139.55, 139.55, 139.55, 139.55, 139.55, 139.55, 139.55, 139.55, 139.55, 139.55, 139.55, 139.55, 139.55, 139.55, 139.55, 139.55, 139.55, 139.55, 139.55, 139.55, 139.55, 139.55, 139.55, 139.55, 139.55, 139.55, 139.55, 139.55, 139.55, 139.55, 139.55, 139.55, 139.55, 139.55, 139.55, 139.55, 139.55, 139.55, 139.55, 139.55, 139.55, 139.55, 139.55, 139.55, 139.55, 139.55, 139.55, 139.55, 139.55, 139.55, 139.55, 139.55, 139.55, 139.55, 139.55, 139.55, 139.55, 139.55, 139.55, 139.55, 139.55, 139.55, 139.55, 139.55, 139.55, 139.55, 139.55, 139.55, 139.55, 139.55, 139.55, 139.55, 139.55, 139.55, 139.55, 139.55, 139.55, 139.55]

Execution 3:
Parametros: P=1000, Pe=0.3, Pm=0.15, pe=0.7, Parada=100
Start Time (hh:mm:ss.ms) 2023-07-17 08:18:02.557487
gen	min   	max    	avg    	std     
0  	145.45	150.235	147.888	0.721084
1  	145.24	149.73 	147.5  	0.727866
3  	145.05	149.89 	147.088	0.804147
4  	144.725	149.805	147.007	0.890584
7  	144.01 	149.64 	146.668	0.979528
12 	143.915	150.195	146.256	1.10973 
13 	143.78 	149.565	146.181	1.1532  
14 	143.67 	149.765	146.128	1.15691 
16 	143.585	149.535	145.942	1.1937  
18 	142.895	149.48 	145.862	1.2597  
22 	142.68 	149.375	145.502	1.3405  
27 	142.645	149.76 	144.974	1.49068 
29 	142.33 	149.35 	144.767	1.53978 
31 	142.22 	149.935	144.423	1.63472 
32 	142.095	149.905	144.266	1.66569 
33 	141.96 	149.8  	144.172	1.69273 
34 	141.34 	149.665	144.062	1.77976 
39 	141.265	149.61 	143.487	2.00764 
40 	141.125	149.535	143.342	1.99615 
41 	141.055	149.515	143.195	2.05036 
42 	140.915	149.895	143.116	2.08126 
43 	140.7  	149.6  	143.003	2.12857 
44 	140.635	149.835	142.906	2.19068 
45 	140.505	149.66 	142.784	2.22371 
46 	140.335	149.61 	142.675	2.27336 
47 	140.17 	149.34 	142.533	2.29187 
48 	140.15 	149.75 	142.404	2.38819 
49 	139.785	149.735	142.248	2.42436 
50 	139.475	149.64 	142.088	2.50731 
53 	139.235	149.48 	141.52 	2.71192 
54 	139.19 	149.34 	141.327	2.77021 
55 	139.11 	150.48 	141.197	2.88641 
56 	139.08 	149.565	141.02 	2.88341 
57 	138.925	150.09 	140.898	2.95605 
61 	138.81 	149.625	140.599	3.07253 
64 	138.8  	149.47 	140.436	3.13635 
65 	138.76 	149.62 	140.398	3.1686  
68 	138.74 	149.675	140.216	3.22335 
70 	138.715	149.515	140.175	3.25377 
71 	138.675	149.535	140.156	3.23981 
72 	138.655	149.69 	140.151	3.26516 
173	138.655	149.37 	140.035	3.29781 
End Time (hh:mm:ss.ms) 2023-07-17 08:18:26.438488
Total Time (hh:mm:ss.ms) 0:00:23.881001
Individuo: [[13, 2, 3, 23, 6, 20, 8, 24, 10, 18, 1, 22, 11, 16, 17, 9, 5, 26, 25, 4, 0, 27, 19, 21, 7, 14, 15, 12], [1, 1, 1, 0, 0, 0, 0, 0, 0, 0, 1, 1, 1, 1, 0, 0, 0, 0, 0, 0, 1, 1, 1, 1, 1, 1, 1, 1]]
Fitness:  138.65500000000003
Gens:  [0, 1, 2, 3, 4, 5, 6, 7, 8, 9, 10, 11, 12, 13, 14, 15, 16, 17, 18, 19, 20, 21, 22, 23, 24, 25, 26, 27, 28, 29, 30, 31, 32, 33, 34, 35, 36, 37, 38, 39, 40, 41, 42, 43, 44, 45, 46, 47, 48, 49, 50, 51, 52, 53, 54, 55, 56, 57, 58, 59, 60, 61, 62, 63, 64, 65, 66, 67, 68, 69, 70, 71, 72, 73, 74, 75, 76, 77, 78, 79, 80, 81, 82, 83, 84, 85, 86, 87, 88, 89, 90, 91, 92, 93, 94, 95, 96, 97, 98, 99, 100, 101, 102, 103, 104, 105, 106, 107, 108, 109, 110, 111, 112, 113, 114, 115, 116, 117, 118, 119, 120, 121, 122, 123, 124, 125, 126, 127, 128, 129, 130, 131, 132, 133, 134, 135, 136, 137, 138, 139, 140, 141, 142, 143, 144, 145, 146, 147, 148, 149, 150, 151, 152, 153, 154, 155, 156, 157, 158, 159, 160, 161, 162, 163, 164, 165, 166, 167, 168, 169, 170, 171, 172, 173]
Inds:  [145.45000000000002, 145.23999999999998, 145.23999999999998, 145.05000000000004, 144.72499999999997, 144.72499999999997, 144.72499999999997, 144.01, 144.01, 144.01, 144.01, 144.01, 143.91500000000005, 143.78000000000003, 143.66999999999996, 143.66999999999996, 143.585, 143.585, 142.895, 142.895, 142.895, 142.895, 142.68, 142.68, 142.68, 142.68, 142.68, 142.645, 142.645, 142.33, 142.33, 142.22000000000003, 142.09500000000003, 141.95999999999998, 141.34000000000003, 141.34000000000003, 141.34000000000003, 141.34000000000003, 141.34000000000003, 141.265, 141.12499999999997, 141.055, 140.915, 140.70000000000002, 140.63500000000002, 140.505, 140.335, 140.17, 140.15, 139.78499999999997, 139.47500000000002, 139.47500000000002, 139.47500000000002, 139.235, 139.19, 139.11, 139.08000000000004, 138.925, 138.925, 138.925, 138.925, 138.81, 138.81, 138.81, 138.8, 138.76, 138.76, 138.76, 138.74, 138.74, 138.715, 138.675, 138.65500000000003, 138.65500000000003, 138.65500000000003, 138.65500000000003, 138.65500000000003, 138.65500000000003, 138.65500000000003, 138.65500000000003, 138.65500000000003, 138.65500000000003, 138.65500000000003, 138.65500000000003, 138.65500000000003, 138.65500000000003, 138.65500000000003, 138.65500000000003, 138.65500000000003, 138.65500000000003, 138.65500000000003, 138.65500000000003, 138.65500000000003, 138.65500000000003, 138.65500000000003, 138.65500000000003, 138.65500000000003, 138.65500000000003, 138.65500000000003, 138.65500000000003, 138.65500000000003, 138.65500000000003, 138.65500000000003, 138.65500000000003, 138.65500000000003, 138.65500000000003, 138.65500000000003, 138.65500000000003, 138.65500000000003, 138.65500000000003, 138.65500000000003, 138.65500000000003, 138.65500000000003, 138.65500000000003, 138.65500000000003, 138.65500000000003, 138.65500000000003, 138.65500000000003, 138.65500000000003, 138.65500000000003, 138.65500000000003, 138.65500000000003, 138.65500000000003, 138.65500000000003, 138.65500000000003, 138.65500000000003, 138.65500000000003, 138.65500000000003, 138.65500000000003, 138.65500000000003, 138.65500000000003, 138.65500000000003, 138.65500000000003, 138.65500000000003, 138.65500000000003, 138.65500000000003, 138.65500000000003, 138.65500000000003, 138.65500000000003, 138.65500000000003, 138.65500000000003, 138.65500000000003, 138.65500000000003, 138.65500000000003, 138.65500000000003, 138.65500000000003, 138.65500000000003, 138.65500000000003, 138.65500000000003, 138.65500000000003, 138.65500000000003, 138.65500000000003, 138.65500000000003, 138.65500000000003, 138.65500000000003, 138.65500000000003, 138.65500000000003, 138.65500000000003, 138.65500000000003, 138.65500000000003, 138.65500000000003, 138.65500000000003, 138.65500000000003, 138.65500000000003, 138.65500000000003, 138.65500000000003, 138.65500000000003, 138.65500000000003, 138.65500000000003, 138.65500000000003, 138.65500000000003, 138.65500000000003, 138.65500000000003, 138.65500000000003]

Execution 4:
Parametros: P=1000, Pe=0.3, Pm=0.15, pe=0.7, Parada=100
Start Time (hh:mm:ss.ms) 2023-07-17 08:18:27.280486
gen	min   	max   	avg    	std    
0  	144.81	150.05	147.907	0.77321
1  	144.8 	149.715	147.466	0.773986
4  	144.52	149.97 	146.901	0.931762
7  	144.035	149.69 	146.557	1.03081 
8  	143.575	149.885	146.458	1.01824 
11 	143.23 	149.52 	146.276	1.13889 
14 	143.21 	149.335	146.094	1.17816 
25 	142.69 	150.01 	145.349	1.4037  
30 	142.675	149.375	144.968	1.42    
32 	142.025	149.545	144.834	1.48558 
40 	141.915	150.085	144.09 	1.76921 
43 	141.61 	149.72 	143.805	1.80353 
45 	141.315	149.42 	143.637	1.86269 
47 	141.02 	149.715	143.506	1.9411  
53 	140.75 	149.835	143.059	2.10208 
55 	140.475	149.92 	142.979	2.15162 
60 	140.23 	149.845	142.625	2.27871 
65 	140.07 	149.935	142.188	2.44506 
67 	140.055	149.65 	141.999	2.55624 
68 	139.885	149.86 	141.876	2.57    
69 	139.82 	149.72 	141.759	2.63785 
71 	139.81 	150.155	141.579	2.68608 
72 	139.76 	149.675	141.512	2.70967 
73 	139.685	149.43 	141.454	2.72996 
75 	139.62 	149.845	141.297	2.75238 
76 	139.59 	150.17 	141.292	2.80663 
78 	139.575	149.625	141.164	2.80611 
81 	139.55 	149.805	140.955	2.92456 
84 	139.52 	149.595	140.874	2.92446 
92 	139.5  	149.565	140.852	2.93626 
98 	139.45 	149.585	140.823	3.0096  
199	139.45 	149.325	140.724	3.04656 
End Time (hh:mm:ss.ms) 2023-07-17 08:18:53.879487
Total Time (hh:mm:ss.ms) 0:00:26.599001
Individuo: [[12, 0, 27, 19, 21, 9, 17, 1, 26, 10, 25, 22, 11, 16, 18, 5, 4, 24, 6, 8, 20, 7, 2, 3, 23, 14, 15, 13], [0, 1, 1, 1, 1, 1, 1, 1, 1, 1, 1, 1, 1, 1, 1, 1, 1, 0, 0, 1, 1, 1, 1, 1, 1, 1, 1, 0]]
Fitness:  139.45000000000002
Gens:  [0, 1, 2, 3, 4, 5, 6, 7, 8, 9, 10, 11, 12, 13, 14, 15, 16, 17, 18, 19, 20, 21, 22, 23, 24, 25, 26, 27, 28, 29, 30, 31, 32, 33, 34, 35, 36, 37, 38, 39, 40, 41, 42, 43, 44, 45, 46, 47, 48, 49, 50, 51, 52, 53, 54, 55, 56, 57, 58, 59, 60, 61, 62, 63, 64, 65, 66, 67, 68, 69, 70, 71, 72, 73, 74, 75, 76, 77, 78, 79, 80, 81, 82, 83, 84, 85, 86, 87, 88, 89, 90, 91, 92, 93, 94, 95, 96, 97, 98, 99, 100, 101, 102, 103, 104, 105, 106, 107, 108, 109, 110, 111, 112, 113, 114, 115, 116, 117, 118, 119, 120, 121, 122, 123, 124, 125, 126, 127, 128, 129, 130, 131, 132, 133, 134, 135, 136, 137, 138, 139, 140, 141, 142, 143, 144, 145, 146, 147, 148, 149, 150, 151, 152, 153, 154, 155, 156, 157, 158, 159, 160, 161, 162, 163, 164, 165, 166, 167, 168, 169, 170, 171, 172, 173, 174, 175, 176, 177, 178, 179, 180, 181, 182, 183, 184, 185, 186, 187, 188, 189, 190, 191, 192, 193, 194, 195, 196, 197, 198, 199]
Inds:  [144.81000000000003, 144.79999999999998, 144.79999999999998, 144.79999999999998, 144.52, 144.52, 144.52, 144.035, 143.57500000000002, 143.57500000000002, 143.57500000000002, 143.23, 143.23, 143.23, 143.21, 143.21, 143.21, 143.21, 143.21, 143.21, 143.21, 143.21, 143.21, 143.21, 143.21, 142.69, 142.69, 142.69, 142.69, 142.69, 142.675, 142.675, 142.025, 142.025, 142.025, 142.025, 142.025, 142.025, 142.025, 142.025, 141.915, 141.915, 141.915, 141.61, 141.61, 141.315, 141.315, 141.02, 141.02, 141.02, 141.02, 141.02, 141.02, 140.75000000000003, 140.75000000000003, 140.47500000000002, 140.47500000000002, 140.47500000000002, 140.47500000000002, 140.47500000000002, 140.23000000000002, 140.23000000000002, 140.23000000000002, 140.23000000000002, 140.23000000000002, 140.07, 140.07, 140.05500000000004, 139.885, 139.82, 139.82, 139.81000000000003, 139.76000000000002, 139.685, 139.685, 139.62000000000003, 139.59000000000003, 139.59000000000003, 139.57500000000002, 139.57500000000002, 139.57500000000002, 139.55, 139.55, 139.55, 139.52000000000004, 139.52000000000004, 139.52000000000004, 139.52000000000004, 139.52000000000004, 139.52000000000004, 139.52000000000004, 139.52000000000004, 139.50000000000003, 139.50000000000003, 139.50000000000003, 139.50000000000003, 139.50000000000003, 139.50000000000003, 139.45000000000002, 139.45000000000002, 139.45000000000002, 139.45000000000002, 139.45000000000002, 139.45000000000002, 139.45000000000002, 139.45000000000002, 139.45000000000002, 139.45000000000002, 139.45000000000002, 139.45000000000002, 139.45000000000002, 139.45000000000002, 139.45000000000002, 139.45000000000002, 139.45000000000002, 139.45000000000002, 139.45000000000002, 139.45000000000002, 139.45000000000002, 139.45000000000002, 139.45000000000002, 139.45000000000002, 139.45000000000002, 139.45000000000002, 139.45000000000002, 139.45000000000002, 139.45000000000002, 139.45000000000002, 139.45000000000002, 139.45000000000002, 139.45000000000002, 139.45000000000002, 139.45000000000002, 139.45000000000002, 139.45000000000002, 139.45000000000002, 139.45000000000002, 139.45000000000002, 139.45000000000002, 139.45000000000002, 139.45000000000002, 139.45000000000002, 139.45000000000002, 139.45000000000002, 139.45000000000002, 139.45000000000002, 139.45000000000002, 139.45000000000002, 139.45000000000002, 139.45000000000002, 139.45000000000002, 139.45000000000002, 139.45000000000002, 139.45000000000002, 139.45000000000002, 139.45000000000002, 139.45000000000002, 139.45000000000002, 139.45000000000002, 139.45000000000002, 139.45000000000002, 139.45000000000002, 139.45000000000002, 139.45000000000002, 139.45000000000002, 139.45000000000002, 139.45000000000002, 139.45000000000002, 139.45000000000002, 139.45000000000002, 139.45000000000002, 139.45000000000002, 139.45000000000002, 139.45000000000002, 139.45000000000002, 139.45000000000002, 139.45000000000002, 139.45000000000002, 139.45000000000002, 139.45000000000002, 139.45000000000002, 139.45000000000002, 139.45000000000002, 139.45000000000002, 139.45000000000002, 139.45000000000002, 139.45000000000002, 139.45000000000002, 139.45000000000002, 139.45000000000002, 139.45000000000002, 139.45000000000002, 139.45000000000002, 139.45000000000002, 139.45000000000002, 139.45000000000002, 139.45000000000002, 139.45000000000002, 139.45000000000002, 139.45000000000002]

Execution 5:
Parametros: P=1000, Pe=0.3, Pm=0.15, pe=0.7, Parada=100
Start Time (hh:mm:ss.ms) 2023-07-17 08:18:54.741236
gen	min   	max   	avg    	std     
0  	145.07	149.83	147.911	0.758145
2  	144.645	149.965	147.222	0.820223
6  	144.53 	150.005	146.709	0.964341
7  	144.27 	149.97 	146.634	1.01163 
8  	144.165	149.43 	146.528	1.01759 
9  	144.045	149.435	146.467	1.01713 
12 	143.645	149.815	146.29 	1.10358 
21 	143.41 	150.005	145.781	1.25471 
23 	143.1  	149.915	145.678	1.29335 
26 	143.025	149.715	145.435	1.33922 
28 	142.49 	150.115	145.269	1.38508 
33 	142.37 	149.89 	144.722	1.57343 
35 	142.17 	149.845	144.444	1.63781 
36 	141.61 	149.82 	144.299	1.67146 
40 	141.585	150.09 	143.781	1.81754 
41 	141.395	149.86 	143.653	1.87825 
42 	141.16 	149.695	143.518	1.92435 
43 	140.98 	149.84 	143.389	1.97104 
45 	140.815	149.58 	143.146	2.1132  
48 	140.75 	149.67 	142.714	2.22493 
49 	140.495	149.965	142.557	2.25551 
50 	140.455	149.475	142.441	2.32011 
51 	140.44 	149.645	142.325	2.34746 
53 	140.15 	149.715	142.124	2.51085 
55 	139.935	149.77 	141.96 	2.50747 
56 	139.835	149.565	141.911	2.58916 
60 	139.76 	149.54 	141.581	2.67613 
61 	139.71 	149.645	141.486	2.65797 
62 	139.435	149.61 	141.441	2.73538 
63 	139.345	149.86 	141.376	2.74617 
64 	139.28 	149.69 	141.315	2.81212 
65 	139.185	149.88 	141.256	2.8297  
69 	139.09 	149.665	140.981	2.95036 
71 	139.075	149.525	140.785	3.01031 
72 	138.805	150.075	140.704	3.04209 
76 	138.755	149.605	140.467	3.0992  
177	138.755	149.92 	140.117	3.25175 
End Time (hh:mm:ss.ms) 2023-07-17 08:19:19.727852
Total Time (hh:mm:ss.ms) 0:00:24.986616
Individuo: [[13, 14, 20, 6, 24, 4, 25, 1, 18, 5, 9, 3, 23, 7, 2, 17, 16, 11, 22, 26, 10, 8, 19, 27, 0, 21, 15, 12], [1, 1, 1, 1, 1, 1, 1, 0, 1, 1, 1, 1, 1, 1, 1, 1, 0, 0, 0, 1, 1, 1, 0, 0, 0, 0, 1, 1]]
Fitness:  138.755
Gens:  [0, 1, 2, 3, 4, 5, 6, 7, 8, 9, 10, 11, 12, 13, 14, 15, 16, 17, 18, 19, 20, 21, 22, 23, 24, 25, 26, 27, 28, 29, 30, 31, 32, 33, 34, 35, 36, 37, 38, 39, 40, 41, 42, 43, 44, 45, 46, 47, 48, 49, 50, 51, 52, 53, 54, 55, 56, 57, 58, 59, 60, 61, 62, 63, 64, 65, 66, 67, 68, 69, 70, 71, 72, 73, 74, 75, 76, 77, 78, 79, 80, 81, 82, 83, 84, 85, 86, 87, 88, 89, 90, 91, 92, 93, 94, 95, 96, 97, 98, 99, 100, 101, 102, 103, 104, 105, 106, 107, 108, 109, 110, 111, 112, 113, 114, 115, 116, 117, 118, 119, 120, 121, 122, 123, 124, 125, 126, 127, 128, 129, 130, 131, 132, 133, 134, 135, 136, 137, 138, 139, 140, 141, 142, 143, 144, 145, 146, 147, 148, 149, 150, 151, 152, 153, 154, 155, 156, 157, 158, 159, 160, 161, 162, 163, 164, 165, 166, 167, 168, 169, 170, 171, 172, 173, 174, 175, 176, 177]
Inds:  [145.07000000000002, 145.07000000000002, 144.645, 144.645, 144.645, 144.645, 144.52999999999997, 144.27000000000004, 144.16500000000008, 144.045, 144.045, 144.045, 143.645, 143.645, 143.645, 143.645, 143.645, 143.645, 143.645, 143.645, 143.645, 143.41, 143.41, 143.10000000000002, 143.10000000000002, 143.10000000000002, 143.025, 143.025, 142.49, 142.49, 142.49, 142.49, 142.49, 142.37, 142.37, 142.17, 141.60999999999999, 141.60999999999999, 141.60999999999999, 141.60999999999999, 141.58499999999998, 141.39499999999998, 141.16, 140.98000000000002, 140.98000000000002, 140.815, 140.815, 140.815, 140.75, 140.495, 140.455, 140.44, 140.44, 140.14999999999998, 140.14999999999998, 139.935, 139.835, 139.835, 139.835, 139.835, 139.76, 139.70999999999998, 139.435, 139.345, 139.27999999999997, 139.185, 139.185, 139.185, 139.185, 139.09, 139.09, 139.075, 138.805, 138.805, 138.805, 138.805, 138.755, 138.755, 138.755, 138.755, 138.755, 138.755, 138.755, 138.755, 138.755, 138.755, 138.755, 138.755, 138.755, 138.755, 138.755, 138.755, 138.755, 138.755, 138.755, 138.755, 138.755, 138.755, 138.755, 138.755, 138.755, 138.755, 138.755, 138.755, 138.755, 138.755, 138.755, 138.755, 138.755, 138.755, 138.755, 138.755, 138.755, 138.755, 138.755, 138.755, 138.755, 138.755, 138.755, 138.755, 138.755, 138.755, 138.755, 138.755, 138.755, 138.755, 138.755, 138.755, 138.755, 138.755, 138.755, 138.755, 138.755, 138.755, 138.755, 138.755, 138.755, 138.755, 138.755, 138.755, 138.755, 138.755, 138.755, 138.755, 138.755, 138.755, 138.755, 138.755, 138.755, 138.755, 138.755, 138.755, 138.755, 138.755, 138.755, 138.755, 138.755, 138.755, 138.755, 138.755, 138.755, 138.755, 138.755, 138.755, 138.755, 138.755, 138.755, 138.755, 138.755, 138.755, 138.755, 138.755, 138.755, 138.755, 138.755, 138.755, 138.755, 138.755]

Execution 6:
Parametros: P=1000, Pe=0.3, Pm=0.15, pe=0.7, Parada=100
Start Time (hh:mm:ss.ms) 2023-07-17 08:19:20.659851
gen	min   	max   	avg    	std     
0  	145.16	150.09	147.866	0.775504
2  	145.045	149.835	147.202	0.805293
3  	144.97 	149.675	147.022	0.846018
4  	144.645	149.685	146.929	0.902472
6  	144.425	150.035	146.729	0.95528 
7  	144.365	150.325	146.658	0.990404
8  	143.62 	150.015	146.602	1.04368 
11 	143.59 	149.565	146.384	1.0564  
12 	143.58 	149.92 	146.326	1.12796 
14 	143.495	149.64 	146.217	1.14263 
22 	143.005	149.465	145.782	1.28736 
27 	142.795	149.46 	145.485	1.36897 
31 	142.775	149.67 	145.053	1.5029  
32 	142.555	149.775	144.859	1.53185 
33 	142.285	149.73 	144.636	1.58225 
34 	142.205	149.515	144.422	1.62144 
36 	141.685	149.23 	144.022	1.74049 
38 	141.665	149.695	143.702	1.83359 
40 	141.48 	149.955	143.436	1.9266  
41 	141.32 	149.405	143.306	1.94272 
42 	141.24 	150.29 	143.213	2.04857 
43 	141.005	149.735	143.105	2.09063 
44 	140.97 	149.68 	142.988	2.1259  
46 	140.825	149.61 	142.76 	2.21534 
48 	140.66 	149.57 	142.542	2.26681 
49 	140.455	149.245	142.428	2.32093 
51 	140.42 	149.6  	142.224	2.39442 
52 	140.355	149.56 	142.139	2.4829  
53 	140.14 	149.82 	142.033	2.53006 
55 	140.12 	149.71 	141.803	2.59797 
56 	139.98 	149.91 	141.717	2.67382 
57 	139.945	149.305	141.611	2.68235 
58 	139.93 	150    	141.517	2.70732 
59 	139.9  	149.695	141.447	2.74118 
60 	139.8  	149.94 	141.36 	2.75511 
62 	139.655	149.445	141.245	2.80756 
66 	139.57 	149.86 	141.145	2.90533 
68 	139.35 	149.72 	141.052	2.9167  
70 	139.255	149.87 	141.006	2.90649 
72 	139.155	149.59 	140.924	2.92247 
173	139.155	149.625	140.469	3.13474 
End Time (hh:mm:ss.ms) 2023-07-17 08:19:45.021335
Total Time (hh:mm:ss.ms) 0:00:24.361484
Individuo: [[12, 27, 19, 21, 4, 24, 6, 20, 25, 1, 16, 11, 22, 26, 18, 17, 9, 10, 5, 8, 0, 2, 3, 23, 7, 14, 15, 13], [0, 1, 1, 1, 0, 0, 0, 0, 1, 0, 0, 0, 0, 1, 0, 0, 0, 0, 1, 1, 1, 1, 1, 1, 1, 1, 1, 0]]
Fitness:  139.15500000000003
Gens:  [0, 1, 2, 3, 4, 5, 6, 7, 8, 9, 10, 11, 12, 13, 14, 15, 16, 17, 18, 19, 20, 21, 22, 23, 24, 25, 26, 27, 28, 29, 30, 31, 32, 33, 34, 35, 36, 37, 38, 39, 40, 41, 42, 43, 44, 45, 46, 47, 48, 49, 50, 51, 52, 53, 54, 55, 56, 57, 58, 59, 60, 61, 62, 63, 64, 65, 66, 67, 68, 69, 70, 71, 72, 73, 74, 75, 76, 77, 78, 79, 80, 81, 82, 83, 84, 85, 86, 87, 88, 89, 90, 91, 92, 93, 94, 95, 96, 97, 98, 99, 100, 101, 102, 103, 104, 105, 106, 107, 108, 109, 110, 111, 112, 113, 114, 115, 116, 117, 118, 119, 120, 121, 122, 123, 124, 125, 126, 127, 128, 129, 130, 131, 132, 133, 134, 135, 136, 137, 138, 139, 140, 141, 142, 143, 144, 145, 146, 147, 148, 149, 150, 151, 152, 153, 154, 155, 156, 157, 158, 159, 160, 161, 162, 163, 164, 165, 166, 167, 168, 169, 170, 171, 172, 173]
Inds:  [145.16, 145.16, 145.04500000000002, 144.97000000000003, 144.645, 144.645, 144.425, 144.36499999999998, 143.62000000000003, 143.62000000000003, 143.62000000000003, 143.59, 143.58, 143.58, 143.495, 143.495, 143.495, 143.495, 143.495, 143.495, 143.495, 143.495, 143.005, 143.005, 143.005, 143.005, 143.005, 142.79500000000004, 142.79500000000004, 142.79500000000004, 142.79500000000004, 142.77500000000003, 142.55500000000004, 142.285, 142.205, 142.205, 141.685, 141.685, 141.66500000000002, 141.66500000000002, 141.48000000000002, 141.32, 141.24, 141.00499999999997, 140.97, 140.97, 140.825, 140.825, 140.66, 140.455, 140.455, 140.42000000000002, 140.35500000000002, 140.14000000000004, 140.14000000000004, 140.12, 139.98000000000002, 139.945, 139.93, 139.90000000000003, 139.8, 139.8, 139.65500000000003, 139.65500000000003, 139.65500000000003, 139.65500000000003, 139.57000000000002, 139.57000000000002, 139.35000000000002, 139.35000000000002, 139.25500000000002, 139.25500000000002, 139.15500000000003, 139.15500000000003, 139.15500000000003, 139.15500000000003, 139.15500000000003, 139.15500000000003, 139.15500000000003, 139.15500000000003, 139.15500000000003, 139.15500000000003, 139.15500000000003, 139.15500000000003, 139.15500000000003, 139.15500000000003, 139.15500000000003, 139.15500000000003, 139.15500000000003, 139.15500000000003, 139.15500000000003, 139.15500000000003, 139.15500000000003, 139.15500000000003, 139.15500000000003, 139.15500000000003, 139.15500000000003, 139.15500000000003, 139.15500000000003, 139.15500000000003, 139.15500000000003, 139.15500000000003, 139.15500000000003, 139.15500000000003, 139.15500000000003, 139.15500000000003, 139.15500000000003, 139.15500000000003, 139.15500000000003, 139.15500000000003, 139.15500000000003, 139.15500000000003, 139.15500000000003, 139.15500000000003, 139.15500000000003, 139.15500000000003, 139.15500000000003, 139.15500000000003, 139.15500000000003, 139.15500000000003, 139.15500000000003, 139.15500000000003, 139.15500000000003, 139.15500000000003, 139.15500000000003, 139.15500000000003, 139.15500000000003, 139.15500000000003, 139.15500000000003, 139.15500000000003, 139.15500000000003, 139.15500000000003, 139.15500000000003, 139.15500000000003, 139.15500000000003, 139.15500000000003, 139.15500000000003, 139.15500000000003, 139.15500000000003, 139.15500000000003, 139.15500000000003, 139.15500000000003, 139.15500000000003, 139.15500000000003, 139.15500000000003, 139.15500000000003, 139.15500000000003, 139.15500000000003, 139.15500000000003, 139.15500000000003, 139.15500000000003, 139.15500000000003, 139.15500000000003, 139.15500000000003, 139.15500000000003, 139.15500000000003, 139.15500000000003, 139.15500000000003, 139.15500000000003, 139.15500000000003, 139.15500000000003, 139.15500000000003, 139.15500000000003, 139.15500000000003, 139.15500000000003, 139.15500000000003, 139.15500000000003, 139.15500000000003, 139.15500000000003, 139.15500000000003, 139.15500000000003, 139.15500000000003, 139.15500000000003, 139.15500000000003]

Execution 7:
Parametros: P=1000, Pe=0.3, Pm=0.15, pe=0.7, Parada=100
Start Time (hh:mm:ss.ms) 2023-07-17 08:19:45.903364
gen	min    	max   	avg    	std     
0  	145.655	149.85	147.877	0.745613
1  	144.92 	150.07	147.436	0.777871
3  	144.725	149.625	147.093	0.851943
5  	144.415	149.53 	146.878	0.945751
8  	144.275	149.72 	146.593	1.00868 
10 	143.785	149.955	146.445	1.06039 
18 	143.615	149.56 	145.955	1.21975 
21 	143.59 	150.12 	145.737	1.26123 
22 	143.235	149.245	145.656	1.27043 
23 	143.015	149.595	145.604	1.29773 
24 	142.865	149.675	145.535	1.32151 
28 	142.835	149.85 	145.256	1.46955 
30 	142.805	149.83 	145.02 	1.48836 
31 	142.12 	149.335	144.901	1.50505 
35 	142.115	149.415	144.523	1.59051 
36 	141.895	149.835	144.42 	1.65811 
39 	141.755	149.63 	144.069	1.72627 
40 	141.625	149.375	143.92 	1.75821 
41 	141.59 	149.36 	143.782	1.82207 
42 	140.95 	150.235	143.666	1.89929 
46 	140.835	149.5  	143.07 	2.13022 
47 	140.495	149.47 	142.899	2.21091 
48 	140.325	149.25 	142.748	2.20568 
53 	140.2  	149.66 	142.171	2.46377 
55 	140.1  	149.46 	141.991	2.51256 
56 	139.94 	149.765	141.902	2.55679 
58 	139.86 	149.525	141.747	2.64258 
59 	139.835	149.655	141.667	2.68111 
60 	139.775	149.375	141.574	2.70235 
61 	139.735	149.79 	141.475	2.71341 
62 	139.46 	149.66 	141.385	2.74041 
65 	139.425	149.345	141.219	2.86546 
69 	139.35 	149.55 	141.012	2.89908 
70 	139.185	150.18 	140.988	2.94617 
73 	139.16 	149.86 	140.792	2.97618 
74 	139.135	149.62 	140.733	3.0479  
175	139.135	149.775	140.458	3.164   
End Time (hh:mm:ss.ms) 2023-07-17 08:20:09.245976
Total Time (hh:mm:ss.ms) 0:00:23.342612
Individuo: [[12, 15, 14, 7, 23, 20, 6, 3, 9, 21, 19, 27, 0, 8, 24, 5, 22, 26, 10, 4, 25, 1, 18, 11, 16, 17, 2, 13], [0, 0, 0, 0, 0, 1, 1, 0, 0, 0, 0, 0, 0, 0, 0, 0, 0, 1, 1, 1, 1, 0, 1, 1, 1, 0, 0, 0]]
Fitness:  139.135
Gens:  [0, 1, 2, 3, 4, 5, 6, 7, 8, 9, 10, 11, 12, 13, 14, 15, 16, 17, 18, 19, 20, 21, 22, 23, 24, 25, 26, 27, 28, 29, 30, 31, 32, 33, 34, 35, 36, 37, 38, 39, 40, 41, 42, 43, 44, 45, 46, 47, 48, 49, 50, 51, 52, 53, 54, 55, 56, 57, 58, 59, 60, 61, 62, 63, 64, 65, 66, 67, 68, 69, 70, 71, 72, 73, 74, 75, 76, 77, 78, 79, 80, 81, 82, 83, 84, 85, 86, 87, 88, 89, 90, 91, 92, 93, 94, 95, 96, 97, 98, 99, 100, 101, 102, 103, 104, 105, 106, 107, 108, 109, 110, 111, 112, 113, 114, 115, 116, 117, 118, 119, 120, 121, 122, 123, 124, 125, 126, 127, 128, 129, 130, 131, 132, 133, 134, 135, 136, 137, 138, 139, 140, 141, 142, 143, 144, 145, 146, 147, 148, 149, 150, 151, 152, 153, 154, 155, 156, 157, 158, 159, 160, 161, 162, 163, 164, 165, 166, 167, 168, 169, 170, 171, 172, 173, 174, 175]
Inds:  [145.655, 144.92000000000002, 144.92000000000002, 144.725, 144.725, 144.41500000000002, 144.41500000000002, 144.41500000000002, 144.27500000000003, 144.27500000000003, 143.785, 143.785, 143.785, 143.785, 143.785, 143.785, 143.785, 143.785, 143.61499999999998, 143.61499999999998, 143.61499999999998, 143.59, 143.235, 143.01500000000004, 142.865, 142.865, 142.865, 142.865, 142.83499999999998, 142.83499999999998, 142.80499999999998, 142.12, 142.12, 142.12, 142.12, 142.11499999999998, 141.895, 141.895, 141.895, 141.755, 141.625, 141.59, 140.95000000000002, 140.95000000000002, 140.95000000000002, 140.95000000000002, 140.835, 140.495, 140.32500000000002, 140.32500000000002, 140.32500000000002, 140.32500000000002, 140.32500000000002, 140.20000000000002, 140.20000000000002, 140.1, 139.94, 139.94, 139.86, 139.835, 139.775, 139.735, 139.46, 139.46, 139.46, 139.425, 139.425, 139.425, 139.425, 139.35, 139.185, 139.185, 139.185, 139.16, 139.135, 139.135, 139.135, 139.135, 139.135, 139.135, 139.135, 139.135, 139.135, 139.135, 139.135, 139.135, 139.135, 139.135, 139.135, 139.135, 139.135, 139.135, 139.135, 139.135, 139.135, 139.135, 139.135, 139.135, 139.135, 139.135, 139.135, 139.135, 139.135, 139.135, 139.135, 139.135, 139.135, 139.135, 139.135, 139.135, 139.135, 139.135, 139.135, 139.135, 139.135, 139.135, 139.135, 139.135, 139.135, 139.135, 139.135, 139.135, 139.135, 139.135, 139.135, 139.135, 139.135, 139.135, 139.135, 139.135, 139.135, 139.135, 139.135, 139.135, 139.135, 139.135, 139.135, 139.135, 139.135, 139.135, 139.135, 139.135, 139.135, 139.135, 139.135, 139.135, 139.135, 139.135, 139.135, 139.135, 139.135, 139.135, 139.135, 139.135, 139.135, 139.135, 139.135, 139.135, 139.135, 139.135, 139.135, 139.135, 139.135, 139.135, 139.135, 139.135, 139.135, 139.135, 139.135, 139.135, 139.135, 139.135, 139.135, 139.135, 139.135, 139.135]

Execution 8:
Parametros: P=1000, Pe=0.3, Pm=0.15, pe=0.7, Parada=100
Start Time (hh:mm:ss.ms) 2023-07-17 08:20:10.137972
gen	min    	max    	avg    	std    
0  	145.045	149.915	147.855	0.75634
3  	144.945	149.85 	147.105	0.815236
5  	144.415	149.72 	146.868	0.91395 
8  	144.1  	149.685	146.561	1.01371 
12 	143.605	149.605	146.297	1.07982 
14 	143.45 	149.71 	146.177	1.15365 
17 	143.36 	149.27 	145.921	1.15528 
20 	143.115	149.545	145.791	1.25843 
22 	143.04 	150.215	145.644	1.30033 
28 	142.695	149.515	145.173	1.41194 
29 	142.685	150.05 	145.079	1.45317 
30 	142.54 	149.585	144.988	1.49085 
32 	142.4  	149.73 	144.8  	1.53756 
33 	142.135	149.65 	144.625	1.54696 
36 	141.99 	150.06 	144.229	1.74748 
37 	141.965	149.66 	144.013	1.7855  
38 	141.4  	149.525	143.811	1.83776 
39 	141.365	149.675	143.64 	1.88574 
40 	141.28 	149.785	143.421	1.93904 
41 	141.155	149.515	143.275	2.01573 
42 	141.135	149.465	143.148	2.07242 
43 	140.895	149.885	142.988	2.06971 
44 	140.74 	150.09 	142.871	2.18223 
45 	140.635	149.955	142.721	2.19314 
46 	140.475	149.81 	142.622	2.33554 
47 	140.45 	149.65 	142.463	2.34644 
48 	140.26 	149.585	142.335	2.36596 
49 	140.19 	150.115	142.213	2.39088 
50 	139.89 	150.015	142.118	2.45733 
54 	139.88 	149.465	141.645	2.62678 
55 	139.865	149.92 	141.54 	2.68221 
56 	139.785	149.97 	141.446	2.70989 
57 	139.76 	149.61 	141.365	2.73196 
58 	139.69 	149.485	141.307	2.78043 
63 	139.675	149.655	141.072	2.87761 
66 	139.67 	149.695	141.028	2.86266 
67 	139.6  	149.66 	141.018	2.90251 
168	139.6  	149.865	140.836	2.95906 
End Time (hh:mm:ss.ms) 2023-07-17 08:20:32.682975
Total Time (hh:mm:ss.ms) 0:00:22.545003
Individuo: [[13, 14, 15, 27, 19, 4, 10, 25, 21, 8, 24, 1, 26, 5, 6, 7, 2, 9, 16, 11, 22, 18, 17, 3, 23, 20, 0, 12], [1, 1, 1, 1, 1, 0, 0, 0, 1, 0, 0, 1, 1, 1, 0, 1, 1, 0, 0, 0, 0, 0, 0, 1, 1, 0, 1, 1]]
Fitness:  139.6
Gens:  [0, 1, 2, 3, 4, 5, 6, 7, 8, 9, 10, 11, 12, 13, 14, 15, 16, 17, 18, 19, 20, 21, 22, 23, 24, 25, 26, 27, 28, 29, 30, 31, 32, 33, 34, 35, 36, 37, 38, 39, 40, 41, 42, 43, 44, 45, 46, 47, 48, 49, 50, 51, 52, 53, 54, 55, 56, 57, 58, 59, 60, 61, 62, 63, 64, 65, 66, 67, 68, 69, 70, 71, 72, 73, 74, 75, 76, 77, 78, 79, 80, 81, 82, 83, 84, 85, 86, 87, 88, 89, 90, 91, 92, 93, 94, 95, 96, 97, 98, 99, 100, 101, 102, 103, 104, 105, 106, 107, 108, 109, 110, 111, 112, 113, 114, 115, 116, 117, 118, 119, 120, 121, 122, 123, 124, 125, 126, 127, 128, 129, 130, 131, 132, 133, 134, 135, 136, 137, 138, 139, 140, 141, 142, 143, 144, 145, 146, 147, 148, 149, 150, 151, 152, 153, 154, 155, 156, 157, 158, 159, 160, 161, 162, 163, 164, 165, 166, 167, 168]
Inds:  [145.04500000000007, 145.04500000000007, 145.04500000000007, 144.945, 144.945, 144.41499999999996, 144.41499999999996, 144.41499999999996, 144.1, 144.1, 144.1, 144.1, 143.605, 143.605, 143.45000000000005, 143.45000000000005, 143.45000000000005, 143.35999999999999, 143.35999999999999, 143.35999999999999, 143.115, 143.115, 143.04, 143.04, 143.04, 143.04, 143.04, 143.04, 142.695, 142.685, 142.54, 142.54, 142.4, 142.135, 142.135, 142.135, 141.99, 141.96499999999997, 141.4, 141.365, 141.28, 141.155, 141.135, 140.895, 140.73999999999998, 140.635, 140.475, 140.45000000000002, 140.26, 140.19, 139.89000000000001, 139.89000000000001, 139.89000000000001, 139.89000000000001, 139.88, 139.865, 139.785, 139.76, 139.69, 139.69, 139.69, 139.69, 139.69, 139.675, 139.675, 139.675, 139.67, 139.6, 139.6, 139.6, 139.6, 139.6, 139.6, 139.6, 139.6, 139.6, 139.6, 139.6, 139.6, 139.6, 139.6, 139.6, 139.6, 139.6, 139.6, 139.6, 139.6, 139.6, 139.6, 139.6, 139.6, 139.6, 139.6, 139.6, 139.6, 139.6, 139.6, 139.6, 139.6, 139.6, 139.6, 139.6, 139.6, 139.6, 139.6, 139.6, 139.6, 139.6, 139.6, 139.6, 139.6, 139.6, 139.6, 139.6, 139.6, 139.6, 139.6, 139.6, 139.6, 139.6, 139.6, 139.6, 139.6, 139.6, 139.6, 139.6, 139.6, 139.6, 139.6, 139.6, 139.6, 139.6, 139.6, 139.6, 139.6, 139.6, 139.6, 139.6, 139.6, 139.6, 139.6, 139.6, 139.6, 139.6, 139.6, 139.6, 139.6, 139.6, 139.6, 139.6, 139.6, 139.6, 139.6, 139.6, 139.6, 139.6, 139.6, 139.6, 139.6, 139.6, 139.6, 139.6, 139.6, 139.6, 139.6, 139.6, 139.6, 139.6, 139.6]

Execution 9:
Parametros: P=1000, Pe=0.3, Pm=0.15, pe=0.7, Parada=100
Start Time (hh:mm:ss.ms) 2023-07-17 08:20:33.643972
gen	min   	max   	avg    	std     
0  	145.18	149.93	147.911	0.754092
1  	145.095	149.575	147.416	0.740329
3  	144.95 	149.41 	146.977	0.814624
4  	144.905	149.66 	146.919	0.903799
5  	144.865	149.41 	146.783	0.881434
6  	144.635	149.75 	146.699	0.971579
10 	144.445	149.695	146.446	1.04827 
12 	144.165	150.165	146.303	1.10958 
13 	143.88 	149.75 	146.284	1.14842 
15 	143.62 	149.785	146.151	1.14565 
20 	143.45 	149.91 	145.87 	1.24336 
23 	143.22 	149.63 	145.701	1.28381 
27 	143.145	149.86 	145.354	1.35179 
28 	142.78 	149.66 	145.283	1.39742 
30 	142.305	149.615	145.048	1.45024 
34 	141.875	150.485	144.489	1.58916 
39 	141.785	149.615	143.941	1.81928 
40 	141.525	149.35 	143.853	1.84345 
41 	141.36 	149.44 	143.706	1.8418  
42 	141.3  	149.835	143.598	1.8981  
44 	141.24 	149.73 	143.388	2.00511 
46 	140.96 	150.02 	143.188	2.12579 
47 	140.9  	149.885	143.042	2.11005 
48 	140.785	149.66 	142.925	2.15469 
50 	140.685	149.55 	142.741	2.2224  
52 	140.635	150.29 	142.54 	2.30847 
53 	140.22 	149.795	142.421	2.33058 
55 	139.77 	149.69 	142.209	2.445   
60 	139.635	149.91 	141.617	2.68313 
61 	139.545	149.675	141.528	2.71857 
62 	139.46 	149.485	141.444	2.76773 
63 	139.235	149.59 	141.351	2.74806 
64 	139.23 	149.84 	141.283	2.78815 
68 	139.185	149.355	140.964	2.9393  
69 	139.17 	149.73 	140.868	2.99098 
70 	139.045	149.675	140.804	3.04527 
72 	139.005	149.79 	140.688	3.05504 
73 	138.995	149.89 	140.646	3.05638 
75 	138.905	149.4  	140.568	3.06883 
176	138.905	149.605	140.259	3.206   
End Time (hh:mm:ss.ms) 2023-07-17 08:20:56.965954
Total Time (hh:mm:ss.ms) 0:00:23.321982
Individuo: [[13, 7, 6, 24, 0, 15, 14, 2, 9, 10, 5, 25, 22, 11, 16, 1, 26, 18, 17, 3, 23, 20, 4, 8, 21, 19, 27, 12], [1, 0, 1, 1, 1, 0, 0, 1, 0, 0, 1, 1, 1, 1, 1, 1, 1, 0, 0, 1, 1, 0, 0, 1, 0, 0, 0, 1]]
Fitness:  138.905
Gens:  [0, 1, 2, 3, 4, 5, 6, 7, 8, 9, 10, 11, 12, 13, 14, 15, 16, 17, 18, 19, 20, 21, 22, 23, 24, 25, 26, 27, 28, 29, 30, 31, 32, 33, 34, 35, 36, 37, 38, 39, 40, 41, 42, 43, 44, 45, 46, 47, 48, 49, 50, 51, 52, 53, 54, 55, 56, 57, 58, 59, 60, 61, 62, 63, 64, 65, 66, 67, 68, 69, 70, 71, 72, 73, 74, 75, 76, 77, 78, 79, 80, 81, 82, 83, 84, 85, 86, 87, 88, 89, 90, 91, 92, 93, 94, 95, 96, 97, 98, 99, 100, 101, 102, 103, 104, 105, 106, 107, 108, 109, 110, 111, 112, 113, 114, 115, 116, 117, 118, 119, 120, 121, 122, 123, 124, 125, 126, 127, 128, 129, 130, 131, 132, 133, 134, 135, 136, 137, 138, 139, 140, 141, 142, 143, 144, 145, 146, 147, 148, 149, 150, 151, 152, 153, 154, 155, 156, 157, 158, 159, 160, 161, 162, 163, 164, 165, 166, 167, 168, 169, 170, 171, 172, 173, 174, 175, 176]
Inds:  [145.18, 145.09500000000003, 145.09500000000003, 144.95, 144.90500000000003, 144.865, 144.635, 144.635, 144.635, 144.635, 144.445, 144.445, 144.165, 143.88000000000002, 143.88000000000002, 143.62, 143.62, 143.62, 143.62, 143.62, 143.45, 143.45, 143.45, 143.22, 143.22, 143.22, 143.22, 143.14499999999998, 142.78, 142.78, 142.305, 142.305, 142.305, 142.305, 141.87500000000003, 141.87500000000003, 141.87500000000003, 141.87500000000003, 141.87500000000003, 141.78500000000003, 141.525, 141.36, 141.3, 141.3, 141.24, 141.24, 140.95999999999998, 140.89999999999998, 140.78500000000003, 140.78500000000003, 140.685, 140.685, 140.63500000000002, 140.22, 140.22, 139.76999999999998, 139.76999999999998, 139.76999999999998, 139.76999999999998, 139.76999999999998, 139.635, 139.545, 139.45999999999998, 139.23499999999999, 139.22999999999996, 139.22999999999996, 139.22999999999996, 139.22999999999996, 139.185, 139.17, 139.04500000000002, 139.04500000000002, 139.005, 138.995, 138.995, 138.905, 138.905, 138.905, 138.905, 138.905, 138.905, 138.905, 138.905, 138.905, 138.905, 138.905, 138.905, 138.905, 138.905, 138.905, 138.905, 138.905, 138.905, 138.905, 138.905, 138.905, 138.905, 138.905, 138.905, 138.905, 138.905, 138.905, 138.905, 138.905, 138.905, 138.905, 138.905, 138.905, 138.905, 138.905, 138.905, 138.905, 138.905, 138.905, 138.905, 138.905, 138.905, 138.905, 138.905, 138.905, 138.905, 138.905, 138.905, 138.905, 138.905, 138.905, 138.905, 138.905, 138.905, 138.905, 138.905, 138.905, 138.905, 138.905, 138.905, 138.905, 138.905, 138.905, 138.905, 138.905, 138.905, 138.905, 138.905, 138.905, 138.905, 138.905, 138.905, 138.905, 138.905, 138.905, 138.905, 138.905, 138.905, 138.905, 138.905, 138.905, 138.905, 138.905, 138.905, 138.905, 138.905, 138.905, 138.905, 138.905, 138.905, 138.905, 138.905, 138.905, 138.905, 138.905, 138.905, 138.905, 138.905, 138.905, 138.905, 138.905, 138.905]

Execution 10:
Parametros: P=1000, Pe=0.3, Pm=0.15, pe=0.7, Parada=100
Start Time (hh:mm:ss.ms) 2023-07-17 08:20:57.966746
gen	min   	max    	avg    	std     
0  	145.03	150.135	147.936	0.795199
3  	144.52	149.86 	147.073	0.82537 
8  	144.395	150.125	146.577	0.976152
9  	144.275	150.2  	146.514	1.01768 
10 	143.81 	149.91 	146.434	1.02997 
12 	143.74 	149.495	146.328	1.11566 
19 	143.39 	149.865	145.909	1.25686 
21 	143.22 	149.58 	145.812	1.24677 
24 	143.18 	149.455	145.679	1.28249 
28 	143.175	149.56 	145.603	1.34619 
29 	142.67 	149.38 	145.522	1.37973 
39 	142.35 	150.055	144.939	1.54126 
44 	142.06 	149.53 	144.548	1.60841 
47 	141.5  	149.615	144.359	1.68774 
51 	141.4  	149.85 	143.997	1.79672 
56 	140.91 	150.16 	143.511	1.95788 
61 	140.275	150.055	143.111	2.10049 
67 	140.26 	149.475	142.419	2.38089 
68 	140.075	149.355	142.269	2.44497 
71 	140.035	149.86 	141.896	2.54786 
72 	140.01 	150.38 	141.812	2.59477 
73 	139.83 	150.005	141.735	2.637   
74 	139.765	149.845	141.664	2.626   
75 	139.5  	149.99 	141.615	2.70866 
77 	139.415	149.335	141.44 	2.71827 
80 	139.34 	149.47 	141.211	2.80657 
82 	139.125	149.66 	141.064	2.84757 
85 	138.95 	149.435	140.867	2.96094 
90 	138.93 	149.945	140.556	3.14799 
92 	138.84 	149.875	140.471	3.16257 
193	138.84 	149.55 	140.206	3.23558 
End Time (hh:mm:ss.ms) 2023-07-17 08:21:24.431790
Total Time (hh:mm:ss.ms) 0:00:26.465044
Individuo: [[13, 7, 23, 3, 17, 1, 26, 10, 5, 18, 16, 11, 22, 25, 21, 4, 24, 6, 20, 14, 2, 9, 0, 27, 19, 8, 15, 12], [1, 0, 0, 0, 1, 1, 1, 1, 0, 0, 0, 0, 0, 0, 1, 0, 0, 0, 0, 0, 1, 0, 1, 1, 1, 1, 1, 1]]
Fitness:  138.84
Gens:  [0, 1, 2, 3, 4, 5, 6, 7, 8, 9, 10, 11, 12, 13, 14, 15, 16, 17, 18, 19, 20, 21, 22, 23, 24, 25, 26, 27, 28, 29, 30, 31, 32, 33, 34, 35, 36, 37, 38, 39, 40, 41, 42, 43, 44, 45, 46, 47, 48, 49, 50, 51, 52, 53, 54, 55, 56, 57, 58, 59, 60, 61, 62, 63, 64, 65, 66, 67, 68, 69, 70, 71, 72, 73, 74, 75, 76, 77, 78, 79, 80, 81, 82, 83, 84, 85, 86, 87, 88, 89, 90, 91, 92, 93, 94, 95, 96, 97, 98, 99, 100, 101, 102, 103, 104, 105, 106, 107, 108, 109, 110, 111, 112, 113, 114, 115, 116, 117, 118, 119, 120, 121, 122, 123, 124, 125, 126, 127, 128, 129, 130, 131, 132, 133, 134, 135, 136, 137, 138, 139, 140, 141, 142, 143, 144, 145, 146, 147, 148, 149, 150, 151, 152, 153, 154, 155, 156, 157, 158, 159, 160, 161, 162, 163, 164, 165, 166, 167, 168, 169, 170, 171, 172, 173, 174, 175, 176, 177, 178, 179, 180, 181, 182, 183, 184, 185, 186, 187, 188, 189, 190, 191, 192, 193]
Inds:  [145.03000000000003, 145.03000000000003, 145.03000000000003, 144.52000000000004, 144.52000000000004, 144.52000000000004, 144.52000000000004, 144.52000000000004, 144.39500000000004, 144.27500000000003, 143.81, 143.81, 143.74, 143.74, 143.74, 143.74, 143.74, 143.74, 143.74, 143.39000000000004, 143.39000000000004, 143.21999999999997, 143.21999999999997, 143.21999999999997, 143.18000000000004, 143.18000000000004, 143.18000000000004, 143.18000000000004, 143.17499999999998, 142.67, 142.67, 142.67, 142.67, 142.67, 142.67, 142.67, 142.67, 142.67, 142.67, 142.35000000000005, 142.35000000000005, 142.35000000000005, 142.35000000000005, 142.35000000000005, 142.06, 142.06, 142.06, 141.5, 141.5, 141.5, 141.5, 141.4, 141.4, 141.4, 141.4, 141.4, 140.91, 140.91, 140.91, 140.91, 140.91, 140.27499999999998, 140.27499999999998, 140.27499999999998, 140.27499999999998, 140.27499999999998, 140.27499999999998, 140.26, 140.07500000000002, 140.07500000000002, 140.07500000000002, 140.035, 140.01000000000002, 139.82999999999998, 139.765, 139.5, 139.5, 139.41500000000002, 139.41500000000002, 139.41500000000002, 139.34, 139.34, 139.125, 139.125, 139.125, 138.95000000000002, 138.95000000000002, 138.95000000000002, 138.95000000000002, 138.95000000000002, 138.93, 138.93, 138.84, 138.84, 138.84, 138.84, 138.84, 138.84, 138.84, 138.84, 138.84, 138.84, 138.84, 138.84, 138.84, 138.84, 138.84, 138.84, 138.84, 138.84, 138.84, 138.84, 138.84, 138.84, 138.84, 138.84, 138.84, 138.84, 138.84, 138.84, 138.84, 138.84, 138.84, 138.84, 138.84, 138.84, 138.84, 138.84, 138.84, 138.84, 138.84, 138.84, 138.84, 138.84, 138.84, 138.84, 138.84, 138.84, 138.84, 138.84, 138.84, 138.84, 138.84, 138.84, 138.84, 138.84, 138.84, 138.84, 138.84, 138.84, 138.84, 138.84, 138.84, 138.84, 138.84, 138.84, 138.84, 138.84, 138.84, 138.84, 138.84, 138.84, 138.84, 138.84, 138.84, 138.84, 138.84, 138.84, 138.84, 138.84, 138.84, 138.84, 138.84, 138.84, 138.84, 138.84, 138.84, 138.84, 138.84, 138.84, 138.84, 138.84, 138.84, 138.84, 138.84, 138.84, 138.84, 138.84, 138.84, 138.84, 138.84, 138.84, 138.84, 138.84]

