BRKGA-Heuristic:

Execution 1:
Parametros: P=1000, Pe=0.3, Pm=0.15, pe=0.7, Parada=100
Start Time (hh:mm:ss.ms) 2023-07-17 08:04:54.743770
gen	min   	max  	avg    	std     
0  	36.675	38.75	37.9783	0.298645
3  	36.425	38.675	37.605 	0.371839
8  	36.25 	38.625	37.3418	0.470715
14 	36.05 	38.625	36.9928	0.551953
115	36.05 	38.55 	36.4165	0.710829
End Time (hh:mm:ss.ms) 2023-07-17 08:05:00.702330
Total Time (hh:mm:ss.ms) 0:00:05.958560
Individuo: [[7, 1, 2, 3, 5, 6, 0, 4], [1, 1, 1, 0, 0, 0, 0, 1]]
Fitness:  36.05
Gens:  [0, 1, 2, 3, 4, 5, 6, 7, 8, 9, 10, 11, 12, 13, 14, 15, 16, 17, 18, 19, 20, 21, 22, 23, 24, 25, 26, 27, 28, 29, 30, 31, 32, 33, 34, 35, 36, 37, 38, 39, 40, 41, 42, 43, 44, 45, 46, 47, 48, 49, 50, 51, 52, 53, 54, 55, 56, 57, 58, 59, 60, 61, 62, 63, 64, 65, 66, 67, 68, 69, 70, 71, 72, 73, 74, 75, 76, 77, 78, 79, 80, 81, 82, 83, 84, 85, 86, 87, 88, 89, 90, 91, 92, 93, 94, 95, 96, 97, 98, 99, 100, 101, 102, 103, 104, 105, 106, 107, 108, 109, 110, 111, 112, 113, 114, 115]
Inds:  [36.675, 36.675, 36.675, 36.425, 36.425, 36.425, 36.425, 36.425, 36.25, 36.25, 36.25, 36.25, 36.25, 36.25, 36.05, 36.05, 36.05, 36.05, 36.05, 36.05, 36.05, 36.05, 36.05, 36.05, 36.05, 36.05, 36.05, 36.05, 36.05, 36.05, 36.05, 36.05, 36.05, 36.05, 36.05, 36.05, 36.05, 36.05, 36.05, 36.05, 36.05, 36.05, 36.05, 36.05, 36.05, 36.05, 36.05, 36.05, 36.05, 36.05, 36.05, 36.05, 36.05, 36.05, 36.05, 36.05, 36.05, 36.05, 36.05, 36.05, 36.05, 36.05, 36.05, 36.05, 36.05, 36.05, 36.05, 36.05, 36.05, 36.05, 36.05, 36.05, 36.05, 36.05, 36.05, 36.05, 36.05, 36.05, 36.05, 36.05, 36.05, 36.05, 36.05, 36.05, 36.05, 36.05, 36.05, 36.05, 36.05, 36.05, 36.05, 36.05, 36.05, 36.05, 36.05, 36.05, 36.05, 36.05, 36.05, 36.05, 36.05, 36.05, 36.05, 36.05, 36.05, 36.05, 36.05, 36.05, 36.05, 36.05, 36.05, 36.05, 36.05, 36.05, 36.05, 36.05]

Execution 2:
Parametros: P=1000, Pe=0.3, Pm=0.15, pe=0.7, Parada=100
Start Time (hh:mm:ss.ms) 2023-07-17 08:05:01.448333
gen	min   	max   	avg    	std     
0  	36.925	38.675	37.9745	0.307368
1  	36.7  	38.6  	37.7778	0.312798
2  	36.425	38.525	37.663 	0.344234
5  	36.4  	38.775	37.4891	0.419388
8  	36.3  	38.675	37.3625	0.466579
12 	36.05 	38.65 	37.1583	0.546603
113	36.05 	38.625	36.5476	0.739367
End Time (hh:mm:ss.ms) 2023-07-17 08:05:07.370482
Total Time (hh:mm:ss.ms) 0:00:05.922149
Individuo: [[4, 3, 5, 6, 0, 2, 1, 7], [0, 0, 0, 0, 0, 0, 0, 0]]
Fitness:  36.05
Gens:  [0, 1, 2, 3, 4, 5, 6, 7, 8, 9, 10, 11, 12, 13, 14, 15, 16, 17, 18, 19, 20, 21, 22, 23, 24, 25, 26, 27, 28, 29, 30, 31, 32, 33, 34, 35, 36, 37, 38, 39, 40, 41, 42, 43, 44, 45, 46, 47, 48, 49, 50, 51, 52, 53, 54, 55, 56, 57, 58, 59, 60, 61, 62, 63, 64, 65, 66, 67, 68, 69, 70, 71, 72, 73, 74, 75, 76, 77, 78, 79, 80, 81, 82, 83, 84, 85, 86, 87, 88, 89, 90, 91, 92, 93, 94, 95, 96, 97, 98, 99, 100, 101, 102, 103, 104, 105, 106, 107, 108, 109, 110, 111, 112, 113]
Inds:  [36.925, 36.7, 36.425, 36.425, 36.425, 36.4, 36.4, 36.4, 36.3, 36.3, 36.3, 36.3, 36.05, 36.05, 36.05, 36.05, 36.05, 36.05, 36.05, 36.05, 36.05, 36.05, 36.05, 36.05, 36.05, 36.05, 36.05, 36.05, 36.05, 36.05, 36.05, 36.05, 36.05, 36.05, 36.05, 36.05, 36.05, 36.05, 36.05, 36.05, 36.05, 36.05, 36.05, 36.05, 36.05, 36.05, 36.05, 36.05, 36.05, 36.05, 36.05, 36.05, 36.05, 36.05, 36.05, 36.05, 36.05, 36.05, 36.05, 36.05, 36.05, 36.05, 36.05, 36.05, 36.05, 36.05, 36.05, 36.05, 36.05, 36.05, 36.05, 36.05, 36.05, 36.05, 36.05, 36.05, 36.05, 36.05, 36.05, 36.05, 36.05, 36.05, 36.05, 36.05, 36.05, 36.05, 36.05, 36.05, 36.05, 36.05, 36.05, 36.05, 36.05, 36.05, 36.05, 36.05, 36.05, 36.05, 36.05, 36.05, 36.05, 36.05, 36.05, 36.05, 36.05, 36.05, 36.05, 36.05, 36.05, 36.05, 36.05, 36.05, 36.05, 36.05]

Execution 3:
Parametros: P=1000, Pe=0.3, Pm=0.15, pe=0.7, Parada=100
Start Time (hh:mm:ss.ms) 2023-07-17 08:05:08.031773
gen	min 	max   	avg    	std     
0  	36.7	38.675	37.9594	0.309936
3  	36.55	38.6  	37.63  	0.359068
4  	36.525	38.675	37.5804	0.385287
8  	36.4  	38.625	37.366 	0.458254
10 	36.275	38.625	37.254 	0.498288
11 	36.05 	38.65 	37.1822	0.50767 
112	36.05 	38.6  	36.4289	0.704758
End Time (hh:mm:ss.ms) 2023-07-17 08:05:14.435993
Total Time (hh:mm:ss.ms) 0:00:06.404220
Individuo: [[7, 1, 2, 0, 6, 5, 3, 4], [1, 1, 1, 1, 1, 1, 1, 1]]
Fitness:  36.05
Gens:  [0, 1, 2, 3, 4, 5, 6, 7, 8, 9, 10, 11, 12, 13, 14, 15, 16, 17, 18, 19, 20, 21, 22, 23, 24, 25, 26, 27, 28, 29, 30, 31, 32, 33, 34, 35, 36, 37, 38, 39, 40, 41, 42, 43, 44, 45, 46, 47, 48, 49, 50, 51, 52, 53, 54, 55, 56, 57, 58, 59, 60, 61, 62, 63, 64, 65, 66, 67, 68, 69, 70, 71, 72, 73, 74, 75, 76, 77, 78, 79, 80, 81, 82, 83, 84, 85, 86, 87, 88, 89, 90, 91, 92, 93, 94, 95, 96, 97, 98, 99, 100, 101, 102, 103, 104, 105, 106, 107, 108, 109, 110, 111, 112]
Inds:  [36.699999999999996, 36.699999999999996, 36.699999999999996, 36.55, 36.525, 36.525, 36.525, 36.525, 36.4, 36.4, 36.275, 36.05, 36.05, 36.05, 36.05, 36.05, 36.05, 36.05, 36.05, 36.05, 36.05, 36.05, 36.05, 36.05, 36.05, 36.05, 36.05, 36.05, 36.05, 36.05, 36.05, 36.05, 36.05, 36.05, 36.05, 36.05, 36.05, 36.05, 36.05, 36.05, 36.05, 36.05, 36.05, 36.05, 36.05, 36.05, 36.05, 36.05, 36.05, 36.05, 36.05, 36.05, 36.05, 36.05, 36.05, 36.05, 36.05, 36.05, 36.05, 36.05, 36.05, 36.05, 36.05, 36.05, 36.05, 36.05, 36.05, 36.05, 36.05, 36.05, 36.05, 36.05, 36.05, 36.05, 36.05, 36.05, 36.05, 36.05, 36.05, 36.05, 36.05, 36.05, 36.05, 36.05, 36.05, 36.05, 36.05, 36.05, 36.05, 36.05, 36.05, 36.05, 36.05, 36.05, 36.05, 36.05, 36.05, 36.05, 36.05, 36.05, 36.05, 36.05, 36.05, 36.05, 36.05, 36.05, 36.05, 36.05, 36.05, 36.05, 36.05, 36.05, 36.05]

Execution 4:
Parametros: P=1000, Pe=0.3, Pm=0.15, pe=0.7, Parada=100
Start Time (hh:mm:ss.ms) 2023-07-17 08:05:15.196436
gen	min   	max  	avg    	std     
0  	36.925	38.65	37.9661	0.302943
1  	36.675	38.775	37.7759	0.304719
2  	36.525	38.625	37.6828	0.345088
3  	36.5  	38.6  	37.616 	0.365132
7  	36.3  	38.775	37.4011	0.453199
8  	36.25 	38.75 	37.3415	0.46568 
15 	36.05 	38.675	36.987 	0.58857 
116	36.05 	38.775	36.4489	0.691922
End Time (hh:mm:ss.ms) 2023-07-17 08:05:22.379438
Total Time (hh:mm:ss.ms) 0:00:07.183002
Individuo: [[4, 3, 5, 6, 0, 2, 1, 7], [0, 0, 0, 0, 0, 0, 0, 0]]
Fitness:  36.05
Gens:  [0, 1, 2, 3, 4, 5, 6, 7, 8, 9, 10, 11, 12, 13, 14, 15, 16, 17, 18, 19, 20, 21, 22, 23, 24, 25, 26, 27, 28, 29, 30, 31, 32, 33, 34, 35, 36, 37, 38, 39, 40, 41, 42, 43, 44, 45, 46, 47, 48, 49, 50, 51, 52, 53, 54, 55, 56, 57, 58, 59, 60, 61, 62, 63, 64, 65, 66, 67, 68, 69, 70, 71, 72, 73, 74, 75, 76, 77, 78, 79, 80, 81, 82, 83, 84, 85, 86, 87, 88, 89, 90, 91, 92, 93, 94, 95, 96, 97, 98, 99, 100, 101, 102, 103, 104, 105, 106, 107, 108, 109, 110, 111, 112, 113, 114, 115, 116]
Inds:  [36.925, 36.675, 36.525, 36.5, 36.5, 36.5, 36.5, 36.3, 36.25, 36.25, 36.25, 36.25, 36.25, 36.25, 36.25, 36.05, 36.05, 36.05, 36.05, 36.05, 36.05, 36.05, 36.05, 36.05, 36.05, 36.05, 36.05, 36.05, 36.05, 36.05, 36.05, 36.05, 36.05, 36.05, 36.05, 36.05, 36.05, 36.05, 36.05, 36.05, 36.05, 36.05, 36.05, 36.05, 36.05, 36.05, 36.05, 36.05, 36.05, 36.05, 36.05, 36.05, 36.05, 36.05, 36.05, 36.05, 36.05, 36.05, 36.05, 36.05, 36.05, 36.05, 36.05, 36.05, 36.05, 36.05, 36.05, 36.05, 36.05, 36.05, 36.05, 36.05, 36.05, 36.05, 36.05, 36.05, 36.05, 36.05, 36.05, 36.05, 36.05, 36.05, 36.05, 36.05, 36.05, 36.05, 36.05, 36.05, 36.05, 36.05, 36.05, 36.05, 36.05, 36.05, 36.05, 36.05, 36.05, 36.05, 36.05, 36.05, 36.05, 36.05, 36.05, 36.05, 36.05, 36.05, 36.05, 36.05, 36.05, 36.05, 36.05, 36.05, 36.05, 36.05, 36.05, 36.05, 36.05]

Execution 5:
Parametros: P=1000, Pe=0.3, Pm=0.15, pe=0.7, Parada=100
Start Time (hh:mm:ss.ms) 2023-07-17 08:05:23.081437
gen	min   	max   	avg    	std     
0  	36.675	38.675	37.9572	0.316085
2  	36.65 	38.675	37.6583	0.358983
3  	36.525	38.775	37.5687	0.370709
5  	36.4  	38.525	37.4443	0.415402
6  	36.3  	38.625	37.4012	0.436357
12 	36.275	38.65 	36.9783	0.546291
13 	36.25 	38.55 	36.8914	0.53699 
16 	36.05 	38.625	36.7887	0.603178
117	36.05 	38.525	36.4212	0.687804
End Time (hh:mm:ss.ms) 2023-07-17 08:05:30.074439
Total Time (hh:mm:ss.ms) 0:00:06.993002
Individuo: [[4, 3, 5, 6, 0, 2, 1, 7], [0, 0, 0, 0, 0, 0, 0, 0]]
Fitness:  36.05
Gens:  [0, 1, 2, 3, 4, 5, 6, 7, 8, 9, 10, 11, 12, 13, 14, 15, 16, 17, 18, 19, 20, 21, 22, 23, 24, 25, 26, 27, 28, 29, 30, 31, 32, 33, 34, 35, 36, 37, 38, 39, 40, 41, 42, 43, 44, 45, 46, 47, 48, 49, 50, 51, 52, 53, 54, 55, 56, 57, 58, 59, 60, 61, 62, 63, 64, 65, 66, 67, 68, 69, 70, 71, 72, 73, 74, 75, 76, 77, 78, 79, 80, 81, 82, 83, 84, 85, 86, 87, 88, 89, 90, 91, 92, 93, 94, 95, 96, 97, 98, 99, 100, 101, 102, 103, 104, 105, 106, 107, 108, 109, 110, 111, 112, 113, 114, 115, 116, 117]
Inds:  [36.675, 36.675, 36.65, 36.525, 36.525, 36.4, 36.3, 36.3, 36.3, 36.3, 36.3, 36.3, 36.275, 36.25, 36.25, 36.25, 36.05, 36.05, 36.05, 36.05, 36.05, 36.05, 36.05, 36.05, 36.05, 36.05, 36.05, 36.05, 36.05, 36.05, 36.05, 36.05, 36.05, 36.05, 36.05, 36.05, 36.05, 36.05, 36.05, 36.05, 36.05, 36.05, 36.05, 36.05, 36.05, 36.05, 36.05, 36.05, 36.05, 36.05, 36.05, 36.05, 36.05, 36.05, 36.05, 36.05, 36.05, 36.05, 36.05, 36.05, 36.05, 36.05, 36.05, 36.05, 36.05, 36.05, 36.05, 36.05, 36.05, 36.05, 36.05, 36.05, 36.05, 36.05, 36.05, 36.05, 36.05, 36.05, 36.05, 36.05, 36.05, 36.05, 36.05, 36.05, 36.05, 36.05, 36.05, 36.05, 36.05, 36.05, 36.05, 36.05, 36.05, 36.05, 36.05, 36.05, 36.05, 36.05, 36.05, 36.05, 36.05, 36.05, 36.05, 36.05, 36.05, 36.05, 36.05, 36.05, 36.05, 36.05, 36.05, 36.05, 36.05, 36.05, 36.05, 36.05, 36.05, 36.05]

Execution 6:
Parametros: P=1000, Pe=0.3, Pm=0.15, pe=0.7, Parada=100
Start Time (hh:mm:ss.ms) 2023-07-17 08:05:30.841438
gen	min 	max   	avg    	std     
0  	36.7	38.775	37.9863	0.307577
4  	36.525	38.775	37.5148	0.385342
6  	36.25 	38.525	37.4049	0.429483
11 	36.05 	38.75 	37.0108	0.555657
112	36.05 	38.675	36.3906	0.687558
End Time (hh:mm:ss.ms) 2023-07-17 08:05:37.476845
Total Time (hh:mm:ss.ms) 0:00:06.635407
Individuo: [[4, 3, 5, 6, 0, 2, 1, 7], [0, 0, 0, 0, 0, 0, 0, 0]]
Fitness:  36.05
Gens:  [0, 1, 2, 3, 4, 5, 6, 7, 8, 9, 10, 11, 12, 13, 14, 15, 16, 17, 18, 19, 20, 21, 22, 23, 24, 25, 26, 27, 28, 29, 30, 31, 32, 33, 34, 35, 36, 37, 38, 39, 40, 41, 42, 43, 44, 45, 46, 47, 48, 49, 50, 51, 52, 53, 54, 55, 56, 57, 58, 59, 60, 61, 62, 63, 64, 65, 66, 67, 68, 69, 70, 71, 72, 73, 74, 75, 76, 77, 78, 79, 80, 81, 82, 83, 84, 85, 86, 87, 88, 89, 90, 91, 92, 93, 94, 95, 96, 97, 98, 99, 100, 101, 102, 103, 104, 105, 106, 107, 108, 109, 110, 111, 112]
Inds:  [36.7, 36.7, 36.7, 36.7, 36.525, 36.525, 36.25, 36.25, 36.25, 36.25, 36.25, 36.05, 36.05, 36.05, 36.05, 36.05, 36.05, 36.05, 36.05, 36.05, 36.05, 36.05, 36.05, 36.05, 36.05, 36.05, 36.05, 36.05, 36.05, 36.05, 36.05, 36.05, 36.05, 36.05, 36.05, 36.05, 36.05, 36.05, 36.05, 36.05, 36.05, 36.05, 36.05, 36.05, 36.05, 36.05, 36.05, 36.05, 36.05, 36.05, 36.05, 36.05, 36.05, 36.05, 36.05, 36.05, 36.05, 36.05, 36.05, 36.05, 36.05, 36.05, 36.05, 36.05, 36.05, 36.05, 36.05, 36.05, 36.05, 36.05, 36.05, 36.05, 36.05, 36.05, 36.05, 36.05, 36.05, 36.05, 36.05, 36.05, 36.05, 36.05, 36.05, 36.05, 36.05, 36.05, 36.05, 36.05, 36.05, 36.05, 36.05, 36.05, 36.05, 36.05, 36.05, 36.05, 36.05, 36.05, 36.05, 36.05, 36.05, 36.05, 36.05, 36.05, 36.05, 36.05, 36.05, 36.05, 36.05, 36.05, 36.05, 36.05, 36.05]

Execution 7:
Parametros: P=1000, Pe=0.3, Pm=0.15, pe=0.7, Parada=100
Start Time (hh:mm:ss.ms) 2023-07-17 08:05:38.168846
gen	min 	max   	avg    	std     
0  	36.4	38.775	37.9719	0.308303
8  	36.05	38.55 	37.3511	0.455749
109	36.05	38.625	36.3781	0.696712
End Time (hh:mm:ss.ms) 2023-07-17 08:05:45.024849
Total Time (hh:mm:ss.ms) 0:00:06.856003
Individuo: [[7, 1, 2, 0, 6, 5, 3, 4], [1, 1, 1, 1, 1, 1, 1, 1]]
Fitness:  36.05
Gens:  [0, 1, 2, 3, 4, 5, 6, 7, 8, 9, 10, 11, 12, 13, 14, 15, 16, 17, 18, 19, 20, 21, 22, 23, 24, 25, 26, 27, 28, 29, 30, 31, 32, 33, 34, 35, 36, 37, 38, 39, 40, 41, 42, 43, 44, 45, 46, 47, 48, 49, 50, 51, 52, 53, 54, 55, 56, 57, 58, 59, 60, 61, 62, 63, 64, 65, 66, 67, 68, 69, 70, 71, 72, 73, 74, 75, 76, 77, 78, 79, 80, 81, 82, 83, 84, 85, 86, 87, 88, 89, 90, 91, 92, 93, 94, 95, 96, 97, 98, 99, 100, 101, 102, 103, 104, 105, 106, 107, 108, 109]
Inds:  [36.4, 36.4, 36.4, 36.4, 36.4, 36.4, 36.4, 36.4, 36.05, 36.05, 36.05, 36.05, 36.05, 36.05, 36.05, 36.05, 36.05, 36.05, 36.05, 36.05, 36.05, 36.05, 36.05, 36.05, 36.05, 36.05, 36.05, 36.05, 36.05, 36.05, 36.05, 36.05, 36.05, 36.05, 36.05, 36.05, 36.05, 36.05, 36.05, 36.05, 36.05, 36.05, 36.05, 36.05, 36.05, 36.05, 36.05, 36.05, 36.05, 36.05, 36.05, 36.05, 36.05, 36.05, 36.05, 36.05, 36.05, 36.05, 36.05, 36.05, 36.05, 36.05, 36.05, 36.05, 36.05, 36.05, 36.05, 36.05, 36.05, 36.05, 36.05, 36.05, 36.05, 36.05, 36.05, 36.05, 36.05, 36.05, 36.05, 36.05, 36.05, 36.05, 36.05, 36.05, 36.05, 36.05, 36.05, 36.05, 36.05, 36.05, 36.05, 36.05, 36.05, 36.05, 36.05, 36.05, 36.05, 36.05, 36.05, 36.05, 36.05, 36.05, 36.05, 36.05, 36.05, 36.05, 36.05, 36.05, 36.05, 36.05]

Execution 8:
Parametros: P=1000, Pe=0.3, Pm=0.15, pe=0.7, Parada=100
Start Time (hh:mm:ss.ms) 2023-07-17 08:05:45.843849
gen	min  	max  	avg    	std     
0  	36.65	38.75	37.9811	0.315514
3  	36.525	38.75 	37.6056	0.349008
4  	36.3  	38.625	37.5397	0.38501 
8  	36.25 	38.6  	37.315 	0.475541
9  	36.05 	38.625	37.2503	0.502755
110	36.05 	38.75 	36.4755	0.742059
End Time (hh:mm:ss.ms) 2023-07-17 08:05:53.093848
Total Time (hh:mm:ss.ms) 0:00:07.249999
Individuo: [[4, 0, 6, 5, 3, 2, 1, 7], [0, 1, 1, 1, 1, 0, 0, 0]]
Fitness:  36.05
Gens:  [0, 1, 2, 3, 4, 5, 6, 7, 8, 9, 10, 11, 12, 13, 14, 15, 16, 17, 18, 19, 20, 21, 22, 23, 24, 25, 26, 27, 28, 29, 30, 31, 32, 33, 34, 35, 36, 37, 38, 39, 40, 41, 42, 43, 44, 45, 46, 47, 48, 49, 50, 51, 52, 53, 54, 55, 56, 57, 58, 59, 60, 61, 62, 63, 64, 65, 66, 67, 68, 69, 70, 71, 72, 73, 74, 75, 76, 77, 78, 79, 80, 81, 82, 83, 84, 85, 86, 87, 88, 89, 90, 91, 92, 93, 94, 95, 96, 97, 98, 99, 100, 101, 102, 103, 104, 105, 106, 107, 108, 109, 110]
Inds:  [36.65, 36.65, 36.65, 36.525, 36.3, 36.3, 36.3, 36.3, 36.25, 36.05, 36.05, 36.05, 36.05, 36.05, 36.05, 36.05, 36.05, 36.05, 36.05, 36.05, 36.05, 36.05, 36.05, 36.05, 36.05, 36.05, 36.05, 36.05, 36.05, 36.05, 36.05, 36.05, 36.05, 36.05, 36.05, 36.05, 36.05, 36.05, 36.05, 36.05, 36.05, 36.05, 36.05, 36.05, 36.05, 36.05, 36.05, 36.05, 36.05, 36.05, 36.05, 36.05, 36.05, 36.05, 36.05, 36.05, 36.05, 36.05, 36.05, 36.05, 36.05, 36.05, 36.05, 36.05, 36.05, 36.05, 36.05, 36.05, 36.05, 36.05, 36.05, 36.05, 36.05, 36.05, 36.05, 36.05, 36.05, 36.05, 36.05, 36.05, 36.05, 36.05, 36.05, 36.05, 36.05, 36.05, 36.05, 36.05, 36.05, 36.05, 36.05, 36.05, 36.05, 36.05, 36.05, 36.05, 36.05, 36.05, 36.05, 36.05, 36.05, 36.05, 36.05, 36.05, 36.05, 36.05, 36.05, 36.05, 36.05, 36.05, 36.05]

Execution 9:
Parametros: P=1000, Pe=0.3, Pm=0.15, pe=0.7, Parada=100
Start Time (hh:mm:ss.ms) 2023-07-17 08:05:53.929845
gen	min 	max   	avg   	std     
0  	36.9	38.775	37.964	0.314764
1  	36.55	38.775	37.763	0.304957
2  	36.5 	38.65 	37.6766	0.335947
3  	36.425	38.675	37.6016	0.358904
4  	36.3  	38.525	37.5332	0.375122
8  	36.25 	38.675	37.3579	0.449614
9  	36.05 	38.675	37.2878	0.46426 
110	36.05 	38.625	36.4274	0.702019
End Time (hh:mm:ss.ms) 2023-07-17 08:06:01.106848
Total Time (hh:mm:ss.ms) 0:00:07.177003
Individuo: [[7, 1, 2, 3, 5, 6, 0, 4], [1, 1, 1, 0, 0, 0, 0, 1]]
Fitness:  36.05
Gens:  [0, 1, 2, 3, 4, 5, 6, 7, 8, 9, 10, 11, 12, 13, 14, 15, 16, 17, 18, 19, 20, 21, 22, 23, 24, 25, 26, 27, 28, 29, 30, 31, 32, 33, 34, 35, 36, 37, 38, 39, 40, 41, 42, 43, 44, 45, 46, 47, 48, 49, 50, 51, 52, 53, 54, 55, 56, 57, 58, 59, 60, 61, 62, 63, 64, 65, 66, 67, 68, 69, 70, 71, 72, 73, 74, 75, 76, 77, 78, 79, 80, 81, 82, 83, 84, 85, 86, 87, 88, 89, 90, 91, 92, 93, 94, 95, 96, 97, 98, 99, 100, 101, 102, 103, 104, 105, 106, 107, 108, 109, 110]
Inds:  [36.9, 36.55, 36.5, 36.425, 36.3, 36.3, 36.3, 36.3, 36.25, 36.05, 36.05, 36.05, 36.05, 36.05, 36.05, 36.05, 36.05, 36.05, 36.05, 36.05, 36.05, 36.05, 36.05, 36.05, 36.05, 36.05, 36.05, 36.05, 36.05, 36.05, 36.05, 36.05, 36.05, 36.05, 36.05, 36.05, 36.05, 36.05, 36.05, 36.05, 36.05, 36.05, 36.05, 36.05, 36.05, 36.05, 36.05, 36.05, 36.05, 36.05, 36.05, 36.05, 36.05, 36.05, 36.05, 36.05, 36.05, 36.05, 36.05, 36.05, 36.05, 36.05, 36.05, 36.05, 36.05, 36.05, 36.05, 36.05, 36.05, 36.05, 36.05, 36.05, 36.05, 36.05, 36.05, 36.05, 36.05, 36.05, 36.05, 36.05, 36.05, 36.05, 36.05, 36.05, 36.05, 36.05, 36.05, 36.05, 36.05, 36.05, 36.05, 36.05, 36.05, 36.05, 36.05, 36.05, 36.05, 36.05, 36.05, 36.05, 36.05, 36.05, 36.05, 36.05, 36.05, 36.05, 36.05, 36.05, 36.05, 36.05, 36.05]

Execution 10:
Parametros: P=1000, Pe=0.3, Pm=0.15, pe=0.7, Parada=100
Start Time (hh:mm:ss.ms) 2023-07-17 08:06:01.910846
gen	min  	max   	avg   	std     
0  	36.95	38.675	37.986	0.309528
1  	36.7 	38.675	37.7754	0.303933
4  	36.65	38.625	37.5672	0.377593
5  	36.425	38.65 	37.5085	0.389393
7  	36.4  	38.625	37.3864	0.434208
8  	36.3  	38.775	37.3464	0.451824
9  	36.05 	38.75 	37.2821	0.484004
110	36.05 	38.675	36.5269	0.69022 
End Time (hh:mm:ss.ms) 2023-07-17 08:06:08.662846
Total Time (hh:mm:ss.ms) 0:00:06.752000
Individuo: [[4, 0, 6, 5, 3, 2, 1, 7], [0, 1, 1, 1, 1, 0, 0, 0]]
Fitness:  36.05
Gens:  [0, 1, 2, 3, 4, 5, 6, 7, 8, 9, 10, 11, 12, 13, 14, 15, 16, 17, 18, 19, 20, 21, 22, 23, 24, 25, 26, 27, 28, 29, 30, 31, 32, 33, 34, 35, 36, 37, 38, 39, 40, 41, 42, 43, 44, 45, 46, 47, 48, 49, 50, 51, 52, 53, 54, 55, 56, 57, 58, 59, 60, 61, 62, 63, 64, 65, 66, 67, 68, 69, 70, 71, 72, 73, 74, 75, 76, 77, 78, 79, 80, 81, 82, 83, 84, 85, 86, 87, 88, 89, 90, 91, 92, 93, 94, 95, 96, 97, 98, 99, 100, 101, 102, 103, 104, 105, 106, 107, 108, 109, 110]
Inds:  [36.949999999999996, 36.699999999999996, 36.699999999999996, 36.699999999999996, 36.65, 36.425, 36.425, 36.4, 36.3, 36.05, 36.05, 36.05, 36.05, 36.05, 36.05, 36.05, 36.05, 36.05, 36.05, 36.05, 36.05, 36.05, 36.05, 36.05, 36.05, 36.05, 36.05, 36.05, 36.05, 36.05, 36.05, 36.05, 36.05, 36.05, 36.05, 36.05, 36.05, 36.05, 36.05, 36.05, 36.05, 36.05, 36.05, 36.05, 36.05, 36.05, 36.05, 36.05, 36.05, 36.05, 36.05, 36.05, 36.05, 36.05, 36.05, 36.05, 36.05, 36.05, 36.05, 36.05, 36.05, 36.05, 36.05, 36.05, 36.05, 36.05, 36.05, 36.05, 36.05, 36.05, 36.05, 36.05, 36.05, 36.05, 36.05, 36.05, 36.05, 36.05, 36.05, 36.05, 36.05, 36.05, 36.05, 36.05, 36.05, 36.05, 36.05, 36.05, 36.05, 36.05, 36.05, 36.05, 36.05, 36.05, 36.05, 36.05, 36.05, 36.05, 36.05, 36.05, 36.05, 36.05, 36.05, 36.05, 36.05, 36.05, 36.05, 36.05, 36.05, 36.05, 36.05]

