BRKGA-Heuristic:

Execution 1:
Parametros: P=1000, Pe=0.3, Pm=0.15, pe=0.7, Parada=100
Start Time (hh:mm:ss.ms) 2023-07-17 08:06:09.409848
gen	min  	max  	avg    	std     
0  	49.65	52.25	51.1674	0.415413
1  	49.5 	51.975	50.9079	0.414408
2  	49.45	52.05 	50.7571	0.443313
3  	49.05	52.15 	50.6568	0.47267 
8  	48.975	52.15 	50.2454	0.598858
9  	48.95 	52.125	50.1816	0.612331
10 	48.9  	52.025	50.1245	0.6344  
12 	48.7  	52.175	49.9751	0.684627
13 	48.575	52    	49.9155	0.707574
15 	48.35 	52    	49.7887	0.738798
26 	48.3  	51.95 	49.2338	0.862909
32 	48.1  	52.15 	49.0565	0.949359
133	48.1  	52.025	48.6422	1.09332 
End Time (hh:mm:ss.ms) 2023-07-17 08:06:19.599846
Total Time (hh:mm:ss.ms) 0:00:10.189998
Individuo: [[11, 1, 2, 0, 8, 7, 3, 4, 9, 10, 5, 6], [1, 1, 1, 1, 1, 1, 0, 0, 0, 0, 1, 1]]
Fitness:  48.099999999999994
Gens:  [0, 1, 2, 3, 4, 5, 6, 7, 8, 9, 10, 11, 12, 13, 14, 15, 16, 17, 18, 19, 20, 21, 22, 23, 24, 25, 26, 27, 28, 29, 30, 31, 32, 33, 34, 35, 36, 37, 38, 39, 40, 41, 42, 43, 44, 45, 46, 47, 48, 49, 50, 51, 52, 53, 54, 55, 56, 57, 58, 59, 60, 61, 62, 63, 64, 65, 66, 67, 68, 69, 70, 71, 72, 73, 74, 75, 76, 77, 78, 79, 80, 81, 82, 83, 84, 85, 86, 87, 88, 89, 90, 91, 92, 93, 94, 95, 96, 97, 98, 99, 100, 101, 102, 103, 104, 105, 106, 107, 108, 109, 110, 111, 112, 113, 114, 115, 116, 117, 118, 119, 120, 121, 122, 123, 124, 125, 126, 127, 128, 129, 130, 131, 132, 133]
Inds:  [49.64999999999999, 49.49999999999999, 49.449999999999996, 49.05, 49.05, 49.05, 49.05, 49.05, 48.974999999999994, 48.949999999999996, 48.89999999999999, 48.89999999999999, 48.699999999999996, 48.574999999999996, 48.574999999999996, 48.349999999999994, 48.349999999999994, 48.349999999999994, 48.349999999999994, 48.349999999999994, 48.349999999999994, 48.349999999999994, 48.349999999999994, 48.349999999999994, 48.349999999999994, 48.349999999999994, 48.3, 48.3, 48.3, 48.3, 48.3, 48.3, 48.099999999999994, 48.099999999999994, 48.099999999999994, 48.099999999999994, 48.099999999999994, 48.099999999999994, 48.099999999999994, 48.099999999999994, 48.099999999999994, 48.099999999999994, 48.099999999999994, 48.099999999999994, 48.099999999999994, 48.099999999999994, 48.099999999999994, 48.099999999999994, 48.099999999999994, 48.099999999999994, 48.099999999999994, 48.099999999999994, 48.099999999999994, 48.099999999999994, 48.099999999999994, 48.099999999999994, 48.099999999999994, 48.099999999999994, 48.099999999999994, 48.099999999999994, 48.099999999999994, 48.099999999999994, 48.099999999999994, 48.099999999999994, 48.099999999999994, 48.099999999999994, 48.099999999999994, 48.099999999999994, 48.099999999999994, 48.099999999999994, 48.099999999999994, 48.099999999999994, 48.099999999999994, 48.099999999999994, 48.099999999999994, 48.099999999999994, 48.099999999999994, 48.099999999999994, 48.099999999999994, 48.099999999999994, 48.099999999999994, 48.099999999999994, 48.099999999999994, 48.099999999999994, 48.099999999999994, 48.099999999999994, 48.099999999999994, 48.099999999999994, 48.099999999999994, 48.099999999999994, 48.099999999999994, 48.099999999999994, 48.099999999999994, 48.099999999999994, 48.099999999999994, 48.099999999999994, 48.099999999999994, 48.099999999999994, 48.099999999999994, 48.099999999999994, 48.099999999999994, 48.099999999999994, 48.099999999999994, 48.099999999999994, 48.099999999999994, 48.099999999999994, 48.099999999999994, 48.099999999999994, 48.099999999999994, 48.099999999999994, 48.099999999999994, 48.099999999999994, 48.099999999999994, 48.099999999999994, 48.099999999999994, 48.099999999999994, 48.099999999999994, 48.099999999999994, 48.099999999999994, 48.099999999999994, 48.099999999999994, 48.099999999999994, 48.099999999999994, 48.099999999999994, 48.099999999999994, 48.099999999999994, 48.099999999999994, 48.099999999999994, 48.099999999999994, 48.099999999999994, 48.099999999999994, 48.099999999999994, 48.099999999999994, 48.099999999999994]

Execution 2:
Parametros: P=1000, Pe=0.3, Pm=0.15, pe=0.7, Parada=100
Start Time (hh:mm:ss.ms) 2023-07-17 08:06:20.356846
gen	min  	max  	avg    	std     
0  	49.75	52.05	51.1464	0.397634
1  	49.725	52.15	50.8916	0.40098 
2  	49.675	52.05	50.7553	0.432983
3  	49.575	52.25	50.6708	0.469651
4  	49.35 	52.175	50.5833	0.50357 
6  	49.2  	51.975	50.4014	0.529328
7  	49.15 	51.95 	50.3051	0.548712
8  	49    	52.05 	50.2398	0.572532
9  	48.975	52.025	50.1673	0.583643
11 	48.95 	52.05 	50.0574	0.625384
15 	48.85 	52.15 	49.8444	0.704271
16 	48.75 	51.975	49.7912	0.735801
18 	48.65 	52.175	49.6458	0.766865
19 	48.475	52.125	49.5779	0.775159
22 	48.35 	52    	49.4243	0.813272
23 	48.3  	52.125	49.3806	0.836297
30 	48.1  	51.925	49.1346	0.930161
131	48.1  	51.975	48.5954	1.08316 
End Time (hh:mm:ss.ms) 2023-07-17 08:06:30.280845
Total Time (hh:mm:ss.ms) 0:00:09.923999
Individuo: [[6, 0, 8, 7, 10, 9, 4, 3, 5, 2, 1, 11], [0, 1, 1, 1, 1, 1, 1, 1, 1, 0, 0, 0]]
Fitness:  48.1
Gens:  [0, 1, 2, 3, 4, 5, 6, 7, 8, 9, 10, 11, 12, 13, 14, 15, 16, 17, 18, 19, 20, 21, 22, 23, 24, 25, 26, 27, 28, 29, 30, 31, 32, 33, 34, 35, 36, 37, 38, 39, 40, 41, 42, 43, 44, 45, 46, 47, 48, 49, 50, 51, 52, 53, 54, 55, 56, 57, 58, 59, 60, 61, 62, 63, 64, 65, 66, 67, 68, 69, 70, 71, 72, 73, 74, 75, 76, 77, 78, 79, 80, 81, 82, 83, 84, 85, 86, 87, 88, 89, 90, 91, 92, 93, 94, 95, 96, 97, 98, 99, 100, 101, 102, 103, 104, 105, 106, 107, 108, 109, 110, 111, 112, 113, 114, 115, 116, 117, 118, 119, 120, 121, 122, 123, 124, 125, 126, 127, 128, 129, 130, 131]
Inds:  [49.74999999999999, 49.724999999999994, 49.675, 49.574999999999996, 49.349999999999994, 49.349999999999994, 49.199999999999996, 49.14999999999999, 49.0, 48.974999999999994, 48.974999999999994, 48.949999999999996, 48.949999999999996, 48.949999999999996, 48.949999999999996, 48.85, 48.74999999999999, 48.74999999999999, 48.65, 48.475, 48.475, 48.475, 48.35, 48.3, 48.3, 48.3, 48.3, 48.3, 48.3, 48.3, 48.1, 48.1, 48.1, 48.1, 48.1, 48.1, 48.1, 48.1, 48.1, 48.1, 48.1, 48.1, 48.1, 48.1, 48.1, 48.1, 48.1, 48.1, 48.1, 48.1, 48.1, 48.1, 48.1, 48.1, 48.1, 48.1, 48.1, 48.1, 48.1, 48.1, 48.1, 48.1, 48.1, 48.1, 48.1, 48.1, 48.1, 48.1, 48.1, 48.1, 48.1, 48.1, 48.1, 48.1, 48.1, 48.1, 48.1, 48.1, 48.1, 48.1, 48.1, 48.1, 48.1, 48.1, 48.1, 48.1, 48.1, 48.1, 48.1, 48.1, 48.1, 48.1, 48.1, 48.1, 48.1, 48.1, 48.1, 48.1, 48.1, 48.1, 48.1, 48.1, 48.1, 48.1, 48.1, 48.1, 48.1, 48.1, 48.1, 48.1, 48.1, 48.1, 48.1, 48.1, 48.1, 48.1, 48.1, 48.1, 48.1, 48.1, 48.1, 48.1, 48.1, 48.1, 48.1, 48.1, 48.1, 48.1, 48.1, 48.1, 48.1, 48.1]

Execution 3:
Parametros: P=1000, Pe=0.3, Pm=0.15, pe=0.7, Parada=100
Start Time (hh:mm:ss.ms) 2023-07-17 08:06:31.081847
gen	min  	max  	avg    	std    
0  	49.85	52.15	51.1737	0.40858
1  	49.675	52.25	50.91  	0.391322
2  	49.475	51.925	50.7986	0.432668
5  	49.375	52.1  	50.5128	0.494409
6  	49.275	52.15 	50.4519	0.524177
8  	49.125	52.125	50.3099	0.561772
10 	48.85 	52.025	50.1614	0.594012
11 	48.8  	52.05 	50.1013	0.623262
15 	48.725	52.225	49.8522	0.716754
16 	48.65 	52.05 	49.8378	0.720208
18 	48.6  	52.125	49.7717	0.780728
21 	48.45 	52.05 	49.6377	0.819223
22 	48.3  	52.05 	49.6198	0.825495
29 	48.1  	52.05 	49.2328	0.889583
130	48.1  	52    	48.6008	1.10184 
End Time (hh:mm:ss.ms) 2023-07-17 08:06:41.173844
Total Time (hh:mm:ss.ms) 0:00:10.091997
Individuo: [[6, 0, 8, 7, 10, 9, 4, 3, 5, 2, 1, 11], [0, 1, 1, 1, 1, 1, 1, 1, 1, 0, 0, 0]]
Fitness:  48.1
Gens:  [0, 1, 2, 3, 4, 5, 6, 7, 8, 9, 10, 11, 12, 13, 14, 15, 16, 17, 18, 19, 20, 21, 22, 23, 24, 25, 26, 27, 28, 29, 30, 31, 32, 33, 34, 35, 36, 37, 38, 39, 40, 41, 42, 43, 44, 45, 46, 47, 48, 49, 50, 51, 52, 53, 54, 55, 56, 57, 58, 59, 60, 61, 62, 63, 64, 65, 66, 67, 68, 69, 70, 71, 72, 73, 74, 75, 76, 77, 78, 79, 80, 81, 82, 83, 84, 85, 86, 87, 88, 89, 90, 91, 92, 93, 94, 95, 96, 97, 98, 99, 100, 101, 102, 103, 104, 105, 106, 107, 108, 109, 110, 111, 112, 113, 114, 115, 116, 117, 118, 119, 120, 121, 122, 123, 124, 125, 126, 127, 128, 129, 130]
Inds:  [49.849999999999994, 49.67499999999999, 49.474999999999994, 49.474999999999994, 49.474999999999994, 49.375, 49.275000000000006, 49.275000000000006, 49.125, 49.125, 48.849999999999994, 48.8, 48.8, 48.8, 48.8, 48.725, 48.65, 48.65, 48.599999999999994, 48.599999999999994, 48.599999999999994, 48.449999999999996, 48.3, 48.3, 48.3, 48.3, 48.3, 48.3, 48.3, 48.1, 48.1, 48.1, 48.1, 48.1, 48.1, 48.1, 48.1, 48.1, 48.1, 48.1, 48.1, 48.1, 48.1, 48.1, 48.1, 48.1, 48.1, 48.1, 48.1, 48.1, 48.1, 48.1, 48.1, 48.1, 48.1, 48.1, 48.1, 48.1, 48.1, 48.1, 48.1, 48.1, 48.1, 48.1, 48.1, 48.1, 48.1, 48.1, 48.1, 48.1, 48.1, 48.1, 48.1, 48.1, 48.1, 48.1, 48.1, 48.1, 48.1, 48.1, 48.1, 48.1, 48.1, 48.1, 48.1, 48.1, 48.1, 48.1, 48.1, 48.1, 48.1, 48.1, 48.1, 48.1, 48.1, 48.1, 48.1, 48.1, 48.1, 48.1, 48.1, 48.1, 48.1, 48.1, 48.1, 48.1, 48.1, 48.1, 48.1, 48.1, 48.1, 48.1, 48.1, 48.1, 48.1, 48.1, 48.1, 48.1, 48.1, 48.1, 48.1, 48.1, 48.1, 48.1, 48.1, 48.1, 48.1, 48.1, 48.1, 48.1, 48.1]

Execution 4:
Parametros: P=1000, Pe=0.3, Pm=0.15, pe=0.7, Parada=100
Start Time (hh:mm:ss.ms) 2023-07-17 08:06:41.954845
gen	min 	max   	avg    	std     
0  	49.6	52.225	51.1273	0.432273
3  	49.5	52.125	50.658 	0.471005
5  	49.075	52.025	50.5109	0.529436
8  	49    	52.175	50.3216	0.593668
9  	48.9  	52    	50.228 	0.591784
12 	48.7  	52.025	50.0369	0.654652
15 	48.7  	52.125	49.7859	0.706446
18 	48.6  	52.25 	49.5402	0.743698
22 	48.45 	52.175	49.3757	0.771991
23 	48.35 	52    	49.3403	0.822303
24 	48.35 	52.05 	49.2998	0.838266
27 	48.325	52.15 	49.1869	0.861161
28 	48.3  	51.9  	49.1563	0.884932
29 	48.15 	52.1  	49.1034	0.91091 
32 	48.1  	51.9  	48.9669	0.954308
133	48.1  	52.075	48.5739	1.06748 
End Time (hh:mm:ss.ms) 2023-07-17 08:06:52.304846
Total Time (hh:mm:ss.ms) 0:00:10.350001
Individuo: [[6, 0, 8, 10, 3, 4, 9, 7, 5, 2, 1, 11], [0, 1, 1, 0, 0, 0, 0, 1, 1, 0, 0, 0]]
Fitness:  48.1
Gens:  [0, 1, 2, 3, 4, 5, 6, 7, 8, 9, 10, 11, 12, 13, 14, 15, 16, 17, 18, 19, 20, 21, 22, 23, 24, 25, 26, 27, 28, 29, 30, 31, 32, 33, 34, 35, 36, 37, 38, 39, 40, 41, 42, 43, 44, 45, 46, 47, 48, 49, 50, 51, 52, 53, 54, 55, 56, 57, 58, 59, 60, 61, 62, 63, 64, 65, 66, 67, 68, 69, 70, 71, 72, 73, 74, 75, 76, 77, 78, 79, 80, 81, 82, 83, 84, 85, 86, 87, 88, 89, 90, 91, 92, 93, 94, 95, 96, 97, 98, 99, 100, 101, 102, 103, 104, 105, 106, 107, 108, 109, 110, 111, 112, 113, 114, 115, 116, 117, 118, 119, 120, 121, 122, 123, 124, 125, 126, 127, 128, 129, 130, 131, 132, 133]
Inds:  [49.6, 49.6, 49.6, 49.49999999999999, 49.49999999999999, 49.074999999999996, 49.074999999999996, 49.074999999999996, 49.0, 48.9, 48.9, 48.9, 48.7, 48.7, 48.7, 48.699999999999996, 48.699999999999996, 48.699999999999996, 48.599999999999994, 48.599999999999994, 48.599999999999994, 48.599999999999994, 48.449999999999996, 48.35, 48.349999999999994, 48.349999999999994, 48.349999999999994, 48.324999999999996, 48.3, 48.15, 48.15, 48.15, 48.1, 48.1, 48.1, 48.1, 48.1, 48.1, 48.1, 48.1, 48.1, 48.1, 48.1, 48.1, 48.1, 48.1, 48.1, 48.1, 48.1, 48.1, 48.1, 48.1, 48.1, 48.1, 48.1, 48.1, 48.1, 48.1, 48.1, 48.1, 48.1, 48.1, 48.1, 48.1, 48.1, 48.1, 48.1, 48.1, 48.1, 48.1, 48.1, 48.1, 48.1, 48.1, 48.1, 48.1, 48.1, 48.1, 48.1, 48.1, 48.1, 48.1, 48.1, 48.1, 48.1, 48.1, 48.1, 48.1, 48.1, 48.1, 48.1, 48.1, 48.1, 48.1, 48.1, 48.1, 48.1, 48.1, 48.1, 48.1, 48.1, 48.1, 48.1, 48.1, 48.1, 48.1, 48.1, 48.1, 48.1, 48.1, 48.1, 48.1, 48.1, 48.1, 48.1, 48.1, 48.1, 48.1, 48.1, 48.1, 48.1, 48.1, 48.1, 48.1, 48.1, 48.1, 48.1, 48.1, 48.1, 48.1, 48.1, 48.1, 48.1, 48.1]

Execution 5:
Parametros: P=1000, Pe=0.3, Pm=0.15, pe=0.7, Parada=100
Start Time (hh:mm:ss.ms) 2023-07-17 08:06:53.122845
gen	min   	max  	avg    	std     
0  	49.425	52.15	51.1486	0.421787
2  	49.3  	52.025	50.748 	0.437948
4  	49.2  	51.975	50.5373	0.491979
5  	49.175	52.15 	50.4454	0.51296 
6  	49    	52.05 	50.3527	0.51696 
8  	48.85 	51.975	50.2193	0.560563
10 	48.75 	52.075	50.0858	0.628082
13 	48.525	52.05 	49.872 	0.708302
14 	48.45 	52.125	49.7745	0.722082
15 	48.35 	52.025	49.6718	0.75289 
21 	48.325	52.075	49.1971	0.867217
22 	48.1  	52.15 	49.1265	0.885029
123	48.1  	51.925	48.6514	1.09924 
End Time (hh:mm:ss.ms) 2023-07-17 08:07:02.517846
Total Time (hh:mm:ss.ms) 0:00:09.395001
Individuo: [[6, 5, 10, 9, 4, 3, 7, 8, 0, 2, 1, 11], [0, 0, 1, 1, 1, 1, 0, 0, 0, 0, 0, 0]]
Fitness:  48.1
Gens:  [0, 1, 2, 3, 4, 5, 6, 7, 8, 9, 10, 11, 12, 13, 14, 15, 16, 17, 18, 19, 20, 21, 22, 23, 24, 25, 26, 27, 28, 29, 30, 31, 32, 33, 34, 35, 36, 37, 38, 39, 40, 41, 42, 43, 44, 45, 46, 47, 48, 49, 50, 51, 52, 53, 54, 55, 56, 57, 58, 59, 60, 61, 62, 63, 64, 65, 66, 67, 68, 69, 70, 71, 72, 73, 74, 75, 76, 77, 78, 79, 80, 81, 82, 83, 84, 85, 86, 87, 88, 89, 90, 91, 92, 93, 94, 95, 96, 97, 98, 99, 100, 101, 102, 103, 104, 105, 106, 107, 108, 109, 110, 111, 112, 113, 114, 115, 116, 117, 118, 119, 120, 121, 122, 123]
Inds:  [49.425, 49.425, 49.3, 49.3, 49.19999999999999, 49.17499999999999, 49.0, 49.0, 48.849999999999994, 48.849999999999994, 48.75, 48.75, 48.75, 48.525, 48.45, 48.35, 48.35, 48.35, 48.35, 48.35, 48.35, 48.325, 48.1, 48.1, 48.1, 48.1, 48.1, 48.1, 48.1, 48.1, 48.1, 48.1, 48.1, 48.1, 48.1, 48.1, 48.1, 48.1, 48.1, 48.1, 48.1, 48.1, 48.1, 48.1, 48.1, 48.1, 48.1, 48.1, 48.1, 48.1, 48.1, 48.1, 48.1, 48.1, 48.1, 48.1, 48.1, 48.1, 48.1, 48.1, 48.1, 48.1, 48.1, 48.1, 48.1, 48.1, 48.1, 48.1, 48.1, 48.1, 48.1, 48.1, 48.1, 48.1, 48.1, 48.1, 48.1, 48.1, 48.1, 48.1, 48.1, 48.1, 48.1, 48.1, 48.1, 48.1, 48.1, 48.1, 48.1, 48.1, 48.1, 48.1, 48.1, 48.1, 48.1, 48.1, 48.1, 48.1, 48.1, 48.1, 48.1, 48.1, 48.1, 48.1, 48.1, 48.1, 48.1, 48.1, 48.1, 48.1, 48.1, 48.1, 48.1, 48.1, 48.1, 48.1, 48.1, 48.1, 48.1, 48.1, 48.1, 48.1, 48.1, 48.1]

Execution 6:
Parametros: P=1000, Pe=0.3, Pm=0.15, pe=0.7, Parada=100
Start Time (hh:mm:ss.ms) 2023-07-17 08:07:03.309845
gen	min 	max  	avg    	std     
0  	49.8	52.25	51.1911	0.412704
1  	49.75	52.075	50.914 	0.398251
2  	49.45	52.15 	50.7708	0.427804
5  	49.3 	52.025	50.4788	0.518789
6  	49.1 	52    	50.3725	0.541011
8  	48.95	52.225	50.2513	0.601034
9  	48.9 	51.975	50.1763	0.586174
10 	48.85	52    	50.136 	0.629789
13 	48.775	51.875	49.9435	0.662983
14 	48.725	52.175	49.9038	0.694577
15 	48.55 	52.075	49.8575	0.723013
18 	48.5  	52    	49.6708	0.77689 
22 	48.3  	52.075	49.4271	0.827929
25 	48.15 	52.05 	49.2724	0.894036
31 	48.1  	52.1  	49.1054	0.899373
132	48.1  	52.15 	48.6315	1.11658 
End Time (hh:mm:ss.ms) 2023-07-17 08:07:13.925845
Total Time (hh:mm:ss.ms) 0:00:10.616000
Individuo: [[6, 0, 8, 10, 3, 4, 9, 7, 5, 2, 1, 11], [0, 1, 1, 0, 0, 0, 0, 1, 1, 0, 0, 0]]
Fitness:  48.1
Gens:  [0, 1, 2, 3, 4, 5, 6, 7, 8, 9, 10, 11, 12, 13, 14, 15, 16, 17, 18, 19, 20, 21, 22, 23, 24, 25, 26, 27, 28, 29, 30, 31, 32, 33, 34, 35, 36, 37, 38, 39, 40, 41, 42, 43, 44, 45, 46, 47, 48, 49, 50, 51, 52, 53, 54, 55, 56, 57, 58, 59, 60, 61, 62, 63, 64, 65, 66, 67, 68, 69, 70, 71, 72, 73, 74, 75, 76, 77, 78, 79, 80, 81, 82, 83, 84, 85, 86, 87, 88, 89, 90, 91, 92, 93, 94, 95, 96, 97, 98, 99, 100, 101, 102, 103, 104, 105, 106, 107, 108, 109, 110, 111, 112, 113, 114, 115, 116, 117, 118, 119, 120, 121, 122, 123, 124, 125, 126, 127, 128, 129, 130, 131, 132]
Inds:  [49.79999999999999, 49.75, 49.449999999999996, 49.449999999999996, 49.449999999999996, 49.3, 49.099999999999994, 49.099999999999994, 48.95, 48.9, 48.849999999999994, 48.849999999999994, 48.849999999999994, 48.775, 48.724999999999994, 48.55, 48.55, 48.55, 48.5, 48.5, 48.5, 48.5, 48.3, 48.3, 48.3, 48.15, 48.15, 48.15, 48.15, 48.15, 48.15, 48.1, 48.1, 48.1, 48.1, 48.1, 48.1, 48.1, 48.1, 48.1, 48.1, 48.1, 48.1, 48.1, 48.1, 48.1, 48.1, 48.1, 48.1, 48.1, 48.1, 48.1, 48.1, 48.1, 48.1, 48.1, 48.1, 48.1, 48.1, 48.1, 48.1, 48.1, 48.1, 48.1, 48.1, 48.1, 48.1, 48.1, 48.1, 48.1, 48.1, 48.1, 48.1, 48.1, 48.1, 48.1, 48.1, 48.1, 48.1, 48.1, 48.1, 48.1, 48.1, 48.1, 48.1, 48.1, 48.1, 48.1, 48.1, 48.1, 48.1, 48.1, 48.1, 48.1, 48.1, 48.1, 48.1, 48.1, 48.1, 48.1, 48.1, 48.1, 48.1, 48.1, 48.1, 48.1, 48.1, 48.1, 48.1, 48.1, 48.1, 48.1, 48.1, 48.1, 48.1, 48.1, 48.1, 48.1, 48.1, 48.1, 48.1, 48.1, 48.1, 48.1, 48.1, 48.1, 48.1, 48.1, 48.1, 48.1, 48.1, 48.1, 48.1]

Execution 7:
Parametros: P=1000, Pe=0.3, Pm=0.15, pe=0.7, Parada=100
Start Time (hh:mm:ss.ms) 2023-07-17 08:07:14.717846
gen	min 	max  	avg    	std     
0  	49.9	52.15	51.1511	0.401156
1  	49.775	52.05	50.8929	0.402178
2  	49.75 	52.15	50.7437	0.436857
3  	49.1  	52.075	50.6222	0.471936
4  	48.975	52.025	50.5167	0.489599
9  	48.875	51.9  	50.1317	0.612455
11 	48.525	52.025	49.9864	0.660824
16 	48.475	52.125	49.5501	0.762398
17 	48.325	52    	49.4998	0.791478
22 	48.3  	52.125	49.2565	0.863472
24 	48.15 	52.15 	49.1633	0.871781
26 	48.1  	51.975	49.0845	0.905656
127	48.1  	51.975	48.6409	1.10607 
End Time (hh:mm:ss.ms) 2023-07-17 08:07:24.497845
Total Time (hh:mm:ss.ms) 0:00:09.779999
Individuo: [[11, 1, 2, 0, 8, 10, 3, 4, 9, 7, 5, 6], [1, 1, 1, 1, 1, 0, 0, 0, 0, 1, 1, 1]]
Fitness:  48.099999999999994
Gens:  [0, 1, 2, 3, 4, 5, 6, 7, 8, 9, 10, 11, 12, 13, 14, 15, 16, 17, 18, 19, 20, 21, 22, 23, 24, 25, 26, 27, 28, 29, 30, 31, 32, 33, 34, 35, 36, 37, 38, 39, 40, 41, 42, 43, 44, 45, 46, 47, 48, 49, 50, 51, 52, 53, 54, 55, 56, 57, 58, 59, 60, 61, 62, 63, 64, 65, 66, 67, 68, 69, 70, 71, 72, 73, 74, 75, 76, 77, 78, 79, 80, 81, 82, 83, 84, 85, 86, 87, 88, 89, 90, 91, 92, 93, 94, 95, 96, 97, 98, 99, 100, 101, 102, 103, 104, 105, 106, 107, 108, 109, 110, 111, 112, 113, 114, 115, 116, 117, 118, 119, 120, 121, 122, 123, 124, 125, 126, 127]
Inds:  [49.9, 49.775, 49.74999999999999, 49.099999999999994, 48.974999999999994, 48.974999999999994, 48.974999999999994, 48.974999999999994, 48.974999999999994, 48.875, 48.875, 48.525, 48.525, 48.525, 48.525, 48.525, 48.475, 48.324999999999996, 48.324999999999996, 48.324999999999996, 48.324999999999996, 48.324999999999996, 48.3, 48.3, 48.14999999999999, 48.14999999999999, 48.099999999999994, 48.099999999999994, 48.099999999999994, 48.099999999999994, 48.099999999999994, 48.099999999999994, 48.099999999999994, 48.099999999999994, 48.099999999999994, 48.099999999999994, 48.099999999999994, 48.099999999999994, 48.099999999999994, 48.099999999999994, 48.099999999999994, 48.099999999999994, 48.099999999999994, 48.099999999999994, 48.099999999999994, 48.099999999999994, 48.099999999999994, 48.099999999999994, 48.099999999999994, 48.099999999999994, 48.099999999999994, 48.099999999999994, 48.099999999999994, 48.099999999999994, 48.099999999999994, 48.099999999999994, 48.099999999999994, 48.099999999999994, 48.099999999999994, 48.099999999999994, 48.099999999999994, 48.099999999999994, 48.099999999999994, 48.099999999999994, 48.099999999999994, 48.099999999999994, 48.099999999999994, 48.099999999999994, 48.099999999999994, 48.099999999999994, 48.099999999999994, 48.099999999999994, 48.099999999999994, 48.099999999999994, 48.099999999999994, 48.099999999999994, 48.099999999999994, 48.099999999999994, 48.099999999999994, 48.099999999999994, 48.099999999999994, 48.099999999999994, 48.099999999999994, 48.099999999999994, 48.099999999999994, 48.099999999999994, 48.099999999999994, 48.099999999999994, 48.099999999999994, 48.099999999999994, 48.099999999999994, 48.099999999999994, 48.099999999999994, 48.099999999999994, 48.099999999999994, 48.099999999999994, 48.099999999999994, 48.099999999999994, 48.099999999999994, 48.099999999999994, 48.099999999999994, 48.099999999999994, 48.099999999999994, 48.099999999999994, 48.099999999999994, 48.099999999999994, 48.099999999999994, 48.099999999999994, 48.099999999999994, 48.099999999999994, 48.099999999999994, 48.099999999999994, 48.099999999999994, 48.099999999999994, 48.099999999999994, 48.099999999999994, 48.099999999999994, 48.099999999999994, 48.099999999999994, 48.099999999999994, 48.099999999999994, 48.099999999999994, 48.099999999999994, 48.099999999999994, 48.099999999999994, 48.099999999999994, 48.099999999999994, 48.099999999999994]

Execution 8:
Parametros: P=1000, Pe=0.3, Pm=0.15, pe=0.7, Parada=100
Start Time (hh:mm:ss.ms) 2023-07-17 08:07:25.361846
gen	min 	max  	avg    	std     
0  	49.4	52.25	51.1435	0.406096
5  	49.25	52.025	50.4119	0.518452
7  	49.175	52.1  	50.288 	0.572561
9  	48.95 	52.125	50.1623	0.597932
10 	48.925	52.05 	50.0967	0.601767
11 	48.85 	51.975	50.0479	0.625364
12 	48.85 	52.025	49.9748	0.656695
13 	48.7  	52.125	49.9144	0.666861
16 	48.7  	52.25 	49.7045	0.736262
18 	48.65 	52.075	49.5651	0.76807 
19 	48.575	52.025	49.4894	0.771897
21 	48.475	52.125	49.3681	0.812131
23 	48.325	52.025	49.2749	0.851155
24 	48.3  	52.125	49.2105	0.856028
29 	48.1  	52.25 	48.9295	0.96959 
130	48.1  	51.95 	48.5637	1.09323 
End Time (hh:mm:ss.ms) 2023-07-17 08:07:35.441846
Total Time (hh:mm:ss.ms) 0:00:10.080000
Individuo: [[11, 1, 2, 0, 8, 9, 4, 3, 10, 7, 5, 6], [1, 1, 1, 1, 1, 1, 1, 1, 1, 1, 1, 1]]
Fitness:  48.099999999999994
Gens:  [0, 1, 2, 3, 4, 5, 6, 7, 8, 9, 10, 11, 12, 13, 14, 15, 16, 17, 18, 19, 20, 21, 22, 23, 24, 25, 26, 27, 28, 29, 30, 31, 32, 33, 34, 35, 36, 37, 38, 39, 40, 41, 42, 43, 44, 45, 46, 47, 48, 49, 50, 51, 52, 53, 54, 55, 56, 57, 58, 59, 60, 61, 62, 63, 64, 65, 66, 67, 68, 69, 70, 71, 72, 73, 74, 75, 76, 77, 78, 79, 80, 81, 82, 83, 84, 85, 86, 87, 88, 89, 90, 91, 92, 93, 94, 95, 96, 97, 98, 99, 100, 101, 102, 103, 104, 105, 106, 107, 108, 109, 110, 111, 112, 113, 114, 115, 116, 117, 118, 119, 120, 121, 122, 123, 124, 125, 126, 127, 128, 129, 130]
Inds:  [49.4, 49.4, 49.4, 49.4, 49.4, 49.24999999999999, 49.24999999999999, 49.175, 49.175, 48.949999999999996, 48.92499999999999, 48.85, 48.849999999999994, 48.7, 48.7, 48.7, 48.699999999999996, 48.699999999999996, 48.65, 48.574999999999996, 48.574999999999996, 48.475, 48.475, 48.324999999999996, 48.3, 48.3, 48.3, 48.3, 48.3, 48.099999999999994, 48.099999999999994, 48.099999999999994, 48.099999999999994, 48.099999999999994, 48.099999999999994, 48.099999999999994, 48.099999999999994, 48.099999999999994, 48.099999999999994, 48.099999999999994, 48.099999999999994, 48.099999999999994, 48.099999999999994, 48.099999999999994, 48.099999999999994, 48.099999999999994, 48.099999999999994, 48.099999999999994, 48.099999999999994, 48.099999999999994, 48.099999999999994, 48.099999999999994, 48.099999999999994, 48.099999999999994, 48.099999999999994, 48.099999999999994, 48.099999999999994, 48.099999999999994, 48.099999999999994, 48.099999999999994, 48.099999999999994, 48.099999999999994, 48.099999999999994, 48.099999999999994, 48.099999999999994, 48.099999999999994, 48.099999999999994, 48.099999999999994, 48.099999999999994, 48.099999999999994, 48.099999999999994, 48.099999999999994, 48.099999999999994, 48.099999999999994, 48.099999999999994, 48.099999999999994, 48.099999999999994, 48.099999999999994, 48.099999999999994, 48.099999999999994, 48.099999999999994, 48.099999999999994, 48.099999999999994, 48.099999999999994, 48.099999999999994, 48.099999999999994, 48.099999999999994, 48.099999999999994, 48.099999999999994, 48.099999999999994, 48.099999999999994, 48.099999999999994, 48.099999999999994, 48.099999999999994, 48.099999999999994, 48.099999999999994, 48.099999999999994, 48.099999999999994, 48.099999999999994, 48.099999999999994, 48.099999999999994, 48.099999999999994, 48.099999999999994, 48.099999999999994, 48.099999999999994, 48.099999999999994, 48.099999999999994, 48.099999999999994, 48.099999999999994, 48.099999999999994, 48.099999999999994, 48.099999999999994, 48.099999999999994, 48.099999999999994, 48.099999999999994, 48.099999999999994, 48.099999999999994, 48.099999999999994, 48.099999999999994, 48.099999999999994, 48.099999999999994, 48.099999999999994, 48.099999999999994, 48.099999999999994, 48.099999999999994, 48.099999999999994, 48.099999999999994, 48.099999999999994, 48.099999999999994, 48.099999999999994, 48.099999999999994]

Execution 9:
Parametros: P=1000, Pe=0.3, Pm=0.15, pe=0.7, Parada=100
Start Time (hh:mm:ss.ms) 2023-07-17 08:07:36.206844
gen	min   	max   	avg    	std     
0  	49.825	52.125	51.1559	0.408859
1  	49.625	52.15 	50.8772	0.406932
3  	49.45 	52.125	50.6403	0.475424
5  	49.3  	51.95 	50.4595	0.488899
7  	49.025	52    	50.3295	0.527566
10 	49    	51.975	50.1934	0.576454
12 	48.95 	52.05 	50.0789	0.587748
13 	48.75 	52.075	50.0563	0.645919
14 	48.5  	52.025	50.0043	0.658189
19 	48.475	52.15 	49.521 	0.773469
20 	48.45 	52.125	49.4488	0.792098
22 	48.3  	52.075	49.298 	0.852679
24 	48.1  	52.075	49.1499	0.884492
125	48.1  	52.075	48.5831	1.08315 
End Time (hh:mm:ss.ms) 2023-07-17 08:07:45.898848
Total Time (hh:mm:ss.ms) 0:00:09.692004
Individuo: [[11, 1, 2, 0, 8, 9, 4, 3, 10, 7, 5, 6], [1, 1, 1, 1, 1, 1, 1, 1, 1, 1, 1, 1]]
Fitness:  48.099999999999994
Gens:  [0, 1, 2, 3, 4, 5, 6, 7, 8, 9, 10, 11, 12, 13, 14, 15, 16, 17, 18, 19, 20, 21, 22, 23, 24, 25, 26, 27, 28, 29, 30, 31, 32, 33, 34, 35, 36, 37, 38, 39, 40, 41, 42, 43, 44, 45, 46, 47, 48, 49, 50, 51, 52, 53, 54, 55, 56, 57, 58, 59, 60, 61, 62, 63, 64, 65, 66, 67, 68, 69, 70, 71, 72, 73, 74, 75, 76, 77, 78, 79, 80, 81, 82, 83, 84, 85, 86, 87, 88, 89, 90, 91, 92, 93, 94, 95, 96, 97, 98, 99, 100, 101, 102, 103, 104, 105, 106, 107, 108, 109, 110, 111, 112, 113, 114, 115, 116, 117, 118, 119, 120, 121, 122, 123, 124, 125]
Inds:  [49.824999999999996, 49.625, 49.625, 49.44999999999999, 49.44999999999999, 49.3, 49.3, 49.025, 49.025, 49.025, 48.99999999999999, 48.99999999999999, 48.94999999999999, 48.75, 48.49999999999999, 48.49999999999999, 48.49999999999999, 48.49999999999999, 48.49999999999999, 48.474999999999994, 48.449999999999996, 48.449999999999996, 48.3, 48.3, 48.099999999999994, 48.099999999999994, 48.099999999999994, 48.099999999999994, 48.099999999999994, 48.099999999999994, 48.099999999999994, 48.099999999999994, 48.099999999999994, 48.099999999999994, 48.099999999999994, 48.099999999999994, 48.099999999999994, 48.099999999999994, 48.099999999999994, 48.099999999999994, 48.099999999999994, 48.099999999999994, 48.099999999999994, 48.099999999999994, 48.099999999999994, 48.099999999999994, 48.099999999999994, 48.099999999999994, 48.099999999999994, 48.099999999999994, 48.099999999999994, 48.099999999999994, 48.099999999999994, 48.099999999999994, 48.099999999999994, 48.099999999999994, 48.099999999999994, 48.099999999999994, 48.099999999999994, 48.099999999999994, 48.099999999999994, 48.099999999999994, 48.099999999999994, 48.099999999999994, 48.099999999999994, 48.099999999999994, 48.099999999999994, 48.099999999999994, 48.099999999999994, 48.099999999999994, 48.099999999999994, 48.099999999999994, 48.099999999999994, 48.099999999999994, 48.099999999999994, 48.099999999999994, 48.099999999999994, 48.099999999999994, 48.099999999999994, 48.099999999999994, 48.099999999999994, 48.099999999999994, 48.099999999999994, 48.099999999999994, 48.099999999999994, 48.099999999999994, 48.099999999999994, 48.099999999999994, 48.099999999999994, 48.099999999999994, 48.099999999999994, 48.099999999999994, 48.099999999999994, 48.099999999999994, 48.099999999999994, 48.099999999999994, 48.099999999999994, 48.099999999999994, 48.099999999999994, 48.099999999999994, 48.099999999999994, 48.099999999999994, 48.099999999999994, 48.099999999999994, 48.099999999999994, 48.099999999999994, 48.099999999999994, 48.099999999999994, 48.099999999999994, 48.099999999999994, 48.099999999999994, 48.099999999999994, 48.099999999999994, 48.099999999999994, 48.099999999999994, 48.099999999999994, 48.099999999999994, 48.099999999999994, 48.099999999999994, 48.099999999999994, 48.099999999999994, 48.099999999999994, 48.099999999999994, 48.099999999999994, 48.099999999999994, 48.099999999999994]

Execution 10:
Parametros: P=1000, Pe=0.3, Pm=0.15, pe=0.7, Parada=100
Start Time (hh:mm:ss.ms) 2023-07-17 08:07:46.654850
gen	min   	max  	avg    	std     
0  	49.875	52.15	51.1693	0.414527
1  	49.8  	52   	50.907 	0.413192
2  	49.725	51.925	50.7434	0.429745
3  	49.55 	52.2  	50.6485	0.474103
4  	49.425	51.975	50.5711	0.504483
5  	49.375	52.15 	50.4933	0.537997
6  	49.075	52.075	50.3901	0.539798
7  	48.875	52.075	50.3436	0.575661
10 	48.825	52.1  	50.1458	0.635749
14 	48.7  	51.975	49.8328	0.672529
16 	48.625	52.1  	49.6739	0.726386
18 	48.55 	52.025	49.5321	0.756094
19 	48.5  	52.175	49.488 	0.779606
22 	48.45 	52.025	49.3358	0.822702
25 	48.35 	52.1  	49.2548	0.877229
27 	48.3  	52.15 	49.1753	0.904035
30 	48.15 	52.025	49.048 	0.920929
31 	48.1  	52    	49.016 	0.95847 
132	48.1  	52    	48.5911	1.085   
End Time (hh:mm:ss.ms) 2023-07-17 08:07:57.049406
Total Time (hh:mm:ss.ms) 0:00:10.394556
Individuo: [[6, 5, 7, 10, 3, 4, 9, 8, 0, 2, 1, 11], [0, 0, 0, 0, 0, 0, 0, 0, 0, 0, 0, 0]]
Fitness:  48.1
Gens:  [0, 1, 2, 3, 4, 5, 6, 7, 8, 9, 10, 11, 12, 13, 14, 15, 16, 17, 18, 19, 20, 21, 22, 23, 24, 25, 26, 27, 28, 29, 30, 31, 32, 33, 34, 35, 36, 37, 38, 39, 40, 41, 42, 43, 44, 45, 46, 47, 48, 49, 50, 51, 52, 53, 54, 55, 56, 57, 58, 59, 60, 61, 62, 63, 64, 65, 66, 67, 68, 69, 70, 71, 72, 73, 74, 75, 76, 77, 78, 79, 80, 81, 82, 83, 84, 85, 86, 87, 88, 89, 90, 91, 92, 93, 94, 95, 96, 97, 98, 99, 100, 101, 102, 103, 104, 105, 106, 107, 108, 109, 110, 111, 112, 113, 114, 115, 116, 117, 118, 119, 120, 121, 122, 123, 124, 125, 126, 127, 128, 129, 130, 131, 132]
Inds:  [49.87499999999999, 49.79999999999999, 49.724999999999994, 49.55, 49.425, 49.37499999999999, 49.074999999999996, 48.87499999999999, 48.87499999999999, 48.87499999999999, 48.824999999999996, 48.824999999999996, 48.824999999999996, 48.824999999999996, 48.699999999999996, 48.699999999999996, 48.625, 48.625, 48.55, 48.5, 48.5, 48.5, 48.449999999999996, 48.449999999999996, 48.449999999999996, 48.35, 48.35, 48.3, 48.3, 48.3, 48.15, 48.1, 48.1, 48.1, 48.1, 48.1, 48.1, 48.1, 48.1, 48.1, 48.1, 48.1, 48.1, 48.1, 48.1, 48.1, 48.1, 48.1, 48.1, 48.1, 48.1, 48.1, 48.1, 48.1, 48.1, 48.1, 48.1, 48.1, 48.1, 48.1, 48.1, 48.1, 48.1, 48.1, 48.1, 48.1, 48.1, 48.1, 48.1, 48.1, 48.1, 48.1, 48.1, 48.1, 48.1, 48.1, 48.1, 48.1, 48.1, 48.1, 48.1, 48.1, 48.1, 48.1, 48.1, 48.1, 48.1, 48.1, 48.1, 48.1, 48.1, 48.1, 48.1, 48.1, 48.1, 48.1, 48.1, 48.1, 48.1, 48.1, 48.1, 48.1, 48.1, 48.1, 48.1, 48.1, 48.1, 48.1, 48.1, 48.1, 48.1, 48.1, 48.1, 48.1, 48.1, 48.1, 48.1, 48.1, 48.1, 48.1, 48.1, 48.1, 48.1, 48.1, 48.1, 48.1, 48.1, 48.1, 48.1, 48.1, 48.1, 48.1, 48.1]

