BRKGA-Heuristic:

Execution 1:
Parametros: P=1000, Pe=0.3, Pm=0.15, pe=0.7, Parada=100
Start Time (hh:mm:ss.ms) 2023-07-17 08:18:10.546487
gen	min    	max    	avg    	std   
0  	353.192	373.223	362.373	2.8831
1  	352.89 	369.093	360.468	2.55136
2  	351.827	368.452	359.692	2.85253
4  	350.05 	369.16 	358.677	3.20249
6  	349.798	369.565	358.214	3.5906 
7  	348.372	368.225	357.78 	3.4692 
13 	347.822	369.878	356.56 	4.01479
16 	347.77 	369.202	355.751	4.17687
18 	347.533	369.17 	355.306	4.29899
21 	346.415	369.088	354.667	4.52884
23 	346.3  	370.255	354.176	4.70433
24 	345.552	368.525	353.78 	4.5434 
25 	345.422	370.212	353.65 	4.796  
27 	343.952	370.79 	352.963	4.85562
30 	343.542	371.292	351.82 	5.20447
32 	342.56 	368.06 	350.851	5.54413
33 	342.08 	368.603	350.152	5.57884
34 	342.05 	368.507	349.788	5.87451
35 	341.593	369.142	349.136	5.8564 
36 	340.162	370.53 	348.549	6.09056
37 	339.963	371.118	348.09 	6.3132 
39 	339.68 	369.638	347.095	6.60921
40 	338.17 	370.14 	346.619	6.92216
44 	336.622	367.657	344.903	7.33976
48 	336.173	368.307	343.524	8.20435
49 	335.617	369.157	343.103	8.20102
50 	334.947	368.76 	342.754	8.23732
52 	334.505	369.197	342.106	8.61827
54 	334.395	370.502	341.435	8.8718 
55 	334.24 	369.337	341.132	8.93604
56 	333.873	369.42 	340.896	9.04388
58 	333.315	370.11 	340.421	9.28405
59 	333.045	368.532	339.991	9.14571
60 	332.912	368.645	339.959	9.46066
61 	332.55 	370.007	339.702	9.65079
62 	332.413	370.66 	339.445	9.79046
63 	331.142	370.61 	339.128	9.69105
69 	330.835	370.052	337.841	10.5143
70 	329.028	369.18 	337.548	10.3831
71 	328.075	369.767	337.377	10.6431
79 	327.927	372.442	335.395	11.4356
81 	327.855	368.712	334.764	11.4497
82 	327.205	368.358	334.555	11.5981
83 	327.095	369.438	334.319	11.7737
84 	326.92 	368.12 	334.068	11.91  
86 	326.335	369.875	333.533	12.1436
88 	325.965	368.877	332.969	12.2722
89 	325.425	370.535	332.738	12.4418
90 	324.703	368.733	332.463	12.4415
93 	324.408	368.992	331.797	12.7397
95 	324.213	370.123	331.378	13.1059
97 	324.18 	372.837	331.017	13.348 
98 	323.918	369.9  	330.671	13.0772
99 	323.903	370.882	330.604	13.3956
100	323.353	370.57 	330.353	13.3243
102	323.293	369.05 	330.028	13.5234
103	323.023	369.07 	329.842	13.627 
104	322.935	369.625	329.635	13.6836
105	322.753	369.385	329.434	13.7437
107	322.665	369.17 	329.14 	13.9032
108	322.468	370.21 	329.022	14.0089
109	322.448	368.848	328.916	14.0347
110	322.328	368.792	328.714	13.8422
112	322.298	372.403	328.662	14.2456
113	322.243	370.707	328.542	14.1768
114	322.173	368.545	328.486	14.2319
115	322.173	368.56 	328.382	14.1115
216	322.173	370.162	328.248	14.5023
End Time (hh:mm:ss.ms) 2023-07-17 08:19:26.830850
Total Time (hh:mm:ss.ms) 0:01:16.284363
Individuo: [[38, 32, 21, 61, 29, 42, 8, 41, 3, 33, 34, 54, 66, 11, 17, 71, 57, 26, 9, 23, 7, 36, 35, 65, 50, 27, 5, 6, 59, 58, 45, 31, 10, 0, 39, 40, 56, 25, 20, 60, 22, 28, 37, 13, 1, 67, 44, 19, 62, 48, 16, 18, 24, 55, 49, 4, 47, 43, 53, 68, 51, 52, 70, 30, 64, 14, 15, 12, 2, 63, 69, 46], [1, 1, 0, 0, 1, 0, 0, 1, 0, 0, 1, 1, 1, 0, 1, 0, 0, 0, 1, 1, 0, 1, 1, 1, 1, 0, 0, 1, 1, 1, 1, 0, 0, 1, 1, 1, 1, 1, 1, 1, 1, 1, 0, 0, 0, 1, 1, 1, 0, 1, 0, 0, 0, 0, 0, 1, 1, 1, 1, 1, 1, 0, 0, 0, 1, 0, 0, 0, 1, 1, 0, 0]]
Fitness:  322.1725000000001
Gens:  [0, 1, 2, 3, 4, 5, 6, 7, 8, 9, 10, 11, 12, 13, 14, 15, 16, 17, 18, 19, 20, 21, 22, 23, 24, 25, 26, 27, 28, 29, 30, 31, 32, 33, 34, 35, 36, 37, 38, 39, 40, 41, 42, 43, 44, 45, 46, 47, 48, 49, 50, 51, 52, 53, 54, 55, 56, 57, 58, 59, 60, 61, 62, 63, 64, 65, 66, 67, 68, 69, 70, 71, 72, 73, 74, 75, 76, 77, 78, 79, 80, 81, 82, 83, 84, 85, 86, 87, 88, 89, 90, 91, 92, 93, 94, 95, 96, 97, 98, 99, 100, 101, 102, 103, 104, 105, 106, 107, 108, 109, 110, 111, 112, 113, 114, 115, 116, 117, 118, 119, 120, 121, 122, 123, 124, 125, 126, 127, 128, 129, 130, 131, 132, 133, 134, 135, 136, 137, 138, 139, 140, 141, 142, 143, 144, 145, 146, 147, 148, 149, 150, 151, 152, 153, 154, 155, 156, 157, 158, 159, 160, 161, 162, 163, 164, 165, 166, 167, 168, 169, 170, 171, 172, 173, 174, 175, 176, 177, 178, 179, 180, 181, 182, 183, 184, 185, 186, 187, 188, 189, 190, 191, 192, 193, 194, 195, 196, 197, 198, 199, 200, 201, 202, 203, 204, 205, 206, 207, 208, 209, 210, 211, 212, 213, 214, 215, 216]
Inds:  [353.19249999999994, 352.89, 351.8274999999999, 351.8274999999999, 350.05, 350.05, 349.7975000000001, 348.3724999999999, 348.3724999999999, 348.3724999999999, 348.3724999999999, 348.3724999999999, 348.3724999999999, 347.8225, 347.8225, 347.8225, 347.77, 347.77, 347.5325, 347.5325, 347.5325, 346.4150000000001, 346.4150000000001, 346.29999999999984, 345.5524999999998, 345.42249999999984, 345.42249999999984, 343.95249999999993, 343.95249999999993, 343.95249999999993, 343.54249999999985, 343.54249999999985, 342.55999999999995, 342.07999999999987, 342.0499999999999, 341.59250000000003, 340.1624999999999, 339.96250000000003, 339.96250000000003, 339.68, 338.17, 338.17, 338.17, 338.17, 336.62249999999995, 336.62249999999995, 336.62249999999995, 336.62249999999995, 336.1725, 335.61749999999995, 334.9475, 334.9475, 334.50499999999994, 334.50499999999994, 334.3949999999999, 334.24000000000007, 333.8725000000001, 333.8725000000001, 333.315, 333.0450000000001, 332.91249999999997, 332.55, 332.4125000000002, 331.1424999999998, 331.1424999999998, 331.1424999999998, 331.1424999999998, 331.1424999999998, 331.1424999999998, 330.8349999999999, 329.0275000000001, 328.07500000000016, 328.07500000000016, 328.07500000000016, 328.07500000000016, 328.07500000000016, 328.07500000000016, 328.07500000000016, 328.07500000000016, 327.92749999999995, 327.92749999999995, 327.85499999999996, 327.2050000000002, 327.095, 326.92, 326.92, 326.3350000000001, 326.3350000000001, 325.96500000000003, 325.425, 324.70250000000004, 324.70250000000004, 324.70250000000004, 324.4075, 324.4075, 324.2125000000001, 324.2125000000001, 324.1800000000001, 323.9175000000001, 323.90250000000003, 323.3525000000001, 323.3525000000001, 323.29250000000013, 323.0225000000001, 322.9350000000001, 322.75250000000017, 322.75250000000017, 322.66500000000013, 322.46750000000014, 322.4475000000001, 322.3275000000001, 322.3275000000001, 322.2975000000001, 322.2425000000002, 322.1725000000002, 322.1725000000001, 322.1725000000001, 322.1725000000001, 322.1725000000001, 322.1725000000001, 322.1725000000001, 322.1725000000001, 322.1725000000001, 322.1725000000001, 322.1725000000001, 322.1725000000001, 322.1725000000001, 322.1725000000001, 322.1725000000001, 322.1725000000001, 322.1725000000001, 322.1725000000001, 322.1725000000001, 322.1725000000001, 322.1725000000001, 322.1725000000001, 322.1725000000001, 322.1725000000001, 322.1725000000001, 322.1725000000001, 322.1725000000001, 322.1725000000001, 322.1725000000001, 322.1725000000001, 322.1725000000001, 322.1725000000001, 322.1725000000001, 322.1725000000001, 322.1725000000001, 322.1725000000001, 322.1725000000001, 322.1725000000001, 322.1725000000001, 322.1725000000001, 322.1725000000001, 322.1725000000001, 322.1725000000001, 322.1725000000001, 322.1725000000001, 322.1725000000001, 322.1725000000001, 322.1725000000001, 322.1725000000001, 322.1725000000001, 322.1725000000001, 322.1725000000001, 322.1725000000001, 322.1725000000001, 322.1725000000001, 322.1725000000001, 322.1725000000001, 322.1725000000001, 322.1725000000001, 322.1725000000001, 322.1725000000001, 322.1725000000001, 322.1725000000001, 322.1725000000001, 322.1725000000001, 322.1725000000001, 322.1725000000001, 322.1725000000001, 322.1725000000001, 322.1725000000001, 322.1725000000001, 322.1725000000001, 322.1725000000001, 322.1725000000001, 322.1725000000001, 322.1725000000001, 322.1725000000001, 322.1725000000001, 322.1725000000001, 322.1725000000001, 322.1725000000001, 322.1725000000001, 322.1725000000001, 322.1725000000001, 322.1725000000001, 322.1725000000001, 322.1725000000001, 322.1725000000001, 322.1725000000001, 322.1725000000001, 322.1725000000001, 322.1725000000001, 322.1725000000001, 322.1725000000001, 322.1725000000001, 322.1725000000001, 322.1725000000001, 322.1725000000001, 322.1725000000001, 322.1725000000001, 322.1725000000001, 322.1725000000001, 322.1725000000001]

Execution 2:
Parametros: P=1000, Pe=0.3, Pm=0.15, pe=0.7, Parada=100
Start Time (hh:mm:ss.ms) 2023-07-17 08:19:28.249852
gen	min    	max  	avg    	std    
0  	354.057	371.1	362.185	2.88967
1  	352.563	369.058	360.343	2.64028
2  	351.662	370.03 	359.737	2.81961
4  	350.727	369.413	358.657	3.13602
5  	349.423	370.603	358.425	3.32919
9  	348.547	368.33 	357.094	3.55086
10 	346.258	369.702	357.151	3.79508
12 	345.37 	369.68 	356.462	3.86874
22 	344.288	369.887	353.551	4.63016
25 	343.645	371.035	352.74 	5.03277
26 	342.49 	369.3  	352.288	5.09203
32 	341.26 	370.752	349.866	5.80379
34 	341.243	370.777	348.921	6.1916 
35 	341.078	369.67 	348.459	6.27934
36 	339.49 	370.923	347.898	6.49832
38 	339.435	367.587	346.711	6.71939
40 	338.69 	370.065	345.86 	7.09054
41 	337.258	370.187	345.47 	7.34051
43 	336.95 	369.178	344.5  	7.73425
44 	336.91 	369.128	344.169	7.76792
46 	336.555	369.305	343.391	8.15649
47 	336.315	369.908	343.049	8.16447
48 	336.228	371.583	342.73 	8.32681
49 	335.63 	370.487	342.437	8.42277
50 	335.393	369.633	342.151	8.62483
51 	335.097	370.545	341.822	8.61633
52 	334.13 	367.338	341.557	8.69647
54 	333.745	369.895	341.075	8.92594
55 	333.49 	371.74 	340.788	9.21313
56 	333.13 	370.327	340.471	9.27095
57 	332.007	369.127	340.13 	9.33409
59 	331.665	369.457	339.562	9.60233
62 	331.06 	370.522	338.747	10.0153
67 	331.005	368.87 	337.585	10.3406
68 	330.782	369.727	337.488	10.5373
69 	330.585	368.91 	337.347	10.6217
70 	330.11 	368.822	337.115	10.6563
72 	329.87 	368.727	336.84 	10.9567
73 	329.673	371.897	336.568	10.9345
74 	328.79 	369.238	336.375	11.0227
79 	328.657	371.373	335.463	11.4992
80 	328.343	369.878	335.224	11.385 
81 	328.22 	371.85 	335.135	11.6213
82 	327.812	368.605	334.896	11.5605
83 	327.27 	370.505	334.705	11.5827
88 	327.158	368.135	333.886	11.9644
89 	326.393	369.555	333.658	11.9818
92 	325.92 	368.93 	333.207	12.251 
93 	325.832	370.093	332.966	12.0795
95 	325.687	370.16 	332.743	12.4987
96 	325.095	369.52 	332.517	12.5211
98 	324.968	368.487	332.159	12.6484
99 	324.855	369.485	332.016	12.7555
100	324.577	369.403	331.791	12.8724
102	324.553	369.532	331.355	12.832 
103	324.162	369.652	331.252	13.0823
105	323.623	368.237	330.857	13.1874
107	323.395	369.367	330.517	13.3614
109	323.278	373.325	330.126	13.4297
110	322.905	371.35 	330.002	13.6206
113	322.838	368.222	329.505	13.6972
114	322.615	369.532	329.388	13.7805
115	322.588	368.853	329.249	13.8045
116	322.53 	370.388	329.155	13.8345
118	322.5  	367.935	328.992	13.927 
120	322.405	369.015	328.89 	14.0839
121	322.375	372.092	328.849	14.1021
122	322.308	368.652	328.696	13.9108
123	322.278	369.295	328.656	13.9742
125	322.238	368.497	328.59 	14.116 
126	322.223	370.825	328.575	14.2698
127	322.098	368.172	328.445	14.1338
129	322.068	371.205	328.396	14.2911
130	321.94 	368.265	328.34 	14.3135
133	321.925	368.697	328.119	14.2248
135	321.915	371.517	328.039	14.2666
136	321.88 	370.655	327.994	14.2564
237	321.88 	370.07 	327.941	14.4525
End Time (hh:mm:ss.ms) 2023-07-17 08:20:51.433848
Total Time (hh:mm:ss.ms) 0:01:23.183996
Individuo: [[38, 63, 8, 31, 3, 41, 2, 59, 6, 50, 64, 14, 12, 15, 45, 58, 28, 20, 24, 47, 49, 53, 18, 17, 37, 23, 11, 1, 13, 39, 40, 56, 9, 16, 51, 52, 48, 70, 10, 30, 66, 33, 54, 34, 22, 60, 71, 57, 26, 68, 4, 25, 55, 43, 0, 62, 44, 19, 67, 65, 7, 35, 21, 27, 36, 5, 32, 42, 61, 29, 69, 46], [0, 0, 0, 0, 1, 0, 0, 0, 1, 0, 0, 0, 1, 1, 0, 0, 1, 0, 1, 1, 1, 1, 1, 0, 1, 1, 1, 1, 1, 1, 1, 1, 1, 1, 0, 0, 0, 0, 1, 1, 0, 0, 0, 1, 0, 0, 0, 0, 0, 0, 1, 0, 1, 0, 0, 0, 1, 1, 1, 0, 0, 0, 0, 1, 1, 0, 0, 1, 1, 1, 0, 0]]
Fitness:  321.8800000000001
Gens:  [0, 1, 2, 3, 4, 5, 6, 7, 8, 9, 10, 11, 12, 13, 14, 15, 16, 17, 18, 19, 20, 21, 22, 23, 24, 25, 26, 27, 28, 29, 30, 31, 32, 33, 34, 35, 36, 37, 38, 39, 40, 41, 42, 43, 44, 45, 46, 47, 48, 49, 50, 51, 52, 53, 54, 55, 56, 57, 58, 59, 60, 61, 62, 63, 64, 65, 66, 67, 68, 69, 70, 71, 72, 73, 74, 75, 76, 77, 78, 79, 80, 81, 82, 83, 84, 85, 86, 87, 88, 89, 90, 91, 92, 93, 94, 95, 96, 97, 98, 99, 100, 101, 102, 103, 104, 105, 106, 107, 108, 109, 110, 111, 112, 113, 114, 115, 116, 117, 118, 119, 120, 121, 122, 123, 124, 125, 126, 127, 128, 129, 130, 131, 132, 133, 134, 135, 136, 137, 138, 139, 140, 141, 142, 143, 144, 145, 146, 147, 148, 149, 150, 151, 152, 153, 154, 155, 156, 157, 158, 159, 160, 161, 162, 163, 164, 165, 166, 167, 168, 169, 170, 171, 172, 173, 174, 175, 176, 177, 178, 179, 180, 181, 182, 183, 184, 185, 186, 187, 188, 189, 190, 191, 192, 193, 194, 195, 196, 197, 198, 199, 200, 201, 202, 203, 204, 205, 206, 207, 208, 209, 210, 211, 212, 213, 214, 215, 216, 217, 218, 219, 220, 221, 222, 223, 224, 225, 226, 227, 228, 229, 230, 231, 232, 233, 234, 235, 236, 237]
Inds:  [354.05749999999995, 352.56250000000006, 351.6624999999998, 351.6624999999998, 350.72749999999996, 349.4225, 349.4225, 349.4225, 349.4225, 348.54749999999996, 346.25750000000005, 346.25750000000005, 345.36999999999995, 345.36999999999995, 345.36999999999995, 345.36999999999995, 345.36999999999995, 345.36999999999995, 345.36999999999995, 345.36999999999995, 345.36999999999995, 345.36999999999995, 344.2875000000002, 344.2875000000002, 344.2875000000002, 343.64499999999987, 342.48999999999984, 342.48999999999984, 342.48999999999984, 342.48999999999984, 342.48999999999984, 342.48999999999984, 341.25999999999993, 341.25999999999993, 341.2425, 341.07750000000004, 339.49, 339.49, 339.435, 339.435, 338.68999999999994, 337.25750000000005, 337.25750000000005, 336.9499999999999, 336.91, 336.91, 336.55499999999995, 336.3149999999999, 336.2275, 335.6299999999999, 335.3925000000001, 335.0974999999998, 334.13000000000005, 334.13000000000005, 333.7450000000001, 333.48999999999995, 333.1299999999999, 332.0075, 332.0075, 331.66499999999996, 331.66499999999996, 331.66499999999996, 331.06, 331.06, 331.06, 331.06, 331.06, 331.0050000000001, 330.78249999999986, 330.58500000000004, 330.11000000000007, 330.11000000000007, 329.87, 329.67250000000007, 328.7900000000001, 328.7900000000001, 328.7900000000001, 328.7900000000001, 328.7900000000001, 328.6574999999999, 328.34250000000003, 328.2200000000002, 327.8125, 327.27000000000004, 327.27000000000004, 327.27000000000004, 327.27000000000004, 327.27000000000004, 327.15750000000014, 326.39250000000015, 326.39250000000015, 326.39250000000015, 325.9200000000001, 325.8325, 325.8325, 325.68749999999994, 325.0950000000001, 325.0950000000001, 324.9675000000001, 324.8550000000001, 324.5775, 324.5775, 324.55250000000007, 324.16249999999997, 324.16249999999997, 323.6225, 323.6225, 323.3950000000001, 323.3950000000001, 323.27750000000003, 322.90500000000014, 322.90500000000014, 322.90500000000014, 322.83750000000015, 322.6150000000001, 322.5875000000001, 322.5300000000001, 322.5300000000001, 322.50000000000006, 322.50000000000006, 322.4050000000001, 322.3750000000001, 322.3075000000002, 322.2775000000001, 322.2775000000001, 322.2375000000001, 322.22250000000014, 322.09750000000014, 322.09750000000014, 322.0675000000001, 321.9400000000001, 321.9400000000001, 321.9400000000001, 321.9250000000001, 321.9250000000001, 321.91500000000013, 321.8800000000001, 321.8800000000001, 321.8800000000001, 321.8800000000001, 321.8800000000001, 321.8800000000001, 321.8800000000001, 321.8800000000001, 321.8800000000001, 321.8800000000001, 321.8800000000001, 321.8800000000001, 321.8800000000001, 321.8800000000001, 321.8800000000001, 321.8800000000001, 321.8800000000001, 321.8800000000001, 321.8800000000001, 321.8800000000001, 321.8800000000001, 321.8800000000001, 321.8800000000001, 321.8800000000001, 321.8800000000001, 321.8800000000001, 321.8800000000001, 321.8800000000001, 321.8800000000001, 321.8800000000001, 321.8800000000001, 321.8800000000001, 321.8800000000001, 321.8800000000001, 321.8800000000001, 321.8800000000001, 321.8800000000001, 321.8800000000001, 321.8800000000001, 321.8800000000001, 321.8800000000001, 321.8800000000001, 321.8800000000001, 321.8800000000001, 321.8800000000001, 321.8800000000001, 321.8800000000001, 321.8800000000001, 321.8800000000001, 321.8800000000001, 321.8800000000001, 321.8800000000001, 321.8800000000001, 321.8800000000001, 321.8800000000001, 321.8800000000001, 321.8800000000001, 321.8800000000001, 321.8800000000001, 321.8800000000001, 321.8800000000001, 321.8800000000001, 321.8800000000001, 321.8800000000001, 321.8800000000001, 321.8800000000001, 321.8800000000001, 321.8800000000001, 321.8800000000001, 321.8800000000001, 321.8800000000001, 321.8800000000001, 321.8800000000001, 321.8800000000001, 321.8800000000001, 321.8800000000001, 321.8800000000001, 321.8800000000001, 321.8800000000001, 321.8800000000001, 321.8800000000001, 321.8800000000001, 321.8800000000001, 321.8800000000001, 321.8800000000001, 321.8800000000001, 321.8800000000001, 321.8800000000001, 321.8800000000001, 321.8800000000001, 321.8800000000001, 321.8800000000001, 321.8800000000001, 321.8800000000001, 321.8800000000001, 321.8800000000001, 321.8800000000001, 321.8800000000001, 321.8800000000001, 321.8800000000001, 321.8800000000001, 321.8800000000001]

Execution 3:
Parametros: P=1000, Pe=0.3, Pm=0.15, pe=0.7, Parada=100
Start Time (hh:mm:ss.ms) 2023-07-17 08:20:52.725848
gen	min   	max    	avg    	std    
0  	353.65	372.055	362.072	2.98284
1  	352.592	369.43 	360.262	2.77587
2  	349.162	369.515	359.373	2.96695
7  	348.342	370.197	357.231	3.59706
8  	346.818	371.892	357.028	3.75491
16 	345.45 	369.483	354.505	4.37396
22 	344.088	369.035	352.675	4.77117
23 	343.873	369.757	352.322	5.00455
27 	342.89 	368.678	351.027	5.35974
28 	340.775	372.275	350.748	5.49583
35 	340.177	368.84 	347.745	6.42555
36 	340.05 	369.917	347.416	6.64778
37 	339.622	369.605	346.931	6.81681
39 	338.65 	370.183	346.018	7.0975 
40 	337.857	369.123	345.735	7.29998
41 	336.78 	370.847	345.29 	7.39619
44 	336.015	369.163	344.178	7.95552
46 	335.11 	369.945	343.315	8.2624 
48 	334.98 	369.787	342.506	8.42686
51 	334.855	370.9  	341.543	8.78945
52 	334.65 	370.125	341.198	8.81954
53 	332.872	370.395	340.944	9.00018
55 	332.622	369.235	340.462	9.37511
56 	332.35 	369.425	340.169	9.46588
58 	331.832	369.03 	339.769	9.67727
61 	330.995	371.437	339.003	9.99958
66 	330.72 	370.592	337.754	10.3608
67 	330.195	371.085	337.53 	10.5025
70 	329.857	368.062	336.788	10.5686
72 	329.78 	370.27 	336.421	10.921 
73 	329.048	370.77 	336.201	11.1816
74 	328.795	370.82 	335.945	11.1846
76 	328.677	368.048	335.398	11.2265
77 	328.265	370.02 	335.194	11.438 
78 	328.045	368.763	334.939	11.4174
79 	328.035	370.007	334.72 	11.6284
80 	327.683	371.767	334.51 	11.7378
81 	326.745	368.812	334.273	11.8229
85 	326.585	368.993	333.418	12.1656
87 	326.09 	368.907	333.004	12.2229
89 	325.758	370.553	332.652	12.2581
90 	325.72 	370.115	332.527	12.4596
92 	325.715	370.028	332.273	12.7251
93 	325.618	368.76 	332.111	12.6446
94 	325.078	369.092	332.061	12.927 
97 	324.86 	369.792	331.628	12.9655
100	324.68 	369.132	331.252	13.0753
101	324.215	370.375	331.163	13.2286
106	324.175	368.55 	330.561	13.4165
107	324.125	368.847	330.431	13.3742
108	323.948	368.33 	330.347	13.4787
109	323.865	368.625	330.232	13.5023
114	323.61 	368.722	329.885	13.6014
116	323.61 	368.49 	329.812	13.661 
120	323.553	370.942	329.717	13.6759
122	323.54 	369.578	329.734	13.7842
123	323.508	371.472	329.606	13.4705
124	323.508	368.985	329.667	13.5845
128	323.495	369.9  	329.402	13.8003
229	323.495	369.168	329.286	13.8306
End Time (hh:mm:ss.ms) 2023-07-17 08:22:13.956789
Total Time (hh:mm:ss.ms) 0:01:21.230941
Individuo: [[2, 38, 32, 29, 61, 21, 50, 64, 67, 19, 57, 26, 56, 39, 55, 40, 53, 43, 51, 52, 37, 23, 28, 22, 54, 9, 16, 34, 10, 45, 58, 3, 59, 30, 48, 11, 62, 7, 65, 44, 27, 6, 14, 31, 60, 20, 4, 68, 47, 24, 25, 49, 17, 70, 66, 33, 71, 18, 0, 13, 1, 35, 5, 36, 15, 8, 41, 12, 42, 63, 69, 46], [0, 1, 1, 1, 1, 1, 0, 0, 0, 0, 0, 0, 0, 0, 0, 1, 0, 0, 0, 0, 0, 1, 0, 1, 0, 1, 1, 1, 0, 0, 0, 0, 0, 1, 1, 1, 1, 0, 0, 1, 1, 0, 0, 0, 0, 0, 0, 0, 0, 0, 0, 0, 0, 0, 0, 0, 1, 0, 0, 0, 0, 0, 1, 0, 0, 1, 1, 1, 0, 0, 0, 0]]
Fitness:  323.4950000000001
Gens:  [0, 1, 2, 3, 4, 5, 6, 7, 8, 9, 10, 11, 12, 13, 14, 15, 16, 17, 18, 19, 20, 21, 22, 23, 24, 25, 26, 27, 28, 29, 30, 31, 32, 33, 34, 35, 36, 37, 38, 39, 40, 41, 42, 43, 44, 45, 46, 47, 48, 49, 50, 51, 52, 53, 54, 55, 56, 57, 58, 59, 60, 61, 62, 63, 64, 65, 66, 67, 68, 69, 70, 71, 72, 73, 74, 75, 76, 77, 78, 79, 80, 81, 82, 83, 84, 85, 86, 87, 88, 89, 90, 91, 92, 93, 94, 95, 96, 97, 98, 99, 100, 101, 102, 103, 104, 105, 106, 107, 108, 109, 110, 111, 112, 113, 114, 115, 116, 117, 118, 119, 120, 121, 122, 123, 124, 125, 126, 127, 128, 129, 130, 131, 132, 133, 134, 135, 136, 137, 138, 139, 140, 141, 142, 143, 144, 145, 146, 147, 148, 149, 150, 151, 152, 153, 154, 155, 156, 157, 158, 159, 160, 161, 162, 163, 164, 165, 166, 167, 168, 169, 170, 171, 172, 173, 174, 175, 176, 177, 178, 179, 180, 181, 182, 183, 184, 185, 186, 187, 188, 189, 190, 191, 192, 193, 194, 195, 196, 197, 198, 199, 200, 201, 202, 203, 204, 205, 206, 207, 208, 209, 210, 211, 212, 213, 214, 215, 216, 217, 218, 219, 220, 221, 222, 223, 224, 225, 226, 227, 228, 229]
Inds:  [353.65000000000003, 352.59249999999986, 349.16249999999997, 349.16249999999997, 349.16249999999997, 349.16249999999997, 349.16249999999997, 348.3425, 346.81750000000005, 346.81750000000005, 346.81750000000005, 346.81750000000005, 346.81750000000005, 346.81750000000005, 346.81750000000005, 346.81750000000005, 345.45000000000016, 345.45000000000016, 345.45000000000016, 345.45000000000016, 345.45000000000016, 345.45000000000016, 344.08750000000003, 343.8725000000001, 343.8725000000001, 343.8725000000001, 343.8725000000001, 342.89, 340.7749999999998, 340.7749999999998, 340.7749999999998, 340.7749999999998, 340.7749999999998, 340.7749999999998, 340.7749999999998, 340.1774999999999, 340.04999999999995, 339.6224999999997, 339.6224999999997, 338.6500000000001, 337.85749999999996, 336.77999999999986, 336.77999999999986, 336.77999999999986, 336.01499999999993, 336.01499999999993, 335.10999999999996, 335.10999999999996, 334.97999999999996, 334.97999999999996, 334.97999999999996, 334.855, 334.65, 332.87249999999995, 332.87249999999995, 332.62249999999995, 332.3499999999999, 332.3499999999999, 331.8324999999999, 331.8324999999999, 331.8324999999999, 330.995, 330.995, 330.995, 330.995, 330.995, 330.71999999999997, 330.1950000000001, 330.1950000000001, 330.1950000000001, 329.85749999999996, 329.85749999999996, 329.7799999999999, 329.04750000000007, 328.7950000000001, 328.7950000000001, 328.67749999999995, 328.2650000000001, 328.045, 328.03499999999997, 327.6825000000001, 326.74500000000006, 326.74500000000006, 326.74500000000006, 326.74500000000006, 326.58500000000004, 326.58500000000004, 326.0900000000001, 326.0900000000001, 325.7575000000001, 325.72, 325.72, 325.71500000000015, 325.61750000000006, 325.07750000000004, 325.07750000000004, 325.07750000000004, 324.86000000000007, 324.86000000000007, 324.86000000000007, 324.68000000000006, 324.2150000000001, 324.2150000000001, 324.2150000000001, 324.2150000000001, 324.2150000000001, 324.1750000000001, 324.1250000000001, 323.9475000000001, 323.86500000000007, 323.86500000000007, 323.86500000000007, 323.86500000000007, 323.86500000000007, 323.6100000000001, 323.6100000000001, 323.61000000000007, 323.61000000000007, 323.61000000000007, 323.61000000000007, 323.55250000000007, 323.55250000000007, 323.54000000000013, 323.50750000000016, 323.5075000000001, 323.5075000000001, 323.5075000000001, 323.5075000000001, 323.4950000000001, 323.4950000000001, 323.4950000000001, 323.4950000000001, 323.4950000000001, 323.4950000000001, 323.4950000000001, 323.4950000000001, 323.4950000000001, 323.4950000000001, 323.4950000000001, 323.4950000000001, 323.4950000000001, 323.4950000000001, 323.4950000000001, 323.4950000000001, 323.4950000000001, 323.4950000000001, 323.4950000000001, 323.4950000000001, 323.4950000000001, 323.4950000000001, 323.4950000000001, 323.4950000000001, 323.4950000000001, 323.4950000000001, 323.4950000000001, 323.4950000000001, 323.4950000000001, 323.4950000000001, 323.4950000000001, 323.4950000000001, 323.4950000000001, 323.4950000000001, 323.4950000000001, 323.4950000000001, 323.4950000000001, 323.4950000000001, 323.4950000000001, 323.4950000000001, 323.4950000000001, 323.4950000000001, 323.4950000000001, 323.4950000000001, 323.4950000000001, 323.4950000000001, 323.4950000000001, 323.4950000000001, 323.4950000000001, 323.4950000000001, 323.4950000000001, 323.4950000000001, 323.4950000000001, 323.4950000000001, 323.4950000000001, 323.4950000000001, 323.4950000000001, 323.4950000000001, 323.4950000000001, 323.4950000000001, 323.4950000000001, 323.4950000000001, 323.4950000000001, 323.4950000000001, 323.4950000000001, 323.4950000000001, 323.4950000000001, 323.4950000000001, 323.4950000000001, 323.4950000000001, 323.4950000000001, 323.4950000000001, 323.4950000000001, 323.4950000000001, 323.4950000000001, 323.4950000000001, 323.4950000000001, 323.4950000000001, 323.4950000000001, 323.4950000000001, 323.4950000000001, 323.4950000000001, 323.4950000000001, 323.4950000000001, 323.4950000000001, 323.4950000000001, 323.4950000000001, 323.4950000000001, 323.4950000000001, 323.4950000000001, 323.4950000000001, 323.4950000000001, 323.4950000000001, 323.4950000000001, 323.4950000000001, 323.4950000000001, 323.4950000000001, 323.4950000000001, 323.4950000000001, 323.4950000000001, 323.4950000000001, 323.4950000000001]

Execution 4:
Parametros: P=1000, Pe=0.3, Pm=0.15, pe=0.7, Parada=100
Start Time (hh:mm:ss.ms) 2023-07-17 08:22:15.232793
gen	min   	max    	avg    	std    
0  	352.45	369.333	362.114	2.94977
2  	352.182	369.665	359.643	2.87447
3  	350.845	370.73 	359.148	3.20794
4  	350.395	367.843	358.477	3.13899
5  	348.602	369.68 	358.179	3.42714
8  	348.022	372.35 	357.52 	3.74971
15 	346.567	371.867	355.795	4.07799
22 	346.377	369.82 	354.408	4.64224
24 	346.155	367.37 	353.792	4.67104
25 	345.907	370.865	353.473	4.80075
26 	344.627	371.003	353.14 	4.82371
27 	344.555	370.395	352.738	4.90551
28 	343.915	368.925	352.361	5.0121 
29 	343.487	369.727	352.143	5.18385
30 	341.082	369.002	351.696	5.24203
35 	340.877	370.332	349.142	6.00106
37 	340.048	371.945	348.096	6.15281
39 	339.595	370.437	347.191	6.91534
40 	339.462	371.705	346.566	6.83518
41 	338.41 	369.53 	346.066	7.09517
42 	337.998	367.318	345.573	7.1695 
44 	337.17 	369.845	344.705	7.54   
45 	335.708	372.232	344.306	7.79809
48 	335.59 	369.987	343.022	8.12747
49 	335.368	369.76 	342.742	8.44243
50 	334.68 	370.485	342.387	8.54903
51 	334.39 	369.422	341.935	8.61678
52 	334.26 	370.69 	341.625	8.82439
53 	333.637	369.972	341.257	8.97461
55 	333.368	369.362	340.54 	9.13689
56 	332.715	370.858	340.175	9.48571
57 	332.525	370.262	339.794	9.54459
58 	331.832	368.615	339.368	9.70122
60 	331    	368.737	338.624	9.89023
61 	330.97 	369.348	338.36 	10.2244
62 	330.418	368.827	337.88 	10.251 
63 	329.803	369.572	337.523	10.3995
64 	329.608	370.845	337.158	10.5397
65 	329.248	368.672	336.865	10.8316
66 	328.665	368.875	336.481	10.876 
68 	327.707	368.68 	335.857	11.0788
73 	327.22 	372.357	334.42 	11.6118
74 	326.265	369.447	334.234	11.8807
78 	325.745	368.815	333.306	12.297 
82 	325.47 	371.317	332.491	12.6214
84 	325.32 	373.693	332.19 	12.842 
85 	325.205	371.11 	331.968	12.7526
87 	324.905	369.105	331.679	12.9457
88 	324.825	369.485	331.46 	12.8855
89 	324.603	369.947	331.286	12.9631
90 	324.493	368.727	331.149	13.0629
92 	324.155	371.905	330.861	13.1921
93 	324.128	372.62 	330.729	13.2304
95 	323.988	370.355	330.488	13.3476
96 	323.693	367.775	330.396	13.3848
98 	323.682	369.31 	330.19 	13.4472
99 	323.635	369.157	330.091	13.4698
101	323.348	368.56 	329.949	13.6035
104	323.323	368.925	329.686	13.6398
105	323.143	370.09 	329.574	13.6229
106	323.04 	368.75 	329.531	13.7365
107	322.81 	368.705	329.481	13.8039
110	322.748	369.785	329.204	13.8154
111	322.633	368.497	329.175	13.9761
113	322.55 	369.853	328.922	13.9621
115	322.525	368.452	328.806	14.0816
116	322.52 	371.328	328.766	14.1766
117	322.515	370.078	328.683	14.1603
119	322.49 	370.015	328.481	13.9982
122	322.485	370.368	328.501	14.2567
123	322.483	368.08 	328.428	14.1019
129	322.478	369.003	328.461	14.2306
135	322.473	370.848	328.415	14.1422
236	322.473	369.288	328.459	14.2955
End Time (hh:mm:ss.ms) 2023-07-17 08:23:38.053806
Total Time (hh:mm:ss.ms) 0:01:22.821013
Individuo: [[2, 12, 41, 15, 36, 35, 7, 19, 25, 56, 53, 24, 47, 4, 55, 39, 40, 43, 0, 49, 26, 22, 54, 48, 11, 28, 71, 20, 18, 9, 13, 51, 52, 16, 23, 33, 66, 70, 64, 14, 31, 10, 30, 34, 57, 60, 68, 17, 37, 44, 65, 67, 1, 62, 58, 45, 3, 59, 50, 42, 63, 8, 6, 27, 5, 21, 61, 69, 29, 32, 38, 46], [0, 0, 0, 1, 1, 1, 1, 1, 1, 1, 1, 1, 1, 1, 1, 1, 1, 0, 0, 0, 1, 1, 0, 0, 0, 0, 1, 0, 1, 1, 1, 0, 0, 0, 1, 1, 1, 0, 1, 0, 0, 0, 1, 1, 0, 0, 0, 0, 0, 1, 1, 0, 0, 0, 1, 1, 0, 0, 1, 0, 0, 0, 0, 0, 0, 0, 0, 1, 0, 0, 0, 0]]
Fitness:  322.47250000000014
Gens:  [0, 1, 2, 3, 4, 5, 6, 7, 8, 9, 10, 11, 12, 13, 14, 15, 16, 17, 18, 19, 20, 21, 22, 23, 24, 25, 26, 27, 28, 29, 30, 31, 32, 33, 34, 35, 36, 37, 38, 39, 40, 41, 42, 43, 44, 45, 46, 47, 48, 49, 50, 51, 52, 53, 54, 55, 56, 57, 58, 59, 60, 61, 62, 63, 64, 65, 66, 67, 68, 69, 70, 71, 72, 73, 74, 75, 76, 77, 78, 79, 80, 81, 82, 83, 84, 85, 86, 87, 88, 89, 90, 91, 92, 93, 94, 95, 96, 97, 98, 99, 100, 101, 102, 103, 104, 105, 106, 107, 108, 109, 110, 111, 112, 113, 114, 115, 116, 117, 118, 119, 120, 121, 122, 123, 124, 125, 126, 127, 128, 129, 130, 131, 132, 133, 134, 135, 136, 137, 138, 139, 140, 141, 142, 143, 144, 145, 146, 147, 148, 149, 150, 151, 152, 153, 154, 155, 156, 157, 158, 159, 160, 161, 162, 163, 164, 165, 166, 167, 168, 169, 170, 171, 172, 173, 174, 175, 176, 177, 178, 179, 180, 181, 182, 183, 184, 185, 186, 187, 188, 189, 190, 191, 192, 193, 194, 195, 196, 197, 198, 199, 200, 201, 202, 203, 204, 205, 206, 207, 208, 209, 210, 211, 212, 213, 214, 215, 216, 217, 218, 219, 220, 221, 222, 223, 224, 225, 226, 227, 228, 229, 230, 231, 232, 233, 234, 235, 236]
Inds:  [352.4499999999998, 352.4499999999998, 352.1824999999998, 350.84499999999997, 350.39500000000004, 348.6024999999999, 348.6024999999999, 348.6024999999999, 348.0225, 348.0225, 348.0225, 348.0225, 348.0225, 348.0225, 348.0225, 346.56749999999994, 346.56749999999994, 346.56749999999994, 346.56749999999994, 346.56749999999994, 346.56749999999994, 346.56749999999994, 346.37749999999994, 346.37749999999994, 346.15499999999986, 345.9074999999999, 344.6275, 344.5549999999999, 343.91499999999996, 343.4874999999998, 341.08249999999987, 341.08249999999987, 341.08249999999987, 341.08249999999987, 341.08249999999987, 340.8774999999999, 340.8774999999999, 340.0475000000001, 340.0475000000001, 339.5949999999999, 339.4624999999999, 338.4100000000001, 337.9975, 337.9975, 337.16999999999996, 335.70750000000015, 335.70750000000015, 335.70750000000015, 335.59, 335.36750000000006, 334.6800000000002, 334.38999999999993, 334.2600000000001, 333.63749999999993, 333.63749999999993, 333.36750000000006, 332.715, 332.52500000000003, 331.8325, 331.8325, 330.99999999999994, 330.97, 330.4175000000001, 329.8025, 329.6075, 329.2475, 328.665, 328.665, 327.7075, 327.7075, 327.7075, 327.7075, 327.7075, 327.21999999999997, 326.26500000000016, 326.26500000000016, 326.26500000000016, 326.26500000000016, 325.745, 325.745, 325.745, 325.745, 325.47, 325.47, 325.32, 325.20500000000015, 325.20500000000015, 324.905, 324.82499999999993, 324.6025000000001, 324.49250000000006, 324.49250000000006, 324.1550000000001, 324.1275000000001, 324.1275000000001, 323.98750000000007, 323.69250000000005, 323.69250000000005, 323.68249999999995, 323.6350000000001, 323.6350000000001, 323.34750000000014, 323.34750000000014, 323.34750000000014, 323.32250000000005, 323.1425000000001, 323.04000000000013, 322.8100000000001, 322.8100000000001, 322.8100000000001, 322.7475000000001, 322.6325000000001, 322.6325000000001, 322.5500000000001, 322.5500000000001, 322.5250000000001, 322.5200000000001, 322.51500000000016, 322.51500000000016, 322.4900000000001, 322.4900000000001, 322.4900000000001, 322.4850000000002, 322.48250000000013, 322.48250000000013, 322.48250000000013, 322.48250000000013, 322.48250000000013, 322.48250000000013, 322.47750000000013, 322.47750000000013, 322.47750000000013, 322.47750000000013, 322.47750000000013, 322.47750000000013, 322.47250000000014, 322.47250000000014, 322.47250000000014, 322.47250000000014, 322.47250000000014, 322.47250000000014, 322.47250000000014, 322.47250000000014, 322.47250000000014, 322.47250000000014, 322.47250000000014, 322.47250000000014, 322.47250000000014, 322.47250000000014, 322.47250000000014, 322.47250000000014, 322.47250000000014, 322.47250000000014, 322.47250000000014, 322.47250000000014, 322.47250000000014, 322.47250000000014, 322.47250000000014, 322.47250000000014, 322.47250000000014, 322.47250000000014, 322.47250000000014, 322.47250000000014, 322.47250000000014, 322.47250000000014, 322.47250000000014, 322.47250000000014, 322.47250000000014, 322.47250000000014, 322.47250000000014, 322.47250000000014, 322.47250000000014, 322.47250000000014, 322.47250000000014, 322.47250000000014, 322.47250000000014, 322.47250000000014, 322.47250000000014, 322.47250000000014, 322.47250000000014, 322.47250000000014, 322.47250000000014, 322.47250000000014, 322.47250000000014, 322.47250000000014, 322.47250000000014, 322.47250000000014, 322.47250000000014, 322.47250000000014, 322.47250000000014, 322.47250000000014, 322.47250000000014, 322.47250000000014, 322.47250000000014, 322.47250000000014, 322.47250000000014, 322.47250000000014, 322.47250000000014, 322.47250000000014, 322.47250000000014, 322.47250000000014, 322.47250000000014, 322.47250000000014, 322.47250000000014, 322.47250000000014, 322.47250000000014, 322.47250000000014, 322.47250000000014, 322.47250000000014, 322.47250000000014, 322.47250000000014, 322.47250000000014, 322.47250000000014, 322.47250000000014, 322.47250000000014, 322.47250000000014, 322.47250000000014, 322.47250000000014, 322.47250000000014, 322.47250000000014, 322.47250000000014, 322.47250000000014, 322.47250000000014, 322.47250000000014, 322.47250000000014, 322.47250000000014, 322.47250000000014, 322.47250000000014, 322.47250000000014, 322.47250000000014, 322.47250000000014, 322.47250000000014, 322.47250000000014, 322.47250000000014, 322.47250000000014, 322.47250000000014, 322.47250000000014]

Execution 5:
Parametros: P=1000, Pe=0.3, Pm=0.15, pe=0.7, Parada=100
Start Time (hh:mm:ss.ms) 2023-07-17 08:23:39.317809
gen	min    	max   	avg    	std   
0  	353.127	370.62	362.228	2.8504
2  	352.767	369.38 	359.764	2.89536
3  	352.52 	369.242	359.264	3.05042
4  	351.16 	371.922	358.666	3.1897 
5  	348.907	368.677	358.292	3.26491
9  	347.91 	370.433	357.275	3.71775
10 	347.267	369.062	356.981	3.8436 
14 	345.91 	369.827	356.009	4.05657
16 	345.872	369.672	355.533	4.24569
18 	345.107	370.565	354.753	4.30689
25 	343.423	371.6  	352.778	4.95937
28 	342.732	371.205	351.748	5.36716
30 	342.66 	371.465	350.837	5.30622
33 	340.29 	371.46 	349.455	5.95484
35 	339.012	368.963	348.13 	6.24487
37 	338.985	370.153	347.127	6.55082
38 	338.57 	370.287	346.59 	6.76607
41 	338.305	369.717	345.066	7.39551
42 	337.698	370.57 	344.636	7.33881
43 	336.097	371.522	344.332	7.75917
46 	335.475	369.653	343.126	8.16845
49 	335.395	370.893	342.231	8.43013
51 	334.325	368.305	341.757	8.84578
53 	334.02 	371.097	341.11 	8.97105
54 	333.953	369.553	340.89 	9.03913
55 	333.94 	369.232	340.657	9.27825
57 	332.952	371.72 	340.046	9.38278
58 	332.828	368.825	339.816	9.41252
59 	332.535	371.145	339.57 	9.65503
61 	332.447	369.777	339.168	9.87508
62 	331.697	369.807	338.914	9.88836
64 	330.878	369.908	338.563	10.1723
68 	330.592	369.71 	337.577	10.4108
69 	330.195	370.263	337.423	10.6706
70 	329.51 	368.278	337.151	10.6693
71 	329.493	369.505	336.947	10.8171
73 	328.765	368.11 	336.363	10.8661
74 	328.015	367.912	336.224	11.2586
79 	327.562	370.06 	334.693	11.6495
80 	327.22 	369.742	334.516	11.7878
82 	326.833	367.835	333.953	11.9086
83 	325.833	368.285	333.728	11.9967
86 	325.803	368.505	333.119	12.2576
88 	325.383	369.883	332.709	12.5112
89 	324.875	371.422	332.526	12.5181
93 	324.828	370.085	331.71 	12.7124
94 	324.38 	367.335	331.474	12.7831
95 	323.913	368.492	331.349	13.0392
97 	323.56 	368.497	330.893	13.123 
100	323.303	369.39 	330.282	13.4091
102	322.768	368.763	329.867	13.5761
107	322.755	369.593	329.236	13.8505
109	322.568	369.375	329.055	14.0217
110	322.45 	369.24 	328.936	14.0231
111	322.308	369.36 	328.797	13.9164
113	322.258	368.78 	328.771	14.2833
114	322.113	370.99 	328.62 	14.1928
117	322.073	368.092	328.433	14.24  
120	322.058	369.82 	328.314	14.336 
121	322.005	370.572	328.285	14.3844
133	321.99 	368.597	328.068	14.4691
234	321.99 	369.8  	328.007	14.3718
End Time (hh:mm:ss.ms) 2023-07-17 08:24:58.075396
Total Time (hh:mm:ss.ms) 0:01:18.757587
Individuo: [[32, 29, 42, 5, 35, 19, 13, 51, 39, 56, 55, 25, 24, 60, 20, 4, 53, 43, 0, 37, 34, 28, 17, 26, 71, 68, 52, 11, 10, 33, 27, 14, 31, 45, 58, 66, 70, 48, 23, 18, 49, 40, 47, 9, 16, 57, 22, 54, 30, 64, 50, 65, 67, 1, 62, 44, 7, 59, 3, 12, 69, 63, 41, 2, 46, 36, 15, 8, 6, 21, 61, 38], [1, 1, 1, 1, 1, 1, 1, 1, 1, 0, 0, 1, 1, 0, 0, 0, 0, 0, 0, 1, 1, 1, 1, 1, 1, 1, 0, 1, 1, 0, 0, 0, 0, 0, 0, 1, 1, 1, 0, 0, 1, 1, 1, 1, 1, 0, 1, 0, 0, 1, 0, 0, 0, 0, 0, 1, 1, 1, 1, 1, 0, 0, 1, 1, 1, 0, 0, 0, 0, 0, 0, 1]]
Fitness:  321.9900000000001
Gens:  [0, 1, 2, 3, 4, 5, 6, 7, 8, 9, 10, 11, 12, 13, 14, 15, 16, 17, 18, 19, 20, 21, 22, 23, 24, 25, 26, 27, 28, 29, 30, 31, 32, 33, 34, 35, 36, 37, 38, 39, 40, 41, 42, 43, 44, 45, 46, 47, 48, 49, 50, 51, 52, 53, 54, 55, 56, 57, 58, 59, 60, 61, 62, 63, 64, 65, 66, 67, 68, 69, 70, 71, 72, 73, 74, 75, 76, 77, 78, 79, 80, 81, 82, 83, 84, 85, 86, 87, 88, 89, 90, 91, 92, 93, 94, 95, 96, 97, 98, 99, 100, 101, 102, 103, 104, 105, 106, 107, 108, 109, 110, 111, 112, 113, 114, 115, 116, 117, 118, 119, 120, 121, 122, 123, 124, 125, 126, 127, 128, 129, 130, 131, 132, 133, 134, 135, 136, 137, 138, 139, 140, 141, 142, 143, 144, 145, 146, 147, 148, 149, 150, 151, 152, 153, 154, 155, 156, 157, 158, 159, 160, 161, 162, 163, 164, 165, 166, 167, 168, 169, 170, 171, 172, 173, 174, 175, 176, 177, 178, 179, 180, 181, 182, 183, 184, 185, 186, 187, 188, 189, 190, 191, 192, 193, 194, 195, 196, 197, 198, 199, 200, 201, 202, 203, 204, 205, 206, 207, 208, 209, 210, 211, 212, 213, 214, 215, 216, 217, 218, 219, 220, 221, 222, 223, 224, 225, 226, 227, 228, 229, 230, 231, 232, 233, 234]
Inds:  [353.1275, 353.1275, 352.7674999999999, 352.51999999999975, 351.1599999999998, 348.90749999999997, 348.90749999999997, 348.90749999999997, 348.90749999999997, 347.9099999999999, 347.26749999999987, 347.26749999999987, 347.26749999999987, 347.26749999999987, 345.90999999999997, 345.90999999999997, 345.87249999999995, 345.87249999999995, 345.10749999999985, 345.10749999999985, 345.10749999999985, 345.10749999999985, 345.10749999999985, 345.10749999999985, 345.10749999999985, 343.4225, 343.4225, 343.4225, 342.7324999999999, 342.7324999999999, 342.6599999999999, 342.6599999999999, 342.6599999999999, 340.29000000000013, 340.29000000000013, 339.01249999999993, 339.01249999999993, 338.98499999999984, 338.56999999999994, 338.56999999999994, 338.56999999999994, 338.305, 337.6975000000001, 336.09749999999997, 336.09749999999997, 336.09749999999997, 335.4749999999999, 335.4749999999999, 335.4749999999999, 335.395, 335.395, 334.325, 334.325, 334.02000000000004, 333.95250000000004, 333.93999999999994, 333.93999999999994, 332.9524999999999, 332.82750000000004, 332.5349999999999, 332.5349999999999, 332.4475, 331.69749999999993, 331.69749999999993, 330.87750000000005, 330.87750000000005, 330.87750000000005, 330.87750000000005, 330.5925, 330.1950000000001, 329.51, 329.4925, 329.4925, 328.76500000000004, 328.01500000000004, 328.01500000000004, 328.01500000000004, 328.01500000000004, 328.01500000000004, 327.5625, 327.22, 327.22, 326.83250000000004, 325.83250000000004, 325.83250000000004, 325.83250000000004, 325.8025000000001, 325.8025000000001, 325.38250000000005, 324.8750000000001, 324.8750000000001, 324.8750000000001, 324.8750000000001, 324.82750000000004, 324.38000000000005, 323.9125000000001, 323.9125000000001, 323.5600000000001, 323.5600000000001, 323.5600000000001, 323.3025000000001, 323.3025000000001, 322.76750000000015, 322.76750000000015, 322.76750000000015, 322.76750000000015, 322.76750000000015, 322.7550000000001, 322.7550000000001, 322.5675000000001, 322.4500000000001, 322.3075000000002, 322.3075000000002, 322.2575000000001, 322.1125000000001, 322.1125000000001, 322.1125000000001, 322.07250000000016, 322.07250000000016, 322.07250000000016, 322.0575000000001, 322.0050000000001, 322.0050000000001, 322.0050000000001, 322.0050000000001, 322.0050000000001, 322.0050000000001, 322.0050000000001, 322.0050000000001, 322.0050000000001, 322.0050000000001, 322.0050000000001, 322.0050000000001, 321.9900000000001, 321.9900000000001, 321.9900000000001, 321.9900000000001, 321.9900000000001, 321.9900000000001, 321.9900000000001, 321.9900000000001, 321.9900000000001, 321.9900000000001, 321.9900000000001, 321.9900000000001, 321.9900000000001, 321.9900000000001, 321.9900000000001, 321.9900000000001, 321.9900000000001, 321.9900000000001, 321.9900000000001, 321.9900000000001, 321.9900000000001, 321.9900000000001, 321.9900000000001, 321.9900000000001, 321.9900000000001, 321.9900000000001, 321.9900000000001, 321.9900000000001, 321.9900000000001, 321.9900000000001, 321.9900000000001, 321.9900000000001, 321.9900000000001, 321.9900000000001, 321.9900000000001, 321.9900000000001, 321.9900000000001, 321.9900000000001, 321.9900000000001, 321.9900000000001, 321.9900000000001, 321.9900000000001, 321.9900000000001, 321.9900000000001, 321.9900000000001, 321.9900000000001, 321.9900000000001, 321.9900000000001, 321.9900000000001, 321.9900000000001, 321.9900000000001, 321.9900000000001, 321.9900000000001, 321.9900000000001, 321.9900000000001, 321.9900000000001, 321.9900000000001, 321.9900000000001, 321.9900000000001, 321.9900000000001, 321.9900000000001, 321.9900000000001, 321.9900000000001, 321.9900000000001, 321.9900000000001, 321.9900000000001, 321.9900000000001, 321.9900000000001, 321.9900000000001, 321.9900000000001, 321.9900000000001, 321.9900000000001, 321.9900000000001, 321.9900000000001, 321.9900000000001, 321.9900000000001, 321.9900000000001, 321.9900000000001, 321.9900000000001, 321.9900000000001, 321.9900000000001, 321.9900000000001, 321.9900000000001, 321.9900000000001, 321.9900000000001, 321.9900000000001, 321.9900000000001, 321.9900000000001, 321.9900000000001, 321.9900000000001, 321.9900000000001, 321.9900000000001, 321.9900000000001, 321.9900000000001, 321.9900000000001, 321.9900000000001, 321.9900000000001, 321.9900000000001, 321.9900000000001, 321.9900000000001, 321.9900000000001, 321.9900000000001]

Execution 6:
Parametros: P=1000, Pe=0.3, Pm=0.15, pe=0.7, Parada=100
Start Time (hh:mm:ss.ms) 2023-07-17 08:24:59.431396
gen	min    	max    	avg   	std    
0  	352.727	371.515	362.19	2.80311
3  	350.655	369.483	359.134	3.09175
6  	350.628	369.372	358.055	3.47374
7  	350.225	371.455	357.673	3.50722
8  	348.392	369.373	357.431	3.64144
9  	347.953	370.117	357.139	3.6865 
12 	346.045	370.308	356.567	4.10104
17 	346.002	371.483	355.101	4.4646 
22 	344.208	371.102	353.405	4.89995
26 	343.913	372.123	351.48 	5.26923
27 	343.14 	369.553	351.106	5.44539
29 	342.48 	368.745	350.091	5.74312
32 	341.177	371.382	348.874	6.20654
33 	340.35 	370.237	348.304	6.19289
34 	339.935	368.017	347.888	6.39429
37 	339.595	369.63 	346.598	6.79252
38 	338.573	370.52 	346.161	6.95596
39 	338.442	368.567	345.818	7.22545
41 	336.782	369.44 	345.1  	7.53145
43 	336.283	369.942	344.392	7.73121
45 	336.167	369.255	343.693	7.97859
48 	335.717	368.233	342.626	8.43027
49 	335.205	369.683	342.328	8.57563
50 	334.29 	370.767	341.927	8.45516
53 	333.675	367.39 	341.109	8.9451 
54 	333.6  	368.98 	340.887	9.05372
55 	333.465	369.965	340.611	9.26155
57 	333.06 	369.878	340.137	9.55262
58 	332.533	371.778	339.838	9.39329
59 	331.518	369.255	339.612	9.73525
65 	331.4  	370.707	338.229	10.144 
66 	330.737	372.112	338.071	10.2821
68 	330.715	369.365	337.578	10.4757
69 	330.23 	369.317	337.376	10.627 
70 	329.72 	369.57 	337.104	10.6843
71 	329.37 	370.36 	336.852	10.657 
75 	329.03 	368.392	336.041	11.253 
76 	328.905	368.278	335.843	11.249 
77 	328.405	372.125	335.601	11.3068
79 	328.082	369.908	335.292	11.5995
80 	327.73 	369.295	335.023	11.6329
82 	327.105	368.562	334.531	11.8455
84 	326.905	369.985	333.97 	11.9602
85 	326.398	369.137	333.629	11.8608
86 	325.583	370.99 	333.471	12.1974
88 	325.488	370.065	332.822	12.2194
89 	325.393	369.84 	332.574	12.3871
91 	325.008	368.88 	332.101	12.7391
92 	324.703	370.06 	331.875	12.86  
94 	324.423	368.577	331.417	13.1373
95 	324.255	368.897	331.051	12.9871
96 	323.788	368.635	330.803	13.0574
97 	323.555	369.492	330.638	13.3071
98 	323.553	368.515	330.432	13.4643
99 	323.502	368.41 	330.222	13.4409
100	323.215	371.545	330.048	13.5475
101	323.213	370.167	329.903	13.6054
102	323.038	368.803	329.706	13.5216
103	322.943	368.83 	329.665	13.8071
104	322.438	368.138	329.463	13.7824
108	322.335	368.042	328.951	14.0294
111	322.333	368.255	328.705	14.1005
113	322.298	371.027	328.504	14.079 
115	322.265	371.03 	328.463	14.2469
117	322.245	367.845	328.346	14.1248
118	322.235	369.285	328.281	14.0419
119	322.228	367.8  	328.308	14.2051
120	322.208	368.8  	328.272	14.218 
121	322.203	369.705	328.242	14.2458
122	322.198	368.365	328.243	14.2908
123	322.188	370.005	328.226	14.2888
224	322.188	373.713	328.167	14.2807
End Time (hh:mm:ss.ms) 2023-07-17 08:26:16.295615
Total Time (hh:mm:ss.ms) 0:01:16.864219
Individuo: [[38, 61, 29, 63, 15, 64, 14, 2, 41, 8, 6, 27, 5, 21, 32, 42, 36, 50, 35, 65, 67, 19, 37, 16, 51, 13, 1, 28, 57, 60, 20, 18, 71, 11, 48, 52, 53, 47, 24, 4, 68, 26, 22, 62, 7, 44, 59, 3, 12, 31, 45, 58, 33, 54, 34, 17, 43, 0, 39, 56, 55, 40, 25, 49, 9, 23, 70, 10, 66, 30, 69, 46], [0, 1, 1, 0, 1, 0, 0, 1, 0, 0, 0, 0, 0, 0, 0, 0, 0, 0, 1, 1, 0, 1, 1, 1, 1, 0, 0, 0, 0, 0, 0, 1, 0, 1, 1, 1, 1, 0, 0, 0, 1, 1, 1, 1, 0, 0, 1, 1, 1, 0, 0, 0, 0, 0, 0, 1, 0, 1, 1, 1, 1, 1, 0, 0, 1, 1, 0, 1, 1, 0, 0, 0]]
Fitness:  322.18750000000017
Gens:  [0, 1, 2, 3, 4, 5, 6, 7, 8, 9, 10, 11, 12, 13, 14, 15, 16, 17, 18, 19, 20, 21, 22, 23, 24, 25, 26, 27, 28, 29, 30, 31, 32, 33, 34, 35, 36, 37, 38, 39, 40, 41, 42, 43, 44, 45, 46, 47, 48, 49, 50, 51, 52, 53, 54, 55, 56, 57, 58, 59, 60, 61, 62, 63, 64, 65, 66, 67, 68, 69, 70, 71, 72, 73, 74, 75, 76, 77, 78, 79, 80, 81, 82, 83, 84, 85, 86, 87, 88, 89, 90, 91, 92, 93, 94, 95, 96, 97, 98, 99, 100, 101, 102, 103, 104, 105, 106, 107, 108, 109, 110, 111, 112, 113, 114, 115, 116, 117, 118, 119, 120, 121, 122, 123, 124, 125, 126, 127, 128, 129, 130, 131, 132, 133, 134, 135, 136, 137, 138, 139, 140, 141, 142, 143, 144, 145, 146, 147, 148, 149, 150, 151, 152, 153, 154, 155, 156, 157, 158, 159, 160, 161, 162, 163, 164, 165, 166, 167, 168, 169, 170, 171, 172, 173, 174, 175, 176, 177, 178, 179, 180, 181, 182, 183, 184, 185, 186, 187, 188, 189, 190, 191, 192, 193, 194, 195, 196, 197, 198, 199, 200, 201, 202, 203, 204, 205, 206, 207, 208, 209, 210, 211, 212, 213, 214, 215, 216, 217, 218, 219, 220, 221, 222, 223, 224]
Inds:  [352.7274999999999, 352.7274999999999, 352.7274999999999, 350.655, 350.655, 350.655, 350.62750000000005, 350.225, 348.39249999999976, 347.95250000000004, 347.95250000000004, 347.95250000000004, 346.04499999999985, 346.04499999999985, 346.04499999999985, 346.04499999999985, 346.04499999999985, 346.00249999999994, 346.00249999999994, 346.00249999999994, 346.00249999999994, 346.00249999999994, 344.20750000000004, 344.20750000000004, 344.20750000000004, 344.20750000000004, 343.9125, 343.1399999999999, 343.1399999999999, 342.4800000000001, 342.4800000000001, 342.4800000000001, 341.1774999999999, 340.3500000000001, 339.935, 339.935, 339.935, 339.595, 338.57250000000005, 338.4425, 338.4425, 336.78249999999986, 336.78249999999986, 336.2825, 336.2825, 336.16749999999985, 336.16749999999985, 336.16749999999985, 335.7174999999999, 335.20499999999987, 334.2900000000001, 334.2900000000001, 334.2900000000001, 333.6750000000001, 333.59999999999997, 333.4649999999999, 333.4649999999999, 333.05999999999995, 332.5325, 331.51750000000004, 331.51750000000004, 331.51750000000004, 331.51750000000004, 331.51750000000004, 331.51750000000004, 331.4, 330.7374999999999, 330.7374999999999, 330.71500000000003, 330.2300000000001, 329.7200000000001, 329.36999999999995, 329.36999999999995, 329.36999999999995, 329.36999999999995, 329.03, 328.905, 328.40500000000003, 328.40500000000003, 328.08249999999987, 327.7299999999999, 327.7299999999999, 327.1050000000001, 327.1050000000001, 326.90500000000014, 326.39750000000004, 325.58250000000004, 325.58250000000004, 325.4875, 325.3925000000001, 325.3925000000001, 325.00750000000005, 324.70250000000004, 324.70250000000004, 324.42250000000007, 324.255, 323.7875000000001, 323.5550000000001, 323.55250000000007, 323.5025, 323.21500000000015, 323.21250000000015, 323.0375000000001, 322.94250000000005, 322.43750000000006, 322.43750000000006, 322.43750000000006, 322.43750000000006, 322.3350000000001, 322.3350000000001, 322.3350000000001, 322.33250000000015, 322.33250000000015, 322.29750000000007, 322.29750000000007, 322.2650000000001, 322.2650000000001, 322.2450000000002, 322.2350000000002, 322.22750000000013, 322.2075000000002, 322.2025000000002, 322.19750000000016, 322.18750000000017, 322.18750000000017, 322.18750000000017, 322.18750000000017, 322.18750000000017, 322.18750000000017, 322.18750000000017, 322.18750000000017, 322.18750000000017, 322.18750000000017, 322.18750000000017, 322.18750000000017, 322.18750000000017, 322.18750000000017, 322.18750000000017, 322.18750000000017, 322.18750000000017, 322.18750000000017, 322.18750000000017, 322.18750000000017, 322.18750000000017, 322.18750000000017, 322.18750000000017, 322.18750000000017, 322.18750000000017, 322.18750000000017, 322.18750000000017, 322.18750000000017, 322.18750000000017, 322.18750000000017, 322.18750000000017, 322.18750000000017, 322.18750000000017, 322.18750000000017, 322.18750000000017, 322.18750000000017, 322.18750000000017, 322.18750000000017, 322.18750000000017, 322.18750000000017, 322.18750000000017, 322.18750000000017, 322.18750000000017, 322.18750000000017, 322.18750000000017, 322.18750000000017, 322.18750000000017, 322.18750000000017, 322.18750000000017, 322.18750000000017, 322.18750000000017, 322.18750000000017, 322.18750000000017, 322.18750000000017, 322.18750000000017, 322.18750000000017, 322.18750000000017, 322.18750000000017, 322.18750000000017, 322.18750000000017, 322.18750000000017, 322.18750000000017, 322.18750000000017, 322.18750000000017, 322.18750000000017, 322.18750000000017, 322.18750000000017, 322.18750000000017, 322.18750000000017, 322.18750000000017, 322.18750000000017, 322.18750000000017, 322.18750000000017, 322.18750000000017, 322.18750000000017, 322.18750000000017, 322.18750000000017, 322.18750000000017, 322.18750000000017, 322.18750000000017, 322.18750000000017, 322.18750000000017, 322.18750000000017, 322.18750000000017, 322.18750000000017, 322.18750000000017, 322.18750000000017, 322.18750000000017, 322.18750000000017, 322.18750000000017, 322.18750000000017, 322.18750000000017, 322.18750000000017, 322.18750000000017, 322.18750000000017, 322.18750000000017, 322.18750000000017, 322.18750000000017, 322.18750000000017, 322.18750000000017, 322.18750000000017, 322.18750000000017]

Execution 7:
Parametros: P=1000, Pe=0.3, Pm=0.15, pe=0.7, Parada=100
Start Time (hh:mm:ss.ms) 2023-07-17 08:26:17.697617
gen	min    	max   	avg    	std    
0  	353.357	371.22	362.167	2.98549
1  	352.94 	370.817	360.397	2.90917
2  	349.727	368.355	359.404	2.89781
7  	349.715	369.447	357.357	3.53219
8  	349.145	370.36 	357.238	3.8615 
9  	349.122	370.045	356.843	3.80837
10 	346.623	369.44 	356.548	3.87387
17 	346.5  	369.673	354.823	4.41716
20 	346.223	370.112	353.816	4.60163
21 	345.385	370.75 	353.341	4.76036
22 	345.315	367.673	352.824	4.79454
23 	344.035	369.558	352.282	4.89163
24 	343.98 	368.688	351.741	5.01241
25 	340.912	371.112	351.365	5.27371
29 	339.89 	369.755	349.361	5.97687
30 	339.527	368.115	348.793	6.08052
35 	338.478	369.725	346.527	6.73679
37 	338.325	370.33 	345.749	7.10124
38 	337.267	368.988	345.381	7.32112
42 	336.215	369.913	344.051	7.86854
43 	335.91 	368.452	343.787	7.98964
45 	334.81 	369.592	343.052	8.31027
46 	334.142	369.248	342.692	8.5261 
50 	333.512	369.917	341.357	8.98823
52 	333.447	371.073	340.671	9.06543
55 	333.025	369.52 	339.922	9.35701
56 	332.358	370.815	339.771	9.67519
60 	332.147	368.705	338.668	9.96628
61 	330.828	369.25 	338.559	10.197 
64 	330.78 	373.375	337.765	10.4412
65 	330.415	368.195	337.434	10.522 
66 	330.347	368.83 	337.171	10.5338
67 	329.5  	368.293	336.926	10.734 
68 	329.255	368.147	336.657	10.7319
70 	329.177	369.817	336.207	11.0779
71 	328.9  	372.49 	335.958	11.1111
72 	327.77 	369.752	335.723	11.244 
74 	326.643	368.723	335.263	11.4467
79 	326.64 	368.268	333.9  	11.9955
80 	325.985	368.765	333.608	11.9941
82 	325.647	371.055	333.155	12.3553
83 	325.532	369.163	332.88 	12.4139
84 	325.04 	368.87 	332.576	12.4705
85 	324.778	368.043	332.266	12.5431
88 	324.428	370.77 	331.503	12.8589
90 	324.122	369.635	331.104	13.1084
91 	324.027	372.087	330.972	13.2956
92 	323.965	371.98 	330.766	13.2903
93 	323.895	368.685	330.577	13.3632
94 	323.678	370.76 	330.461	13.4504
95 	323.36 	369.623	330.239	13.4182
96 	323.342	370.475	330.081	13.5549
97 	322.782	370.727	329.942	13.6704
100	322.683	369.893	329.454	13.8917
102	322.56 	369.677	329.182	14.0335
103	322.55 	369.853	329.011	13.9578
104	322.152	370.592	328.886	13.9837
110	322.105	369.182	328.452	14.2071
112	322.067	372.825	328.349	14.246 
113	322.05 	370.433	328.289	14.1805
114	321.998	370.465	328.27 	14.2591
115	321.965	369.683	328.247	14.3185
120	321.945	370.342	328.029	14.367 
123	321.945	368.63 	327.945	14.2812
129	321.945	369.613	327.959	14.2808
230	321.945	370.032	328.033	14.5386
End Time (hh:mm:ss.ms) 2023-07-17 08:27:39.486253
Total Time (hh:mm:ss.ms) 0:01:21.788636
Individuo: [[46, 2, 12, 8, 27, 63, 42, 6, 66, 70, 11, 23, 48, 62, 1, 7, 35, 5, 36, 50, 64, 30, 14, 58, 59, 15, 41, 3, 45, 31, 65, 44, 19, 67, 28, 54, 22, 57, 60, 71, 68, 47, 40, 56, 55, 25, 17, 0, 43, 39, 24, 4, 20, 26, 9, 18, 53, 49, 16, 52, 13, 51, 37, 34, 33, 10, 21, 29, 61, 32, 38, 69], [0, 0, 1, 0, 0, 1, 1, 0, 1, 1, 0, 0, 0, 1, 0, 0, 0, 1, 0, 0, 0, 0, 0, 1, 0, 0, 1, 0, 1, 1, 0, 1, 1, 1, 0, 0, 0, 0, 0, 1, 0, 0, 0, 1, 1, 0, 0, 1, 1, 1, 1, 1, 1, 0, 0, 0, 0, 0, 1, 1, 1, 0, 1, 1, 1, 0, 0, 1, 1, 0, 0, 0]]
Fitness:  321.94499999999994
Gens:  [0, 1, 2, 3, 4, 5, 6, 7, 8, 9, 10, 11, 12, 13, 14, 15, 16, 17, 18, 19, 20, 21, 22, 23, 24, 25, 26, 27, 28, 29, 30, 31, 32, 33, 34, 35, 36, 37, 38, 39, 40, 41, 42, 43, 44, 45, 46, 47, 48, 49, 50, 51, 52, 53, 54, 55, 56, 57, 58, 59, 60, 61, 62, 63, 64, 65, 66, 67, 68, 69, 70, 71, 72, 73, 74, 75, 76, 77, 78, 79, 80, 81, 82, 83, 84, 85, 86, 87, 88, 89, 90, 91, 92, 93, 94, 95, 96, 97, 98, 99, 100, 101, 102, 103, 104, 105, 106, 107, 108, 109, 110, 111, 112, 113, 114, 115, 116, 117, 118, 119, 120, 121, 122, 123, 124, 125, 126, 127, 128, 129, 130, 131, 132, 133, 134, 135, 136, 137, 138, 139, 140, 141, 142, 143, 144, 145, 146, 147, 148, 149, 150, 151, 152, 153, 154, 155, 156, 157, 158, 159, 160, 161, 162, 163, 164, 165, 166, 167, 168, 169, 170, 171, 172, 173, 174, 175, 176, 177, 178, 179, 180, 181, 182, 183, 184, 185, 186, 187, 188, 189, 190, 191, 192, 193, 194, 195, 196, 197, 198, 199, 200, 201, 202, 203, 204, 205, 206, 207, 208, 209, 210, 211, 212, 213, 214, 215, 216, 217, 218, 219, 220, 221, 222, 223, 224, 225, 226, 227, 228, 229, 230]
Inds:  [353.3574999999999, 352.9399999999999, 349.72749999999996, 349.72749999999996, 349.72749999999996, 349.72749999999996, 349.72749999999996, 349.71500000000015, 349.1449999999999, 349.12249999999983, 346.62250000000006, 346.62250000000006, 346.62250000000006, 346.62250000000006, 346.62250000000006, 346.62250000000006, 346.62250000000006, 346.5, 346.5, 346.5, 346.22250000000014, 345.38499999999993, 345.315, 344.0349999999999, 343.9799999999999, 340.91249999999985, 340.91249999999985, 340.91249999999985, 340.91249999999985, 339.89000000000016, 339.5274999999998, 339.5274999999998, 339.5274999999998, 339.5274999999998, 339.5274999999998, 338.4775000000001, 338.4775000000001, 338.325, 337.2674999999999, 337.2674999999999, 337.2674999999999, 337.2674999999999, 336.215, 335.90999999999997, 335.90999999999997, 334.81, 334.14249999999987, 334.14249999999987, 334.14249999999987, 334.14249999999987, 333.5124999999999, 333.5124999999999, 333.44749999999993, 333.44749999999993, 333.44749999999993, 333.0249999999999, 332.3575, 332.3575, 332.3575, 332.3575, 332.1474999999998, 330.82750000000004, 330.82750000000004, 330.82750000000004, 330.7799999999999, 330.4149999999999, 330.3474999999999, 329.49999999999994, 329.25500000000005, 329.25500000000005, 329.17749999999984, 328.8999999999999, 327.7699999999999, 327.7699999999999, 326.64250000000004, 326.64250000000004, 326.64250000000004, 326.64250000000004, 326.64250000000004, 326.64000000000004, 325.985, 325.985, 325.6475, 325.5324999999999, 325.04, 324.77750000000003, 324.77750000000003, 324.77750000000003, 324.4275, 324.4275, 324.12249999999995, 324.0275, 323.965, 323.895, 323.6775, 323.36, 323.3425, 322.78249999999997, 322.78249999999997, 322.78249999999997, 322.6825, 322.6825, 322.56, 322.55, 322.1525, 322.1525, 322.1525, 322.1525, 322.1525, 322.1525, 322.105, 322.105, 322.0675, 322.05, 321.9975, 321.965, 321.965, 321.965, 321.965, 321.965, 321.94500000000005, 321.94500000000005, 321.94500000000005, 321.945, 321.945, 321.945, 321.945, 321.945, 321.945, 321.94499999999994, 321.94499999999994, 321.94499999999994, 321.94499999999994, 321.94499999999994, 321.94499999999994, 321.94499999999994, 321.94499999999994, 321.94499999999994, 321.94499999999994, 321.94499999999994, 321.94499999999994, 321.94499999999994, 321.94499999999994, 321.94499999999994, 321.94499999999994, 321.94499999999994, 321.94499999999994, 321.94499999999994, 321.94499999999994, 321.94499999999994, 321.94499999999994, 321.94499999999994, 321.94499999999994, 321.94499999999994, 321.94499999999994, 321.94499999999994, 321.94499999999994, 321.94499999999994, 321.94499999999994, 321.94499999999994, 321.94499999999994, 321.94499999999994, 321.94499999999994, 321.94499999999994, 321.94499999999994, 321.94499999999994, 321.94499999999994, 321.94499999999994, 321.94499999999994, 321.94499999999994, 321.94499999999994, 321.94499999999994, 321.94499999999994, 321.94499999999994, 321.94499999999994, 321.94499999999994, 321.94499999999994, 321.94499999999994, 321.94499999999994, 321.94499999999994, 321.94499999999994, 321.94499999999994, 321.94499999999994, 321.94499999999994, 321.94499999999994, 321.94499999999994, 321.94499999999994, 321.94499999999994, 321.94499999999994, 321.94499999999994, 321.94499999999994, 321.94499999999994, 321.94499999999994, 321.94499999999994, 321.94499999999994, 321.94499999999994, 321.94499999999994, 321.94499999999994, 321.94499999999994, 321.94499999999994, 321.94499999999994, 321.94499999999994, 321.94499999999994, 321.94499999999994, 321.94499999999994, 321.94499999999994, 321.94499999999994, 321.94499999999994, 321.94499999999994, 321.94499999999994, 321.94499999999994, 321.94499999999994, 321.94499999999994, 321.94499999999994, 321.94499999999994, 321.94499999999994, 321.94499999999994, 321.94499999999994, 321.94499999999994, 321.94499999999994, 321.94499999999994, 321.94499999999994, 321.94499999999994, 321.94499999999994, 321.94499999999994, 321.94499999999994, 321.94499999999994, 321.94499999999994, 321.94499999999994, 321.94499999999994, 321.94499999999994]

Execution 8:
Parametros: P=1000, Pe=0.3, Pm=0.15, pe=0.7, Parada=100
Start Time (hh:mm:ss.ms) 2023-07-17 08:27:40.807253
gen	min    	max   	avg    	std    
0  	351.035	370.16	362.188	2.85468
3  	350.122	369.25 	359.265	3.0745 
4  	349.565	371.085	358.777	3.24989
7  	349.548	369.37 	357.587	3.42785
8  	349.392	371.333	357.516	3.69069
11 	349.163	370.433	356.54 	3.84134
13 	347.782	370.34 	356.083	4.01471
14 	347.467	368.185	355.98 	4.13158
15 	346.45 	369.028	355.659	4.13643
19 	346.34 	372.057	354.701	4.5188 
20 	346.323	370.738	354.571	4.52591
21 	345.205	369.175	354.282	4.45846
25 	344.96 	368.388	353.291	4.80491
28 	344.665	369.088	352.379	5.06458
29 	342.973	368.973	351.916	5.22316
33 	341.582	368.942	350.018	5.70619
34 	340.367	368.985	349.576	5.90861
36 	339.977	368.94 	348.543	6.29467
37 	339.275	371.282	347.88 	6.39851
38 	339.067	370.795	347.209	6.67989
41 	337.895	369.203	345.424	7.45722
43 	337.517	369.237	344.319	7.60909
44 	336.647	368.307	343.879	7.88488
45 	336.62 	369.69 	343.495	8.11381
46 	335.692	368.085	343.043	8.07876
48 	335.02 	370.205	342.289	8.69491
49 	334.372	368.428	341.723	8.51351
50 	334.345	367.398	341.51 	8.77562
52 	333.942	368.885	340.941	9.08624
53 	333.778	370.067	340.623	9.179  
54 	332.952	368.115	340.302	9.29019
56 	332.673	370.583	339.774	9.47937
57 	332.288	368.25 	339.585	9.66164
58 	332.225	367.442	339.295	9.60148
59 	332.197	370.455	339.08 	9.79171
62 	331.665	369.36 	338.408	10.0795
63 	331.627	367.93 	338.169	10.1201
64 	331.552	370.007	337.985	10.2612
65 	331.143	370.085	337.79 	10.3051
67 	330.502	369.522	337.474	10.5341
69 	330.295	368.67 	337.096	10.5383
71 	329.643	370.095	336.707	10.7417
72 	329.265	370.832	336.505	10.8909
76 	329.1  	368.693	335.707	11.2532
77 	328.188	370.083	335.534	11.3112
80 	327.905	369.382	334.964	11.4811
83 	327.473	370.203	334.403	11.8655
84 	327.19 	369.973	334.117	11.7604
86 	326.553	369.802	333.721	11.9787
88 	326.49 	369.288	333.287	12.1783
89 	326.347	369.683	333.128	12.377 
90 	326.23 	368.385	332.874	12.2809
91 	326.207	370.302	332.772	12.5225
92 	325.76 	369.343	332.568	12.497 
93 	325.72 	369.672	332.385	12.5739
94 	325.655	370.172	332.247	12.7235
95 	325.21 	369.292	332.068	12.7563
97 	325.073	374.742	331.728	12.9163
98 	324.995	368.2  	331.535	12.868 
99 	324.66 	371.21 	331.413	12.9938
100	324.478	367.405	331.207	12.9571
101	324.355	370.255	331.089	13.0878
102	323.977	369.715	330.921	13.1747
105	323.83 	371.652	330.522	13.5553
107	323.71 	369.675	330.134	13.4806
108	323.683	368.848	330.031	13.5645
109	323.65 	368.612	329.912	13.5544
110	323.54 	370.172	329.815	13.5685
111	323.505	373.5  	329.76 	13.6584
113	323.4  	371.517	329.611	13.7322
114	323.375	369.555	329.553	13.7444
117	323.358	369.495	329.431	13.9533
218	323.358	371.317	329.191	13.9503
End Time (hh:mm:ss.ms) 2023-07-17 08:29:00.204968
Total Time (hh:mm:ss.ms) 0:01:19.397715
Individuo: [[32, 21, 61, 29, 8, 63, 38, 42, 69, 2, 41, 5, 35, 27, 6, 50, 14, 31, 58, 66, 67, 1, 16, 56, 39, 0, 51, 37, 23, 70, 45, 3, 59, 36, 7, 44, 62, 52, 68, 18, 47, 4, 60, 48, 11, 34, 22, 54, 57, 26, 53, 40, 24, 25, 55, 43, 49, 17, 28, 71, 20, 9, 13, 19, 65, 64, 33, 10, 30, 15, 12, 46], [1, 0, 0, 1, 1, 1, 1, 0, 0, 0, 0, 0, 1, 1, 1, 0, 0, 0, 0, 1, 0, 1, 0, 0, 0, 0, 0, 1, 1, 0, 1, 0, 0, 1, 1, 0, 1, 1, 1, 0, 0, 0, 1, 0, 0, 1, 1, 0, 1, 0, 0, 1, 1, 0, 1, 1, 0, 0, 0, 1, 1, 1, 0, 0, 1, 1, 1, 0, 0, 0, 0, 1]]
Fitness:  323.3575
Gens:  [0, 1, 2, 3, 4, 5, 6, 7, 8, 9, 10, 11, 12, 13, 14, 15, 16, 17, 18, 19, 20, 21, 22, 23, 24, 25, 26, 27, 28, 29, 30, 31, 32, 33, 34, 35, 36, 37, 38, 39, 40, 41, 42, 43, 44, 45, 46, 47, 48, 49, 50, 51, 52, 53, 54, 55, 56, 57, 58, 59, 60, 61, 62, 63, 64, 65, 66, 67, 68, 69, 70, 71, 72, 73, 74, 75, 76, 77, 78, 79, 80, 81, 82, 83, 84, 85, 86, 87, 88, 89, 90, 91, 92, 93, 94, 95, 96, 97, 98, 99, 100, 101, 102, 103, 104, 105, 106, 107, 108, 109, 110, 111, 112, 113, 114, 115, 116, 117, 118, 119, 120, 121, 122, 123, 124, 125, 126, 127, 128, 129, 130, 131, 132, 133, 134, 135, 136, 137, 138, 139, 140, 141, 142, 143, 144, 145, 146, 147, 148, 149, 150, 151, 152, 153, 154, 155, 156, 157, 158, 159, 160, 161, 162, 163, 164, 165, 166, 167, 168, 169, 170, 171, 172, 173, 174, 175, 176, 177, 178, 179, 180, 181, 182, 183, 184, 185, 186, 187, 188, 189, 190, 191, 192, 193, 194, 195, 196, 197, 198, 199, 200, 201, 202, 203, 204, 205, 206, 207, 208, 209, 210, 211, 212, 213, 214, 215, 216, 217, 218]
Inds:  [351.0350000000001, 351.0350000000001, 351.0350000000001, 350.1224999999999, 349.565, 349.565, 349.565, 349.5475, 349.3925, 349.3925, 349.3925, 349.1625, 349.1625, 347.78249999999997, 347.4675, 346.44999999999993, 346.44999999999993, 346.44999999999993, 346.44999999999993, 346.34, 346.3225000000001, 345.2049999999999, 345.2049999999999, 345.2049999999999, 345.2049999999999, 344.9599999999999, 344.9599999999999, 344.9599999999999, 344.6649999999998, 342.9725, 342.9725, 342.9725, 342.9725, 341.58249999999987, 340.36749999999995, 340.36749999999995, 339.9774999999999, 339.27500000000003, 339.06749999999994, 339.06749999999994, 339.06749999999994, 337.8949999999999, 337.8949999999999, 337.5175, 336.6474999999999, 336.61999999999995, 335.69249999999994, 335.69249999999994, 335.01999999999987, 334.37249999999995, 334.345, 334.345, 333.9424999999999, 333.7775000000001, 332.9524999999999, 332.9524999999999, 332.6725, 332.2875000000001, 332.225, 332.1975, 332.1975, 332.1975, 331.6649999999999, 331.6274999999999, 331.55249999999995, 331.1425000000001, 331.1425000000001, 330.5025, 330.5025, 330.29499999999996, 330.29499999999996, 329.64250000000004, 329.265, 329.265, 329.265, 329.265, 329.09999999999997, 328.18750000000017, 328.18750000000017, 328.18750000000017, 327.905, 327.905, 327.905, 327.4725000000001, 327.1900000000001, 327.1900000000001, 326.5525000000001, 326.5525000000001, 326.4900000000001, 326.34749999999997, 326.2300000000001, 326.2075, 325.76, 325.71999999999986, 325.65500000000014, 325.21, 325.21, 325.0725000000001, 324.9950000000001, 324.66, 324.4775000000001, 324.355, 323.9774999999999, 323.9774999999999, 323.9774999999999, 323.83000000000015, 323.83000000000015, 323.7100000000001, 323.68250000000006, 323.65000000000003, 323.54, 323.5050000000001, 323.5050000000001, 323.40000000000003, 323.37500000000006, 323.37500000000006, 323.37500000000006, 323.3575, 323.3575, 323.3575, 323.3575, 323.3575, 323.3575, 323.3575, 323.3575, 323.3575, 323.3575, 323.3575, 323.3575, 323.3575, 323.3575, 323.3575, 323.3575, 323.3575, 323.3575, 323.3575, 323.3575, 323.3575, 323.3575, 323.3575, 323.3575, 323.3575, 323.3575, 323.3575, 323.3575, 323.3575, 323.3575, 323.3575, 323.3575, 323.3575, 323.3575, 323.3575, 323.3575, 323.3575, 323.3575, 323.3575, 323.3575, 323.3575, 323.3575, 323.3575, 323.3575, 323.3575, 323.3575, 323.3575, 323.3575, 323.3575, 323.3575, 323.3575, 323.3575, 323.3575, 323.3575, 323.3575, 323.3575, 323.3575, 323.3575, 323.3575, 323.3575, 323.3575, 323.3575, 323.3575, 323.3575, 323.3575, 323.3575, 323.3575, 323.3575, 323.3575, 323.3575, 323.3575, 323.3575, 323.3575, 323.3575, 323.3575, 323.3575, 323.3575, 323.3575, 323.3575, 323.3575, 323.3575, 323.3575, 323.3575, 323.3575, 323.3575, 323.3575, 323.3575, 323.3575, 323.3575, 323.3575, 323.3575, 323.3575, 323.3575, 323.3575, 323.3575, 323.3575, 323.3575, 323.3575, 323.3575, 323.3575, 323.3575, 323.3575]

Execution 9:
Parametros: P=1000, Pe=0.3, Pm=0.15, pe=0.7, Parada=100
Start Time (hh:mm:ss.ms) 2023-07-17 08:29:01.752002
gen	min   	max    	avg    	std    
0  	352.71	370.945	362.207	2.85597
1  	352.022	370.787	360.339	2.73444
2  	351.468	370.242	359.481	3.03752
4  	349.83 	368.982	358.596	3.23126
8  	347.397	370.085	357.352	3.58155
15 	347.31 	371.907	355.802	4.2199 
20 	345.707	368.325	354.661	4.45611
23 	344.87 	372.205	353.701	4.68647
27 	343.92 	367.618	352.457	5.02849
29 	343.887	369.757	351.689	5.15294
30 	342.972	369.098	351.147	5.37859
31 	340.772	369.9  	350.803	5.48509
36 	340.38 	370.305	348.489	6.01044
38 	338.757	368.43 	347.449	6.42379
42 	337.835	369.962	345.682	7.29315
44 	337.565	369.493	344.763	7.56132
45 	336.142	369.565	344.353	7.60731
47 	336.065	367.545	343.568	7.96974
48 	335.33 	370.51 	343.221	8.18843
51 	334.902	369.627	342.227	8.48685
54 	334.695	369.53 	341.277	8.7736 
55 	334.485	370.007	341.049	9.17006
56 	334.15 	369.913	340.744	9.20165
57 	334.075	370.88 	340.415	9.24287
58 	333.122	370.295	340.1  	9.31792
60 	332.942	368.315	339.625	9.62627
61 	332.248	370.61 	339.344	9.76713
62 	332.162	371.55 	339.05 	9.89025
64 	331.173	368.05 	338.424	9.92446
65 	331.117	371.352	338.261	10.215 
66 	331.04 	367.867	337.964	10.2475
67 	330.615	368.56 	337.761	10.3733
70 	330.227	369.342	337.087	10.5157
72 	330.2  	368.785	336.653	10.5965
73 	329.993	368.032	336.558	10.9233
74 	329.987	371.39 	336.363	10.9401
75 	329.647	370.098	336.215	11.0606
76 	329.49 	369.57 	336.084	11.2353
77 	329.41 	369.502	335.811	11.0015
78 	328.978	368.845	335.674	11.121 
79 	328.652	369.33 	335.466	11.2255
82 	328.147	369.442	334.947	11.5729
83 	327.168	368.565	334.835	11.7674
90 	327.09 	368.883	333.548	12.0951
91 	326.925	370.542	333.315	12.108 
92 	326.69 	368.737	333.165	12.2718
93 	326.123	368.1  	332.945	12.2332
94 	326.03 	369.508	332.906	12.5307
97 	325.863	369.428	332.391	12.616 
98 	325.66 	369.553	332.174	12.5855
100	325.53 	370.178	331.918	12.7923
101	325.188	369.115	331.78 	12.8785
103	325.163	369.652	331.489	12.8575
104	325.023	369.215	331.42 	12.9606
106	324.78 	369.07 	331.119	12.8942
107	324.73 	370.217	331.048	13.0899
108	324.633	369.317	330.915	13.0571
109	324.575	369.927	330.889	13.302 
110	324.543	368.762	330.761	13.2918
111	324.38 	369.257	330.583	13.1447
112	324.27 	369.312	330.557	13.3822
114	324.202	369.885	330.383	13.4375
115	324.1  	368.718	330.255	13.4624
116	323.96 	371.363	330.14 	13.4239
117	323.96 	370.257	330.095	13.581 
120	323.955	369.192	329.895	13.7896
221	323.955	371.92 	329.724	13.7843
End Time (hh:mm:ss.ms) 2023-07-17 08:30:19.231608
Total Time (hh:mm:ss.ms) 0:01:17.479606
Individuo: [[32, 35, 62, 11, 9, 47, 4, 55, 51, 0, 43, 56, 24, 40, 39, 53, 49, 25, 68, 71, 57, 54, 58, 3, 69, 41, 2, 27, 5, 15, 59, 31, 45, 10, 64, 14, 70, 44, 19, 1, 13, 52, 67, 7, 65, 34, 48, 23, 16, 37, 28, 26, 60, 22, 20, 18, 17, 33, 66, 30, 50, 36, 6, 12, 8, 63, 38, 29, 61, 21, 42, 46], [1, 1, 0, 0, 0, 0, 0, 1, 0, 1, 1, 0, 0, 0, 0, 1, 1, 1, 1, 0, 0, 1, 1, 1, 1, 1, 1, 0, 1, 1, 1, 0, 0, 0, 1, 1, 1, 1, 1, 1, 1, 0, 0, 0, 1, 0, 0, 0, 1, 1, 0, 0, 1, 1, 0, 1, 0, 1, 1, 0, 1, 1, 1, 1, 1, 1, 1, 0, 1, 0, 0, 0]]
Fitness:  323.95500000000004
Gens:  [0, 1, 2, 3, 4, 5, 6, 7, 8, 9, 10, 11, 12, 13, 14, 15, 16, 17, 18, 19, 20, 21, 22, 23, 24, 25, 26, 27, 28, 29, 30, 31, 32, 33, 34, 35, 36, 37, 38, 39, 40, 41, 42, 43, 44, 45, 46, 47, 48, 49, 50, 51, 52, 53, 54, 55, 56, 57, 58, 59, 60, 61, 62, 63, 64, 65, 66, 67, 68, 69, 70, 71, 72, 73, 74, 75, 76, 77, 78, 79, 80, 81, 82, 83, 84, 85, 86, 87, 88, 89, 90, 91, 92, 93, 94, 95, 96, 97, 98, 99, 100, 101, 102, 103, 104, 105, 106, 107, 108, 109, 110, 111, 112, 113, 114, 115, 116, 117, 118, 119, 120, 121, 122, 123, 124, 125, 126, 127, 128, 129, 130, 131, 132, 133, 134, 135, 136, 137, 138, 139, 140, 141, 142, 143, 144, 145, 146, 147, 148, 149, 150, 151, 152, 153, 154, 155, 156, 157, 158, 159, 160, 161, 162, 163, 164, 165, 166, 167, 168, 169, 170, 171, 172, 173, 174, 175, 176, 177, 178, 179, 180, 181, 182, 183, 184, 185, 186, 187, 188, 189, 190, 191, 192, 193, 194, 195, 196, 197, 198, 199, 200, 201, 202, 203, 204, 205, 206, 207, 208, 209, 210, 211, 212, 213, 214, 215, 216, 217, 218, 219, 220, 221]
Inds:  [352.7099999999999, 352.0224999999999, 351.4675000000001, 351.4675000000001, 349.83, 349.83, 349.83, 349.83, 347.3975, 347.3975, 347.3975, 347.3975, 347.3975, 347.3975, 347.3975, 347.30999999999995, 347.30999999999995, 347.30999999999995, 347.30999999999995, 347.30999999999995, 345.7075, 345.7075, 345.7075, 344.87, 344.87, 344.87, 344.87, 343.91999999999996, 343.91999999999996, 343.88749999999993, 342.9724999999999, 340.77249999999987, 340.77249999999987, 340.77249999999987, 340.77249999999987, 340.77249999999987, 340.38, 340.38, 338.75749999999994, 338.75749999999994, 338.75749999999994, 338.75749999999994, 337.8349999999999, 337.8349999999999, 337.5649999999999, 336.1425, 336.1425, 336.0649999999999, 335.33, 335.33, 335.33, 334.9025, 334.9025, 334.9025, 334.69499999999977, 334.48499999999984, 334.15, 334.075, 333.12249999999983, 333.12249999999983, 332.9425, 332.24750000000006, 332.1624999999999, 332.1624999999999, 331.17250000000007, 331.11749999999995, 331.04, 330.615, 330.615, 330.615, 330.22749999999996, 330.22749999999996, 330.2, 329.9925, 329.98749999999995, 329.6474999999999, 329.48999999999995, 329.4099999999999, 328.97750000000013, 328.6524999999999, 328.6524999999999, 328.6524999999999, 328.1475, 327.1675, 327.1675, 327.1675, 327.1675, 327.1675, 327.1675, 327.1675, 327.09, 326.9250000000001, 326.69000000000005, 326.1225, 326.03, 326.03, 326.03, 325.86250000000007, 325.6600000000001, 325.6600000000001, 325.5300000000001, 325.1875, 325.1875, 325.1625, 325.0225000000001, 325.0225000000001, 324.7800000000001, 324.7300000000001, 324.63250000000005, 324.575, 324.5425000000001, 324.3800000000001, 324.27, 324.27, 324.2025, 324.10000000000014, 323.96000000000015, 323.9600000000001, 323.9600000000001, 323.9600000000001, 323.95500000000004, 323.95500000000004, 323.95500000000004, 323.95500000000004, 323.95500000000004, 323.95500000000004, 323.95500000000004, 323.95500000000004, 323.95500000000004, 323.95500000000004, 323.95500000000004, 323.95500000000004, 323.95500000000004, 323.95500000000004, 323.95500000000004, 323.95500000000004, 323.95500000000004, 323.95500000000004, 323.95500000000004, 323.95500000000004, 323.95500000000004, 323.95500000000004, 323.95500000000004, 323.95500000000004, 323.95500000000004, 323.95500000000004, 323.95500000000004, 323.95500000000004, 323.95500000000004, 323.95500000000004, 323.95500000000004, 323.95500000000004, 323.95500000000004, 323.95500000000004, 323.95500000000004, 323.95500000000004, 323.95500000000004, 323.95500000000004, 323.95500000000004, 323.95500000000004, 323.95500000000004, 323.95500000000004, 323.95500000000004, 323.95500000000004, 323.95500000000004, 323.95500000000004, 323.95500000000004, 323.95500000000004, 323.95500000000004, 323.95500000000004, 323.95500000000004, 323.95500000000004, 323.95500000000004, 323.95500000000004, 323.95500000000004, 323.95500000000004, 323.95500000000004, 323.95500000000004, 323.95500000000004, 323.95500000000004, 323.95500000000004, 323.95500000000004, 323.95500000000004, 323.95500000000004, 323.95500000000004, 323.95500000000004, 323.95500000000004, 323.95500000000004, 323.95500000000004, 323.95500000000004, 323.95500000000004, 323.95500000000004, 323.95500000000004, 323.95500000000004, 323.95500000000004, 323.95500000000004, 323.95500000000004, 323.95500000000004, 323.95500000000004, 323.95500000000004, 323.95500000000004, 323.95500000000004, 323.95500000000004, 323.95500000000004, 323.95500000000004, 323.95500000000004, 323.95500000000004, 323.95500000000004, 323.95500000000004, 323.95500000000004, 323.95500000000004, 323.95500000000004, 323.95500000000004, 323.95500000000004, 323.95500000000004, 323.95500000000004, 323.95500000000004, 323.95500000000004, 323.95500000000004, 323.95500000000004, 323.95500000000004, 323.95500000000004]

Execution 10:
Parametros: P=1000, Pe=0.3, Pm=0.15, pe=0.7, Parada=100
Start Time (hh:mm:ss.ms) 2023-07-17 08:30:20.648613
gen	min    	max    	avg   	std    
0  	352.625	370.193	362.18	2.85297
1  	352.225	371.153	360.297	2.76935
2  	350.92 	368.96 	359.635	2.9887 
3  	350.805	371.558	358.856	3.11137
5  	350.128	370.328	358.147	3.35646
6  	348.54 	369.238	357.747	3.51069
9  	348.345	368.972	356.929	3.87464
12 	347.208	370.257	356.083	3.98899
13 	345.08 	369.822	355.904	4.19595
18 	344.995	368.975	354.432	4.53123
19 	344.432	370.79 	353.949	4.62644
22 	344.365	368.79 	352.384	4.9835 
23 	343.728	368.223	351.957	5.11412
24 	342.537	370.29 	351.445	5.16742
27 	341.94 	367.298	349.921	5.62623
28 	341.115	368.18 	349.46 	5.856  
29 	340.655	367.582	348.961	6.01645
32 	340.405	368.217	347.47 	6.42407
33 	340.082	368.517	347.08 	6.58735
34 	339.863	369.92 	346.671	6.79682
35 	339.095	369.298	346.175	7.03752
36 	338.742	369.645	345.745	7.21049
37 	338.46 	371.373	345.387	7.47378
38 	338.4  	370.767	344.952	7.31697
39 	337.677	368.928	344.564	7.49003
40 	337.385	370.273	344.261	7.86091
41 	337.04 	368.495	343.829	7.85171
42 	336.687	370.417	343.474	7.99998
43 	336.06 	369.265	343.183	8.29903
45 	335.022	368.36 	342.501	8.43398
46 	334.738	368.695	342.172	8.62347
48 	334.667	371.385	341.573	8.97076
49 	334.4  	371.862	341.225	8.95899
50 	333.582	370.2  	341.008	9.22608
52 	333.155	369.812	340.458	9.35991
56 	332.725	367.063	339.53 	9.66007
57 	332.625	368.7  	339.184	9.7046 
58 	331.817	369.908	338.995	9.92925
60 	331.68 	369.055	338.532	9.98645
61 	331.49 	369.427	338.318	10.0513
62 	331.147	369.108	338.103	10.2034
63 	330.92 	369.518	337.869	10.2078
65 	330.91 	368.19 	337.446	10.4755
66 	330.47 	368.858	337.171	10.5832
67 	329.658	369.66 	336.94 	10.7239
71 	329.293	371.243	336.035	10.9609
72 	328.752	368.953	335.845	11.1636
74 	328.605	368.835	335.456	11.4906
75 	327.915	369.775	335.154	11.4665
77 	327.738	369.175	334.652	11.552 
78 	327.058	368.892	334.425	11.7244
80 	327.04 	369.305	334.063	12.0201
81 	326.9  	371.342	333.749	11.982 
82 	326.7  	368.805	333.571	12.0588
83 	326.345	368.85 	333.408	12.3269
86 	326.155	368.145	332.742	12.3871
87 	325.748	369.827	332.575	12.5447
88 	325.685	369.303	332.373	12.6052
89 	325.58 	368.76 	332.154	12.5941
90 	325.548	369.765	332.047	12.8473
91 	325.33 	368.58 	331.786	12.7145
93 	325.158	367.59 	331.462	12.8226
96 	324.738	368.645	331.132	13.036 
100	324.685	368.938	330.851	13.269 
101	324.663	368.943	330.765	13.2734
102	324.583	369.477	330.648	13.1532
103	324.445	369.143	330.631	13.2787
106	324.33 	368.838	330.436	13.2336
110	324.328	369.853	330.349	13.4404
111	324.245	369.89 	330.402	13.6314
113	324.163	370.315	330.326	13.614 
116	324.148	369.425	330.167	13.4904
117	323.963	372.197	330.088	13.5008
141	323.92 	368.073	329.724	13.6261
242	323.92 	370.637	329.608	13.5903
End Time (hh:mm:ss.ms) 2023-07-17 08:31:46.394581
Total Time (hh:mm:ss.ms) 0:01:25.745968
Individuo: [[32, 15, 3, 58, 22, 28, 52, 51, 0, 43, 55, 24, 40, 39, 13, 37, 20, 4, 68, 9, 18, 16, 23, 66, 33, 10, 36, 50, 65, 19, 62, 44, 30, 14, 12, 2, 41, 6, 64, 70, 48, 34, 11, 1, 67, 7, 35, 27, 59, 45, 31, 54, 17, 49, 47, 71, 57, 60, 53, 56, 25, 26, 5, 21, 61, 8, 63, 42, 29, 38, 69, 46], [1, 1, 0, 0, 0, 1, 1, 1, 1, 1, 0, 0, 0, 0, 0, 1, 0, 0, 0, 1, 1, 1, 1, 0, 0, 0, 0, 0, 0, 1, 0, 0, 0, 0, 0, 1, 0, 0, 0, 1, 1, 1, 1, 1, 1, 0, 0, 1, 1, 1, 1, 0, 1, 0, 0, 0, 0, 0, 0, 0, 0, 1, 0, 0, 0, 1, 1, 1, 1, 1, 0, 0]]
Fitness:  323.9200000000001
Gens:  [0, 1, 2, 3, 4, 5, 6, 7, 8, 9, 10, 11, 12, 13, 14, 15, 16, 17, 18, 19, 20, 21, 22, 23, 24, 25, 26, 27, 28, 29, 30, 31, 32, 33, 34, 35, 36, 37, 38, 39, 40, 41, 42, 43, 44, 45, 46, 47, 48, 49, 50, 51, 52, 53, 54, 55, 56, 57, 58, 59, 60, 61, 62, 63, 64, 65, 66, 67, 68, 69, 70, 71, 72, 73, 74, 75, 76, 77, 78, 79, 80, 81, 82, 83, 84, 85, 86, 87, 88, 89, 90, 91, 92, 93, 94, 95, 96, 97, 98, 99, 100, 101, 102, 103, 104, 105, 106, 107, 108, 109, 110, 111, 112, 113, 114, 115, 116, 117, 118, 119, 120, 121, 122, 123, 124, 125, 126, 127, 128, 129, 130, 131, 132, 133, 134, 135, 136, 137, 138, 139, 140, 141, 142, 143, 144, 145, 146, 147, 148, 149, 150, 151, 152, 153, 154, 155, 156, 157, 158, 159, 160, 161, 162, 163, 164, 165, 166, 167, 168, 169, 170, 171, 172, 173, 174, 175, 176, 177, 178, 179, 180, 181, 182, 183, 184, 185, 186, 187, 188, 189, 190, 191, 192, 193, 194, 195, 196, 197, 198, 199, 200, 201, 202, 203, 204, 205, 206, 207, 208, 209, 210, 211, 212, 213, 214, 215, 216, 217, 218, 219, 220, 221, 222, 223, 224, 225, 226, 227, 228, 229, 230, 231, 232, 233, 234, 235, 236, 237, 238, 239, 240, 241, 242]
Inds:  [352.625, 352.22499999999997, 350.9199999999999, 350.80499999999995, 350.80499999999995, 350.1275000000001, 348.53999999999985, 348.53999999999985, 348.53999999999985, 348.3449999999998, 348.3449999999998, 348.3449999999998, 347.20750000000004, 345.0799999999999, 345.0799999999999, 345.0799999999999, 345.0799999999999, 345.0799999999999, 344.99500000000006, 344.4324999999999, 344.4324999999999, 344.4324999999999, 344.36500000000007, 343.7275000000001, 342.5374999999999, 342.5374999999999, 342.5374999999999, 341.93999999999994, 341.11499999999995, 340.65499999999986, 340.65499999999986, 340.65499999999986, 340.40499999999986, 340.0824999999999, 339.86250000000007, 339.09499999999997, 338.74249999999995, 338.4599999999999, 338.3999999999999, 337.67749999999995, 337.385, 337.03999999999985, 336.68749999999994, 336.06000000000006, 336.06000000000006, 335.02249999999987, 334.73750000000007, 334.73750000000007, 334.6674999999998, 334.4, 333.5825, 333.5825, 333.155, 333.155, 333.155, 333.155, 332.7249999999999, 332.62499999999994, 331.8175, 331.8175, 331.67999999999995, 331.49, 331.1474999999999, 330.9199999999999, 330.9199999999999, 330.90999999999997, 330.46999999999997, 329.6575, 329.6575, 329.6575, 329.6575, 329.2925000000001, 328.7525, 328.7525, 328.60499999999996, 327.91499999999996, 327.91499999999996, 327.7375, 327.0575, 327.0575, 327.04, 326.9, 326.69999999999993, 326.34499999999997, 326.34499999999997, 326.34499999999997, 326.1549999999999, 325.74750000000006, 325.68500000000006, 325.58000000000004, 325.5475, 325.33000000000004, 325.33000000000004, 325.1575, 325.1575, 325.1575, 324.73750000000007, 324.73750000000007, 324.73750000000007, 324.73750000000007, 324.685, 324.6625, 324.58250000000004, 324.44500000000005, 324.44500000000005, 324.44500000000005, 324.33000000000004, 324.33000000000004, 324.33000000000004, 324.33000000000004, 324.32750000000004, 324.24499999999995, 324.24499999999995, 324.1625000000001, 324.1625000000001, 324.1625000000001, 324.14750000000004, 323.96250000000003, 323.96250000000003, 323.96250000000003, 323.96250000000003, 323.96250000000003, 323.96250000000003, 323.96250000000003, 323.96250000000003, 323.96250000000003, 323.96250000000003, 323.96250000000003, 323.96250000000003, 323.96250000000003, 323.96250000000003, 323.96250000000003, 323.96250000000003, 323.96250000000003, 323.96250000000003, 323.96250000000003, 323.96250000000003, 323.96250000000003, 323.96250000000003, 323.96250000000003, 323.96250000000003, 323.9200000000001, 323.9200000000001, 323.9200000000001, 323.9200000000001, 323.9200000000001, 323.9200000000001, 323.9200000000001, 323.9200000000001, 323.9200000000001, 323.9200000000001, 323.9200000000001, 323.9200000000001, 323.9200000000001, 323.9200000000001, 323.9200000000001, 323.9200000000001, 323.9200000000001, 323.9200000000001, 323.9200000000001, 323.9200000000001, 323.9200000000001, 323.9200000000001, 323.9200000000001, 323.9200000000001, 323.9200000000001, 323.9200000000001, 323.9200000000001, 323.9200000000001, 323.9200000000001, 323.9200000000001, 323.9200000000001, 323.9200000000001, 323.9200000000001, 323.9200000000001, 323.9200000000001, 323.9200000000001, 323.9200000000001, 323.9200000000001, 323.9200000000001, 323.9200000000001, 323.9200000000001, 323.9200000000001, 323.9200000000001, 323.9200000000001, 323.9200000000001, 323.9200000000001, 323.9200000000001, 323.9200000000001, 323.9200000000001, 323.9200000000001, 323.9200000000001, 323.9200000000001, 323.9200000000001, 323.9200000000001, 323.9200000000001, 323.9200000000001, 323.9200000000001, 323.9200000000001, 323.9200000000001, 323.9200000000001, 323.9200000000001, 323.9200000000001, 323.9200000000001, 323.9200000000001, 323.9200000000001, 323.9200000000001, 323.9200000000001, 323.9200000000001, 323.9200000000001, 323.9200000000001, 323.9200000000001, 323.9200000000001, 323.9200000000001, 323.9200000000001, 323.9200000000001, 323.9200000000001, 323.9200000000001, 323.9200000000001, 323.9200000000001, 323.9200000000001, 323.9200000000001, 323.9200000000001, 323.9200000000001, 323.9200000000001, 323.9200000000001, 323.9200000000001, 323.9200000000001, 323.9200000000001, 323.9200000000001, 323.9200000000001, 323.9200000000001, 323.9200000000001, 323.9200000000001, 323.9200000000001, 323.9200000000001, 323.9200000000001, 323.9200000000001, 323.9200000000001, 323.9200000000001, 323.9200000000001, 323.9200000000001, 323.9200000000001]

