BRKGA-Heuristic:

Execution 1:
Parametros: P=1000, Pe=0.3, Pm=0.15, pe=0.7, Parada=100
Start Time (hh:mm:ss.ms) 2023-07-17 08:57:07.336058
gen	min    	max    	avg    	std   
0  	249.405	259.838	255.333	1.6187
3  	248.885	259.61 	253.602	1.75302
4  	248.398	258.81 	253.366	1.83538
9  	248.207	258.925	252.333	2.08504
10 	247.233	259.812	252.176	2.13602
11 	244.94 	259.61 	251.908	2.18743
20 	244.332	258.683	249.835	2.76412
24 	243.922	260.605	248.915	3.08422
26 	243.542	259.84 	248.439	3.23397
29 	243.422	258.652	247.839	3.40006
30 	242.162	258.485	247.618	3.4295 
36 	241.792	259.91 	246.386	4.08029
38 	241.68 	259.07 	245.901	4.18048
39 	241.1  	259.7  	245.695	4.2223 
40 	241.025	258.945	245.469	4.24583
41 	240.662	258.85 	245.254	4.34146
42 	240.535	259.712	245.078	4.57855
44 	239.405	259.325	244.588	4.61056
46 	239.2  	258.812	244.128	4.8522 
47 	238.945	259.015	243.868	4.90836
50 	238.362	258.623	243.243	5.28598
51 	237.68 	260.65 	243.007	5.34395
55 	237.385	258.513	242.225	5.59285
57 	236.983	259.59 	241.8  	5.66353
58 	236.96 	258.933	241.689	5.7893 
60 	236.717	259.127	241.317	5.95155
61 	236.645	258.6  	241.106	5.935  
63 	236.295	258.81 	240.803	6.16271
64 	236.097	258.385	240.659	6.24023
65 	236.088	258.432	240.541	6.28451
67 	235.962	259.74 	240.187	6.34534
68 	235.502	259.522	240.04 	6.45886
70 	235.39 	259.637	239.784	6.59354
73 	235.153	258.943	239.409	6.69852
74 	235.017	258.76 	239.264	6.70787
75 	234.89 	258.96 	239.158	6.75849
77 	234.645	260.697	239.016	6.93474
78 	234.557	258.415	238.865	6.91705
81 	234.355	259.017	238.558	7.1936 
82 	233.877	260.4  	238.379	7.08912
85 	233.787	259.595	238.016	7.26054
86 	233.737	259.62 	237.924	7.3587 
87 	233.675	259.045	237.849	7.46208
89 	233.362	259.582	237.599	7.50152
92 	233.25 	259.477	237.351	7.64012
93 	233.172	259.305	237.239	7.59726
94 	232.85 	259.662	237.14 	7.66272
96 	232.755	258.827	236.949	7.79198
98 	232.292	259.18 	236.733	7.87106
101	232.273	258.72 	236.423	7.96391
103	232.115	259.37 	236.269	8.10746
106	232.095	258.688	235.99 	8.15655
107	231.745	258.915	235.88 	8.15344
110	231.735	259.44 	235.73 	8.30595
111	231.628	258.97 	235.665	8.26035
113	231.565	259.32 	235.545	8.254  
115	231.52 	260.365	235.505	8.40138
116	231.452	258.987	235.439	8.33877
117	231.425	259.01 	235.401	8.38693
118	231.305	259.527	235.371	8.45303
121	231.165	259.542	235.181	8.41117
124	231.072	258.795	235.016	8.56716
125	231.025	258.665	234.943	8.55699
126	230.927	259.433	234.911	8.6474 
129	230.925	258.963	234.731	8.57765
130	230.92 	259.413	234.721	8.63377
131	230.862	258.485	234.689	8.63326
132	230.852	258.732	234.676	8.65886
134	230.85 	258.845	234.609	8.67892
136	230.85 	259.38 	234.567	8.7208 
137	230.787	259.637	234.568	8.75407
138	230.782	259.038	234.541	8.73822
239	230.782	258.425	234.461	8.77516
End Time (hh:mm:ss.ms) 2023-07-17 08:58:27.447059
Total Time (hh:mm:ss.ms) 0:01:20.111001
Individuo: [[24, 62, 63, 40, 38, 39, 49, 19, 9, 34, 31, 68, 0, 30, 46, 2, 36, 15, 35, 13, 21, 53, 17, 12, 8, 37, 58, 69, 16, 5, 51, 28, 32, 48, 52, 57, 42, 26, 18, 56, 33, 11, 41, 50, 1, 60, 14, 3, 59, 44, 6, 67, 65, 66, 7, 29, 64, 10, 55, 61, 43, 45, 4, 25, 47, 20, 27, 54, 22, 23], [0, 0, 0, 0, 1, 1, 0, 0, 0, 1, 1, 1, 1, 1, 0, 0, 1, 1, 0, 0, 0, 1, 0, 0, 0, 0, 0, 0, 0, 1, 1, 1, 0, 0, 0, 1, 1, 0, 1, 1, 0, 0, 1, 0, 0, 0, 0, 1, 0, 0, 0, 0, 0, 0, 0, 1, 0, 0, 1, 0, 1, 1, 1, 0, 0, 1, 1, 0, 0, 0]]
Fitness:  230.7825
Gens:  [0, 1, 2, 3, 4, 5, 6, 7, 8, 9, 10, 11, 12, 13, 14, 15, 16, 17, 18, 19, 20, 21, 22, 23, 24, 25, 26, 27, 28, 29, 30, 31, 32, 33, 34, 35, 36, 37, 38, 39, 40, 41, 42, 43, 44, 45, 46, 47, 48, 49, 50, 51, 52, 53, 54, 55, 56, 57, 58, 59, 60, 61, 62, 63, 64, 65, 66, 67, 68, 69, 70, 71, 72, 73, 74, 75, 76, 77, 78, 79, 80, 81, 82, 83, 84, 85, 86, 87, 88, 89, 90, 91, 92, 93, 94, 95, 96, 97, 98, 99, 100, 101, 102, 103, 104, 105, 106, 107, 108, 109, 110, 111, 112, 113, 114, 115, 116, 117, 118, 119, 120, 121, 122, 123, 124, 125, 126, 127, 128, 129, 130, 131, 132, 133, 134, 135, 136, 137, 138, 139, 140, 141, 142, 143, 144, 145, 146, 147, 148, 149, 150, 151, 152, 153, 154, 155, 156, 157, 158, 159, 160, 161, 162, 163, 164, 165, 166, 167, 168, 169, 170, 171, 172, 173, 174, 175, 176, 177, 178, 179, 180, 181, 182, 183, 184, 185, 186, 187, 188, 189, 190, 191, 192, 193, 194, 195, 196, 197, 198, 199, 200, 201, 202, 203, 204, 205, 206, 207, 208, 209, 210, 211, 212, 213, 214, 215, 216, 217, 218, 219, 220, 221, 222, 223, 224, 225, 226, 227, 228, 229, 230, 231, 232, 233, 234, 235, 236, 237, 238, 239]
Inds:  [249.40499999999992, 249.40499999999992, 249.40499999999992, 248.88499999999993, 248.3975, 248.3975, 248.3975, 248.3975, 248.3975, 248.20749999999998, 247.23250000000004, 244.94000000000003, 244.94000000000003, 244.94000000000003, 244.94000000000003, 244.94000000000003, 244.94000000000003, 244.94000000000003, 244.94000000000003, 244.94000000000003, 244.33249999999987, 244.33249999999987, 244.33249999999987, 244.33249999999987, 243.92249999999996, 243.92249999999996, 243.5425, 243.5425, 243.5425, 243.42249999999999, 242.1625, 242.1625, 242.1625, 242.1625, 242.1625, 242.1625, 241.7925, 241.7925, 241.67999999999998, 241.0999999999999, 241.025, 240.6625, 240.53499999999994, 240.53499999999994, 239.40499999999994, 239.40499999999994, 239.19999999999996, 238.945, 238.945, 238.945, 238.36249999999987, 237.67999999999995, 237.67999999999995, 237.67999999999995, 237.67999999999995, 237.38499999999996, 237.38499999999996, 236.98250000000002, 236.95999999999987, 236.95999999999987, 236.71749999999994, 236.645, 236.645, 236.29499999999993, 236.0975, 236.08750000000006, 236.08750000000006, 235.96249999999992, 235.50249999999997, 235.50249999999997, 235.38999999999993, 235.38999999999993, 235.38999999999993, 235.1525, 235.01749999999998, 234.88999999999996, 234.88999999999996, 234.64500000000007, 234.55749999999995, 234.55749999999995, 234.55749999999995, 234.35500000000002, 233.8775, 233.8775, 233.8775, 233.78749999999997, 233.73749999999993, 233.6749999999999, 233.6749999999999, 233.36249999999998, 233.36249999999998, 233.36249999999998, 233.24999999999991, 233.17249999999996, 232.85000000000002, 232.85000000000002, 232.75499999999997, 232.75499999999997, 232.29249999999993, 232.29249999999993, 232.29249999999993, 232.2725, 232.2725, 232.11499999999992, 232.11499999999992, 232.11499999999992, 232.09500000000003, 231.74499999999998, 231.74499999999998, 231.74499999999998, 231.73499999999996, 231.62750000000003, 231.62750000000003, 231.56499999999994, 231.56499999999994, 231.51999999999998, 231.4525, 231.425, 231.305, 231.305, 231.305, 231.16500000000002, 231.16500000000002, 231.16500000000002, 231.0725, 231.025, 230.92749999999998, 230.92749999999998, 230.92749999999998, 230.925, 230.92, 230.86249999999998, 230.8525, 230.8525, 230.85000000000002, 230.85000000000002, 230.85, 230.7875, 230.7825, 230.7825, 230.7825, 230.7825, 230.7825, 230.7825, 230.7825, 230.7825, 230.7825, 230.7825, 230.7825, 230.7825, 230.7825, 230.7825, 230.7825, 230.7825, 230.7825, 230.7825, 230.7825, 230.7825, 230.7825, 230.7825, 230.7825, 230.7825, 230.7825, 230.7825, 230.7825, 230.7825, 230.7825, 230.7825, 230.7825, 230.7825, 230.7825, 230.7825, 230.7825, 230.7825, 230.7825, 230.7825, 230.7825, 230.7825, 230.7825, 230.7825, 230.7825, 230.7825, 230.7825, 230.7825, 230.7825, 230.7825, 230.7825, 230.7825, 230.7825, 230.7825, 230.7825, 230.7825, 230.7825, 230.7825, 230.7825, 230.7825, 230.7825, 230.7825, 230.7825, 230.7825, 230.7825, 230.7825, 230.7825, 230.7825, 230.7825, 230.7825, 230.7825, 230.7825, 230.7825, 230.7825, 230.7825, 230.7825, 230.7825, 230.7825, 230.7825, 230.7825, 230.7825, 230.7825, 230.7825, 230.7825, 230.7825, 230.7825, 230.7825, 230.7825, 230.7825, 230.7825, 230.7825, 230.7825, 230.7825, 230.7825, 230.7825, 230.7825, 230.7825, 230.7825, 230.7825, 230.7825, 230.7825, 230.7825, 230.7825, 230.7825]

Execution 2:
Parametros: P=1000, Pe=0.3, Pm=0.15, pe=0.7, Parada=100
Start Time (hh:mm:ss.ms) 2023-07-17 08:58:28.694059
gen	min   	max    	avg    	std    
0  	250.14	259.877	255.353	1.59262
1  	249.767	260.417	254.441	1.58548
2  	249.747	258.827	253.859	1.60909
3  	249.235	258.747	253.616	1.76054
4  	248.817	259.155	253.247	1.80526
6  	248.572	259.817	252.887	1.96281
8  	248.528	258.865	252.459	2.03445
9  	247.74 	258.487	252.313	2.22454
10 	246.665	258.553	252.064	2.25611
14 	246.645	259.642	251.176	2.44653
15 	246.12 	259.237	250.924	2.44013
16 	245.907	259.345	250.76 	2.52744
18 	245.148	259.305	250.221	2.70418
21 	244.665	259.325	249.436	2.86564
25 	243.903	260.54 	248.55 	3.21794
26 	243.525	259.815	248.303	3.31456
27 	242.722	259.515	248.066	3.34004
30 	242.432	258.893	247.386	3.59292
31 	242.31 	259.158	247.19 	3.7133 
32 	241.945	258.362	246.88 	3.75168
33 	240.785	259.368	246.723	3.88335
40 	240.53 	259.82 	245.031	4.43288
41 	239.712	259.465	244.809	4.54339
45 	239.498	258.83 	244.035	4.85271
46 	239.422	259.45 	243.881	4.90938
47 	239.245	258.88 	243.711	4.98694
48 	238.81 	259.42 	243.585	5.18582
50 	238.768	259.91 	243.23 	5.21218
51 	238.455	259.805	243.027	5.27144
53 	238.14 	261.112	242.682	5.40945
55 	237.607	259.047	242.273	5.50922
57 	237.468	259.455	241.903	5.71389
59 	236.55 	259.482	241.521	5.88487
62 	236.497	258.502	240.951	6.04287
63 	236.038	259.443	240.782	6.19266
65 	235.54 	259.483	240.433	6.33655
67 	235.327	259.36 	240.092	6.41871
71 	235.067	259.11 	239.577	6.7209 
73 	234.512	258.91 	239.248	6.80168
74 	234.402	259.452	239.09 	6.8638 
77 	233.977	259.217	238.671	7.06442
79 	233.84 	259.053	238.32 	7.02604
80 	233.795	259.868	238.268	7.17931
81 	233.4  	260.065	238.122	7.26294
85 	233.38 	259.767	237.634	7.44271
86 	233.13 	258.717	237.533	7.53117
87 	233.11 	260.462	237.422	7.57091
89 	232.888	259.505	237.158	7.6227 
90 	232.802	259.6  	237.081	7.65529
92 	232.793	258.812	236.906	7.74747
93 	232.585	259.355	236.81 	7.8208 
94 	232.53 	259.395	236.704	7.81571
95 	232.132	259.863	236.604	7.8662 
96 	232.127	260.465	236.514	7.90514
100	231.997	258.543	236.152	8.03324
101	231.707	259.435	236.083	8.09794
103	231.368	259.918	235.934	8.22007
107	231.22 	259.555	235.604	8.34661
110	231.18 	258.905	235.325	8.39157
112	231.073	259.497	235.192	8.46789
114	231.018	259.07 	235.084	8.52903
117	230.968	258.73 	234.897	8.46724
118	230.928	259.663	234.914	8.68471
119	230.885	258.45 	234.816	8.56924
120	230.857	259.477	234.813	8.66955
124	230.853	258.713	234.654	8.63843
128	230.848	258.475	234.621	8.67418
129	230.812	259.08 	234.646	8.72037
131	230.77 	259.628	234.617	8.69589
133	230.763	259.558	234.622	8.8249 
135	230.748	258.805	234.513	8.72591
137	230.745	258.42 	234.479	8.719  
138	230.743	260.237	234.502	8.79028
139	230.742	258.665	234.46 	8.6985 
141	230.692	259.452	234.451	8.76446
143	230.675	259.793	234.448	8.83424
150	230.673	258.923	234.399	8.7012 
151	230.605	258.715	234.431	8.81521
252	230.605	258.945	234.293	8.8032 
End Time (hh:mm:ss.ms) 2023-07-17 08:59:54.594098
Total Time (hh:mm:ss.ms) 0:01:25.900039
Individuo: [[63, 62, 24, 39, 9, 25, 47, 23, 22, 38, 20, 2, 46, 51, 48, 52, 32, 5, 4, 12, 8, 37, 6, 67, 7, 66, 3, 29, 65, 58, 17, 45, 10, 60, 55, 61, 18, 41, 15, 13, 21, 11, 56, 1, 36, 26, 33, 35, 50, 43, 53, 59, 44, 28, 49, 42, 57, 34, 31, 68, 0, 30, 64, 14, 69, 16, 19, 40, 54, 27], [1, 1, 1, 1, 1, 1, 1, 1, 1, 0, 0, 1, 1, 0, 0, 0, 0, 0, 0, 0, 0, 0, 0, 0, 1, 1, 0, 0, 0, 1, 1, 1, 1, 1, 1, 0, 0, 0, 0, 0, 0, 0, 0, 0, 1, 0, 1, 1, 1, 0, 1, 0, 0, 1, 0, 0, 0, 1, 1, 1, 1, 1, 1, 1, 0, 0, 0, 0, 0, 0]]
Fitness:  230.60500000000002
Gens:  [0, 1, 2, 3, 4, 5, 6, 7, 8, 9, 10, 11, 12, 13, 14, 15, 16, 17, 18, 19, 20, 21, 22, 23, 24, 25, 26, 27, 28, 29, 30, 31, 32, 33, 34, 35, 36, 37, 38, 39, 40, 41, 42, 43, 44, 45, 46, 47, 48, 49, 50, 51, 52, 53, 54, 55, 56, 57, 58, 59, 60, 61, 62, 63, 64, 65, 66, 67, 68, 69, 70, 71, 72, 73, 74, 75, 76, 77, 78, 79, 80, 81, 82, 83, 84, 85, 86, 87, 88, 89, 90, 91, 92, 93, 94, 95, 96, 97, 98, 99, 100, 101, 102, 103, 104, 105, 106, 107, 108, 109, 110, 111, 112, 113, 114, 115, 116, 117, 118, 119, 120, 121, 122, 123, 124, 125, 126, 127, 128, 129, 130, 131, 132, 133, 134, 135, 136, 137, 138, 139, 140, 141, 142, 143, 144, 145, 146, 147, 148, 149, 150, 151, 152, 153, 154, 155, 156, 157, 158, 159, 160, 161, 162, 163, 164, 165, 166, 167, 168, 169, 170, 171, 172, 173, 174, 175, 176, 177, 178, 179, 180, 181, 182, 183, 184, 185, 186, 187, 188, 189, 190, 191, 192, 193, 194, 195, 196, 197, 198, 199, 200, 201, 202, 203, 204, 205, 206, 207, 208, 209, 210, 211, 212, 213, 214, 215, 216, 217, 218, 219, 220, 221, 222, 223, 224, 225, 226, 227, 228, 229, 230, 231, 232, 233, 234, 235, 236, 237, 238, 239, 240, 241, 242, 243, 244, 245, 246, 247, 248, 249, 250, 251, 252]
Inds:  [250.14000000000001, 249.76749999999996, 249.74749999999995, 249.2349999999999, 248.81749999999997, 248.81749999999997, 248.57249999999993, 248.57249999999993, 248.52750000000006, 247.73999999999998, 246.66499999999996, 246.66499999999996, 246.66499999999996, 246.66499999999996, 246.645, 246.11999999999998, 245.90749999999997, 245.90749999999997, 245.1475, 245.1475, 245.1475, 244.66500000000005, 244.66500000000005, 244.66500000000005, 244.66500000000005, 243.9025, 243.5249999999999, 242.7225, 242.7225, 242.7225, 242.43249999999998, 242.31, 241.94499999999994, 240.78500000000005, 240.78500000000005, 240.78500000000005, 240.78500000000005, 240.78500000000005, 240.78500000000005, 240.78500000000005, 240.53, 239.7124999999999, 239.7124999999999, 239.7124999999999, 239.7124999999999, 239.4975, 239.42249999999996, 239.245, 238.8100000000001, 238.8100000000001, 238.76750000000004, 238.45500000000007, 238.45500000000007, 238.13999999999996, 238.13999999999996, 237.60749999999996, 237.60749999999996, 237.4675, 237.4675, 236.54999999999998, 236.54999999999998, 236.54999999999998, 236.49749999999992, 236.03750000000005, 236.03750000000005, 235.53999999999996, 235.53999999999996, 235.3275, 235.3275, 235.3275, 235.3275, 235.0675, 235.0675, 234.51249999999996, 234.40249999999995, 234.40249999999995, 234.40249999999995, 233.97749999999988, 233.97749999999988, 233.83999999999992, 233.79500000000002, 233.39999999999995, 233.39999999999995, 233.39999999999995, 233.39999999999995, 233.37999999999994, 233.13000000000005, 233.10999999999993, 233.10999999999993, 232.88750000000005, 232.80249999999998, 232.80249999999998, 232.79250000000005, 232.58500000000004, 232.53000000000006, 232.1325, 232.1275, 232.1275, 232.1275, 232.1275, 231.99749999999995, 231.70749999999995, 231.70749999999995, 231.36750000000004, 231.36750000000004, 231.36750000000004, 231.36750000000004, 231.22000000000003, 231.22000000000003, 231.22000000000003, 231.18000000000006, 231.18000000000006, 231.07250000000002, 231.07250000000002, 231.0175, 231.0175, 231.0175, 230.9675000000001, 230.9275, 230.88499999999996, 230.8575, 230.8575, 230.8575, 230.8575, 230.85250000000002, 230.85250000000002, 230.85250000000002, 230.85250000000002, 230.84750000000003, 230.81249999999997, 230.81249999999997, 230.76999999999998, 230.76999999999998, 230.76250000000002, 230.76250000000002, 230.7475, 230.7475, 230.74499999999998, 230.74250000000004, 230.74249999999998, 230.74249999999998, 230.6925, 230.6925, 230.675, 230.675, 230.675, 230.675, 230.675, 230.675, 230.675, 230.6725, 230.60500000000002, 230.60500000000002, 230.60500000000002, 230.60500000000002, 230.60500000000002, 230.60500000000002, 230.60500000000002, 230.60500000000002, 230.60500000000002, 230.60500000000002, 230.60500000000002, 230.60500000000002, 230.60500000000002, 230.60500000000002, 230.60500000000002, 230.60500000000002, 230.60500000000002, 230.60500000000002, 230.60500000000002, 230.60500000000002, 230.60500000000002, 230.60500000000002, 230.60500000000002, 230.60500000000002, 230.60500000000002, 230.60500000000002, 230.60500000000002, 230.60500000000002, 230.60500000000002, 230.60500000000002, 230.60500000000002, 230.60500000000002, 230.60500000000002, 230.60500000000002, 230.60500000000002, 230.60500000000002, 230.60500000000002, 230.60500000000002, 230.60500000000002, 230.60500000000002, 230.60500000000002, 230.60500000000002, 230.60500000000002, 230.60500000000002, 230.60500000000002, 230.60500000000002, 230.60500000000002, 230.60500000000002, 230.60500000000002, 230.60500000000002, 230.60500000000002, 230.60500000000002, 230.60500000000002, 230.60500000000002, 230.60500000000002, 230.60500000000002, 230.60500000000002, 230.60500000000002, 230.60500000000002, 230.60500000000002, 230.60500000000002, 230.60500000000002, 230.60500000000002, 230.60500000000002, 230.60500000000002, 230.60500000000002, 230.60500000000002, 230.60500000000002, 230.60500000000002, 230.60500000000002, 230.60500000000002, 230.60500000000002, 230.60500000000002, 230.60500000000002, 230.60500000000002, 230.60500000000002, 230.60500000000002, 230.60500000000002, 230.60500000000002, 230.60500000000002, 230.60500000000002, 230.60500000000002, 230.60500000000002, 230.60500000000002, 230.60500000000002, 230.60500000000002, 230.60500000000002, 230.60500000000002, 230.60500000000002, 230.60500000000002, 230.60500000000002, 230.60500000000002, 230.60500000000002, 230.60500000000002, 230.60500000000002, 230.60500000000002, 230.60500000000002, 230.60500000000002, 230.60500000000002, 230.60500000000002, 230.60500000000002, 230.60500000000002]

Execution 3:
Parametros: P=1000, Pe=0.3, Pm=0.15, pe=0.7, Parada=100
Start Time (hh:mm:ss.ms) 2023-07-17 08:59:55.867101
gen	min    	max    	avg    	std    
0  	250.295	259.968	255.249	1.57706
1  	249.912	259.075	254.32 	1.52519
2  	249.545	259.37 	253.924	1.62347
3  	248.515	259.52 	253.567	1.69578
7  	247.512	259.042	252.775	2.0002 
11 	247.413	259.28 	252.109	2.20322
14 	246.945	259.118	251.578	2.36284
15 	246.653	258.947	251.311	2.35643
16 	246.42 	259.713	251.202	2.42336
18 	246.048	259.365	250.829	2.58988
20 	245.685	258.527	250.431	2.61974
22 	245.01 	259.775	250.03 	2.76774
26 	243.502	258.952	249.243	3.00127
32 	243.412	260.35 	248.018	3.36763
33 	242.885	259.097	247.892	3.43875
34 	242.835	259.303	247.664	3.51266
37 	242.025	259.307	247.082	3.73205
38 	241.925	259.593	246.852	3.77543
39 	241.667	259.4  	246.65 	3.83976
40 	241.627	258.85 	246.441	3.92251
41 	240.943	258.642	246.223	4.00936
45 	240.658	259.067	245.448	4.37047
47 	239.892	259.572	244.927	4.49035
50 	239.292	260.66 	244.162	4.76436
52 	239.282	259.71 	243.737	4.99345
53 	238.962	258.98 	243.486	5.06722
54 	238.897	259.037	243.196	5.16812
55 	238.282	258.485	242.926	5.26155
57 	238.22 	259.79 	242.458	5.44658
58 	238.153	260.065	242.324	5.58561
59 	237.667	258.78 	242.079	5.65678
60 	237.13 	261.025	241.88 	5.76361
64 	236.647	259.3  	241.144	6.06034
65 	236.322	259.145	240.946	6.18467
66 	235.82 	258.788	240.703	6.15202
70 	235.565	259.61 	239.988	6.54627
71 	235.38 	259.543	239.8  	6.55112
72 	235.215	258.957	239.635	6.6735 
73 	234.922	260.23 	239.444	6.58711
77 	234.768	259.015	238.926	6.82138
78 	234.352	259.215	238.843	7.01063
80 	233.982	259.463	238.564	7.10259
83 	233.925	258.952	238.185	7.17021
85 	233.617	259.27 	237.975	7.29004
87 	233.607	259.03 	237.747	7.37776
88 	233.167	259.125	237.629	7.41296
89 	233.013	258.695	237.496	7.41544
92 	232.947	258.925	237.175	7.61308
94 	232.703	260.868	236.972	7.7253 
95 	232.692	260.33 	236.892	7.7838 
96 	232.572	259.74 	236.748	7.78077
98 	232.472	260.12 	236.57 	7.96068
99 	232.303	258.877	236.457	7.97968
100	232.258	258.982	236.33 	7.96654
101	231.893	258.648	236.175	7.97058
102	231.825	260.58 	236.088	8.09347
104	231.79 	258.83 	235.901	8.21691
105	231.555	258.645	235.791	8.2432 
107	231.53 	258.825	235.555	8.23473
108	231.358	259.47 	235.492	8.3294 
109	231.283	259.885	235.398	8.3346 
110	231.265	259.902	235.367	8.50163
111	231.26 	258.855	235.241	8.42594
112	231.12 	259.327	235.167	8.45794
113	231.05 	259.227	235.14 	8.59433
114	231.015	259.068	234.998	8.43175
115	230.955	258.402	234.972	8.55792
116	230.885	259.355	234.934	8.64491
117	230.868	260.028	234.842	8.61444
118	230.79 	259.808	234.806	8.66937
119	230.77 	258.495	234.719	8.62397
121	230.723	258.783	234.651	8.72078
122	230.695	259.508	234.599	8.7204 
123	230.688	260.072	234.571	8.74883
124	230.655	259.122	234.55 	8.80241
126	230.625	258.777	234.452	8.74355
127	230.595	259.19 	234.412	8.74125
128	230.585	259.243	234.438	8.85448
129	230.56 	258.962	234.385	8.77882
130	230.558	259.507	234.349	8.73063
131	230.533	258.603	234.324	8.71912
133	230.523	258.827	234.351	8.85585
234	230.523	258.755	234.238	8.86741
End Time (hh:mm:ss.ms) 2023-07-17 09:01:14.959209
Total Time (hh:mm:ss.ms) 0:01:19.092108
Individuo: [[40, 63, 62, 24, 38, 19, 39, 9, 32, 51, 28, 30, 16, 69, 7, 14, 5, 31, 68, 0, 3, 64, 29, 65, 66, 44, 59, 58, 37, 67, 10, 43, 45, 6, 8, 12, 17, 53, 61, 18, 50, 13, 21, 35, 33, 11, 56, 55, 46, 60, 4, 26, 36, 15, 1, 41, 2, 20, 42, 47, 57, 52, 48, 34, 49, 23, 25, 27, 54, 22], [1, 1, 1, 1, 0, 1, 0, 0, 0, 1, 0, 0, 1, 1, 1, 1, 1, 1, 1, 1, 0, 0, 0, 0, 0, 1, 1, 1, 1, 1, 1, 1, 1, 1, 1, 1, 1, 0, 0, 0, 0, 0, 0, 0, 0, 0, 0, 0, 0, 0, 0, 1, 0, 0, 0, 0, 1, 1, 1, 1, 0, 1, 1, 0, 0, 1, 1, 1, 1, 0]]
Fitness:  230.5225000000001
Gens:  [0, 1, 2, 3, 4, 5, 6, 7, 8, 9, 10, 11, 12, 13, 14, 15, 16, 17, 18, 19, 20, 21, 22, 23, 24, 25, 26, 27, 28, 29, 30, 31, 32, 33, 34, 35, 36, 37, 38, 39, 40, 41, 42, 43, 44, 45, 46, 47, 48, 49, 50, 51, 52, 53, 54, 55, 56, 57, 58, 59, 60, 61, 62, 63, 64, 65, 66, 67, 68, 69, 70, 71, 72, 73, 74, 75, 76, 77, 78, 79, 80, 81, 82, 83, 84, 85, 86, 87, 88, 89, 90, 91, 92, 93, 94, 95, 96, 97, 98, 99, 100, 101, 102, 103, 104, 105, 106, 107, 108, 109, 110, 111, 112, 113, 114, 115, 116, 117, 118, 119, 120, 121, 122, 123, 124, 125, 126, 127, 128, 129, 130, 131, 132, 133, 134, 135, 136, 137, 138, 139, 140, 141, 142, 143, 144, 145, 146, 147, 148, 149, 150, 151, 152, 153, 154, 155, 156, 157, 158, 159, 160, 161, 162, 163, 164, 165, 166, 167, 168, 169, 170, 171, 172, 173, 174, 175, 176, 177, 178, 179, 180, 181, 182, 183, 184, 185, 186, 187, 188, 189, 190, 191, 192, 193, 194, 195, 196, 197, 198, 199, 200, 201, 202, 203, 204, 205, 206, 207, 208, 209, 210, 211, 212, 213, 214, 215, 216, 217, 218, 219, 220, 221, 222, 223, 224, 225, 226, 227, 228, 229, 230, 231, 232, 233, 234]
Inds:  [250.295, 249.9125, 249.54500000000002, 248.51499999999993, 248.51499999999993, 248.51499999999993, 248.51499999999993, 247.51249999999993, 247.51249999999993, 247.51249999999993, 247.51249999999993, 247.41250000000002, 247.41250000000002, 247.41250000000002, 246.94499999999994, 246.65250000000006, 246.41999999999993, 246.41999999999993, 246.0475, 246.0475, 245.68499999999992, 245.68499999999992, 245.00999999999996, 245.00999999999996, 245.00999999999996, 245.00999999999996, 243.50249999999994, 243.50249999999994, 243.50249999999994, 243.50249999999994, 243.50249999999994, 243.50249999999994, 243.41249999999997, 242.88499999999996, 242.83499999999998, 242.83499999999998, 242.83499999999998, 242.02499999999998, 241.92499999999984, 241.6674999999999, 241.62749999999997, 240.94250000000008, 240.94250000000008, 240.94250000000008, 240.94250000000008, 240.65750000000006, 240.65750000000006, 239.89249999999996, 239.89249999999996, 239.89249999999996, 239.29249999999996, 239.29249999999996, 239.28249999999994, 238.96249999999992, 238.89749999999995, 238.28249999999997, 238.28249999999997, 238.21999999999997, 238.15250000000003, 237.6675, 237.12999999999994, 237.12999999999994, 237.12999999999994, 237.12999999999994, 236.64749999999995, 236.32249999999996, 235.81999999999996, 235.81999999999996, 235.81999999999996, 235.81999999999996, 235.56499999999997, 235.37999999999997, 235.21499999999992, 234.92249999999996, 234.92249999999996, 234.92249999999996, 234.92249999999996, 234.76750000000004, 234.3525, 234.3525, 233.9825, 233.9825, 233.9825, 233.92499999999998, 233.92499999999998, 233.61749999999998, 233.61749999999998, 233.60749999999996, 233.1675, 233.01250000000002, 233.01250000000002, 233.01250000000002, 232.94749999999996, 232.94749999999996, 232.70250000000001, 232.6925, 232.5725, 232.5725, 232.4725, 232.30250000000004, 232.25750000000005, 231.89250000000007, 231.825, 231.825, 231.79, 231.555, 231.555, 231.53, 231.35750000000004, 231.28250000000006, 231.26500000000004, 231.26000000000002, 231.12000000000003, 231.05, 231.015, 230.9550000000001, 230.88500000000008, 230.86750000000006, 230.79000000000008, 230.7700000000001, 230.7700000000001, 230.72250000000008, 230.69500000000014, 230.6875000000001, 230.65500000000011, 230.65500000000011, 230.62500000000009, 230.5950000000001, 230.5850000000001, 230.56000000000012, 230.5575000000001, 230.5325000000001, 230.5325000000001, 230.5225000000001, 230.5225000000001, 230.5225000000001, 230.5225000000001, 230.5225000000001, 230.5225000000001, 230.5225000000001, 230.5225000000001, 230.5225000000001, 230.5225000000001, 230.5225000000001, 230.5225000000001, 230.5225000000001, 230.5225000000001, 230.5225000000001, 230.5225000000001, 230.5225000000001, 230.5225000000001, 230.5225000000001, 230.5225000000001, 230.5225000000001, 230.5225000000001, 230.5225000000001, 230.5225000000001, 230.5225000000001, 230.5225000000001, 230.5225000000001, 230.5225000000001, 230.5225000000001, 230.5225000000001, 230.5225000000001, 230.5225000000001, 230.5225000000001, 230.5225000000001, 230.5225000000001, 230.5225000000001, 230.5225000000001, 230.5225000000001, 230.5225000000001, 230.5225000000001, 230.5225000000001, 230.5225000000001, 230.5225000000001, 230.5225000000001, 230.5225000000001, 230.5225000000001, 230.5225000000001, 230.5225000000001, 230.5225000000001, 230.5225000000001, 230.5225000000001, 230.5225000000001, 230.5225000000001, 230.5225000000001, 230.5225000000001, 230.5225000000001, 230.5225000000001, 230.5225000000001, 230.5225000000001, 230.5225000000001, 230.5225000000001, 230.5225000000001, 230.5225000000001, 230.5225000000001, 230.5225000000001, 230.5225000000001, 230.5225000000001, 230.5225000000001, 230.5225000000001, 230.5225000000001, 230.5225000000001, 230.5225000000001, 230.5225000000001, 230.5225000000001, 230.5225000000001, 230.5225000000001, 230.5225000000001, 230.5225000000001, 230.5225000000001, 230.5225000000001, 230.5225000000001, 230.5225000000001, 230.5225000000001, 230.5225000000001, 230.5225000000001, 230.5225000000001, 230.5225000000001, 230.5225000000001, 230.5225000000001, 230.5225000000001, 230.5225000000001, 230.5225000000001, 230.5225000000001, 230.5225000000001, 230.5225000000001, 230.5225000000001, 230.5225000000001, 230.5225000000001, 230.5225000000001, 230.5225000000001, 230.5225000000001, 230.5225000000001]

Execution 4:
Parametros: P=1000, Pe=0.3, Pm=0.15, pe=0.7, Parada=100
Start Time (hh:mm:ss.ms) 2023-07-17 09:01:16.230210
gen	min   	max    	avg    	std    
0  	250.61	260.572	255.357	1.58168
1  	248.395	258.97 	254.325	1.52581
3  	248.227	260.598	253.497	1.8148 
6  	248.213	259.315	252.674	2.00129
7  	248.103	259.492	252.492	2.08729
8  	247.565	259.215	252.273	2.12853
9  	246.75 	259.025	252.056	2.12485
12 	246.618	260.107	251.48 	2.31974
13 	246.603	259.327	251.304	2.45762
15 	245.933	259.49 	250.945	2.55038
17 	245.79 	258.965	250.524	2.5762 
18 	245.408	258.415	250.362	2.62429
19 	244.945	259.252	250.175	2.72623
22 	244.31 	259.975	249.627	2.93567
24 	243.615	258.932	249.141	3.04334
26 	243.552	260.445	248.772	3.13962
29 	243.355	258.683	248.22 	3.31888
31 	243.052	258.282	247.786	3.47473
32 	242.842	258.552	247.528	3.58489
34 	242.06 	260.105	247.248	3.728  
37 	241.512	261.045	246.616	3.94293
40 	241.085	259.988	246.034	4.14082
42 	241.073	258.743	245.597	4.29615
44 	240.405	258.642	245.147	4.45751
46 	239.117	258.835	244.669	4.65655
50 	238.712	260.583	243.846	5.01728
53 	238.513	259.397	243.222	5.12995
54 	238.16 	259.05 	243.02 	5.19571
56 	237.908	259.67 	242.689	5.37365
57 	237.852	259.07 	242.54 	5.44492
58 	237.553	259.497	242.407	5.58526
61 	237.317	258.863	241.871	5.71651
62 	236.708	259.445	241.714	5.8043 
66 	236.53 	258.728	241.095	5.98809
67 	236.5  	258.272	240.918	6.09046
68 	236.183	259.53 	240.774	6.11561
72 	235.95 	259.155	240.24 	6.43091
73 	235.865	258.875	240.13 	6.50533
74 	235.507	258.467	239.927	6.42323
75 	235.19 	259.6  	239.824	6.51643
78 	235.143	259.345	239.451	6.73644
79 	234.993	258.49 	239.334	6.79758
82 	234.605	258.685	238.963	6.82932
83 	234.518	258.935	238.903	6.98249
84 	234.347	259.915	238.821	7.07117
87 	234.28 	258.795	238.44 	7.07852
88 	234.162	259.058	238.428	7.27595
92 	233.865	259.51 	238.025	7.33442
95 	233.785	258.867	237.772	7.42046
96 	233.545	258.84 	237.737	7.50976
97 	233.523	259.59 	237.581	7.45251
98 	233.015	260.37 	237.46 	7.44026
99 	232.968	259.197	237.426	7.58025
101	232.948	259.398	237.204	7.63549
102	232.923	259.835	237.117	7.68266
104	232.848	258.605	236.895	7.73945
105	232.755	259.51 	236.854	7.88895
106	232.703	259.82 	236.702	7.81376
107	232.66 	259.255	236.66 	7.8986 
109	232.53 	259.06 	236.501	7.90362
110	232.42 	258.85 	236.456	7.98639
112	232.363	258.86 	236.282	7.94277
113	232.29 	258.893	236.231	7.9627 
114	232.277	259.773	236.194	8.02583
115	232.225	260.342	236.155	8.09663
116	232.065	258.957	236.113	8.15088
120	232.01 	259.862	235.859	8.13424
123	231.948	259.88 	235.738	8.21785
125	231.94 	259.707	235.67 	8.28298
126	231.92 	258.935	235.645	8.32102
128	231.88 	259.382	235.574	8.37507
129	231.863	259.798	235.535	8.36455
130	231.85 	259.462	235.536	8.44588
131	231.818	259.49 	235.501	8.38987
132	231.795	260.565	235.473	8.37929
134	231.795	259.763	235.411	8.34013
135	231.783	258.817	235.439	8.45602
139	231.765	258.787	235.317	8.39546
145	231.713	258.393	235.349	8.44734
146	231.71 	258.985	235.32 	8.4325 
247	231.71 	259.105	235.276	8.51062
End Time (hh:mm:ss.ms) 2023-07-17 09:02:38.471593
Total Time (hh:mm:ss.ms) 0:01:22.241383
Individuo: [[54, 38, 40, 22, 23, 48, 52, 25, 27, 20, 2, 42, 46, 5, 31, 68, 0, 6, 17, 61, 45, 10, 4, 34, 57, 47, 49, 28, 18, 13, 21, 35, 11, 50, 1, 36, 15, 41, 26, 56, 33, 53, 43, 55, 60, 67, 65, 8, 37, 12, 59, 3, 14, 30, 69, 64, 7, 66, 29, 58, 44, 16, 51, 32, 19, 9, 39, 24, 63, 62], [0, 0, 1, 0, 0, 0, 0, 1, 0, 0, 1, 0, 1, 1, 1, 1, 1, 1, 1, 1, 1, 0, 1, 0, 1, 1, 1, 0, 0, 0, 0, 0, 0, 0, 0, 0, 0, 1, 0, 1, 0, 1, 1, 0, 0, 0, 0, 1, 0, 1, 0, 0, 1, 1, 1, 1, 1, 1, 0, 1, 1, 0, 0, 1, 0, 0, 0, 0, 1, 1]]
Fitness:  231.71000000000004
Gens:  [0, 1, 2, 3, 4, 5, 6, 7, 8, 9, 10, 11, 12, 13, 14, 15, 16, 17, 18, 19, 20, 21, 22, 23, 24, 25, 26, 27, 28, 29, 30, 31, 32, 33, 34, 35, 36, 37, 38, 39, 40, 41, 42, 43, 44, 45, 46, 47, 48, 49, 50, 51, 52, 53, 54, 55, 56, 57, 58, 59, 60, 61, 62, 63, 64, 65, 66, 67, 68, 69, 70, 71, 72, 73, 74, 75, 76, 77, 78, 79, 80, 81, 82, 83, 84, 85, 86, 87, 88, 89, 90, 91, 92, 93, 94, 95, 96, 97, 98, 99, 100, 101, 102, 103, 104, 105, 106, 107, 108, 109, 110, 111, 112, 113, 114, 115, 116, 117, 118, 119, 120, 121, 122, 123, 124, 125, 126, 127, 128, 129, 130, 131, 132, 133, 134, 135, 136, 137, 138, 139, 140, 141, 142, 143, 144, 145, 146, 147, 148, 149, 150, 151, 152, 153, 154, 155, 156, 157, 158, 159, 160, 161, 162, 163, 164, 165, 166, 167, 168, 169, 170, 171, 172, 173, 174, 175, 176, 177, 178, 179, 180, 181, 182, 183, 184, 185, 186, 187, 188, 189, 190, 191, 192, 193, 194, 195, 196, 197, 198, 199, 200, 201, 202, 203, 204, 205, 206, 207, 208, 209, 210, 211, 212, 213, 214, 215, 216, 217, 218, 219, 220, 221, 222, 223, 224, 225, 226, 227, 228, 229, 230, 231, 232, 233, 234, 235, 236, 237, 238, 239, 240, 241, 242, 243, 244, 245, 246, 247]
Inds:  [250.61000000000004, 248.39500000000004, 248.39500000000004, 248.22749999999994, 248.22749999999994, 248.22749999999994, 248.2125, 248.10250000000002, 247.5649999999999, 246.75, 246.75, 246.75, 246.6175, 246.60250000000002, 246.60250000000002, 245.9325, 245.9325, 245.79000000000005, 245.40750000000006, 244.945, 244.945, 244.945, 244.31, 244.31, 243.61500000000007, 243.61500000000007, 243.55249999999992, 243.55249999999992, 243.55249999999992, 243.35500000000005, 243.35500000000005, 243.05249999999998, 242.84249999999994, 242.84249999999994, 242.05999999999997, 242.05999999999997, 242.05999999999997, 241.51249999999987, 241.51249999999987, 241.51249999999987, 241.085, 241.085, 241.07250000000002, 241.07250000000002, 240.405, 240.405, 239.11749999999992, 239.11749999999992, 239.11749999999992, 239.11749999999992, 238.71249999999995, 238.71249999999995, 238.71249999999995, 238.51250000000005, 238.15999999999997, 238.15999999999997, 237.90750000000003, 237.8524999999999, 237.55250000000007, 237.55250000000007, 237.55250000000007, 237.31749999999997, 236.7075, 236.7075, 236.7075, 236.7075, 236.53000000000006, 236.50000000000009, 236.1825, 236.1825, 236.1825, 236.1825, 235.94999999999996, 235.86499999999998, 235.5075, 235.19000000000003, 235.19000000000003, 235.19000000000003, 235.14250000000004, 234.9925, 234.9925, 234.9925, 234.60500000000008, 234.51750000000004, 234.34749999999997, 234.34749999999997, 234.34749999999997, 234.2800000000001, 234.16249999999997, 234.16249999999997, 234.16249999999997, 234.16249999999997, 233.86500000000007, 233.86500000000007, 233.86500000000007, 233.78500000000008, 233.545, 233.52250000000004, 233.01500000000004, 232.96750000000006, 232.96750000000006, 232.94750000000002, 232.92250000000007, 232.92250000000007, 232.84750000000003, 232.755, 232.70250000000001, 232.66000000000003, 232.66000000000003, 232.52999999999994, 232.42000000000002, 232.42000000000002, 232.3625000000001, 232.28999999999996, 232.27749999999995, 232.22500000000005, 232.06500000000003, 232.06500000000003, 232.06500000000003, 232.06500000000003, 232.01000000000005, 232.01000000000005, 232.01000000000005, 231.94750000000008, 231.94750000000008, 231.94000000000008, 231.92000000000002, 231.92000000000002, 231.88000000000002, 231.8625, 231.85000000000002, 231.81750000000005, 231.79500000000007, 231.79500000000007, 231.79500000000004, 231.78250000000003, 231.78250000000003, 231.78250000000003, 231.78250000000003, 231.76500000000001, 231.76500000000001, 231.76500000000001, 231.76500000000001, 231.76500000000001, 231.76500000000001, 231.71250000000003, 231.71000000000004, 231.71000000000004, 231.71000000000004, 231.71000000000004, 231.71000000000004, 231.71000000000004, 231.71000000000004, 231.71000000000004, 231.71000000000004, 231.71000000000004, 231.71000000000004, 231.71000000000004, 231.71000000000004, 231.71000000000004, 231.71000000000004, 231.71000000000004, 231.71000000000004, 231.71000000000004, 231.71000000000004, 231.71000000000004, 231.71000000000004, 231.71000000000004, 231.71000000000004, 231.71000000000004, 231.71000000000004, 231.71000000000004, 231.71000000000004, 231.71000000000004, 231.71000000000004, 231.71000000000004, 231.71000000000004, 231.71000000000004, 231.71000000000004, 231.71000000000004, 231.71000000000004, 231.71000000000004, 231.71000000000004, 231.71000000000004, 231.71000000000004, 231.71000000000004, 231.71000000000004, 231.71000000000004, 231.71000000000004, 231.71000000000004, 231.71000000000004, 231.71000000000004, 231.71000000000004, 231.71000000000004, 231.71000000000004, 231.71000000000004, 231.71000000000004, 231.71000000000004, 231.71000000000004, 231.71000000000004, 231.71000000000004, 231.71000000000004, 231.71000000000004, 231.71000000000004, 231.71000000000004, 231.71000000000004, 231.71000000000004, 231.71000000000004, 231.71000000000004, 231.71000000000004, 231.71000000000004, 231.71000000000004, 231.71000000000004, 231.71000000000004, 231.71000000000004, 231.71000000000004, 231.71000000000004, 231.71000000000004, 231.71000000000004, 231.71000000000004, 231.71000000000004, 231.71000000000004, 231.71000000000004, 231.71000000000004, 231.71000000000004, 231.71000000000004, 231.71000000000004, 231.71000000000004, 231.71000000000004, 231.71000000000004, 231.71000000000004, 231.71000000000004, 231.71000000000004, 231.71000000000004, 231.71000000000004, 231.71000000000004, 231.71000000000004, 231.71000000000004, 231.71000000000004, 231.71000000000004, 231.71000000000004, 231.71000000000004, 231.71000000000004, 231.71000000000004, 231.71000000000004, 231.71000000000004, 231.71000000000004, 231.71000000000004]

Execution 5:
Parametros: P=1000, Pe=0.3, Pm=0.15, pe=0.7, Parada=100
Start Time (hh:mm:ss.ms) 2023-07-17 09:02:39.890595
gen	min    	max    	avg    	std    
0  	248.548	259.452	255.264	1.66122
5  	247.905	259.493	252.974	1.95704
8  	247.623	259.545	252.388	2.08105
10 	247.175	258.475	252.018	2.14369
13 	245.942	258.505	251.536	2.33809
20 	245.165	258.3  	250.407	2.66617
23 	244.702	260.157	250.006	2.7733 
25 	243.428	260.467	249.624	2.95976
32 	243.007	259.44 	248.177	3.34785
36 	242.197	259.467	247.428	3.6564 
38 	242.05 	259.413	246.913	3.85389
39 	241.38 	260.327	246.608	3.86505
41 	240.657	259.65 	246.189	4.09136
45 	240.202	258.58 	245.07 	4.41526
46 	239.97 	259.49 	244.806	4.55723
48 	239.945	259.36 	244.223	4.66881
49 	238.82 	259.215	244.06 	4.88254
50 	238.545	258.697	243.764	5.01621
51 	238.102	258.882	243.45 	5.10098
55 	238.037	259.1  	242.405	5.53614
56 	237.49 	258.82 	242.174	5.589  
59 	237.105	259.02 	241.475	5.86163
60 	236.42 	260.287	241.281	5.98892
62 	236.305	259.13 	240.954	6.1442 
63 	236.188	258.843	240.739	6.13974
65 	236.042	259.137	240.362	6.33154
66 	235.902	259.235	240.188	6.34531
67 	235.732	258.582	240.044	6.48325
68 	235.695	259.18 	239.859	6.41563
69 	235.378	258.99 	239.757	6.54851
70 	235.315	259.177	239.578	6.62912
71 	235.062	259.25 	239.462	6.75195
72 	234.94 	258.538	239.225	6.70038
73 	234.94 	259.615	239.169	6.90178
74 	234.505	259.528	238.959	6.90543
75 	234.055	259.777	238.833	6.97369
79 	233.965	259.115	238.243	7.14575
80 	233.815	259.267	238.115	7.22705
81 	233.58 	258.683	237.996	7.29637
83 	233.495	260.025	237.778	7.48705
84 	233.282	259.545	237.59 	7.44438
85 	233.198	259.468	237.515	7.53898
87 	232.93 	259.32 	237.287	7.6469 
88 	232.692	259.275	237.175	7.68544
91 	232.61 	259.088	236.849	7.69781
92 	232.4  	258.75 	236.809	7.86109
94 	232.335	258.888	236.598	7.89531
95 	231.915	259.085	236.527	8.02367
100	231.91 	258.645	235.883	8.08671
101	231.795	259.115	235.813	8.18734
103	231.755	258.545	235.672	8.27163
104	231.69 	259.427	235.615	8.34546
105	231.595	258.77 	235.527	8.31841
106	231.508	259.143	235.476	8.39739
107	231.508	260.045	235.421	8.44506
108	231.463	260.472	235.341	8.42338
110	231.443	259.243	235.254	8.49131
112	231.418	259.087	235.169	8.51412
113	231.383	259.325	235.12 	8.4924 
114	231.315	259.145	235.111	8.54145
119	231.3  	259.42 	235.001	8.54673
120	231.26 	259.093	234.992	8.56709
122	231.258	259.987	234.959	8.5622 
123	231.24 	259.2  	234.945	8.59125
224	231.24 	259.3  	234.836	8.58753
End Time (hh:mm:ss.ms) 2023-07-17 09:03:54.045617
Total Time (hh:mm:ss.ms) 0:01:14.155022
Individuo: [[22, 27, 20, 23, 19, 60, 46, 57, 51, 34, 47, 49, 32, 52, 31, 14, 7, 69, 29, 65, 64, 0, 68, 30, 55, 1, 41, 36, 13, 21, 11, 10, 45, 44, 37, 58, 59, 53, 61, 26, 2, 9, 39, 48, 5, 16, 8, 12, 17, 33, 35, 15, 50, 18, 56, 43, 4, 67, 3, 66, 6, 28, 42, 25, 38, 54, 40, 24, 62, 63], [1, 0, 0, 1, 1, 0, 0, 0, 0, 0, 0, 1, 0, 0, 1, 0, 0, 0, 0, 0, 0, 0, 0, 1, 1, 0, 0, 0, 0, 0, 0, 1, 0, 1, 1, 0, 0, 0, 0, 1, 1, 1, 1, 1, 0, 1, 1, 0, 1, 1, 1, 1, 1, 1, 0, 1, 0, 0, 0, 1, 0, 1, 0, 0, 0, 1, 1, 0, 0, 0]]
Fitness:  231.23999999999998
Gens:  [0, 1, 2, 3, 4, 5, 6, 7, 8, 9, 10, 11, 12, 13, 14, 15, 16, 17, 18, 19, 20, 21, 22, 23, 24, 25, 26, 27, 28, 29, 30, 31, 32, 33, 34, 35, 36, 37, 38, 39, 40, 41, 42, 43, 44, 45, 46, 47, 48, 49, 50, 51, 52, 53, 54, 55, 56, 57, 58, 59, 60, 61, 62, 63, 64, 65, 66, 67, 68, 69, 70, 71, 72, 73, 74, 75, 76, 77, 78, 79, 80, 81, 82, 83, 84, 85, 86, 87, 88, 89, 90, 91, 92, 93, 94, 95, 96, 97, 98, 99, 100, 101, 102, 103, 104, 105, 106, 107, 108, 109, 110, 111, 112, 113, 114, 115, 116, 117, 118, 119, 120, 121, 122, 123, 124, 125, 126, 127, 128, 129, 130, 131, 132, 133, 134, 135, 136, 137, 138, 139, 140, 141, 142, 143, 144, 145, 146, 147, 148, 149, 150, 151, 152, 153, 154, 155, 156, 157, 158, 159, 160, 161, 162, 163, 164, 165, 166, 167, 168, 169, 170, 171, 172, 173, 174, 175, 176, 177, 178, 179, 180, 181, 182, 183, 184, 185, 186, 187, 188, 189, 190, 191, 192, 193, 194, 195, 196, 197, 198, 199, 200, 201, 202, 203, 204, 205, 206, 207, 208, 209, 210, 211, 212, 213, 214, 215, 216, 217, 218, 219, 220, 221, 222, 223, 224]
Inds:  [248.54750000000004, 248.54750000000004, 248.54750000000004, 248.54750000000004, 248.54750000000004, 247.90499999999997, 247.90499999999997, 247.90499999999997, 247.6225, 247.6225, 247.17499999999995, 247.17499999999995, 247.17499999999995, 245.9424999999999, 245.9424999999999, 245.9424999999999, 245.9424999999999, 245.9424999999999, 245.9424999999999, 245.9424999999999, 245.16500000000002, 245.16500000000002, 245.16500000000002, 244.70249999999993, 244.70249999999993, 243.42750000000004, 243.42750000000004, 243.42750000000004, 243.42750000000004, 243.42750000000004, 243.42750000000004, 243.42750000000004, 243.00749999999994, 243.00749999999994, 243.00749999999994, 243.00749999999994, 242.1975, 242.1975, 242.04999999999984, 241.37999999999997, 241.37999999999997, 240.65749999999994, 240.65749999999994, 240.65749999999994, 240.65749999999994, 240.20249999999996, 239.96999999999997, 239.96999999999997, 239.94500000000002, 238.81999999999994, 238.54500000000002, 238.10249999999996, 238.10249999999996, 238.10249999999996, 238.10249999999996, 238.03749999999994, 237.48999999999998, 237.48999999999998, 237.48999999999998, 237.10500000000002, 236.42000000000004, 236.42000000000004, 236.30500000000004, 236.18750000000006, 236.18750000000006, 236.04249999999996, 235.90249999999997, 235.73249999999996, 235.695, 235.37750000000003, 235.31500000000003, 235.06249999999997, 234.94, 234.93999999999997, 234.50500000000002, 234.055, 234.055, 234.055, 234.055, 233.96499999999997, 233.815, 233.58, 233.58, 233.49500000000003, 233.28249999999994, 233.19750000000002, 233.19750000000002, 232.92999999999998, 232.69249999999997, 232.69249999999997, 232.69249999999997, 232.61, 232.39999999999998, 232.39999999999998, 232.335, 231.91500000000005, 231.91500000000005, 231.91500000000005, 231.91500000000005, 231.91500000000005, 231.91, 231.79500000000007, 231.79500000000007, 231.75500000000002, 231.69000000000003, 231.59500000000003, 231.50750000000005, 231.50750000000002, 231.46250000000003, 231.46250000000003, 231.44250000000002, 231.44250000000002, 231.41750000000005, 231.38250000000008, 231.31500000000008, 231.31500000000008, 231.31500000000008, 231.31500000000008, 231.31500000000008, 231.3, 231.25999999999996, 231.25999999999996, 231.25750000000005, 231.23999999999998, 231.23999999999998, 231.23999999999998, 231.23999999999998, 231.23999999999998, 231.23999999999998, 231.23999999999998, 231.23999999999998, 231.23999999999998, 231.23999999999998, 231.23999999999998, 231.23999999999998, 231.23999999999998, 231.23999999999998, 231.23999999999998, 231.23999999999998, 231.23999999999998, 231.23999999999998, 231.23999999999998, 231.23999999999998, 231.23999999999998, 231.23999999999998, 231.23999999999998, 231.23999999999998, 231.23999999999998, 231.23999999999998, 231.23999999999998, 231.23999999999998, 231.23999999999998, 231.23999999999998, 231.23999999999998, 231.23999999999998, 231.23999999999998, 231.23999999999998, 231.23999999999998, 231.23999999999998, 231.23999999999998, 231.23999999999998, 231.23999999999998, 231.23999999999998, 231.23999999999998, 231.23999999999998, 231.23999999999998, 231.23999999999998, 231.23999999999998, 231.23999999999998, 231.23999999999998, 231.23999999999998, 231.23999999999998, 231.23999999999998, 231.23999999999998, 231.23999999999998, 231.23999999999998, 231.23999999999998, 231.23999999999998, 231.23999999999998, 231.23999999999998, 231.23999999999998, 231.23999999999998, 231.23999999999998, 231.23999999999998, 231.23999999999998, 231.23999999999998, 231.23999999999998, 231.23999999999998, 231.23999999999998, 231.23999999999998, 231.23999999999998, 231.23999999999998, 231.23999999999998, 231.23999999999998, 231.23999999999998, 231.23999999999998, 231.23999999999998, 231.23999999999998, 231.23999999999998, 231.23999999999998, 231.23999999999998, 231.23999999999998, 231.23999999999998, 231.23999999999998, 231.23999999999998, 231.23999999999998, 231.23999999999998, 231.23999999999998, 231.23999999999998, 231.23999999999998, 231.23999999999998, 231.23999999999998, 231.23999999999998, 231.23999999999998, 231.23999999999998, 231.23999999999998, 231.23999999999998, 231.23999999999998, 231.23999999999998, 231.23999999999998, 231.23999999999998, 231.23999999999998, 231.23999999999998, 231.23999999999998, 231.23999999999998]

Execution 6:
Parametros: P=1000, Pe=0.3, Pm=0.15, pe=0.7, Parada=100
Start Time (hh:mm:ss.ms) 2023-07-17 09:03:55.377617
gen	min    	max    	avg    	std    
0  	249.155	260.322	255.291	1.63545
3  	248.077	258.735	253.54 	1.75402
6  	247.2  	259.225	252.812	1.97651
9  	247.063	259.505	252.345	2.21193
12 	247.005	259.62 	251.801	2.25547
14 	246.393	258.882	251.536	2.43461
16 	245.855	258.467	251.239	2.46316
17 	245.63 	258.365	251.125	2.49109
22 	244.872	258.947	250.294	2.73689
23 	244.803	259.785	250.134	2.8066 
24 	244.658	259.735	249.952	2.83456
27 	243.463	259.76 	249.253	2.99384
33 	242.285	258.855	247.976	3.44239
39 	241.813	259.765	246.722	3.82629
41 	241.178	259.192	246.254	4.0175 
43 	241.038	260.15 	245.713	4.06242
46 	240.942	258.928	245.151	4.36026
47 	240.858	258.883	244.962	4.56512
48 	240.655	258.737	244.716	4.584  
49 	239.735	259.082	244.5  	4.61883
51 	239.163	258.2  	244.088	4.77102
54 	239.142	259.157	243.414	5.05992
55 	238.732	258.818	243.23 	5.13139
57 	238.47 	259.148	242.887	5.32157
59 	238.435	259.552	242.457	5.38844
60 	237.973	259.41 	242.319	5.54701
61 	236.783	258.348	242.136	5.56495
66 	236.5  	258.37 	241.124	6.04579
67 	236.482	259.115	240.931	6.15399
69 	235.98 	259.105	240.579	6.27171
72 	235.633	259.38 	240.089	6.49438
74 	235.403	258.41 	239.707	6.51476
75 	235.31 	258.873	239.589	6.61376
76 	235.113	259.797	239.42 	6.70598
77 	235.065	258.778	239.308	6.81456
78 	234.77 	259.515	239.123	6.81811
80 	234.765	258.58 	238.787	6.91405
81 	234.335	259.94 	238.675	7.01433
82 	234.21 	259.238	238.526	7.12137
83 	234.105	259.852	238.341	7.13007
86 	233.833	259.51 	237.926	7.25969
87 	233.44 	259.975	237.857	7.45512
89 	233.34 	258.875	237.581	7.41451
90 	233.19 	259.072	237.46 	7.51409
91 	233.175	258.74 	237.364	7.54716
92 	232.905	258.025	237.237	7.56453
95 	232.578	260.527	236.9  	7.70372
97 	232.505	258.907	236.701	7.9281 
98 	232.468	258.613	236.562	7.93494
99 	232.445	259.152	236.427	7.95784
100	232.213	258.93 	236.276	7.92369
102	232.173	260.327	236.102	8.03189
103	232.068	259.132	236.037	8.12182
104	231.835	258.925	235.936	8.12105
106	231.805	258.863	235.825	8.31193
107	231.69 	258.782	235.675	8.17562
108	231.675	259.223	235.64 	8.30287
109	231.638	258.432	235.529	8.24858
110	231.445	259.625	235.485	8.33894
112	231.26 	259.85 	235.346	8.37604
113	231.19 	259.342	235.313	8.46386
114	231.12 	258.685	235.258	8.49487
118	231.115	258.608	235.085	8.64471
119	231.065	260.507	235.006	8.56178
120	230.963	259.627	234.977	8.60107
124	230.925	259.328	234.816	8.59572
125	230.918	259.695	234.846	8.76497
126	230.85 	259.792	234.748	8.63049
227	230.85 	259.917	234.52 	8.7577 
End Time (hh:mm:ss.ms) 2023-07-17 09:05:10.471173
Total Time (hh:mm:ss.ms) 0:01:15.093556
Individuo: [[27, 38, 9, 57, 42, 47, 2, 55, 60, 49, 48, 52, 43, 53, 18, 50, 1, 11, 21, 13, 15, 36, 41, 35, 33, 56, 45, 4, 10, 14, 7, 64, 69, 0, 68, 31, 30, 51, 16, 44, 6, 67, 65, 66, 29, 3, 59, 58, 37, 8, 12, 17, 61, 26, 46, 28, 5, 34, 32, 19, 25, 20, 23, 39, 63, 24, 62, 40, 54, 22], [1, 1, 0, 1, 0, 0, 0, 0, 1, 1, 0, 0, 0, 0, 0, 0, 0, 1, 1, 1, 1, 1, 1, 0, 0, 0, 1, 1, 1, 0, 0, 1, 1, 1, 0, 0, 1, 1, 1, 0, 0, 0, 0, 0, 1, 1, 1, 1, 1, 1, 1, 1, 1, 1, 1, 1, 1, 0, 1, 0, 1, 1, 0, 0, 1, 0, 0, 0, 0, 0]]
Fitness:  230.85000000000008
Gens:  [0, 1, 2, 3, 4, 5, 6, 7, 8, 9, 10, 11, 12, 13, 14, 15, 16, 17, 18, 19, 20, 21, 22, 23, 24, 25, 26, 27, 28, 29, 30, 31, 32, 33, 34, 35, 36, 37, 38, 39, 40, 41, 42, 43, 44, 45, 46, 47, 48, 49, 50, 51, 52, 53, 54, 55, 56, 57, 58, 59, 60, 61, 62, 63, 64, 65, 66, 67, 68, 69, 70, 71, 72, 73, 74, 75, 76, 77, 78, 79, 80, 81, 82, 83, 84, 85, 86, 87, 88, 89, 90, 91, 92, 93, 94, 95, 96, 97, 98, 99, 100, 101, 102, 103, 104, 105, 106, 107, 108, 109, 110, 111, 112, 113, 114, 115, 116, 117, 118, 119, 120, 121, 122, 123, 124, 125, 126, 127, 128, 129, 130, 131, 132, 133, 134, 135, 136, 137, 138, 139, 140, 141, 142, 143, 144, 145, 146, 147, 148, 149, 150, 151, 152, 153, 154, 155, 156, 157, 158, 159, 160, 161, 162, 163, 164, 165, 166, 167, 168, 169, 170, 171, 172, 173, 174, 175, 176, 177, 178, 179, 180, 181, 182, 183, 184, 185, 186, 187, 188, 189, 190, 191, 192, 193, 194, 195, 196, 197, 198, 199, 200, 201, 202, 203, 204, 205, 206, 207, 208, 209, 210, 211, 212, 213, 214, 215, 216, 217, 218, 219, 220, 221, 222, 223, 224, 225, 226, 227]
Inds:  [249.15499999999997, 249.15499999999997, 249.15499999999997, 248.0775, 248.0775, 248.0775, 247.2, 247.2, 247.2, 247.06250000000003, 247.06250000000003, 247.06250000000003, 247.00499999999997, 247.00499999999997, 246.3925, 246.3925, 245.85500000000002, 245.63000000000008, 245.63000000000008, 245.63000000000008, 245.63000000000008, 245.63000000000008, 244.87249999999995, 244.8025, 244.65750000000003, 244.65750000000003, 244.65750000000003, 243.4625, 243.4625, 243.4625, 243.4625, 243.4625, 243.4625, 242.285, 242.285, 242.285, 242.285, 242.285, 242.285, 241.81250000000003, 241.81250000000003, 241.1775, 241.1775, 241.03750000000002, 241.03750000000002, 241.03750000000002, 240.94249999999997, 240.85750000000002, 240.65500000000006, 239.735, 239.735, 239.16250000000005, 239.16250000000005, 239.16250000000005, 239.14249999999998, 238.73249999999993, 238.73249999999993, 238.46999999999997, 238.46999999999997, 238.435, 237.97250000000005, 236.78250000000003, 236.78250000000003, 236.78250000000003, 236.78250000000003, 236.78250000000003, 236.49999999999994, 236.4825, 236.4825, 235.98000000000016, 235.98000000000016, 235.98000000000016, 235.63250000000014, 235.63250000000014, 235.4025, 235.31000000000006, 235.1125000000001, 235.06500000000003, 234.77000000000007, 234.77000000000007, 234.7650000000001, 234.33500000000006, 234.21000000000004, 234.10500000000005, 234.10500000000005, 234.10500000000005, 233.83250000000004, 233.44000000000008, 233.44000000000008, 233.34000000000003, 233.19000000000005, 233.17500000000004, 232.90500000000006, 232.90500000000006, 232.90500000000006, 232.57750000000007, 232.57750000000007, 232.50500000000005, 232.4675000000001, 232.44500000000005, 232.21250000000006, 232.21250000000006, 232.1725000000001, 232.06750000000005, 231.83500000000018, 231.83500000000018, 231.80500000000006, 231.69000000000005, 231.67500000000007, 231.6375000000001, 231.4450000000001, 231.4450000000001, 231.26000000000008, 231.19000000000008, 231.1200000000001, 231.1200000000001, 231.1200000000001, 231.1200000000001, 231.1150000000001, 231.0650000000001, 230.96250000000012, 230.96250000000012, 230.96250000000012, 230.96250000000012, 230.92500000000013, 230.91750000000008, 230.85000000000008, 230.85000000000008, 230.85000000000008, 230.85000000000008, 230.85000000000008, 230.85000000000008, 230.85000000000008, 230.85000000000008, 230.85000000000008, 230.85000000000008, 230.85000000000008, 230.85000000000008, 230.85000000000008, 230.85000000000008, 230.85000000000008, 230.85000000000008, 230.85000000000008, 230.85000000000008, 230.85000000000008, 230.85000000000008, 230.85000000000008, 230.85000000000008, 230.85000000000008, 230.85000000000008, 230.85000000000008, 230.85000000000008, 230.85000000000008, 230.85000000000008, 230.85000000000008, 230.85000000000008, 230.85000000000008, 230.85000000000008, 230.85000000000008, 230.85000000000008, 230.85000000000008, 230.85000000000008, 230.85000000000008, 230.85000000000008, 230.85000000000008, 230.85000000000008, 230.85000000000008, 230.85000000000008, 230.85000000000008, 230.85000000000008, 230.85000000000008, 230.85000000000008, 230.85000000000008, 230.85000000000008, 230.85000000000008, 230.85000000000008, 230.85000000000008, 230.85000000000008, 230.85000000000008, 230.85000000000008, 230.85000000000008, 230.85000000000008, 230.85000000000008, 230.85000000000008, 230.85000000000008, 230.85000000000008, 230.85000000000008, 230.85000000000008, 230.85000000000008, 230.85000000000008, 230.85000000000008, 230.85000000000008, 230.85000000000008, 230.85000000000008, 230.85000000000008, 230.85000000000008, 230.85000000000008, 230.85000000000008, 230.85000000000008, 230.85000000000008, 230.85000000000008, 230.85000000000008, 230.85000000000008, 230.85000000000008, 230.85000000000008, 230.85000000000008, 230.85000000000008, 230.85000000000008, 230.85000000000008, 230.85000000000008, 230.85000000000008, 230.85000000000008, 230.85000000000008, 230.85000000000008, 230.85000000000008, 230.85000000000008, 230.85000000000008, 230.85000000000008, 230.85000000000008, 230.85000000000008, 230.85000000000008, 230.85000000000008, 230.85000000000008, 230.85000000000008, 230.85000000000008, 230.85000000000008, 230.85000000000008, 230.85000000000008]

Execution 7:
Parametros: P=1000, Pe=0.3, Pm=0.15, pe=0.7, Parada=100
Start Time (hh:mm:ss.ms) 2023-07-17 09:05:11.797170
gen	min    	max    	avg   	std    
0  	249.622	259.622	255.31	1.57999
1  	249.605	259.35 	254.374	1.50252
3  	248.883	259.27 	253.54 	1.70778
4  	248.458	259.792	253.26 	1.7889 
5  	248.4  	259.44 	253.145	1.97245
9  	247.857	258.877	252.281	2.10936
10 	247.705	259.625	252.101	2.18888
12 	247.545	259.423	251.862	2.29231
13 	247.323	258.66 	251.678	2.23709
14 	246.583	259.067	251.491	2.35636
15 	245.527	258.68 	251.385	2.37333
17 	245.21 	258.512	251.013	2.4422 
22 	245.198	260.17 	250.001	2.83464
23 	244.525	259.902	249.746	2.84532
24 	243.998	259.417	249.461	2.86009
25 	243.575	259.178	249.281	2.93515
33 	243.19 	258.407	247.653	3.53576
34 	242.502	258.065	247.51 	3.46098
38 	242.405	258.835	246.928	3.81824
40 	242.307	258.895	246.691	3.93792
42 	242.04 	258.942	246.307	4.04996
43 	242.007	258.485	246.052	4.05852
44 	241.602	259.503	245.978	4.24899
45 	241.232	259.502	245.76 	4.2698 
46 	241.222	259.385	245.589	4.31032
47 	241.04 	258.952	245.352	4.32818
48 	240.025	259.115	245.201	4.34673
51 	239.898	258.778	244.692	4.63261
54 	239.888	258.515	244.02 	4.84761
55 	239.46 	259.292	243.764	4.97155
56 	238.815	258.36 	243.504	5.03219
58 	238.085	258.89 	243.019	5.24394
62 	237.817	259.317	242.028	5.63373
63 	237.463	259.185	241.832	5.66467
64 	237.44 	258.905	241.654	5.79165
65 	237.008	260.523	241.457	5.92149
66 	236.987	258.9  	241.221	5.85905
68 	236.717	258.745	240.908	6.02569
69 	236.655	258.685	240.827	6.21676
70 	236.333	259.027	240.635	6.20716
71 	236.192	259.17 	240.475	6.32538
72 	235.878	260.41 	240.235	6.21834
73 	235.602	259.445	240.113	6.44071
74 	235.247	258.86 	239.966	6.49621
76 	235.118	258.477	239.625	6.6023 
77 	234.883	259.498	239.457	6.68286
78 	234.623	258.81 	239.295	6.74872
83 	234.3  	259.523	238.579	7.12681
84 	234.282	258.855	238.433	7.12518
85 	234.125	260.067	238.275	7.14512
86 	233.777	258.843	238.186	7.30491
88 	233.397	258.245	237.874	7.25962
91 	233.373	258.738	237.49 	7.50462
92 	233.125	259.68 	237.331	7.56727
93 	233.077	259.333	237.227	7.63469
94 	232.795	258.298	237.098	7.72543
97 	232.583	259.257	236.649	7.76347
99 	232.515	259.535	236.425	7.87162
100	232.297	259.44 	236.337	7.95989
101	232.243	259.207	236.28 	8.0948 
103	232.165	260.04 	236.093	8.06665
105	232.028	259.968	235.96 	8.14501
107	232.028	259.072	235.86 	8.1968 
108	231.96 	259.327	235.812	8.2355 
110	231.952	258.637	235.711	8.24652
111	231.838	258.627	235.662	8.25851
115	231.828	259.017	235.549	8.3796 
116	231.803	258.907	235.472	8.28672
118	231.788	260.338	235.435	8.34114
119	231.785	258.91 	235.391	8.3226 
120	231.738	260.27 	235.358	8.28899
121	231.735	258.387	235.305	8.23944
128	231.733	259.725	235.281	8.46147
131	231.73 	258.515	235.227	8.33049
232	231.73 	259.512	235.274	8.45543
End Time (hh:mm:ss.ms) 2023-07-17 09:06:27.904169
Total Time (hh:mm:ss.ms) 0:01:16.106999
Individuo: [[62, 24, 63, 9, 52, 31, 68, 14, 16, 42, 20, 27, 38, 25, 47, 57, 49, 51, 30, 44, 6, 26, 2, 46, 36, 1, 61, 55, 10, 69, 58, 59, 3, 65, 29, 64, 0, 7, 66, 67, 45, 18, 33, 13, 15, 35, 21, 11, 50, 60, 28, 34, 32, 41, 56, 37, 12, 8, 17, 53, 43, 4, 5, 48, 39, 19, 23, 54, 22, 40], [1, 1, 0, 0, 1, 1, 1, 0, 0, 1, 1, 1, 1, 1, 1, 0, 1, 1, 0, 0, 0, 1, 1, 1, 0, 0, 1, 0, 1, 1, 1, 1, 0, 1, 1, 0, 1, 1, 1, 1, 0, 1, 1, 1, 1, 0, 0, 0, 1, 0, 1, 0, 1, 0, 0, 1, 0, 0, 1, 1, 1, 1, 1, 0, 0, 1, 1, 0, 0, 0]]
Fitness:  231.73000000000002
Gens:  [0, 1, 2, 3, 4, 5, 6, 7, 8, 9, 10, 11, 12, 13, 14, 15, 16, 17, 18, 19, 20, 21, 22, 23, 24, 25, 26, 27, 28, 29, 30, 31, 32, 33, 34, 35, 36, 37, 38, 39, 40, 41, 42, 43, 44, 45, 46, 47, 48, 49, 50, 51, 52, 53, 54, 55, 56, 57, 58, 59, 60, 61, 62, 63, 64, 65, 66, 67, 68, 69, 70, 71, 72, 73, 74, 75, 76, 77, 78, 79, 80, 81, 82, 83, 84, 85, 86, 87, 88, 89, 90, 91, 92, 93, 94, 95, 96, 97, 98, 99, 100, 101, 102, 103, 104, 105, 106, 107, 108, 109, 110, 111, 112, 113, 114, 115, 116, 117, 118, 119, 120, 121, 122, 123, 124, 125, 126, 127, 128, 129, 130, 131, 132, 133, 134, 135, 136, 137, 138, 139, 140, 141, 142, 143, 144, 145, 146, 147, 148, 149, 150, 151, 152, 153, 154, 155, 156, 157, 158, 159, 160, 161, 162, 163, 164, 165, 166, 167, 168, 169, 170, 171, 172, 173, 174, 175, 176, 177, 178, 179, 180, 181, 182, 183, 184, 185, 186, 187, 188, 189, 190, 191, 192, 193, 194, 195, 196, 197, 198, 199, 200, 201, 202, 203, 204, 205, 206, 207, 208, 209, 210, 211, 212, 213, 214, 215, 216, 217, 218, 219, 220, 221, 222, 223, 224, 225, 226, 227, 228, 229, 230, 231, 232]
Inds:  [249.62249999999995, 249.60499999999993, 249.60499999999993, 248.88250000000005, 248.4575, 248.39999999999998, 248.39999999999998, 248.39999999999998, 248.39999999999998, 247.8574999999999, 247.7049999999999, 247.7049999999999, 247.54500000000002, 247.32250000000002, 246.58250000000004, 245.52749999999997, 245.52749999999997, 245.20999999999998, 245.20999999999998, 245.20999999999998, 245.20999999999998, 245.20999999999998, 245.19750000000002, 244.525, 243.9975, 243.57499999999996, 243.57499999999996, 243.57499999999996, 243.57499999999996, 243.57499999999996, 243.57499999999996, 243.57499999999996, 243.57499999999996, 243.19, 242.5024999999999, 242.5024999999999, 242.5024999999999, 242.5024999999999, 242.405, 242.405, 242.30749999999998, 242.30749999999998, 242.04, 242.00749999999996, 241.60249999999996, 241.23249999999993, 241.22249999999997, 241.03999999999994, 240.025, 240.025, 240.025, 239.89750000000006, 239.89750000000006, 239.89750000000006, 239.8875000000001, 239.46000000000006, 238.815, 238.815, 238.08499999999995, 238.08499999999995, 238.08499999999995, 238.08499999999995, 237.81749999999994, 237.46250000000006, 237.44000000000003, 237.00750000000008, 236.98749999999998, 236.98749999999998, 236.71749999999997, 236.655, 236.3325, 236.19249999999997, 235.87750000000003, 235.60249999999996, 235.24749999999995, 235.24749999999995, 235.1175, 234.88250000000005, 234.62250000000003, 234.62250000000003, 234.62250000000003, 234.62250000000003, 234.62250000000003, 234.3, 234.28249999999994, 234.12500000000003, 233.77749999999997, 233.77749999999997, 233.39749999999995, 233.39749999999995, 233.39749999999995, 233.3725, 233.12499999999994, 233.07749999999996, 232.79500000000004, 232.79500000000004, 232.79500000000004, 232.5825, 232.5825, 232.51500000000001, 232.29749999999999, 232.24250000000004, 232.24250000000004, 232.165, 232.165, 232.02750000000003, 232.02750000000003, 232.0275, 231.96, 231.96, 231.9525, 231.8375, 231.8375, 231.8375, 231.8375, 231.82750000000001, 231.8025, 231.8025, 231.78750000000002, 231.785, 231.7375, 231.735, 231.735, 231.735, 231.735, 231.735, 231.735, 231.735, 231.73250000000002, 231.73250000000002, 231.73250000000002, 231.73000000000002, 231.73000000000002, 231.73000000000002, 231.73000000000002, 231.73000000000002, 231.73000000000002, 231.73000000000002, 231.73000000000002, 231.73000000000002, 231.73000000000002, 231.73000000000002, 231.73000000000002, 231.73000000000002, 231.73000000000002, 231.73000000000002, 231.73000000000002, 231.73000000000002, 231.73000000000002, 231.73000000000002, 231.73000000000002, 231.73000000000002, 231.73000000000002, 231.73000000000002, 231.73000000000002, 231.73000000000002, 231.73000000000002, 231.73000000000002, 231.73000000000002, 231.73000000000002, 231.73000000000002, 231.73000000000002, 231.73000000000002, 231.73000000000002, 231.73000000000002, 231.73000000000002, 231.73000000000002, 231.73000000000002, 231.73000000000002, 231.73000000000002, 231.73000000000002, 231.73000000000002, 231.73000000000002, 231.73000000000002, 231.73000000000002, 231.73000000000002, 231.73000000000002, 231.73000000000002, 231.73000000000002, 231.73000000000002, 231.73000000000002, 231.73000000000002, 231.73000000000002, 231.73000000000002, 231.73000000000002, 231.73000000000002, 231.73000000000002, 231.73000000000002, 231.73000000000002, 231.73000000000002, 231.73000000000002, 231.73000000000002, 231.73000000000002, 231.73000000000002, 231.73000000000002, 231.73000000000002, 231.73000000000002, 231.73000000000002, 231.73000000000002, 231.73000000000002, 231.73000000000002, 231.73000000000002, 231.73000000000002, 231.73000000000002, 231.73000000000002, 231.73000000000002, 231.73000000000002, 231.73000000000002, 231.73000000000002, 231.73000000000002, 231.73000000000002, 231.73000000000002, 231.73000000000002, 231.73000000000002, 231.73000000000002, 231.73000000000002, 231.73000000000002, 231.73000000000002, 231.73000000000002, 231.73000000000002, 231.73000000000002, 231.73000000000002, 231.73000000000002, 231.73000000000002, 231.73000000000002, 231.73000000000002, 231.73000000000002, 231.73000000000002, 231.73000000000002, 231.73000000000002, 231.73000000000002, 231.73000000000002, 231.73000000000002]

Execution 8:
Parametros: P=1000, Pe=0.3, Pm=0.15, pe=0.7, Parada=100
Start Time (hh:mm:ss.ms) 2023-07-17 09:06:29.210169
gen	min    	max    	avg    	std   
0  	249.585	259.935	255.255	1.5851
1  	248.83 	259.723	254.314	1.52517
5  	248.31 	258.745	253.075	1.88865
7  	248.008	259.458	252.693	2.0291 
8  	247.87 	258.79 	252.508	2.07435
9  	247.425	259.88 	252.398	2.16358
10 	247.35 	258.402	252.226	2.17375
14 	246.867	258.55 	251.736	2.29138
17 	246.41 	259.74 	251.348	2.4704 
21 	245.278	258.712	250.803	2.62805
28 	245.19 	259.935	249.474	2.94787
29 	244.445	259.625	249.241	3.02676
30 	243.62 	259.635	249.117	3.1123 
35 	242.935	260.222	248.051	3.44004
39 	242.777	258.74 	247.114	3.67008
41 	241.815	258.462	246.696	3.82076
44 	241.782	259.645	246.086	4.04465
45 	241.488	260.255	245.892	4.21094
46 	241.308	258.43 	245.706	4.21498
47 	241.055	259.35 	245.527	4.37375
48 	240.63 	259.877	245.322	4.43201
49 	240.167	259.833	245.099	4.45211
51 	239.525	259.398	244.672	4.59446
53 	239.21 	258.822	244.266	4.83999
56 	239.027	258.39 	243.619	5.01584
57 	238.3  	259.6  	243.46 	5.19865
62 	237.857	258.882	242.406	5.47895
63 	237.683	259.34 	242.228	5.57381
64 	237.543	258.785	242.011	5.61613
66 	237.502	258.735	241.648	5.81987
67 	237.417	259.415	241.437	5.8873 
68 	236.857	260.108	241.296	5.92939
70 	236.73 	258.63 	240.98 	6.10392
71 	236.222	259.09 	240.78 	6.16986
72 	236.047	259.517	240.607	6.23415
75 	235.66 	258.838	240.113	6.39153
78 	235.525	259.397	239.633	6.68464
79 	235.28 	258.648	239.461	6.6692 
80 	235.143	258.952	239.332	6.78149
81 	235.117	258.805	239.23 	6.87737
82 	234.99 	258.755	239.028	6.86926
83 	234.713	258.767	238.934	6.96548
85 	234.523	259.282	238.674	7.00315
87 	234.502	260.025	238.476	7.22167
88 	233.992	259.18 	238.324	7.1949 
90 	233.978	258.098	238.083	7.21136
92 	233.557	259.587	237.911	7.39268
94 	233.495	260.12 	237.661	7.45745
96 	233.265	259.057	237.407	7.48029
97 	233.103	259.772	237.328	7.56685
98 	232.91 	259.257	237.215	7.59771
103	232.675	259.678	236.726	7.76293
104	232.58 	259.335	236.667	7.84929
108	232.45 	258.977	236.428	8.00345
109	232.45 	259.367	236.34 	7.99826
110	232.413	259.142	236.253	7.97211
111	232.373	259.605	236.237	8.04879
112	232.253	259.37 	236.181	8.10452
113	232.203	259.057	236.135	8.16315
114	232.09 	258.817	236.041	8.07962
116	232.048	258.907	235.956	8.11362
117	231.893	260.46 	235.942	8.17085
118	231.81 	260.238	235.895	8.22969
120	231.773	259.32 	235.765	8.33142
122	231.76 	259.562	235.638	8.38324
123	231.755	260.015	235.531	8.32958
124	231.688	258.76 	235.476	8.34795
126	231.683	259.67 	235.381	8.38606
127	231.663	258.295	235.318	8.36892
128	231.663	259.94 	235.312	8.4465 
131	231.65 	259.77 	235.274	8.50652
134	231.63 	259.235	235.195	8.42309
235	231.63 	259.262	235.185	8.48394
End Time (hh:mm:ss.ms) 2023-07-17 09:07:49.364293
Total Time (hh:mm:ss.ms) 0:01:20.154124
Individuo: [[22, 54, 40, 9, 32, 48, 52, 25, 14, 29, 3, 66, 65, 59, 44, 58, 37, 17, 1, 35, 33, 11, 18, 43, 53, 8, 50, 56, 61, 12, 6, 30, 16, 51, 49, 19, 39, 47, 42, 46, 2, 10, 28, 68, 64, 69, 67, 45, 26, 13, 41, 36, 15, 21, 55, 5, 34, 31, 0, 7, 4, 60, 57, 23, 38, 27, 20, 63, 24, 62], [1, 1, 1, 0, 0, 0, 0, 1, 0, 0, 0, 1, 1, 0, 0, 1, 1, 1, 1, 0, 0, 0, 0, 0, 0, 1, 0, 0, 0, 1, 0, 0, 0, 0, 0, 0, 1, 0, 0, 0, 0, 1, 0, 1, 0, 0, 1, 0, 1, 0, 0, 0, 0, 0, 0, 1, 1, 1, 1, 1, 0, 1, 1, 1, 0, 0, 0, 1, 0, 0]]
Fitness:  231.63000000000002
Gens:  [0, 1, 2, 3, 4, 5, 6, 7, 8, 9, 10, 11, 12, 13, 14, 15, 16, 17, 18, 19, 20, 21, 22, 23, 24, 25, 26, 27, 28, 29, 30, 31, 32, 33, 34, 35, 36, 37, 38, 39, 40, 41, 42, 43, 44, 45, 46, 47, 48, 49, 50, 51, 52, 53, 54, 55, 56, 57, 58, 59, 60, 61, 62, 63, 64, 65, 66, 67, 68, 69, 70, 71, 72, 73, 74, 75, 76, 77, 78, 79, 80, 81, 82, 83, 84, 85, 86, 87, 88, 89, 90, 91, 92, 93, 94, 95, 96, 97, 98, 99, 100, 101, 102, 103, 104, 105, 106, 107, 108, 109, 110, 111, 112, 113, 114, 115, 116, 117, 118, 119, 120, 121, 122, 123, 124, 125, 126, 127, 128, 129, 130, 131, 132, 133, 134, 135, 136, 137, 138, 139, 140, 141, 142, 143, 144, 145, 146, 147, 148, 149, 150, 151, 152, 153, 154, 155, 156, 157, 158, 159, 160, 161, 162, 163, 164, 165, 166, 167, 168, 169, 170, 171, 172, 173, 174, 175, 176, 177, 178, 179, 180, 181, 182, 183, 184, 185, 186, 187, 188, 189, 190, 191, 192, 193, 194, 195, 196, 197, 198, 199, 200, 201, 202, 203, 204, 205, 206, 207, 208, 209, 210, 211, 212, 213, 214, 215, 216, 217, 218, 219, 220, 221, 222, 223, 224, 225, 226, 227, 228, 229, 230, 231, 232, 233, 234, 235]
Inds:  [249.58499999999998, 248.83000000000004, 248.83000000000004, 248.83000000000004, 248.83000000000004, 248.31, 248.31, 248.00750000000002, 247.86999999999998, 247.42499999999995, 247.35, 247.35, 247.35, 247.35, 246.86749999999995, 246.86749999999995, 246.86749999999995, 246.41, 246.41, 246.41, 246.41, 245.27750000000003, 245.27750000000003, 245.27750000000003, 245.27750000000003, 245.27750000000003, 245.27750000000003, 245.27750000000003, 245.19000000000003, 244.44499999999996, 243.62000000000003, 243.62000000000003, 243.62000000000003, 243.62000000000003, 243.62000000000003, 242.93499999999995, 242.93499999999995, 242.93499999999995, 242.93499999999995, 242.77749999999995, 242.77749999999995, 241.815, 241.815, 241.815, 241.78249999999994, 241.4875, 241.30750000000003, 241.055, 240.63000000000005, 240.1675, 240.1675, 239.52499999999998, 239.52499999999998, 239.21000000000004, 239.21000000000004, 239.21000000000004, 239.02749999999992, 238.29999999999995, 238.29999999999995, 238.29999999999995, 238.29999999999995, 238.29999999999995, 237.8575, 237.68250000000003, 237.54250000000005, 237.54250000000005, 237.50249999999994, 237.4175, 236.85749999999996, 236.85749999999996, 236.73000000000002, 236.22249999999994, 236.0474999999999, 236.0474999999999, 236.0474999999999, 235.65999999999994, 235.65999999999994, 235.65999999999994, 235.52499999999995, 235.28000000000006, 235.14250000000004, 235.11749999999995, 234.98999999999992, 234.71250000000003, 234.71250000000003, 234.5225, 234.5225, 234.50249999999994, 233.99249999999998, 233.99249999999998, 233.97750000000005, 233.97750000000005, 233.55749999999998, 233.55749999999998, 233.49499999999998, 233.49499999999998, 233.265, 233.10250000000002, 232.91, 232.91, 232.91, 232.91, 232.91, 232.675, 232.57999999999998, 232.57999999999998, 232.57999999999998, 232.57999999999998, 232.45000000000005, 232.45000000000002, 232.41250000000002, 232.37250000000006, 232.25250000000005, 232.20250000000001, 232.09000000000003, 232.09000000000003, 232.0475, 231.89250000000007, 231.81000000000003, 231.81000000000003, 231.77250000000006, 231.77250000000006, 231.76000000000005, 231.75500000000002, 231.68750000000003, 231.68750000000003, 231.68250000000006, 231.66250000000005, 231.66250000000002, 231.66250000000002, 231.66250000000002, 231.65, 231.65, 231.65, 231.63000000000002, 231.63000000000002, 231.63000000000002, 231.63000000000002, 231.63000000000002, 231.63000000000002, 231.63000000000002, 231.63000000000002, 231.63000000000002, 231.63000000000002, 231.63000000000002, 231.63000000000002, 231.63000000000002, 231.63000000000002, 231.63000000000002, 231.63000000000002, 231.63000000000002, 231.63000000000002, 231.63000000000002, 231.63000000000002, 231.63000000000002, 231.63000000000002, 231.63000000000002, 231.63000000000002, 231.63000000000002, 231.63000000000002, 231.63000000000002, 231.63000000000002, 231.63000000000002, 231.63000000000002, 231.63000000000002, 231.63000000000002, 231.63000000000002, 231.63000000000002, 231.63000000000002, 231.63000000000002, 231.63000000000002, 231.63000000000002, 231.63000000000002, 231.63000000000002, 231.63000000000002, 231.63000000000002, 231.63000000000002, 231.63000000000002, 231.63000000000002, 231.63000000000002, 231.63000000000002, 231.63000000000002, 231.63000000000002, 231.63000000000002, 231.63000000000002, 231.63000000000002, 231.63000000000002, 231.63000000000002, 231.63000000000002, 231.63000000000002, 231.63000000000002, 231.63000000000002, 231.63000000000002, 231.63000000000002, 231.63000000000002, 231.63000000000002, 231.63000000000002, 231.63000000000002, 231.63000000000002, 231.63000000000002, 231.63000000000002, 231.63000000000002, 231.63000000000002, 231.63000000000002, 231.63000000000002, 231.63000000000002, 231.63000000000002, 231.63000000000002, 231.63000000000002, 231.63000000000002, 231.63000000000002, 231.63000000000002, 231.63000000000002, 231.63000000000002, 231.63000000000002, 231.63000000000002, 231.63000000000002, 231.63000000000002, 231.63000000000002, 231.63000000000002, 231.63000000000002, 231.63000000000002, 231.63000000000002, 231.63000000000002, 231.63000000000002, 231.63000000000002, 231.63000000000002, 231.63000000000002, 231.63000000000002, 231.63000000000002, 231.63000000000002, 231.63000000000002, 231.63000000000002, 231.63000000000002, 231.63000000000002, 231.63000000000002]

Execution 9:
Parametros: P=1000, Pe=0.3, Pm=0.15, pe=0.7, Parada=100
Start Time (hh:mm:ss.ms) 2023-07-17 09:07:51.083296
gen	min    	max    	avg    	std    
0  	249.863	260.022	255.299	1.55601
1  	249.625	259.45 	254.372	1.5294 
2  	249.612	259.222	253.959	1.59179
3  	248.942	260.295	253.658	1.71067
5  	248.438	259.297	253.145	1.84854
8  	247.303	259.553	252.762	2.1538 
12 	246.843	258.51 	252.063	2.25865
13 	246.765	258.582	251.904	2.29065
17 	246.608	258.34 	251.324	2.4219 
18 	246.482	260.098	251.146	2.48   
19 	245.865	259.685	251.101	2.58194
24 	245.053	259.275	250.116	2.65572
27 	243.968	259.295	249.541	2.92128
30 	243.568	258.667	249.05 	3.06659
32 	243.557	259.522	248.708	3.14133
35 	243.275	259.5  	248.159	3.37817
36 	241.657	258.505	247.942	3.4016 
44 	241.65 	259.143	245.902	4.12661
45 	241.327	258.555	245.589	4.22944
46 	241.115	258.772	245.354	4.38706
47 	240.742	258.322	245.147	4.4878 
48 	240.3  	258.95 	244.86 	4.56019
49 	239.935	259.067	244.679	4.66077
51 	239.217	259.1  	244.081	4.70645
52 	239.035	259.137	243.886	4.89352
53 	238.047	259.158	243.653	5.04141
55 	237.867	258.84 	243.093	5.28835
57 	237.602	259.138	242.564	5.52331
58 	237.515	259.53 	242.199	5.62556
59 	237.03 	259.585	241.902	5.784  
60 	236.963	258.828	241.588	5.88688
61 	236.55 	259.2  	241.258	6.06897
62 	236.527	258.455	240.962	6.1119 
63 	235.998	258.87 	240.716	6.28495
64 	235.8  	259.757	240.471	6.34601
66 	235.2  	259.985	240.027	6.52206
68 	234.695	258.852	239.56 	6.63366
69 	234.65 	259.66 	239.403	6.80301
70 	234.5  	258.637	239.195	6.82022
71 	234.23 	259.502	239    	6.87612
73 	234.183	258.8  	238.627	7.02041
74 	233.865	258.533	238.427	7.06628
76 	233.453	259.24 	238.163	7.34289
80 	233.255	258.835	237.557	7.50073
81 	233.022	259.567	237.398	7.53956
83 	232.85 	258.48 	237.178	7.68729
84 	232.82 	259.285	237.065	7.75752
86 	232.54 	259.088	236.849	7.91846
87 	232.448	258.907	236.682	7.83667
88 	232.025	258.878	236.537	7.84692
93 	231.813	259.288	235.999	8.05004
95 	231.755	258.85 	235.847	8.20695
96 	231.72 	259.225	235.751	8.2714 
97 	231.565	259.165	235.653	8.3164 
98 	231.398	258.938	235.537	8.31131
99 	231.345	259.3  	235.428	8.26176
100	231.263	258.485	235.373	8.34157
103	231.088	258.667	235.181	8.48578
105	231.068	261.26 	235.063	8.53291
106	231.058	259.55 	235.014	8.60433
107	231.018	260.29 	234.964	8.6197 
108	230.898	260.175	234.94 	8.71425
110	230.82 	258.925	234.768	8.5828 
112	230.783	259.792	234.691	8.68802
115	230.77 	258.76 	234.555	8.75104
216	230.77 	259.14 	234.441	8.76109
End Time (hh:mm:ss.ms) 2023-07-17 09:09:10.650857
Total Time (hh:mm:ss.ms) 0:01:19.567561
Individuo: [[62, 24, 9, 20, 27, 38, 25, 2, 45, 67, 59, 58, 6, 30, 0, 68, 7, 14, 16, 69, 29, 66, 3, 4, 10, 46, 57, 31, 64, 65, 37, 44, 53, 61, 1, 50, 18, 56, 11, 35, 33, 55, 28, 23, 63, 39, 52, 48, 32, 17, 12, 8, 26, 41, 36, 15, 13, 21, 43, 60, 42, 47, 49, 5, 51, 34, 19, 40, 54, 22], [1, 1, 0, 1, 1, 1, 1, 0, 1, 0, 1, 1, 0, 0, 0, 0, 1, 1, 1, 1, 0, 0, 1, 1, 1, 0, 0, 1, 1, 1, 0, 0, 0, 0, 1, 1, 1, 1, 1, 0, 0, 0, 1, 1, 1, 1, 1, 1, 1, 0, 0, 0, 1, 0, 0, 0, 0, 0, 1, 1, 1, 1, 1, 0, 0, 0, 0, 0, 0, 0]]
Fitness:  230.77000000000012
Gens:  [0, 1, 2, 3, 4, 5, 6, 7, 8, 9, 10, 11, 12, 13, 14, 15, 16, 17, 18, 19, 20, 21, 22, 23, 24, 25, 26, 27, 28, 29, 30, 31, 32, 33, 34, 35, 36, 37, 38, 39, 40, 41, 42, 43, 44, 45, 46, 47, 48, 49, 50, 51, 52, 53, 54, 55, 56, 57, 58, 59, 60, 61, 62, 63, 64, 65, 66, 67, 68, 69, 70, 71, 72, 73, 74, 75, 76, 77, 78, 79, 80, 81, 82, 83, 84, 85, 86, 87, 88, 89, 90, 91, 92, 93, 94, 95, 96, 97, 98, 99, 100, 101, 102, 103, 104, 105, 106, 107, 108, 109, 110, 111, 112, 113, 114, 115, 116, 117, 118, 119, 120, 121, 122, 123, 124, 125, 126, 127, 128, 129, 130, 131, 132, 133, 134, 135, 136, 137, 138, 139, 140, 141, 142, 143, 144, 145, 146, 147, 148, 149, 150, 151, 152, 153, 154, 155, 156, 157, 158, 159, 160, 161, 162, 163, 164, 165, 166, 167, 168, 169, 170, 171, 172, 173, 174, 175, 176, 177, 178, 179, 180, 181, 182, 183, 184, 185, 186, 187, 188, 189, 190, 191, 192, 193, 194, 195, 196, 197, 198, 199, 200, 201, 202, 203, 204, 205, 206, 207, 208, 209, 210, 211, 212, 213, 214, 215, 216]
Inds:  [249.86250000000007, 249.62499999999991, 249.61249999999995, 248.94249999999994, 248.94249999999994, 248.4375, 248.4375, 248.4375, 247.3025, 247.3025, 247.3025, 247.3025, 246.8425, 246.76500000000001, 246.76500000000001, 246.76500000000001, 246.76500000000001, 246.60750000000004, 246.48249999999996, 245.865, 245.865, 245.865, 245.865, 245.865, 245.0525, 245.0525, 245.0525, 243.9675, 243.9675, 243.9675, 243.56750000000002, 243.56750000000002, 243.55749999999998, 243.55749999999998, 243.55749999999998, 243.275, 241.65749999999997, 241.65749999999997, 241.65749999999997, 241.65749999999997, 241.65749999999997, 241.65749999999997, 241.65749999999997, 241.65749999999997, 241.65, 241.3275, 241.11500000000004, 240.74249999999998, 240.29999999999995, 239.935, 239.935, 239.21749999999994, 239.0349999999999, 238.04749999999993, 238.04749999999993, 237.86749999999998, 237.86749999999998, 237.6025, 237.51500000000001, 237.03000000000006, 236.9625, 236.54999999999993, 236.52749999999997, 235.99750000000003, 235.8, 235.8, 235.20000000000007, 235.20000000000007, 234.695, 234.65000000000003, 234.49999999999991, 234.22999999999993, 234.22999999999993, 234.18250000000003, 233.86499999999995, 233.86499999999995, 233.45250000000007, 233.45250000000007, 233.45250000000007, 233.45250000000007, 233.25499999999994, 233.02249999999992, 233.02249999999992, 232.85000000000005, 232.81999999999996, 232.81999999999996, 232.54000000000005, 232.44750000000005, 232.02500000000003, 232.02500000000003, 232.02500000000003, 232.02500000000003, 232.02500000000003, 231.81250000000006, 231.81250000000006, 231.75500000000008, 231.72000000000003, 231.5650000000001, 231.39750000000006, 231.34500000000008, 231.26250000000007, 231.26250000000007, 231.26250000000007, 231.0875000000001, 231.0875000000001, 231.06750000000008, 231.0575000000001, 231.01750000000013, 230.89750000000006, 230.89750000000006, 230.82000000000008, 230.82000000000008, 230.7825000000001, 230.7825000000001, 230.7825000000001, 230.77000000000012, 230.77000000000012, 230.77000000000012, 230.77000000000012, 230.77000000000012, 230.77000000000012, 230.77000000000012, 230.77000000000012, 230.77000000000012, 230.77000000000012, 230.77000000000012, 230.77000000000012, 230.77000000000012, 230.77000000000012, 230.77000000000012, 230.77000000000012, 230.77000000000012, 230.77000000000012, 230.77000000000012, 230.77000000000012, 230.77000000000012, 230.77000000000012, 230.77000000000012, 230.77000000000012, 230.77000000000012, 230.77000000000012, 230.77000000000012, 230.77000000000012, 230.77000000000012, 230.77000000000012, 230.77000000000012, 230.77000000000012, 230.77000000000012, 230.77000000000012, 230.77000000000012, 230.77000000000012, 230.77000000000012, 230.77000000000012, 230.77000000000012, 230.77000000000012, 230.77000000000012, 230.77000000000012, 230.77000000000012, 230.77000000000012, 230.77000000000012, 230.77000000000012, 230.77000000000012, 230.77000000000012, 230.77000000000012, 230.77000000000012, 230.77000000000012, 230.77000000000012, 230.77000000000012, 230.77000000000012, 230.77000000000012, 230.77000000000012, 230.77000000000012, 230.77000000000012, 230.77000000000012, 230.77000000000012, 230.77000000000012, 230.77000000000012, 230.77000000000012, 230.77000000000012, 230.77000000000012, 230.77000000000012, 230.77000000000012, 230.77000000000012, 230.77000000000012, 230.77000000000012, 230.77000000000012, 230.77000000000012, 230.77000000000012, 230.77000000000012, 230.77000000000012, 230.77000000000012, 230.77000000000012, 230.77000000000012, 230.77000000000012, 230.77000000000012, 230.77000000000012, 230.77000000000012, 230.77000000000012, 230.77000000000012, 230.77000000000012, 230.77000000000012, 230.77000000000012, 230.77000000000012, 230.77000000000012, 230.77000000000012, 230.77000000000012, 230.77000000000012, 230.77000000000012, 230.77000000000012, 230.77000000000012, 230.77000000000012, 230.77000000000012, 230.77000000000012, 230.77000000000012, 230.77000000000012, 230.77000000000012, 230.77000000000012]

Execution 10:
Parametros: P=1000, Pe=0.3, Pm=0.15, pe=0.7, Parada=100
Start Time (hh:mm:ss.ms) 2023-07-17 09:09:12.017856
gen	min    	max   	avg    	std    
0  	250.105	259.48	255.311	1.56094
2  	249.6  	259.262	253.916	1.64709
4  	248.775	258.862	253.351	1.83154
7  	248.617	259.35 	252.694	2.00129
8  	247.65 	259.112	252.474	2.03226
10 	246.91 	260.03 	252.229	2.19377
16 	246.19 	258.857	251.31 	2.47174
20 	245.865	258.92 	250.556	2.52736
21 	245.03 	259.285	250.46 	2.64606
24 	244.547	258.67 	249.948	2.78946
32 	243.538	260.572	248.444	3.27743
33 	243.482	259.177	248.234	3.36633
34 	243.095	258.935	247.926	3.36217
38 	242.193	259.235	246.862	3.85054
39 	241.852	259.225	246.638	3.86649
40 	241.625	259.195	246.349	3.94163
43 	241.502	260.647	245.691	4.27892
44 	241.055	259.248	245.497	4.3255 
46 	240.505	259.655	245.021	4.52047
47 	240.172	259.705	244.679	4.55215
48 	240.163	258.675	244.439	4.59403
49 	239.92 	259.567	244.252	4.73595
50 	239.373	258.645	244.002	4.86956
52 	239.22 	258.74 	243.519	5.00273
53 	238.86 	258.618	243.309	5.13038
54 	237.83 	258.725	243.037	5.17617
55 	237.697	258.952	242.729	5.2684 
56 	237.665	260.188	242.469	5.52127
57 	236.945	260.352	242.198	5.65645
61 	236.39 	259.255	241.19 	5.97836
62 	236    	259.303	240.971	6.00536
65 	235.498	259.642	240.438	6.35616
68 	235.247	259.795	239.844	6.57563
69 	235.162	257.71 	239.589	6.59129
70 	234.887	259.803	239.353	6.70343
71 	234.39 	258.938	239.109	6.7712 
72 	234.26 	258.698	238.951	6.96252
74 	234.185	259.595	238.516	7.06251
75 	234.015	259.238	238.374	7.19291
76 	233.793	258.927	238.168	7.16004
78 	233.48 	259.545	237.922	7.41487
80 	233.337	259.825	237.613	7.44412
81 	233.32 	259.075	237.468	7.51932
82 	232.975	258.812	237.336	7.51265
85 	232.933	259.263	237.083	7.76904
86 	232.805	260.88 	236.916	7.71089
89 	232.638	258.82 	236.639	7.86654
90 	232.523	259.175	236.525	7.85244
91 	232.49 	259.438	236.454	7.89812
92 	232.352	260.21 	236.411	8.0052 
94 	232.298	258.668	236.257	8.01296
95 	232.215	260.335	236.204	8.07223
96 	232.178	258.933	236.115	8.07806
97 	231.843	258.8  	236.046	8.07923
100	231.758	258.937	235.884	8.23324
102	231.732	258.995	235.748	8.30932
104	231.658	258.865	235.604	8.35788
105	231.573	259.2  	235.491	8.29267
107	231.455	258.925	235.41 	8.41773
108	231.43 	258.875	235.374	8.51163
110	231.375	260.187	235.218	8.43945
111	231.303	259.467	235.154	8.43823
113	231.303	258.82 	235.126	8.57618
114	231.183	258.163	235.035	8.47734
119	231.162	259.05 	234.944	8.61422
123	231.147	259.55 	234.904	8.62637
124	231.067	259.27 	234.871	8.56353
125	231.052	259.137	234.86 	8.53996
226	231.052	259.84 	234.707	8.71857
End Time (hh:mm:ss.ms) 2023-07-17 09:10:27.824655
Total Time (hh:mm:ss.ms) 0:01:15.806799
Individuo: [[24, 9, 39, 62, 63, 19, 42, 41, 50, 11, 35, 33, 56, 17, 12, 55, 51, 57, 47, 49, 28, 4, 10, 43, 53, 26, 2, 1, 21, 13, 15, 36, 18, 61, 60, 5, 34, 48, 52, 32, 16, 8, 37, 58, 66, 65, 67, 30, 14, 31, 64, 29, 3, 7, 68, 0, 69, 59, 44, 6, 45, 46, 20, 27, 38, 25, 23, 54, 22, 40], [1, 0, 0, 0, 0, 1, 0, 1, 1, 0, 0, 0, 0, 0, 0, 0, 0, 1, 1, 1, 0, 1, 1, 1, 0, 1, 0, 1, 1, 1, 1, 1, 1, 1, 1, 1, 0, 0, 0, 1, 1, 0, 0, 0, 1, 1, 1, 0, 0, 0, 1, 0, 0, 0, 1, 1, 0, 0, 0, 0, 0, 0, 1, 1, 1, 1, 1, 0, 0, 0]]
Fitness:  231.05249999999998
Gens:  [0, 1, 2, 3, 4, 5, 6, 7, 8, 9, 10, 11, 12, 13, 14, 15, 16, 17, 18, 19, 20, 21, 22, 23, 24, 25, 26, 27, 28, 29, 30, 31, 32, 33, 34, 35, 36, 37, 38, 39, 40, 41, 42, 43, 44, 45, 46, 47, 48, 49, 50, 51, 52, 53, 54, 55, 56, 57, 58, 59, 60, 61, 62, 63, 64, 65, 66, 67, 68, 69, 70, 71, 72, 73, 74, 75, 76, 77, 78, 79, 80, 81, 82, 83, 84, 85, 86, 87, 88, 89, 90, 91, 92, 93, 94, 95, 96, 97, 98, 99, 100, 101, 102, 103, 104, 105, 106, 107, 108, 109, 110, 111, 112, 113, 114, 115, 116, 117, 118, 119, 120, 121, 122, 123, 124, 125, 126, 127, 128, 129, 130, 131, 132, 133, 134, 135, 136, 137, 138, 139, 140, 141, 142, 143, 144, 145, 146, 147, 148, 149, 150, 151, 152, 153, 154, 155, 156, 157, 158, 159, 160, 161, 162, 163, 164, 165, 166, 167, 168, 169, 170, 171, 172, 173, 174, 175, 176, 177, 178, 179, 180, 181, 182, 183, 184, 185, 186, 187, 188, 189, 190, 191, 192, 193, 194, 195, 196, 197, 198, 199, 200, 201, 202, 203, 204, 205, 206, 207, 208, 209, 210, 211, 212, 213, 214, 215, 216, 217, 218, 219, 220, 221, 222, 223, 224, 225, 226]
Inds:  [250.10499999999996, 250.10499999999996, 249.59999999999997, 249.59999999999997, 248.77499999999992, 248.77499999999992, 248.77499999999992, 248.61749999999995, 247.64999999999998, 247.64999999999998, 246.91000000000003, 246.91000000000003, 246.91000000000003, 246.91000000000003, 246.91000000000003, 246.91000000000003, 246.18999999999997, 246.18999999999997, 246.18999999999997, 246.18999999999997, 245.86499999999995, 245.03, 245.03, 245.03, 244.54749999999993, 244.54749999999993, 244.54749999999993, 244.54749999999993, 244.54749999999993, 244.54749999999993, 244.54749999999993, 244.54749999999993, 243.53750000000005, 243.4824999999999, 243.09500000000003, 243.09500000000003, 243.09500000000003, 243.09500000000003, 242.19250000000005, 241.85249999999996, 241.62500000000006, 241.62500000000006, 241.62500000000006, 241.50249999999997, 241.055, 241.055, 240.50500000000005, 240.17249999999996, 240.16250000000005, 239.91999999999996, 239.37250000000003, 239.37250000000003, 239.22000000000003, 238.85999999999999, 237.83000000000004, 237.6974999999999, 237.665, 236.94500000000005, 236.94500000000005, 236.94500000000005, 236.94500000000005, 236.39000000000001, 235.99999999999994, 235.99999999999994, 235.99999999999994, 235.4975, 235.4975, 235.4975, 235.24749999999997, 235.1625, 234.88749999999996, 234.39000000000001, 234.26, 234.26, 234.18500000000003, 234.01500000000001, 233.79250000000005, 233.79250000000005, 233.47999999999996, 233.47999999999996, 233.33749999999995, 233.31999999999994, 232.97499999999997, 232.97499999999997, 232.97499999999997, 232.9325, 232.80499999999998, 232.80499999999998, 232.80499999999998, 232.63750000000002, 232.5225, 232.49, 232.35249999999996, 232.35249999999996, 232.2975, 232.215, 232.17750000000007, 231.8425, 231.8425, 231.8425, 231.75750000000005, 231.75750000000005, 231.73249999999996, 231.73249999999996, 231.65750000000003, 231.57250000000002, 231.57250000000002, 231.45500000000004, 231.43000000000004, 231.43000000000004, 231.375, 231.30250000000004, 231.30250000000004, 231.3025, 231.1825, 231.1825, 231.1825, 231.1825, 231.1825, 231.1625, 231.1625, 231.1625, 231.1625, 231.14749999999998, 231.0675, 231.05249999999998, 231.05249999999998, 231.05249999999998, 231.05249999999998, 231.05249999999998, 231.05249999999998, 231.05249999999998, 231.05249999999998, 231.05249999999998, 231.05249999999998, 231.05249999999998, 231.05249999999998, 231.05249999999998, 231.05249999999998, 231.05249999999998, 231.05249999999998, 231.05249999999998, 231.05249999999998, 231.05249999999998, 231.05249999999998, 231.05249999999998, 231.05249999999998, 231.05249999999998, 231.05249999999998, 231.05249999999998, 231.05249999999998, 231.05249999999998, 231.05249999999998, 231.05249999999998, 231.05249999999998, 231.05249999999998, 231.05249999999998, 231.05249999999998, 231.05249999999998, 231.05249999999998, 231.05249999999998, 231.05249999999998, 231.05249999999998, 231.05249999999998, 231.05249999999998, 231.05249999999998, 231.05249999999998, 231.05249999999998, 231.05249999999998, 231.05249999999998, 231.05249999999998, 231.05249999999998, 231.05249999999998, 231.05249999999998, 231.05249999999998, 231.05249999999998, 231.05249999999998, 231.05249999999998, 231.05249999999998, 231.05249999999998, 231.05249999999998, 231.05249999999998, 231.05249999999998, 231.05249999999998, 231.05249999999998, 231.05249999999998, 231.05249999999998, 231.05249999999998, 231.05249999999998, 231.05249999999998, 231.05249999999998, 231.05249999999998, 231.05249999999998, 231.05249999999998, 231.05249999999998, 231.05249999999998, 231.05249999999998, 231.05249999999998, 231.05249999999998, 231.05249999999998, 231.05249999999998, 231.05249999999998, 231.05249999999998, 231.05249999999998, 231.05249999999998, 231.05249999999998, 231.05249999999998, 231.05249999999998, 231.05249999999998, 231.05249999999998, 231.05249999999998, 231.05249999999998, 231.05249999999998, 231.05249999999998, 231.05249999999998, 231.05249999999998, 231.05249999999998, 231.05249999999998, 231.05249999999998, 231.05249999999998, 231.05249999999998, 231.05249999999998, 231.05249999999998, 231.05249999999998, 231.05249999999998, 231.05249999999998, 231.05249999999998]

