A-BRKGA:

Execution 1:
Parameters: Y=0.997
Start Time (hh:mm:ss.ms) 2023-07-17 21:18:54.748109
generations	MaxGenenerations	Populationk1	Populationk	PopulationElite	PopulationMutant	fitnessElite	alpha	min    	max   	avg    	std    
0          	0               	0           	0          	0              	0               	0           	0    	56.7525	58.705	57.8427	0.32115
1          	67.6995         	997         	1000       	100            	200             	57.3382     	0.3  	56.565 	58.62 	57.6617	0.355784
3          	67.4931         	991         	994        	104            	194             	57.2193     	0.294	56.3975	58.6275	57.494 	0.399552
4          	67.2604         	988         	991        	106            	191             	57.0466     	0.291	56.3125	58.97  	57.4465	0.42514 
5          	67.2282         	985         	988        	108            	189             	57.0781     	0.288	56.26  	58.695 	57.4128	0.455975
6          	67.11           	982         	985        	110            	186             	56.9542     	0.285	56.1975	58.72  	57.3604	0.46338 
8          	67.0435         	976         	979        	113            	180             	56.9058     	0.279	56.095 	58.4875	57.2936	0.487959
9          	66.8715         	973         	976        	115            	178             	56.7555     	0.276	56.05  	58.62  	57.2495	0.498516
12         	66.8259         	964         	967        	121            	169             	56.7117     	0.267	55.965 	58.7   	57.1288	0.538382
13         	66.7591         	961         	964        	123            	167             	56.6872     	0.264	55.855 	58.765 	57.088 	0.566896
15         	66.6074         	955         	958        	126            	161             	56.5625     	0.257	55.705 	58.7525	56.9862	0.588212
16         	66.4595         	952         	955        	128            	159             	56.4817     	0.254	55.575 	58.6625	56.8899	0.604005
17         	66.2864         	949         	952        	130            	156             	56.3522     	0.251	55.495 	58.665 	56.8589	0.629306
19         	66.1746         	943         	946        	133            	151             	56.2527     	0.245	55.345 	58.6675	56.6976	0.679662
24         	66.0374         	928         	931        	142            	138             	56.1385     	0.230	55.22  	58.7975	56.4702	0.756781
25         	65.8897         	925         	928        	144            	135             	56.0326     	0.227	55.0775	58.64  	56.4162	0.784272
27         	65.7395         	919         	922        	147            	130             	55.9213     	0.220	54.9375	58.5575	56.3419	0.816395
28         	65.5054         	916         	919        	149            	127             	55.7251     	0.217	54.9325	58.7075	56.2865	0.824293
29         	65.529          	913         	916        	150            	125             	55.7424     	0.214	54.8325	58.7725	56.219 	0.826406
30         	65.4225         	910         	913        	152            	122             	55.6652     	0.211	54.68  	58.6475	56.178 	0.858167
37         	65.215          	889         	892        	163            	105             	55.4313     	0.189	54.565 	58.5475	55.8371	0.972467
38         	65.0593         	886         	889        	165            	102             	55.3068     	0.186	54.42  	58.48  	55.7506	0.977226
41         	64.8747         	877         	880        	169            	95              	55.1387     	0.176	54.395 	58.5525	55.5979	1.00252 
45         	64.8473         	865         	868        	175            	85              	55.0694     	0.164	54.375 	58.53  	55.472 	0.995755
48         	64.823          	856         	859        	179            	79              	55.0139     	0.154	54.35  	58.725 	55.4044	1.0544  
49         	64.8375         	853         	856        	181            	76              	55.0147     	0.151	54.325 	58.39  	55.3426	1.01658 
50         	64.7425         	850         	853        	182            	74              	54.9292     	0.148	54.3   	58.5375	55.318 	1.06496 
56         	64.7633         	832         	835        	190            	61              	54.8662     	0.130	54.26  	58.5225	55.1855	1.02578 
60         	64.6918         	820         	823        	195            	52              	54.7618     	0.117	54.205 	58.5925	55.0409	0.995383
61         	64.6388         	817         	820        	196            	50              	54.7067     	0.114	54.15  	58.395 	55.0074	0.982293
End Time (hh:mm:ss.ms) 2023-07-17 21:19:02.525109
Total Time (hh:mm:ss.ms) 0:00:07.777000
Individual: ([29, 5, 1, 17, 15, 27, 6, 12, 24, 7, 26, 2, 16, 21, 3, 0, 8, 23, 20, 28, 9, 13, 14, 10, 11, 25, 22, 18, 19, 4], [1, 0, 0, 1, 0, 0, 0, 0, 0, 1, 1, 0, 0, 0, 0, 0, 1, 1, 1, 1, 1, 1, 1, 1, 0, 1, 0, 0, 1, 1])
Fitness:  54.14999999999999
Gens:  [0, 1, 2, 3, 4, 5, 6, 7, 8, 9, 10, 11, 12, 13, 14, 15, 16, 17, 18, 19, 20, 21, 22, 23, 24, 25, 26, 27, 28, 29, 30, 31, 32, 33, 34, 35, 36, 37, 38, 39, 40, 41, 42, 43, 44, 45, 46, 47, 48, 49, 50, 51, 52, 53, 54, 55, 56, 57, 58, 59, 60, 61, 62, 63, 64, 65]
Inds:  [56.75249999999999, 56.565, 56.565, 56.39750000000001, 56.312500000000014, 56.25999999999999, 56.19749999999999, 56.19749999999999, 56.095, 56.04999999999998, 56.04999999999998, 56.04999999999998, 55.96499999999999, 55.85499999999999, 55.85499999999999, 55.705, 55.57499999999999, 55.495, 55.495, 55.34499999999998, 55.34499999999998, 55.34499999999998, 55.34499999999998, 55.34499999999998, 55.220000000000006, 55.077499999999986, 55.077499999999986, 54.937499999999986, 54.93249999999998, 54.8325, 54.68, 54.68, 54.68, 54.68, 54.68, 54.68, 54.68, 54.565, 54.41999999999999, 54.41999999999999, 54.41999999999999, 54.39499999999999, 54.39499999999999, 54.39499999999999, 54.39499999999999, 54.374999999999986, 54.374999999999986, 54.374999999999986, 54.34999999999999, 54.32499999999998, 54.29999999999998, 54.29999999999998, 54.29999999999998, 54.29999999999998, 54.29999999999998, 54.29999999999998, 54.25999999999999, 54.25999999999999, 54.25999999999999, 54.25999999999999, 54.204999999999984, 54.14999999999999, 54.14999999999999, 54.14999999999999, 54.14999999999999, 54.14999999999999]

Execution 2:
Parameters: Y=0.997
Start Time (hh:mm:ss.ms) 2023-07-17 21:19:03.535108
generations	MaxGenenerations	Populationk1	Populationk	PopulationElite	PopulationMutant	fitnessElite	alpha	min  	max    	avg    	std    
0          	0               	0           	0          	0              	0               	0           	0    	56.81	58.6925	57.8421	0.31956
1          	67.7656         	997         	1000       	100            	200             	57.3747     	0.3  	56.755	58.8075	57.6404	0.34118
2          	67.7234         	994         	997        	102            	197             	57.3647     	0.297	56.6675	58.655 	57.5472	0.369064
3          	67.588          	991         	994        	104            	194             	57.252      	0.294	56.59  	58.8225	57.4887	0.392444
4          	67.5295         	988         	991        	106            	192             	57.2399     	0.291	56.485 	58.5675	57.4578	0.401887
5          	67.3526         	985         	988        	108            	189             	57.085      	0.288	56.3425	58.815 	57.4215	0.43765 
7          	67.1771         	979         	982        	112            	183             	56.9625     	0.282	56.2275	58.65  	57.3359	0.457514
9          	67.0728         	973         	976        	115            	178             	56.911      	0.276	55.965 	58.9   	57.2716	0.482622
10         	66.7993         	970         	973        	117            	175             	56.7664     	0.273	55.8325	58.7025	57.2537	0.497824
12         	66.5581         	964         	967        	121            	169             	56.5406     	0.266	55.6625	58.735 	57.186 	0.507996
21         	66.3619         	937         	940        	137            	146             	56.3469     	0.239	55.6025	58.565 	56.8736	0.614716
24         	66.3038         	928         	931        	142            	138             	56.2903     	0.230	55.58  	58.725 	56.745 	0.686837
26         	66.2929         	922         	925        	145            	133             	56.2728     	0.224	55.4075	58.735 	56.647 	0.714609
28         	66.1021         	916         	919        	148            	128             	56.135      	0.218	55.0775	58.825 	56.5149	0.740627
35         	65.7167         	895         	898        	159            	110             	55.8056     	0.196	55.01  	58.5475	56.1572	0.833152
38         	65.5904         	886         	889        	164            	103             	55.6726     	0.187	54.9675	58.605 	56.0577	0.870287
39         	65.5505         	883         	886        	166            	100             	55.637      	0.184	54.9525	58.465 	55.9994	0.880021
40         	65.5051         	880         	883        	167            	98              	55.588      	0.180	54.8425	58.5525	55.973 	0.901442
44         	65.4162         	868         	871        	173            	89              	55.4892     	0.168	54.825 	58.6125	55.8336	0.932933
48         	65.357          	856         	859        	178            	79              	55.3966     	0.156	54.8225	58.6   	55.6662	0.925433
52         	65.304          	844         	847        	184            	70              	55.3125     	0.143	54.82  	58.7425	55.5805	0.92633 
53         	65.4016         	841         	844        	185            	68              	55.373      	0.140	54.8075	58.6275	55.599 	0.940879
55         	65.3146         	835         	838        	188            	64              	55.2879     	0.134	54.7875	58.715 	55.5657	0.916245
57         	65.3688         	829         	832        	190            	60              	55.3002     	0.128	54.7525	58.565 	55.5207	0.892622
58         	65.2863         	826         	829        	191            	58              	55.2305     	0.125	54.72  	58.4725	55.4938	0.917147
60         	65.2534         	820         	823        	194            	53              	55.1818     	0.119	54.685 	58.6925	55.4291	0.90432 
62         	65.2553         	814         	817        	196            	49              	55.1521     	0.113	54.665 	58.535 	55.402 	0.910487
63         	65.1761         	811         	814        	197            	47              	55.0897     	0.109	54.5025	58.6675	55.3665	0.882747
65         	65.0111         	805         	808        	200            	43              	54.9335     	0.103	54.45  	58.785 	55.2871	0.871488
End Time (hh:mm:ss.ms) 2023-07-17 21:19:11.962106
Total Time (hh:mm:ss.ms) 0:00:08.426998
Individual: ([10, 22, 19, 6, 27, 26, 20, 28, 23, 8, 18, 0, 13, 3, 24, 2, 16, 21, 11, 25, 29, 4, 14, 9, 7, 12, 17, 15, 1, 5], [0, 1, 0, 1, 1, 0, 1, 0, 0, 0, 1, 0, 0, 1, 0, 0, 0, 0, 0, 0, 0, 0, 0, 0, 0, 0, 0, 1, 1, 1])
Fitness:  54.449999999999996
Gens:  [0, 1, 2, 3, 4, 5, 6, 7, 8, 9, 10, 11, 12, 13, 14, 15, 16, 17, 18, 19, 20, 21, 22, 23, 24, 25, 26, 27, 28, 29, 30, 31, 32, 33, 34, 35, 36, 37, 38, 39, 40, 41, 42, 43, 44, 45, 46, 47, 48, 49, 50, 51, 52, 53, 54, 55, 56, 57, 58, 59, 60, 61, 62, 63, 64, 65, 66]
Inds:  [56.80999999999998, 56.755, 56.6675, 56.589999999999996, 56.48499999999999, 56.3425, 56.3425, 56.227499999999985, 56.227499999999985, 55.964999999999996, 55.832499999999996, 55.832499999999996, 55.662499999999994, 55.662499999999994, 55.662499999999994, 55.662499999999994, 55.662499999999994, 55.662499999999994, 55.662499999999994, 55.662499999999994, 55.662499999999994, 55.6025, 55.6025, 55.6025, 55.58, 55.58, 55.4075, 55.4075, 55.07750000000001, 55.07750000000001, 55.07750000000001, 55.07750000000001, 55.07750000000001, 55.07750000000001, 55.07750000000001, 55.010000000000005, 55.010000000000005, 55.010000000000005, 54.96750000000001, 54.9525, 54.84249999999999, 54.84249999999999, 54.84249999999999, 54.84249999999999, 54.824999999999996, 54.824999999999996, 54.824999999999996, 54.824999999999996, 54.82249999999999, 54.82249999999999, 54.82249999999999, 54.82249999999999, 54.819999999999986, 54.80749999999999, 54.80749999999999, 54.787499999999994, 54.787499999999994, 54.7525, 54.72, 54.72, 54.68499999999999, 54.68499999999999, 54.66499999999999, 54.502500000000005, 54.502500000000005, 54.449999999999996, 54.449999999999996]

Execution 3:
Parameters: Y=0.997
Start Time (hh:mm:ss.ms) 2023-07-17 21:19:12.834105
generations	MaxGenenerations	Populationk1	Populationk	PopulationElite	PopulationMutant	fitnessElite	alpha	min   	max    	avg   	std     
0          	0               	0           	0          	0              	0               	0           	0    	56.585	58.9225	57.856	0.331231
2          	67.4658         	994         	997        	102            	197             	57.165      	0.297	56.4075	58.6075	57.5248	0.389168
3          	67.2683         	991         	994        	104            	194             	57.0544     	0.294	56.3675	58.5725	57.4514	0.407232
6          	67.2312         	982         	985        	110            	186             	57.0212     	0.285	56.165 	58.7225	57.3665	0.475003
7          	67.0022         	979         	982        	112            	183             	56.8864     	0.282	55.9825	58.7025	57.3138	0.482797
10         	66.773          	970         	973        	117            	175             	56.7149     	0.273	55.9   	58.6625	57.1807	0.529521
14         	66.6556         	958         	961        	124            	164             	56.5969     	0.260	55.77  	58.6775	57.0247	0.580912
16         	66.511          	952         	955        	128            	159             	56.4971     	0.254	55.7075	58.6925	56.9008	0.60884 
17         	66.4505         	949         	952        	130            	156             	56.4593     	0.251	55.5225	58.6325	56.8506	0.632428
21         	66.2318         	937         	940        	137            	145             	56.2844     	0.239	55.4   	58.7025	56.6397	0.718763
22         	66.0857         	934         	937        	138            	143             	56.1809     	0.236	55.3325	58.59  	56.582 	0.746987
23         	65.9828         	931         	934        	140            	140             	56.0925     	0.233	55.24  	58.495 	56.4845	0.748956
25         	65.8953         	925         	928        	144            	135             	56.0271     	0.227	55.12  	58.8025	56.47  	0.808131
27         	65.7507         	919         	922        	147            	130             	55.9103     	0.220	54.93  	58.7375	56.3294	0.835706
30         	65.4847         	910         	913        	152            	122             	55.6843     	0.211	54.7925	58.5875	56.122 	0.907464
33         	65.3335         	901         	904        	157            	115             	55.5542     	0.202	54.6475	58.7225	56.0263	0.975497
37         	65.1919         	889         	892        	163            	105             	55.4199     	0.189	54.645 	58.6025	55.8532	1.01334 
40         	65.1571         	880         	883        	168            	97              	55.3508     	0.180	54.6425	58.4525	55.782 	1.02035 
45         	65.1483         	865         	868        	175            	86              	55.2836     	0.164	54.6375	58.5725	55.6151	1.0609  
46         	65.1506         	862         	865        	176            	84              	55.2744     	0.161	54.61  	58.69  	55.5911	1.05465 
47         	65.1408         	859         	862        	177            	81              	55.2578     	0.158	54.6075	58.4625	55.574 	1.0642  
50         	65.133          	850         	853        	181            	75              	55.2143     	0.149	54.5875	58.6725	55.4638	1.01432 
53         	65.0607         	841         	844        	185            	68              	55.1243     	0.140	54.585 	58.6425	55.4591	1.01707 
56         	65.09           	832         	835        	189            	61              	55.1087     	0.131	54.5825	58.345 	55.4382	0.983339
61         	65.0469         	817         	820        	195            	51              	55.0209     	0.115	54.565 	58.6775	55.2904	0.974195
End Time (hh:mm:ss.ms) 2023-07-17 21:19:20.738106
Total Time (hh:mm:ss.ms) 0:00:07.904001
Individual: ([11, 27, 17, 28, 9, 23, 14, 10, 25, 21, 3, 20, 26, 16, 15, 2, 24, 6, 12, 7, 13, 8, 0, 18, 22, 19, 4, 29, 1, 5], [1, 0, 0, 1, 1, 1, 1, 1, 1, 1, 0, 0, 1, 1, 1, 1, 1, 1, 1, 1, 1, 0, 1, 0, 1, 0, 1, 1, 1, 1])
Fitness:  54.565
Gens:  [0, 1, 2, 3, 4, 5, 6, 7, 8, 9, 10, 11, 12, 13, 14, 15, 16, 17, 18, 19, 20, 21, 22, 23, 24, 25, 26, 27, 28, 29, 30, 31, 32, 33, 34, 35, 36, 37, 38, 39, 40, 41, 42, 43, 44, 45, 46, 47, 48, 49, 50, 51, 52, 53, 54, 55, 56, 57, 58, 59, 60, 61, 62, 63, 64, 65, 66]
Inds:  [56.585, 56.585, 56.40749999999999, 56.367499999999986, 56.367499999999986, 56.367499999999986, 56.165, 55.9825, 55.9825, 55.9825, 55.89999999999999, 55.89999999999999, 55.89999999999999, 55.89999999999999, 55.76999999999999, 55.76999999999999, 55.7075, 55.5225, 55.5225, 55.5225, 55.5225, 55.39999999999999, 55.3325, 55.23999999999999, 55.23999999999999, 55.12, 55.12, 54.93, 54.93, 54.93, 54.79249999999999, 54.79249999999999, 54.79249999999999, 54.64749999999999, 54.64749999999999, 54.64749999999999, 54.64749999999999, 54.64499999999999, 54.64499999999999, 54.64499999999999, 54.64249999999999, 54.64249999999999, 54.64249999999999, 54.64249999999999, 54.64249999999999, 54.63749999999999, 54.609999999999985, 54.60749999999999, 54.60749999999999, 54.60749999999999, 54.58749999999999, 54.58749999999999, 54.58749999999999, 54.584999999999994, 54.584999999999994, 54.584999999999994, 54.582499999999996, 54.582499999999996, 54.582499999999996, 54.582499999999996, 54.582499999999996, 54.565, 54.565, 54.565, 54.565, 54.565, 54.565]

Execution 4:
Parameters: Y=0.997
Start Time (hh:mm:ss.ms) 2023-07-17 21:19:21.700106
generations	MaxGenenerations	Populationk1	Populationk	PopulationElite	PopulationMutant	fitnessElite	alpha	min  	max  	avg    	std     
0          	0               	0           	0          	0              	0               	0           	0    	56.73	58.71	57.8424	0.326736
1          	67.6737         	997         	1000       	100            	200             	57.324      	0.3  	56.5825	58.795	57.6257	0.351459
2          	67.515          	994         	997        	102            	197             	57.2397     	0.297	56.505 	58.7275	57.5269	0.385813
4          	67.4114         	988         	991        	106            	192             	57.1556     	0.291	55.99  	58.82  	57.4303	0.431269
10         	66.7518         	970         	973        	117            	175             	56.6794     	0.273	55.985 	58.55  	57.1718	0.520721
11         	66.7529         	967         	970        	119            	172             	56.6776     	0.270	55.8925	58.5825	57.1629	0.528437
12         	66.6491         	964         	967        	121            	169             	56.6107     	0.266	55.8175	58.5425	57.1007	0.531854
14         	66.5527         	958         	961        	124            	164             	56.5298     	0.260	55.8025	58.85  	57.06  	0.560719
16         	66.6093         	952         	955        	128            	159             	56.5973     	0.254	55.64  	58.52  	56.9704	0.588483
17         	66.3356         	949         	952        	130            	156             	56.3651     	0.251	55.6325	58.81  	56.9028	0.613352
19         	66.3446         	943         	946        	133            	151             	56.3642     	0.245	55.565 	58.83  	56.8027	0.656063
20         	66.3079         	940         	943        	135            	148             	56.3574     	0.242	55.43  	58.6475	56.7668	0.652514
21         	66.1105         	937         	940        	137            	145             	56.2006     	0.239	55.2575	58.585 	56.6629	0.689235
23         	65.9389         	931         	934        	140            	140             	56.0885     	0.233	55.2125	58.52  	56.5313	0.714358
25         	65.8209         	925         	928        	144            	135             	55.9579     	0.227	55.115 	58.6925	56.39  	0.772435
27         	65.725          	919         	922        	147            	130             	55.8842     	0.220	54.995 	58.685 	56.2793	0.810339
28         	65.5991         	916         	919        	149            	127             	55.7982     	0.217	54.9225	58.5475	56.213 	0.816485
31         	65.5559         	907         	910        	153            	120             	55.7528     	0.208	54.7525	58.6975	56.12  	0.862253
34         	65.3064         	898         	901        	158            	112             	55.5313     	0.198	54.7525	58.58  	55.9779	0.88488 
36         	65.2917         	892         	895        	161            	107             	55.4928     	0.192	54.6625	58.58  	55.9164	0.914944
39         	65.157          	883         	886        	166            	100             	55.3574     	0.183	54.6525	58.55  	55.8322	0.935224
41         	65.2043         	877         	880        	169            	95              	55.3799     	0.177	54.53  	58.56  	55.7703	0.93437 
46         	65.0073         	862         	865        	176            	83              	55.1706     	0.161	54.43  	58.4825	55.5654	0.944547
50         	64.8978         	850         	853        	182            	74              	55.0431     	0.148	54.4275	58.6375	55.4165	0.966937
51         	64.9129         	847         	850        	183            	72              	55.0419     	0.145	54.38  	58.43  	55.3781	0.958983
53         	64.848          	841         	844        	186            	68              	54.9685     	0.139	54.35  	58.5575	55.3003	0.96575 
56         	64.7849         	832         	835        	190            	61              	54.8845     	0.130	54.345 	58.3725	55.1996	0.943861
57         	64.7629         	829         	832        	191            	59              	54.8567     	0.127	54.335 	58.62  	55.2144	0.966299
60         	64.7748         	820         	823        	195            	52              	54.8252     	0.117	54.3275	58.5375	55.1051	0.928407
61         	64.7742         	817         	820        	196            	50              	54.8106     	0.114	54.32  	58.6525	55.1089	0.934855
63         	64.8168         	811         	814        	198            	46              	54.8072     	0.108	54.285 	58.5825	55.0527	0.917481
End Time (hh:mm:ss.ms) 2023-07-17 21:19:29.417106
Total Time (hh:mm:ss.ms) 0:00:07.717000
Individual: ([29, 19, 4, 22, 18, 10, 3, 23, 8, 9, 13, 0, 14, 21, 12, 7, 20, 28, 26, 24, 6, 17, 2, 16, 27, 15, 1, 5, 25, 11], [1, 1, 1, 0, 0, 1, 0, 0, 0, 0, 1, 1, 1, 1, 1, 1, 1, 1, 1, 1, 1, 0, 0, 1, 1, 1, 1, 1, 1, 1])
Fitness:  54.285
Gens:  [0, 1, 2, 3, 4, 5, 6, 7, 8, 9, 10, 11, 12, 13, 14, 15, 16, 17, 18, 19, 20, 21, 22, 23, 24, 25, 26, 27, 28, 29, 30, 31, 32, 33, 34, 35, 36, 37, 38, 39, 40, 41, 42, 43, 44, 45, 46, 47, 48, 49, 50, 51, 52, 53, 54, 55, 56, 57, 58, 59, 60, 61, 62, 63, 64, 65]
Inds:  [56.72999999999998, 56.582499999999996, 56.505, 56.505, 55.98999999999999, 55.98999999999999, 55.98999999999999, 55.98999999999999, 55.98999999999999, 55.98999999999999, 55.985, 55.89249999999999, 55.81749999999999, 55.81749999999999, 55.80249999999999, 55.80249999999999, 55.63999999999999, 55.63249999999998, 55.63249999999998, 55.564999999999976, 55.429999999999986, 55.2575, 55.2575, 55.212499999999984, 55.212499999999984, 55.114999999999995, 55.114999999999995, 54.99499999999999, 54.92249999999999, 54.92249999999999, 54.92249999999999, 54.75249999999999, 54.75249999999999, 54.75249999999999, 54.75249999999998, 54.75249999999998, 54.66249999999998, 54.66249999999998, 54.66249999999998, 54.65249999999999, 54.65249999999999, 54.529999999999994, 54.529999999999994, 54.529999999999994, 54.529999999999994, 54.529999999999994, 54.42999999999999, 54.42999999999999, 54.42999999999999, 54.42999999999999, 54.42749999999999, 54.37999999999999, 54.37999999999999, 54.349999999999994, 54.349999999999994, 54.349999999999994, 54.344999999999985, 54.33499999999999, 54.33499999999999, 54.33499999999999, 54.3275, 54.31999999999999, 54.31999999999999, 54.285, 54.285, 54.285]

Execution 5:
Parameters: Y=0.997
Start Time (hh:mm:ss.ms) 2023-07-17 21:19:30.280106
generations	MaxGenenerations	Populationk1	Populationk	PopulationElite	PopulationMutant	fitnessElite	alpha	min  	max   	avg    	std     
0          	0               	0           	0          	0              	0               	0           	0    	56.77	58.855	57.8468	0.326642
2          	67.726          	994         	997        	102            	197             	57.353      	0.297	56.3025	58.6325	57.544 	0.375757
3          	67.1481         	991         	994        	104            	194             	56.9876     	0.294	56.185 	58.5525	57.4757	0.406435
4          	66.9919         	988         	991        	106            	191             	56.874      	0.291	56.0775	58.835 	57.4089	0.450212
6          	66.9049         	982         	985        	110            	186             	56.8414     	0.285	55.8775	58.5975	57.3226	0.470391
7          	66.6342         	979         	982        	112            	183             	56.6445     	0.281	55.86  	58.7425	57.2444	0.501773
11         	66.6184         	967         	970        	119            	172             	56.6058     	0.269	55.4   	58.6625	57.0124	0.584221
17         	66.0529         	949         	952        	130            	156             	56.1893     	0.251	55.335 	58.545 	56.629 	0.696031
22         	66.0399         	934         	937        	138            	143             	56.1689     	0.236	55.33  	58.6275	56.4981	0.78131 
23         	65.9873         	931         	934        	140            	140             	56.0994     	0.233	55.1725	58.615 	56.481 	0.770452
24         	65.797          	928         	931        	142            	137             	55.9646     	0.230	54.9925	58.5475	56.4212	0.788687
27         	65.5744         	919         	922        	147            	130             	55.7832     	0.220	54.915 	58.675 	56.2707	0.826782
29         	65.5381         	913         	916        	150            	125             	55.7614     	0.214	54.7975	58.52  	56.2164	0.842696
31         	65.3365         	907         	910        	154            	119             	55.5781     	0.208	54.7625	58.5975	56.0878	0.863287
32         	65.3046         	904         	907        	155            	117             	55.5489     	0.205	54.675 	58.5025	56.0416	0.878529
35         	65.1934         	895         	898        	160            	109             	55.4358     	0.195	54.5625	58.5175	55.8913	0.914036
38         	65.072          	886         	889        	165            	102             	55.3197     	0.186	54.53  	58.5025	55.7782	0.962711
41         	65.0376         	877         	880        	169            	95              	55.2592     	0.176	54.515 	58.8025	55.6733	1.0084  
42         	65.0495         	874         	877        	171            	93              	55.2608     	0.173	54.4575	58.5675	55.665 	1.02075 
44         	64.9306         	868         	871        	174            	88              	55.1424     	0.167	54.45  	58.7325	55.5681	1.00854 
45         	64.9583         	865         	868        	175            	86              	55.1546     	0.164	54.43  	58.765 	55.5321	1.02017 
46         	64.9408         	862         	865        	176            	83              	55.1297     	0.161	54.35  	58.6475	55.5106	1.04191 
48         	64.8127         	856         	859        	179            	79              	55.0082     	0.154	54.3125	58.4025	55.4242	1.04548 
50         	64.7582         	850         	853        	182            	74              	54.9421     	0.148	54.28  	58.67  	55.3181	1.02067 
51         	64.7433         	847         	850        	183            	72              	54.9189     	0.145	54.245 	58.5575	55.3231	1.08114 
54         	64.7103         	838         	841        	187            	65              	54.8538     	0.136	54.225 	58.5025	55.2346	1.06951 
59         	64.6597         	823         	826        	194            	54              	54.7499     	0.120	54.175 	58.675 	55.1363	1.02944 
End Time (hh:mm:ss.ms) 2023-07-17 21:19:38.208108
Total Time (hh:mm:ss.ms) 0:00:07.928002
Individual: ([4, 21, 28, 23, 8, 13, 7, 12, 24, 6, 27, 16, 10, 14, 9, 0, 18, 22, 19, 11, 3, 20, 26, 2, 17, 15, 1, 5, 25, 29], [0, 1, 0, 0, 0, 0, 0, 0, 0, 1, 1, 0, 0, 0, 1, 1, 1, 1, 0, 1, 0, 1, 1, 0, 0, 1, 1, 1, 1, 0])
Fitness:  54.17500000000001
Gens:  [0, 1, 2, 3, 4, 5, 6, 7, 8, 9, 10, 11, 12, 13, 14, 15, 16, 17, 18, 19, 20, 21, 22, 23, 24, 25, 26, 27, 28, 29, 30, 31, 32, 33, 34, 35, 36, 37, 38, 39, 40, 41, 42, 43, 44, 45, 46, 47, 48, 49, 50, 51, 52, 53, 54, 55, 56, 57, 58, 59, 60, 61, 62, 63, 64, 65]
Inds:  [56.769999999999996, 56.769999999999996, 56.30250000000001, 56.184999999999995, 56.0775, 56.0775, 55.87749999999998, 55.86, 55.86, 55.86, 55.86, 55.39999999999999, 55.39999999999999, 55.39999999999999, 55.39999999999999, 55.39999999999999, 55.39999999999999, 55.335, 55.335, 55.335, 55.335, 55.335, 55.330000000000005, 55.1725, 54.9925, 54.9925, 54.9925, 54.915, 54.915, 54.7975, 54.7975, 54.762499999999996, 54.67500000000001, 54.67500000000001, 54.67500000000001, 54.56250000000001, 54.56250000000001, 54.56250000000001, 54.53000000000001, 54.53000000000001, 54.53000000000001, 54.515, 54.4575, 54.4575, 54.45000000000001, 54.43, 54.35000000000001, 54.35000000000001, 54.31250000000001, 54.31250000000001, 54.28, 54.245000000000005, 54.245000000000005, 54.245000000000005, 54.22500000000001, 54.22500000000001, 54.22500000000001, 54.22500000000001, 54.22500000000001, 54.17500000000001, 54.17500000000001, 54.17500000000001, 54.17500000000001, 54.17500000000001, 54.17500000000001, 54.17500000000001]

Execution 6:
Parameters: Y=0.997
Start Time (hh:mm:ss.ms) 2023-07-17 21:19:39.068629
generations	MaxGenenerations	Populationk1	Populationk	PopulationElite	PopulationMutant	fitnessElite	alpha	min   	max  	avg    	std     
0          	0               	0           	0          	0              	0               	0           	0    	56.805	58.72	57.8279	0.313865
1          	67.7652         	997         	1000       	100            	200             	57.3795     	0.3  	56.62 	58.615	57.645 	0.347914
3          	67.5354         	991         	994        	104            	194             	57.2243     	0.294	56.1725	58.7575	57.5015	0.403065
9          	66.9916         	973         	976        	115            	178             	56.8497     	0.276	56.1675	58.825 	57.2669	0.48998 
12         	66.9876         	964         	967        	121            	170             	56.8267     	0.267	55.9975	58.7175	57.1849	0.523994
14         	66.7874         	958         	961        	124            	164             	56.6893     	0.261	55.93  	58.5875	57.1318	0.549575
16         	66.763          	952         	955        	128            	159             	56.6946     	0.255	55.91  	58.68  	57.057 	0.573464
18         	66.672          	946         	949        	131            	154             	56.578      	0.249	55.7175	58.765 	56.9603	0.600426
20         	66.4474         	940         	943        	135            	148             	56.4217     	0.242	55.495 	58.8075	56.8816	0.628525
21         	66.2199         	937         	940        	137            	145             	56.2887     	0.239	55.4425	58.695 	56.8333	0.638843
26         	66.1036         	922         	925        	145            	133             	56.1369     	0.224	55.3825	58.835 	56.5483	0.732572
27         	66.0911         	919         	922        	147            	130             	56.1466     	0.221	55.2825	58.6875	56.4942	0.745315
29         	65.9425         	913         	916        	150            	125             	56.0148     	0.215	55.15  	58.6925	56.3976	0.775985
33         	65.7603         	901         	904        	156            	115             	55.8421     	0.202	54.965 	58.775 	56.2118	0.8292  
36         	65.5505         	892         	895        	161            	107             	55.6712     	0.193	54.82  	58.6825	56.0535	0.863767
40         	65.3359         	880         	883        	167            	98              	55.468      	0.180	54.775 	58.6175	55.8645	0.913734
43         	65.2861         	871         	874        	172            	91              	55.4008     	0.171	54.7425	58.515 	55.7472	0.937583
48         	65.2768         	856         	859        	179            	79              	55.3408     	0.155	54.69  	58.6325	55.6158	0.966899
52         	65.2201         	844         	847        	184            	70              	55.2526     	0.143	54.69  	58.505 	55.517 	0.942737
53         	65.2            	841         	844        	185            	68              	55.226      	0.140	54.66  	58.54  	55.5169	0.96918 
61         	65.1985         	817         	820        	195            	51              	55.1261     	0.115	54.6425	58.4775	55.387 	0.943495
64         	65.1497         	808         	811        	199            	45              	55.0577     	0.106	54.6025	58.57  	55.2804	0.89973 
End Time (hh:mm:ss.ms) 2023-07-17 21:19:47.057630
Total Time (hh:mm:ss.ms) 0:00:07.989001
Individual: ([29, 24, 12, 6, 1, 27, 17, 15, 2, 26, 7, 16, 21, 10, 18, 8, 9, 20, 28, 13, 23, 3, 14, 0, 22, 4, 11, 25, 5, 19], [1, 1, 0, 1, 1, 0, 0, 0, 1, 0, 0, 0, 0, 0, 1, 0, 0, 1, 1, 1, 1, 1, 0, 1, 1, 1, 1, 0, 0, 1])
Fitness:  54.602499999999985
Gens:  [0, 1, 2, 3, 4, 5, 6, 7, 8, 9, 10, 11, 12, 13, 14, 15, 16, 17, 18, 19, 20, 21, 22, 23, 24, 25, 26, 27, 28, 29, 30, 31, 32, 33, 34, 35, 36, 37, 38, 39, 40, 41, 42, 43, 44, 45, 46, 47, 48, 49, 50, 51, 52, 53, 54, 55, 56, 57, 58, 59, 60, 61, 62, 63, 64, 65, 66]
Inds:  [56.80500000000001, 56.620000000000005, 56.620000000000005, 56.17250000000001, 56.17250000000001, 56.17250000000001, 56.17250000000001, 56.17250000000001, 56.17250000000001, 56.16749999999999, 56.16749999999999, 56.16749999999999, 55.9975, 55.9975, 55.929999999999986, 55.929999999999986, 55.91, 55.91, 55.717499999999994, 55.717499999999994, 55.495, 55.44250000000001, 55.44250000000001, 55.44250000000001, 55.44250000000001, 55.44250000000001, 55.38250000000001, 55.28249999999998, 55.28249999999998, 55.14999999999999, 55.14999999999999, 55.14999999999999, 55.14999999999999, 54.96499999999999, 54.96499999999999, 54.96499999999999, 54.819999999999986, 54.819999999999986, 54.819999999999986, 54.819999999999986, 54.77499999999999, 54.77499999999999, 54.77499999999999, 54.742499999999986, 54.742499999999986, 54.742499999999986, 54.742499999999986, 54.742499999999986, 54.68999999999999, 54.68999999999999, 54.68999999999999, 54.68999999999999, 54.68999999999998, 54.65999999999999, 54.65999999999999, 54.65999999999999, 54.65999999999999, 54.65999999999999, 54.65999999999999, 54.65999999999999, 54.65999999999999, 54.64249999999999, 54.64249999999999, 54.64249999999999, 54.602499999999985, 54.602499999999985, 54.602499999999985]

Execution 7:
Parameters: Y=0.997
Start Time (hh:mm:ss.ms) 2023-07-17 21:19:47.948631
generations	MaxGenenerations	Populationk1	Populationk	PopulationElite	PopulationMutant	fitnessElite	alpha	min    	max  	avg    	std     
0          	0               	0           	0          	0              	0               	0           	0    	56.8975	59.06	57.8432	0.316478
1          	67.9449         	997         	1000       	100            	200             	57.5462     	0.3  	56.6575	58.7675	57.6558	0.335352
2          	67.5989         	994         	997        	102            	197             	57.2843     	0.297	56.515 	58.575 	57.5796	0.377993
4          	67.4507         	988         	991        	106            	192             	57.202      	0.291	56.2075	58.5575	57.4396	0.418242
6          	67.0504         	982         	985        	110            	186             	56.9209     	0.285	56.205 	58.71  	57.3319	0.46131 
7          	67.0474         	979         	982        	112            	183             	56.9117     	0.282	56.175 	58.71  	57.3069	0.490358
8          	67.0117         	976         	979        	113            	180             	56.8825     	0.279	56.0925	58.5775	57.2553	0.496548
9          	66.8866         	973         	976        	115            	178             	56.7786     	0.276	55.965 	58.685 	57.2076	0.521676
13         	66.7917         	961         	964        	122            	167             	56.7301     	0.264	55.8375	58.81  	56.9997	0.571416
14         	66.6291         	958         	961        	124            	164             	56.6133     	0.260	55.5225	58.58  	56.9412	0.607858
16         	66.2487         	952         	955        	128            	159             	56.3541     	0.254	55.3975	58.515 	56.7971	0.644357
19         	66.0598         	943         	946        	133            	151             	56.1807     	0.245	55.345 	58.7475	56.5876	0.701898
20         	66.029          	940         	943        	135            	148             	56.1699     	0.242	55.3375	58.7325	56.5357	0.72365 
23         	65.9615         	931         	934        	140            	140             	56.0642     	0.233	55.2125	58.5975	56.3922	0.793953
25         	65.8209         	925         	928        	144            	135             	55.9579     	0.227	55.1825	58.685 	56.3038	0.801589
26         	65.8227         	922         	925        	145            	132             	55.9672     	0.224	55.0225	58.635 	56.2842	0.822929
30         	65.6112         	910         	913        	152            	122             	55.7753     	0.211	54.94  	58.665 	56.1544	0.839784
33         	65.5197         	901         	904        	157            	115             	55.6835     	0.202	54.925 	58.74  	56.0438	0.855953
35         	65.5309         	895         	898        	160            	110             	55.678      	0.196	54.8975	58.815 	56.0398	0.879677
36         	65.5084         	892         	895        	161            	107             	55.6541     	0.193	54.835 	58.7125	55.9553	0.857557
38         	65.4048         	886         	889        	164            	103             	55.5511     	0.186	54.8225	58.7475	55.9514	0.901483
39         	65.4056         	883         	886        	166            	100             	55.5439     	0.183	54.73  	58.6775	55.9365	0.897959
42         	65.2609         	874         	877        	170            	93              	55.3999     	0.174	54.715 	58.595 	55.8238	0.912986
43         	65.2475         	871         	874        	172            	91              	55.3795     	0.171	54.655 	58.6075	55.7815	0.891471
49         	65.2058         	853         	856        	180            	77              	55.2802     	0.152	54.65  	58.83  	55.6511	0.900784
50         	65.216          	850         	853        	181            	75              	55.2759     	0.149	54.5775	58.5925	55.5903	0.883045
51         	65.083          	847         	850        	183            	72              	55.1651     	0.146	54.5525	58.5375	55.5622	0.907076
53         	65.0214         	841         	844        	185            	68              	55.0956     	0.140	54.525 	58.515 	55.5163	0.898854
56         	64.9823         	832         	835        	189            	61              	55.0312     	0.130	54.455 	58.3975	55.4284	0.859812
62         	64.9716         	814         	817        	197            	49              	54.9393     	0.112	54.45  	58.6125	55.3047	0.868253
End Time (hh:mm:ss.ms) 2023-07-17 21:19:55.617629
Total Time (hh:mm:ss.ms) 0:00:07.668998
Individual: ([29, 11, 4, 22, 0, 10, 21, 16, 15, 17, 6, 27, 12, 20, 3, 18, 14, 8, 13, 23, 9, 26, 28, 7, 24, 2, 1, 5, 25, 19], [1, 0, 0, 0, 0, 1, 1, 1, 1, 1, 0, 0, 1, 0, 1, 0, 0, 0, 0, 0, 0, 0, 1, 0, 0, 0, 1, 1, 1, 1])
Fitness:  54.44999999999999
Gens:  [0, 1, 2, 3, 4, 5, 6, 7, 8, 9, 10, 11, 12, 13, 14, 15, 16, 17, 18, 19, 20, 21, 22, 23, 24, 25, 26, 27, 28, 29, 30, 31, 32, 33, 34, 35, 36, 37, 38, 39, 40, 41, 42, 43, 44, 45, 46, 47, 48, 49, 50, 51, 52, 53, 54, 55, 56, 57, 58, 59, 60, 61, 62, 63, 64, 65]
Inds:  [56.897499999999994, 56.657499999999985, 56.515, 56.515, 56.20749999999998, 56.20749999999998, 56.204999999999984, 56.17499999999999, 56.092499999999994, 55.96499999999998, 55.96499999999998, 55.96499999999998, 55.96499999999998, 55.837499999999984, 55.52249999999999, 55.52249999999999, 55.397499999999994, 55.397499999999994, 55.397499999999994, 55.34499999999999, 55.337499999999984, 55.337499999999984, 55.337499999999984, 55.21249999999999, 55.21249999999999, 55.18249999999999, 55.02249999999999, 55.02249999999999, 55.02249999999999, 55.02249999999999, 54.93999999999998, 54.93999999999998, 54.93999999999998, 54.92499999999999, 54.92499999999999, 54.89749999999999, 54.83499999999999, 54.83499999999999, 54.82249999999999, 54.72999999999999, 54.72999999999999, 54.72999999999999, 54.71499999999999, 54.65499999999999, 54.65499999999999, 54.65499999999999, 54.65499999999999, 54.65499999999999, 54.65499999999999, 54.64999999999999, 54.577499999999986, 54.55249999999999, 54.55249999999999, 54.52499999999999, 54.52499999999999, 54.52499999999999, 54.45499999999999, 54.45499999999999, 54.45499999999999, 54.45499999999999, 54.45499999999999, 54.45499999999999, 54.44999999999999, 54.44999999999999, 54.44999999999999, 54.44999999999999]

Execution 8:
Parameters: Y=0.997
Start Time (hh:mm:ss.ms) 2023-07-17 21:19:56.508629
generations	MaxGenenerations	Populationk1	Populationk	PopulationElite	PopulationMutant	fitnessElite	alpha	min  	max    	avg    	std     
0          	0               	0           	0          	0              	0               	0           	0    	56.73	58.6025	57.8399	0.328809
1          	67.6519         	997         	1000       	100            	200             	57.2917     	0.3  	56.3575	58.76  	57.6431	0.351092
2          	67.2395         	994         	997        	102            	197             	57.0711     	0.297	56.0025	58.615 	57.507 	0.393994
9          	66.7733         	973         	976        	115            	178             	56.705      	0.276	55.92  	58.8975	57.1634	0.540387
12         	66.6824         	964         	967        	121            	169             	56.6316     	0.267	55.9175	58.6725	57.0849	0.558224
15         	66.7185         	955         	958        	126            	161             	56.6561     	0.258	55.6075	59.0125	56.9998	0.576409
19         	66.3332         	943         	946        	133            	151             	56.368      	0.245	55.605 	58.6625	56.8019	0.624212
20         	66.3222         	940         	943        	135            	148             	56.3471     	0.242	55.5825	58.51  	56.7799	0.653501
21         	66.265          	937         	940        	137            	145             	56.284      	0.239	55.44  	58.775 	56.7463	0.671562
23         	66.1532         	931         	934        	140            	140             	56.2251     	0.233	55.26  	58.415 	56.6437	0.693919
24         	65.8617         	928         	931        	142            	137             	55.9861     	0.230	55.1675	58.6925	56.5555	0.708359
28         	65.789          	916         	919        	148            	127             	55.9166     	0.217	55.0925	58.66  	56.3392	0.793982
29         	65.7105         	913         	916        	150            	125             	55.8587     	0.214	54.965 	58.55  	56.2918	0.806172
30         	65.5367         	910         	913        	152            	122             	55.7232     	0.211	54.89  	58.585 	56.1998	0.841552
31         	65.4542         	907         	910        	154            	120             	55.6598     	0.208	54.8575	58.7875	56.1537	0.855189
33         	65.4031         	901         	904        	157            	115             	55.5984     	0.202	54.7825	58.6025	56.0463	0.900097
37         	65.3368         	889         	892        	163            	105             	55.5147     	0.189	54.72  	58.6875	55.8993	0.94372 
38         	65.2716         	886         	889        	164            	102             	55.4604     	0.186	54.695 	58.6475	55.8488	0.95881 
39         	65.2339         	883         	886        	166            	100             	55.4203     	0.183	54.685 	58.7225	55.7914	0.959087
41         	65.1955         	877         	880        	169            	95              	55.3636     	0.177	54.6825	58.505 	55.7528	0.958809
42         	65.1911         	874         	877        	170            	93              	55.3484     	0.174	54.65  	58.355 	55.6793	0.960228
44         	65.1665         	868         	871        	173            	88              	55.3099     	0.168	54.56  	58.6775	55.7033	0.973887
45         	65.0788         	865         	868        	175            	86              	55.2385     	0.164	54.54  	58.6425	55.6147	0.98108 
48         	65.0686         	856         	859        	179            	79              	55.1944     	0.155	54.53  	58.475 	55.52  	1.00387 
51         	65.0347         	847         	850        	183            	72              	55.1303     	0.146	54.4975	58.455 	55.3999	0.967962
54         	64.9847         	838         	841        	187            	66              	55.056      	0.136	54.4775	58.55  	55.3745	1.00227 
56         	64.9882         	832         	835        	189            	61              	55.0318     	0.130	54.47  	58.77  	55.3154	0.981928
57         	64.9895         	829         	832        	191            	59              	55.019      	0.127	54.4475	58.4475	55.2998	0.994442
61         	64.9314         	817         	820        	195            	51              	54.927      	0.115	54.43  	58.455 	55.1938	1.00981 
65         	64.8978         	805         	808        	200            	42              	54.8529     	0.102	54.42  	58.6025	55.0689	0.944906
End Time (hh:mm:ss.ms) 2023-07-17 21:20:04.228634
Total Time (hh:mm:ss.ms) 0:00:07.720005
Individual: ([5, 1, 27, 2, 16, 15, 17, 6, 7, 13, 23, 28, 0, 22, 4, 19, 18, 10, 25, 11, 21, 14, 8, 9, 20, 24, 12, 26, 3, 29], [0, 0, 1, 1, 1, 1, 1, 0, 1, 1, 1, 1, 1, 1, 1, 0, 0, 1, 1, 1, 1, 0, 0, 0, 1, 1, 1, 0, 1, 0])
Fitness:  54.41999999999998
Gens:  [0, 1, 2, 3, 4, 5, 6, 7, 8, 9, 10, 11, 12, 13, 14, 15, 16, 17, 18, 19, 20, 21, 22, 23, 24, 25, 26, 27, 28, 29, 30, 31, 32, 33, 34, 35, 36, 37, 38, 39, 40, 41, 42, 43, 44, 45, 46, 47, 48, 49, 50, 51, 52, 53, 54, 55, 56, 57, 58, 59, 60, 61, 62, 63, 64, 65]
Inds:  [56.72999999999999, 56.35749999999999, 56.00249999999998, 56.00249999999998, 56.00249999999998, 56.00249999999998, 56.00249999999998, 56.00249999999998, 56.00249999999998, 55.91999999999999, 55.91999999999999, 55.91999999999999, 55.917500000000004, 55.917500000000004, 55.917500000000004, 55.607499999999995, 55.607499999999995, 55.607499999999995, 55.607499999999995, 55.605000000000004, 55.582499999999996, 55.44, 55.44, 55.25999999999999, 55.16749999999998, 55.16749999999998, 55.16749999999998, 55.16749999999998, 55.09249999999999, 54.96499999999998, 54.88999999999999, 54.85749999999999, 54.85749999999999, 54.782499999999985, 54.782499999999985, 54.782499999999985, 54.782499999999985, 54.719999999999985, 54.69499999999998, 54.685, 54.685, 54.68249999999998, 54.65, 54.65, 54.559999999999974, 54.53999999999999, 54.53999999999999, 54.53999999999999, 54.52999999999997, 54.52999999999997, 54.52999999999997, 54.497499999999995, 54.497499999999995, 54.497499999999995, 54.47749999999998, 54.47749999999998, 54.46999999999998, 54.44749999999998, 54.44749999999998, 54.44749999999998, 54.44749999999998, 54.42999999999998, 54.42999999999998, 54.42999999999998, 54.42999999999998, 54.41999999999998]

Execution 9:
Parameters: Y=0.997
Start Time (hh:mm:ss.ms) 2023-07-17 21:20:05.125630
generations	MaxGenenerations	Populationk1	Populationk	PopulationElite	PopulationMutant	fitnessElite	alpha	min    	max  	avg    	std     
0          	0               	0           	0          	0              	0               	0           	0    	56.5925	58.71	57.8581	0.333243
2          	67.5001         	994         	997        	102            	197             	57.2074     	0.297	56.42  	58.5575	57.4774	0.378637
3          	67.2731         	991         	994        	104            	194             	57.0485     	0.294	56.3625	58.845 	57.4541	0.419693
5          	67.2575         	985         	988        	108            	189             	57.0705     	0.288	56.1575	58.61  	57.3817	0.444455
8          	66.9918         	976         	979        	113            	180             	56.8713     	0.279	56.145 	58.7025	57.2668	0.491256
9          	66.9744         	973         	976        	115            	178             	56.8512     	0.276	55.8875	58.745 	57.2215	0.504132
12         	66.6527         	964         	967        	121            	169             	56.6197     	0.266	55.8875	58.555 	57.1429	0.53481 
14         	66.6612         	958         	961        	124            	164             	56.6144     	0.260	55.805 	58.535 	57.056 	0.574067
15         	66.5353         	955         	958        	126            	161             	56.5091     	0.257	55.725 	58.63  	56.9673	0.595287
17         	66.4639         	949         	952        	130            	156             	56.4629     	0.251	55.63  	58.76  	56.841 	0.63644 
18         	66.3715         	946         	949        	131            	153             	56.4087     	0.248	55.4425	58.71  	56.7607	0.639398
20         	66.1071         	940         	943        	135            	148             	56.1973     	0.242	55.4125	58.525 	56.6076	0.707022
21         	66.0653         	937         	940        	137            	145             	56.1578     	0.239	55.2375	58.6675	56.5416	0.733353
26         	65.8423         	922         	925        	145            	132             	55.9579     	0.224	55.165 	58.68  	56.3227	0.825601
29         	65.7727         	913         	916        	150            	125             	55.8896     	0.214	55.12  	58.65  	56.2506	0.859312
30         	65.7413         	910         	913        	152            	122             	55.8676     	0.211	54.9775	58.4275	56.2023	0.846965
35         	65.5787         	895         	898        	160            	110             	55.7058     	0.196	54.97  	58.5975	56.022 	0.900868
36         	65.552          	892         	895        	161            	107             	55.6709     	0.193	54.925 	58.8775	55.9717	0.922115
37         	65.5535         	889         	892        	163            	105             	55.6766     	0.190	54.9075	58.6525	55.9755	0.927237
38         	65.4883         	886         	889        	164            	103             	55.6078     	0.187	54.815 	58.725 	55.9394	0.931279
40         	65.3873         	880         	883        	167            	98              	55.5171     	0.180	54.795 	58.85  	55.8315	0.923529
44         	65.39           	868         	871        	173            	88              	55.4757     	0.168	54.755 	58.5975	55.7346	0.940091
47         	65.3354         	859         	862        	177            	82              	55.3989     	0.159	54.645 	58.81  	55.6383	0.948857
52         	65.188          	844         	847        	184            	70              	55.2295     	0.143	54.5875	58.48  	55.5494	0.943145
58         	65.0759         	826         	829        	192            	57              	55.0752     	0.124	54.55  	58.655 	55.3195	0.918038
59         	65.0624         	823         	826        	193            	55              	55.0496     	0.121	54.54  	58.73  	55.3181	0.939087
60         	65.0652         	820         	823        	194            	53              	55.0371     	0.118	54.52  	58.395 	55.2822	0.90542 
61         	64.9759         	817         	820        	195            	51              	54.9668     	0.115	54.4825	58.39  	55.2662	0.908651
63         	64.9814         	811         	814        	198            	47              	54.9378     	0.109	54.46  	58.7625	55.2788	0.939055
End Time (hh:mm:ss.ms) 2023-07-17 21:20:12.775631
Total Time (hh:mm:ss.ms) 0:00:07.650001
Individual: ([4, 24, 6, 27, 15, 17, 2, 26, 10, 21, 12, 7, 9, 20, 13, 23, 28, 3, 19, 5, 1, 16, 11, 25, 29, 22, 0, 8, 14, 18], [0, 1, 1, 1, 1, 1, 1, 0, 1, 1, 1, 1, 1, 1, 1, 1, 1, 1, 1, 0, 0, 0, 0, 0, 0, 0, 0, 1, 1, 1])
Fitness:  54.459999999999994
Gens:  [0, 1, 2, 3, 4, 5, 6, 7, 8, 9, 10, 11, 12, 13, 14, 15, 16, 17, 18, 19, 20, 21, 22, 23, 24, 25, 26, 27, 28, 29, 30, 31, 32, 33, 34, 35, 36, 37, 38, 39, 40, 41, 42, 43, 44, 45, 46, 47, 48, 49, 50, 51, 52, 53, 54, 55, 56, 57, 58, 59, 60, 61, 62, 63, 64, 65]
Inds:  [56.59250000000001, 56.59250000000001, 56.41999999999999, 56.362500000000004, 56.362500000000004, 56.15749999999999, 56.15749999999999, 56.15749999999999, 56.145, 55.88750000000001, 55.88750000000001, 55.88750000000001, 55.887499999999996, 55.887499999999996, 55.805000000000014, 55.725, 55.725, 55.63000000000001, 55.4425, 55.4425, 55.412499999999994, 55.237500000000004, 55.237500000000004, 55.237500000000004, 55.237500000000004, 55.237500000000004, 55.165000000000006, 55.165000000000006, 55.165000000000006, 55.120000000000005, 54.97750000000001, 54.97750000000001, 54.97750000000001, 54.97750000000001, 54.97750000000001, 54.97, 54.92500000000001, 54.9075, 54.815000000000005, 54.815000000000005, 54.795, 54.795, 54.795, 54.795, 54.755, 54.755, 54.755, 54.645, 54.645, 54.645, 54.645, 54.645, 54.5875, 54.5875, 54.5875, 54.5875, 54.5875, 54.5875, 54.550000000000004, 54.540000000000006, 54.519999999999996, 54.4825, 54.4825, 54.459999999999994, 54.459999999999994, 54.459999999999994]

Execution 10:
Parameters: Y=0.997
Start Time (hh:mm:ss.ms) 2023-07-17 21:20:13.683631
generations	MaxGenenerations	Populationk1	Populationk	PopulationElite	PopulationMutant	fitnessElite	alpha	min   	max  	avg    	std     
0          	0               	0           	0          	0              	0               	0           	0    	56.465	58.75	57.8471	0.336283
1          	67.3657         	997         	1000       	100            	200             	57.1505     	0.3  	56.185	58.625	57.5927	0.371096
4          	67.0014         	988         	991        	106            	191             	56.8879     	0.291	56.1375	58.9125	57.2852	0.491372
5          	67.0077         	985         	988        	108            	189             	56.9369     	0.288	56.09  	58.5825	57.2187	0.524502
6          	66.8846         	982         	985        	110            	186             	56.8005     	0.285	55.7975	58.6225	57.1341	0.544313
8          	66.5383         	976         	979        	114            	180             	56.5779     	0.278	55.73  	58.6175	56.9612	0.583154
9          	66.4623         	973         	976        	115            	178             	56.5267     	0.275	55.655 	58.87  	56.8922	0.625386
10         	66.4233         	970         	973        	117            	175             	56.5324     	0.272	55.645 	58.69  	56.8385	0.67089 
11         	66.3754         	967         	970        	119            	172             	56.4667     	0.269	55.53  	58.6275	56.7406	0.667886
12         	66.2258         	964         	967        	121            	169             	56.3564     	0.266	55.2375	58.8175	56.6605	0.71039 
16         	65.8705         	952         	955        	128            	158             	56.0918     	0.254	55.23  	58.6775	56.4754	0.802348
17         	65.8779         	949         	952        	130            	156             	56.0968     	0.251	55.2225	58.515 	56.4689	0.83042 
18         	65.8368         	946         	949        	132            	153             	56.0402     	0.248	55.18  	58.6325	56.387 	0.841328
19         	65.8094         	943         	946        	133            	150             	56.0269     	0.245	55.175 	58.5425	56.3645	0.842633
20         	65.7856         	940         	943        	135            	148             	55.9907     	0.242	55.08  	58.455 	56.3161	0.841399
21         	65.6551         	937         	940        	137            	145             	55.8869     	0.239	55.05  	58.605 	56.2671	0.879917
25         	65.6435         	925         	928        	144            	135             	55.8503     	0.226	54.975 	58.6575	56.2559	0.902002
26         	65.5698         	922         	925        	145            	132             	55.7989     	0.223	54.9175	58.58  	56.1918	0.88982 
30         	65.5485         	910         	913        	152            	122             	55.7593     	0.211	54.7525	58.55  	56.0973	0.918583
35         	65.2598         	895         	898        	160            	110             	55.4726     	0.195	54.6775	58.6025	55.8809	0.931533
40         	65.1841         	880         	883        	167            	98              	55.3668     	0.180	54.6425	58.63  	55.8162	0.956634
41         	65.1679         	877         	880        	169            	95              	55.3492     	0.177	54.555 	58.5075	55.7579	0.956061
48         	65.0151         	856         	859        	179            	79              	55.1499     	0.155	54.5075	58.6275	55.4776	0.969445
50         	65.0064         	850         	853        	182            	74              	55.1224     	0.149	54.49  	58.78  	55.4212	0.970196
51         	65.0153         	847         	850        	183            	72              	55.1172     	0.146	54.48  	58.5125	55.4526	0.981526
52         	64.9511         	844         	847        	184            	70              	55.0565     	0.142	54.425 	58.74  	55.3943	0.982302
58         	64.9094         	826         	829        	192            	57              	54.9486     	0.124	54.425 	58.7475	55.2386	0.965271
60         	64.9314         	820         	823        	194            	53              	54.9362     	0.118	54.4075	58.4775	55.1878	0.947234
62         	64.8603         	814         	817        	197            	48              	54.8643     	0.111	54.3925	58.62  	55.1621	1.00098 
65         	64.8575         	805         	808        	200            	42              	54.821      	0.102	54.39  	58.9225	55.046 	0.912752
End Time (hh:mm:ss.ms) 2023-07-17 21:20:21.277631
Total Time (hh:mm:ss.ms) 0:00:07.594000
Individual: ([19, 10, 14, 23, 22, 4, 11, 3, 26, 28, 9, 18, 0, 8, 13, 20, 7, 12, 2, 27, 17, 1, 15, 16, 6, 24, 21, 25, 5, 29], [0, 0, 0, 1, 1, 1, 1, 0, 1, 1, 1, 1, 0, 1, 0, 0, 0, 0, 0, 0, 0, 0, 0, 1, 0, 0, 0, 0, 1, 0])
Fitness:  54.39
Gens:  [0, 1, 2, 3, 4, 5, 6, 7, 8, 9, 10, 11, 12, 13, 14, 15, 16, 17, 18, 19, 20, 21, 22, 23, 24, 25, 26, 27, 28, 29, 30, 31, 32, 33, 34, 35, 36, 37, 38, 39, 40, 41, 42, 43, 44, 45, 46, 47, 48, 49, 50, 51, 52, 53, 54, 55, 56, 57, 58, 59, 60, 61, 62, 63, 64, 65]
Inds:  [56.464999999999996, 56.184999999999995, 56.184999999999995, 56.184999999999995, 56.13749999999999, 56.089999999999996, 55.797499999999985, 55.797499999999985, 55.72999999999998, 55.654999999999994, 55.645, 55.529999999999994, 55.2375, 55.2375, 55.2375, 55.2375, 55.23, 55.2225, 55.17999999999999, 55.175, 55.08000000000001, 55.04999999999999, 55.04999999999999, 55.04999999999999, 55.04999999999999, 54.974999999999994, 54.91750000000001, 54.91750000000001, 54.91750000000001, 54.91750000000001, 54.752500000000005, 54.752500000000005, 54.752500000000005, 54.752500000000005, 54.752500000000005, 54.67750000000001, 54.67750000000001, 54.67750000000001, 54.67750000000001, 54.67750000000001, 54.6425, 54.55500000000001, 54.55500000000001, 54.55500000000001, 54.55500000000001, 54.55500000000001, 54.55500000000001, 54.55500000000001, 54.5075, 54.5075, 54.49, 54.480000000000004, 54.425000000000004, 54.425000000000004, 54.425000000000004, 54.425000000000004, 54.425000000000004, 54.425000000000004, 54.425, 54.425, 54.407500000000006, 54.407500000000006, 54.392500000000005, 54.392500000000005, 54.392500000000005, 54.39]

