A-BRKGA:

Execution 1:
Parameters: Y=0.999
Start Time (hh:mm:ss.ms) 2023-07-17 21:16:06.778098
generations	MaxGenenerations	Populationk1	Populationk	PopulationElite	PopulationMutant	fitnessElite	alpha	min  	max   	avg    	std    
0          	0               	0           	0          	0              	0               	0           	0    	56.59	58.885	57.8546	0.32114
1          	60.0241         	999         	1000       	100            	200             	57.2785     	0.3  	56.3425	58.9175	57.6285	0.355504
4          	59.7434         	996         	997        	108            	192             	56.9913     	0.289	56.3075	58.7475	57.429 	0.456519
5          	59.7163         	995         	996        	110            	190             	57.0068     	0.286	56.245 	58.6675	57.3529	0.445773
6          	59.6452         	994         	995        	112            	187             	56.9311     	0.283	56.135 	58.805 	57.3082	0.459173
9          	59.5284         	991         	992        	120            	179             	56.826      	0.273	56.0575	58.71  	57.1739	0.508482
10         	59.4489         	990         	991        	122            	176             	56.7729     	0.269	55.87  	58.5975	57.1361	0.523137
11         	59.2434         	989         	990        	124            	173             	56.5962     	0.266	55.83  	58.5725	57.1092	0.537334
13         	59.2105         	987         	988        	129            	168             	56.5896     	0.259	55.79  	58.895 	57.0404	0.567683
15         	59.1605         	985         	986        	134            	163             	56.5076     	0.252	55.75  	58.74  	56.9589	0.586961
18         	59.119          	982         	983        	141            	155             	56.452      	0.242	55.5825	58.555 	56.8754	0.603366
19         	58.936          	981         	982        	144            	152             	56.2927     	0.238	55.465 	58.7   	56.8234	0.61533 
25         	58.8182         	975         	976        	158            	136             	56.1649     	0.218	55.3825	58.515 	56.6688	0.652657
26         	58.7216         	974         	975        	160            	133             	56.0555     	0.214	55.37  	58.4125	56.6067	0.650907
28         	58.7107         	972         	973        	165            	128             	56.0326     	0.208	55.28  	58.785 	56.5387	0.665078
29         	58.6288         	971         	972        	167            	125             	55.9967     	0.204	55.2525	58.5325	56.5177	0.67361 
30         	58.5848         	970         	971        	170            	122             	55.9118     	0.200	55.215 	58.69  	56.4811	0.68686 
33         	58.5541         	967         	968        	176            	115             	55.8772     	0.190	54.915 	58.8325	56.3545	0.73624 
37         	58.2309         	963         	964        	186            	104             	55.5649     	0.176	54.7925	58.485 	56.0074	0.780798
39         	58.1107         	961         	962        	191            	98              	55.4651     	0.169	54.695 	58.4925	55.9033	0.831899
44         	57.998          	956         	957        	202            	85              	55.2886     	0.151	54.6525	58.6925	55.6261	0.856576
45         	57.9579         	955         	956        	205            	83              	55.2511     	0.148	54.6325	58.4475	55.5851	0.881152
46         	57.9225         	954         	955        	207            	80              	55.1842     	0.144	54.5475	58.5925	55.5252	0.873882
48         	57.8344         	952         	953        	212            	75              	55.0884     	0.137	54.4625	58.435 	55.4169	0.886879
49         	57.7415         	951         	952        	214            	72              	54.9938     	0.133	54.455 	58.4975	55.3765	0.892776
50         	57.7372         	950         	951        	216            	70              	54.9816     	0.130	54.325 	58.59  	55.3645	0.895819
57         	57.5975         	943         	944        	232            	52              	54.762      	0.105	54.2775	58.655 	55.0664	0.860229
End Time (hh:mm:ss.ms) 2023-07-17 21:16:14.085098
Total Time (hh:mm:ss.ms) 0:00:07.307000
Individual: ([4, 19, 10, 21, 3, 2, 27, 1, 5, 25, 11, 16, 15, 17, 6, 24, 12, 7, 26, 9, 13, 28, 20, 23, 8, 0, 14, 18, 22, 29], [0, 0, 0, 0, 0, 0, 1, 1, 1, 1, 1, 1, 1, 1, 1, 0, 1, 1, 1, 1, 0, 1, 1, 0, 0, 1, 1, 1, 1, 0])
Fitness:  54.277499999999996
Gens:  [0, 1, 2, 3, 4, 5, 6, 7, 8, 9, 10, 11, 12, 13, 14, 15, 16, 17, 18, 19, 20, 21, 22, 23, 24, 25, 26, 27, 28, 29, 30, 31, 32, 33, 34, 35, 36, 37, 38, 39, 40, 41, 42, 43, 44, 45, 46, 47, 48, 49, 50, 51, 52, 53, 54, 55, 56, 57, 58]
Inds:  [56.59, 56.342499999999994, 56.342499999999994, 56.342499999999994, 56.3075, 56.24499999999999, 56.134999999999984, 56.134999999999984, 56.134999999999984, 56.05749999999998, 55.870000000000005, 55.830000000000005, 55.830000000000005, 55.78999999999998, 55.78999999999998, 55.74999999999999, 55.74999999999999, 55.74999999999999, 55.5825, 55.465, 55.465, 55.465, 55.465, 55.465, 55.465, 55.3825, 55.37, 55.37, 55.28, 55.252500000000005, 55.214999999999996, 55.214999999999996, 55.214999999999996, 54.914999999999985, 54.914999999999985, 54.914999999999985, 54.914999999999985, 54.79249999999998, 54.79249999999998, 54.695, 54.695, 54.695, 54.695, 54.695, 54.652499999999996, 54.63250000000001, 54.54749999999999, 54.54749999999999, 54.46249999999999, 54.45499999999999, 54.32499999999999, 54.32499999999999, 54.32499999999999, 54.32499999999999, 54.32499999999999, 54.32499999999999, 54.32499999999999, 54.277499999999996, 54.277499999999996]

Execution 2:
Parameters: Y=0.999
Start Time (hh:mm:ss.ms) 2023-07-17 21:16:14.900097
generations	MaxGenenerations	Populationk1	Populationk	PopulationElite	PopulationMutant	fitnessElite	alpha	min  	max  	avg    	std     
0          	0               	0           	0          	0              	0               	0           	0    	56.84	58.77	57.8409	0.333388
1          	60.2824         	999         	1000       	100            	200             	57.419      	0.3  	56.52	58.7675	57.6428	0.345799
2          	59.9428         	998         	999        	103            	198             	57.1868     	0.296	56.5175	58.74  	57.562 	0.381544
3          	59.9385         	997         	998        	105            	195             	57.1694     	0.293	56.4625	58.685 	57.4961	0.389936
4          	59.8769         	996         	997        	108            	192             	57.107      	0.289	55.945 	58.77  	57.4316	0.425702
9          	59.347          	991         	992        	120            	179             	56.7798     	0.273	55.6425	58.625 	57.0734	0.543963
16         	59.0063         	984         	985        	136            	160             	56.3962     	0.249	55.515 	58.5925	56.8267	0.652091
20         	58.8656         	980         	981        	146            	149             	56.2355     	0.235	55.395 	58.695 	56.6583	0.685073
23         	58.7387         	977         	978        	153            	141             	56.1119     	0.225	55.3475	58.715 	56.5141	0.732758
24         	58.6963         	976         	977        	155            	138             	56.0938     	0.221	55.2425	58.605 	56.452 	0.75429 
25         	58.5785         	975         	976        	158            	136             	55.9757     	0.218	55.04  	58.64  	56.3896	0.785561
28         	58.3617         	972         	973        	165            	127             	55.7724     	0.207	54.9825	58.5575	56.2021	0.864917
29         	58.3            	971         	972        	168            	125             	55.7116     	0.203	54.95  	58.68  	56.11  	0.851436
36         	58.2684         	964         	965        	184            	106             	55.6079     	0.179	54.8825	58.795 	55.918 	0.908261
37         	58.2078         	963         	964        	186            	104             	55.5723     	0.176	54.8025	58.5875	55.9025	0.934234
40         	58.1101         	960         	961        	193            	96              	55.4279     	0.165	54.78  	58.5875	55.7664	0.946499
41         	58.087          	959         	960        	195            	93              	55.3979     	0.162	54.7425	58.6175	55.732 	0.942202
44         	58.0446         	956         	957        	202            	85              	55.3195     	0.151	54.7125	58.7475	55.6702	0.957736
45         	58.0247         	955         	956        	205            	83              	55.3111     	0.148	54.6275	58.6875	55.6368	0.945434
49         	57.9311         	951         	952        	214            	73              	55.1727     	0.134	54.6075	58.6525	55.4794	0.914813
52         	57.91           	948         	949        	221            	65              	55.1132     	0.123	54.585 	58.71  	55.4096	0.931087
53         	57.8873         	947         	948        	223            	62              	55.0814     	0.120	54.57  	58.575 	55.3925	0.92598 
57         	57.8817         	943         	944        	232            	52              	55.0298     	0.106	54.5375	58.43  	55.2984	0.904441
End Time (hh:mm:ss.ms) 2023-07-17 21:16:22.051097
Total Time (hh:mm:ss.ms) 0:00:07.151000
Individual: ([4, 19, 3, 8, 14, 18, 26, 7, 6, 28, 23, 13, 20, 9, 0, 21, 11, 16, 17, 2, 24, 12, 27, 15, 1, 5, 22, 10, 25, 29], [0, 0, 0, 1, 1, 1, 0, 0, 0, 1, 0, 0, 0, 1, 1, 1, 1, 1, 0, 1, 1, 1, 1, 1, 1, 1, 0, 1, 0, 0])
Fitness:  54.537499999999994
Gens:  [0, 1, 2, 3, 4, 5, 6, 7, 8, 9, 10, 11, 12, 13, 14, 15, 16, 17, 18, 19, 20, 21, 22, 23, 24, 25, 26, 27, 28, 29, 30, 31, 32, 33, 34, 35, 36, 37, 38, 39, 40, 41, 42, 43, 44, 45, 46, 47, 48, 49, 50, 51, 52, 53, 54, 55, 56, 57, 58]
Inds:  [56.84000000000001, 56.51999999999998, 56.51749999999999, 56.46249999999999, 55.945, 55.945, 55.945, 55.945, 55.945, 55.64249999999999, 55.64249999999999, 55.64249999999999, 55.64249999999999, 55.64249999999999, 55.64249999999999, 55.64249999999999, 55.51500000000001, 55.51500000000001, 55.51500000000001, 55.51500000000001, 55.394999999999996, 55.394999999999996, 55.394999999999996, 55.3475, 55.24249999999999, 55.040000000000006, 55.040000000000006, 55.040000000000006, 54.9825, 54.95, 54.95, 54.95, 54.95, 54.95, 54.95, 54.95, 54.88250000000001, 54.80250000000001, 54.80250000000001, 54.80250000000001, 54.78, 54.74249999999999, 54.74249999999999, 54.74249999999999, 54.712500000000006, 54.6275, 54.6275, 54.6275, 54.6275, 54.6075, 54.6075, 54.6075, 54.584999999999994, 54.56999999999999, 54.56999999999999, 54.56999999999999, 54.56999999999999, 54.537499999999994, 54.537499999999994]

Execution 3:
Parameters: Y=0.999
Start Time (hh:mm:ss.ms) 2023-07-17 21:16:22.893096
generations	MaxGenenerations	Populationk1	Populationk	PopulationElite	PopulationMutant	fitnessElite	alpha	min  	max    	avg    	std     
0          	0               	0           	0          	0              	0               	0           	0    	56.96	58.8475	57.8607	0.324919
1          	60.4143         	999         	1000       	100            	200             	57.5262     	0.3  	56.635	58.65  	57.6628	0.343815
2          	60.0577         	998         	999        	103            	198             	57.2328     	0.296	56.455	58.94  	57.5501	0.383758
3          	59.8842         	997         	998        	105            	195             	57.1839     	0.293	56.4025	58.745 	57.4768	0.402028
4          	59.8169         	996         	997        	108            	192             	57.0818     	0.289	56.4   	58.775 	57.4126	0.430119
6          	59.8127         	994         	995        	112            	187             	57.0572     	0.283	56.19  	58.61  	57.3275	0.460678
9          	59.5881         	991         	992        	120            	179             	56.8722     	0.273	55.9275	58.835 	57.2399	0.503259
12         	59.3024         	988         	989        	127            	171             	56.6209     	0.262	55.915 	58.6525	57.1417	0.549544
14         	59.3002         	986         	987        	132            	165             	56.6412     	0.256	55.6825	58.5975	57.0574	0.557505
19         	59.0421         	981         	982        	143            	152             	56.3691     	0.239	55.6225	58.69  	56.8978	0.602057
22         	58.9813         	978         	979        	151            	144             	56.3043     	0.228	55.54  	58.7075	56.8098	0.630156
26         	58.8954         	974         	975        	160            	133             	56.2047     	0.215	55.4   	58.525 	56.6863	0.663555
31         	58.7418         	969         	970        	172            	120             	56.0218     	0.197	55.3675	58.7075	56.538 	0.685481
35         	58.7056         	965         	966        	181            	110             	55.9467     	0.184	55.325 	58.5825	56.4081	0.711814
36         	58.6646         	964         	965        	183            	107             	55.9136     	0.180	55.2875	58.71  	56.3686	0.715567
37         	58.6323         	963         	964        	185            	104             	55.894      	0.177	55.1775	58.64  	56.3011	0.715618
38         	58.5116         	962         	963        	188            	102             	55.7783     	0.173	55.1   	58.6925	56.239 	0.735593
39         	58.4325         	961         	962        	190            	99              	55.7105     	0.169	55.0225	58.735 	56.1807	0.745025
41         	58.3357         	959         	960        	195            	94              	55.5795     	0.162	54.8475	58.6075	56.034 	0.76521 
42         	58.1597         	958         	959        	198            	91              	55.4454     	0.159	54.8375	58.6625	55.9325	0.786342
43         	58.1523         	957         	958        	200            	88              	55.4325     	0.155	54.765 	58.5475	55.8314	0.796931
45         	58.0772         	955         	956        	205            	83              	55.3481     	0.148	54.7375	58.47  	55.706 	0.855014
46         	58.0351         	954         	955        	207            	80              	55.2784     	0.144	54.7   	58.3875	55.6359	0.863257
47         	57.9906         	953         	954        	209            	78              	55.2212     	0.141	54.55  	58.6225	55.5773	0.856498
49         	57.8372         	951         	952        	214            	72              	55.0774     	0.134	54.51  	58.4125	55.4579	0.87069 
50         	57.7906         	950         	951        	216            	70              	55.019      	0.130	54.4475	58.505 	55.4003	0.881936
52         	57.7204         	948         	949        	221            	64              	54.928      	0.123	54.4425	58.54  	55.3124	0.891516
53         	57.7264         	947         	948        	223            	62              	54.9335     	0.119	54.38  	58.465 	55.2718	0.882366
54         	57.6558         	946         	947        	226            	59              	54.8545     	0.116	54.3025	58.6725	55.1776	0.870096
57         	57.5735         	943         	944        	232            	52              	54.7412     	0.105	54.255 	58.555 	55.0549	0.879177
58         	57.5284         	942         	943        	235            	49              	54.6929     	0.101	54.2525	58.4475	54.994 	0.862585
End Time (hh:mm:ss.ms) 2023-07-17 21:16:30.098097
Total Time (hh:mm:ss.ms) 0:00:07.205001
Individual: ([29, 5, 1, 15, 16, 23, 13, 8, 0, 14, 9, 28, 20, 7, 2, 27, 17, 6, 12, 24, 26, 3, 10, 25, 22, 18, 11, 21, 19, 4], [1, 0, 0, 0, 0, 0, 0, 0, 1, 0, 0, 0, 0, 0, 0, 0, 0, 0, 0, 0, 0, 1, 1, 0, 0, 0, 0, 0, 1, 1])
Fitness:  54.25249999999998
Gens:  [0, 1, 2, 3, 4, 5, 6, 7, 8, 9, 10, 11, 12, 13, 14, 15, 16, 17, 18, 19, 20, 21, 22, 23, 24, 25, 26, 27, 28, 29, 30, 31, 32, 33, 34, 35, 36, 37, 38, 39, 40, 41, 42, 43, 44, 45, 46, 47, 48, 49, 50, 51, 52, 53, 54, 55, 56, 57, 58]
Inds:  [56.959999999999994, 56.635000000000005, 56.455, 56.40249999999999, 56.399999999999984, 56.399999999999984, 56.190000000000005, 56.190000000000005, 56.190000000000005, 55.92749999999998, 55.92749999999998, 55.92749999999998, 55.91499999999999, 55.91499999999999, 55.6825, 55.6825, 55.6825, 55.6825, 55.6825, 55.622499999999995, 55.622499999999995, 55.622499999999995, 55.54, 55.54, 55.54, 55.54, 55.4, 55.4, 55.4, 55.4, 55.4, 55.3675, 55.3675, 55.3675, 55.3675, 55.325, 55.2875, 55.177499999999995, 55.099999999999994, 55.02250000000001, 55.02250000000001, 54.847500000000004, 54.837500000000006, 54.76499999999999, 54.76499999999999, 54.737500000000004, 54.69999999999999, 54.54999999999999, 54.54999999999999, 54.51, 54.4475, 54.4475, 54.442499999999995, 54.38, 54.3025, 54.3025, 54.3025, 54.25499999999999, 54.25249999999998]

Execution 4:
Parameters: Y=0.999
Start Time (hh:mm:ss.ms) 2023-07-17 21:16:30.969097
generations	MaxGenenerations	Populationk1	Populationk	PopulationElite	PopulationMutant	fitnessElite	alpha	min    	max   	avg    	std     
0          	0               	0           	0          	0              	0               	0           	0    	56.7525	58.735	57.8506	0.326397
1          	60.1875         	999         	1000       	100            	200             	57.3472     	0.3  	56.57  	58.705	57.6455	0.354048
2          	59.9921         	998         	999        	103            	198             	57.2034     	0.296	56.5275	58.635	57.5322	0.393077
4          	59.9491         	996         	997        	108            	192             	57.1691     	0.289	56.2125	58.64 	57.4233	0.434799
6          	59.6029         	994         	995        	112            	187             	56.8703     	0.283	56.165 	58.62 	57.3378	0.455254
7          	59.5576         	993         	994        	115            	184             	56.852      	0.279	56.1075	58.465	57.304 	0.461052
9          	59.4976         	991         	992        	120            	179             	56.7985     	0.273	55.8375	58.5775	57.2088	0.50727 
11         	59.2163         	989         	990        	124            	173             	56.6056     	0.266	55.765 	58.8975	57.1544	0.538024
14         	59.143          	986         	987        	132            	165             	56.5376     	0.256	55.7575	58.7575	57.0155	0.569463
15         	59.1336         	985         	986        	134            	163             	56.5154     	0.252	55.75  	58.7625	57.0031	0.595657
19         	59.1133         	981         	982        	143            	152             	56.4195     	0.239	55.75  	58.715 	56.88  	0.634293
20         	59.1231         	980         	981        	146            	149             	56.4489     	0.235	55.7075	58.755 	56.8429	0.633991
21         	59.0804         	979         	980        	148            	147             	56.4154     	0.232	55.615 	58.49  	56.8113	0.64872 
22         	58.9667         	978         	979        	151            	144             	56.2727     	0.228	55.56  	58.8925	56.7434	0.649044
25         	58.926          	975         	976        	158            	136             	56.2659     	0.218	55.525 	58.6825	56.6079	0.702229
26         	58.8826         	974         	975        	160            	133             	56.2041     	0.215	55.345 	58.65  	56.5358	0.711257
28         	58.6942         	972         	973        	165            	128             	56.048      	0.207	55.34  	58.6875	56.3999	0.75201 
29         	58.6867         	971         	972        	167            	125             	56.0248     	0.204	55.27  	58.5425	56.3389	0.771087
30         	58.6039         	970         	971        	170            	122             	55.9279     	0.201	55.2075	58.76  	56.2609	0.785078
32         	58.5356         	968         	969        	174            	117             	55.848      	0.194	55.1575	58.605 	56.1893	0.824406
34         	58.4945         	966         	967        	179            	112             	55.8224     	0.187	55.155 	58.7675	56.1321	0.86468 
35         	58.4952         	965         	966        	181            	109             	55.8188     	0.183	55.1475	58.715 	56.0997	0.855242
36         	58.4842         	964         	965        	183            	107             	55.7908     	0.180	54.8175	58.575 	56.0966	0.865941
43         	58.1332         	957         	958        	200            	88              	55.4209     	0.155	54.8175	58.5375	55.7545	0.895886
44         	58.1239         	956         	957        	202            	86              	55.3831     	0.152	54.7775	58.49  	55.7403	0.907546
48         	58.0845         	952         	953        	211            	75              	55.3043     	0.138	54.7225	58.6325	55.5749	0.905704
49         	58.0286         	951         	952        	214            	73              	55.2486     	0.134	54.6075	58.675 	55.5287	0.895922
57         	57.8913         	943         	944        	232            	52              	55.0081     	0.106	54.6075	58.495 	55.2996	0.911267
End Time (hh:mm:ss.ms) 2023-07-17 21:16:38.457097
Total Time (hh:mm:ss.ms) 0:00:07.488000
Individual: ([29, 5, 15, 22, 11, 3, 26, 23, 9, 8, 14, 10, 19, 4, 25, 27, 12, 6, 24, 2, 16, 21, 18, 0, 13, 20, 28, 7, 17, 1], [1, 0, 0, 1, 1, 0, 0, 0, 1, 1, 1, 1, 1, 1, 0, 0, 0, 0, 0, 0, 0, 0, 1, 0, 0, 1, 0, 0, 0, 1])
Fitness:  54.60749999999999
Gens:  [0, 1, 2, 3, 4, 5, 6, 7, 8, 9, 10, 11, 12, 13, 14, 15, 16, 17, 18, 19, 20, 21, 22, 23, 24, 25, 26, 27, 28, 29, 30, 31, 32, 33, 34, 35, 36, 37, 38, 39, 40, 41, 42, 43, 44, 45, 46, 47, 48, 49, 50, 51, 52, 53, 54, 55, 56, 57, 58]
Inds:  [56.7525, 56.57000000000001, 56.52749999999999, 56.52749999999999, 56.21249999999998, 56.21249999999998, 56.164999999999985, 56.10749999999999, 56.10749999999999, 55.8375, 55.8375, 55.765000000000015, 55.765000000000015, 55.765000000000015, 55.75750000000001, 55.750000000000014, 55.750000000000014, 55.750000000000014, 55.750000000000014, 55.75, 55.70749999999999, 55.614999999999995, 55.56, 55.56, 55.56, 55.52499999999999, 55.345, 55.345, 55.34, 55.269999999999996, 55.20750000000001, 55.20750000000001, 55.1575, 55.1575, 55.155, 55.147499999999994, 54.817499999999995, 54.817499999999995, 54.817499999999995, 54.817499999999995, 54.817499999999995, 54.817499999999995, 54.817499999999995, 54.81749999999998, 54.77749999999999, 54.77749999999999, 54.77749999999999, 54.77749999999999, 54.7225, 54.6075, 54.6075, 54.6075, 54.6075, 54.6075, 54.6075, 54.6075, 54.6075, 54.60749999999999, 54.60749999999999]

Execution 5:
Parameters: Y=0.999
Start Time (hh:mm:ss.ms) 2023-07-17 21:16:39.391097
generations	MaxGenenerations	Populationk1	Populationk	PopulationElite	PopulationMutant	fitnessElite	alpha	min    	max  	avg    	std    
0          	0               	0           	0          	0              	0               	0           	0    	56.5975	58.74	57.8368	0.32929
1          	60.0234         	999         	1000       	100            	200             	57.2402     	0.3  	56.4275	58.9775	57.6028	0.358754
4          	59.8358         	996         	997        	108            	192             	57.0625     	0.289	56.3775	58.5425	57.4281	0.428959
5          	59.7783         	995         	996        	110            	190             	56.998      	0.286	56.3625	58.7775	57.3848	0.447544
6          	59.7764         	994         	995        	112            	187             	57.0466     	0.283	56.3125	58.6575	57.3795	0.453648
7          	59.7162         	993         	994        	115            	184             	56.9689     	0.279	56.3   	58.535 	57.3593	0.460256
8          	59.6956         	992         	993        	117            	181             	56.9181     	0.276	56.04  	58.735 	57.3282	0.477383
13         	59.4205         	987         	988        	129            	168             	56.6903     	0.259	56.035 	58.5875	57.2201	0.52358 
14         	59.4178         	986         	987        	131            	165             	56.6891     	0.256	56.0025	58.7475	57.1921	0.530404
15         	59.3928         	985         	986        	134            	163             	56.6966     	0.252	55.8   	58.6975	57.154 	0.545163
17         	59.1804         	983         	984        	139            	157             	56.5347     	0.245	55.74  	58.5375	57.1262	0.559377
18         	59.102          	982         	983        	141            	155             	56.4183     	0.242	55.685 	58.75  	57.0957	0.575567
20         	59.0397         	980         	981        	146            	149             	56.3412     	0.235	55.575 	58.615 	56.9851	0.578576
21         	58.9316         	979         	980        	148            	146             	56.2807     	0.232	55.5675	58.52  	56.9518	0.584196
25         	58.9293         	975         	976        	158            	136             	56.2543     	0.218	55.5575	58.6375	56.7138	0.647943
28         	58.9131         	972         	973        	165            	128             	56.1945     	0.208	55.4025	58.645 	56.5904	0.661634
29         	58.7505         	971         	972        	167            	125             	56.0662     	0.204	55.3575	58.6175	56.533 	0.670541
30         	58.7011         	970         	971        	169            	123             	56.0134     	0.201	55.3475	58.6625	56.4986	0.673526
31         	58.6932         	969         	970        	172            	120             	56.0031     	0.197	55.125 	58.4325	56.44  	0.688464
34         	58.4525         	966         	967        	179            	112             	55.7719     	0.187	55.0925	58.62  	56.2473	0.730288
35         	58.4203         	965         	966        	181            	109             	55.7402     	0.183	54.995 	58.8225	56.222 	0.760911
36         	58.3287         	964         	965        	184            	107             	55.6839     	0.179	54.9375	58.865 	56.1537	0.768448
37         	58.2702         	963         	964        	186            	104             	55.6305     	0.176	54.81  	58.6925	56.0805	0.788013
38         	58.1249         	962         	963        	189            	101             	55.4805     	0.172	54.81  	58.6925	55.9793	0.802778
39         	58.1249         	961         	962        	191            	98              	55.4671     	0.169	54.6725	58.6225	55.912 	0.820476
41         	57.97           	959         	960        	196            	93              	55.2982     	0.161	54.5075	58.52  	55.7335	0.849705
44         	57.7983         	956         	957        	203            	85              	55.1252     	0.151	54.4525	58.715 	55.5526	0.900858
45         	57.7471         	955         	956        	205            	82              	55.0817     	0.147	54.4425	58.795 	55.4909	0.879996
47         	57.7271         	953         	954        	210            	77              	55.0205     	0.140	54.425 	58.66  	55.416 	0.909208
52         	57.7104         	948         	949        	221            	64              	54.9377     	0.123	54.405 	58.765 	55.3105	0.896697
53         	57.6996         	947         	948        	223            	62              	54.9271     	0.119	54.3275	58.7925	55.2656	0.885906
End Time (hh:mm:ss.ms) 2023-07-17 21:16:46.962098
Total Time (hh:mm:ss.ms) 0:00:07.571001
Individual: ([4, 19, 11, 25, 5, 1, 17, 15, 27, 12, 7, 9, 28, 16, 2, 6, 24, 26, 20, 3, 22, 18, 14, 8, 23, 13, 0, 10, 21, 29], [0, 0, 0, 0, 0, 0, 0, 0, 0, 1, 1, 1, 1, 1, 1, 1, 0, 0, 1, 1, 0, 0, 0, 1, 1, 1, 1, 1, 1, 0])
Fitness:  54.3275
Gens:  [0, 1, 2, 3, 4, 5, 6, 7, 8, 9, 10, 11, 12, 13, 14, 15, 16, 17, 18, 19, 20, 21, 22, 23, 24, 25, 26, 27, 28, 29, 30, 31, 32, 33, 34, 35, 36, 37, 38, 39, 40, 41, 42, 43, 44, 45, 46, 47, 48, 49, 50, 51, 52, 53, 54, 55, 56, 57, 58]
Inds:  [56.59749999999999, 56.42749999999998, 56.42749999999998, 56.42749999999998, 56.37749999999999, 56.362500000000004, 56.3125, 56.29999999999999, 56.03999999999999, 56.03999999999999, 56.03999999999999, 56.03999999999999, 56.03999999999999, 56.035, 56.002500000000005, 55.800000000000004, 55.800000000000004, 55.739999999999995, 55.685, 55.685, 55.575, 55.567499999999995, 55.567499999999995, 55.567499999999995, 55.567499999999995, 55.55749999999999, 55.55749999999999, 55.55749999999999, 55.4025, 55.3575, 55.34749999999999, 55.12499999999999, 55.12499999999999, 55.12499999999999, 55.09249999999999, 54.995000000000005, 54.9375, 54.81, 54.80999999999999, 54.672499999999985, 54.672499999999985, 54.50749999999999, 54.50749999999999, 54.50749999999999, 54.452499999999986, 54.442499999999995, 54.442499999999995, 54.42499999999999, 54.42499999999999, 54.42499999999999, 54.42499999999999, 54.42499999999999, 54.404999999999994, 54.3275, 54.3275, 54.3275, 54.3275, 54.3275, 54.3275]

Execution 6:
Parameters: Y=0.999
Start Time (hh:mm:ss.ms) 2023-07-17 21:16:47.844097
generations	MaxGenenerations	Populationk1	Populationk	PopulationElite	PopulationMutant	fitnessElite	alpha	min   	max    	avg    	std     
0          	0               	0           	0          	0              	0               	0           	0    	56.705	58.8175	57.8564	0.318451
1          	60.1421         	999         	1000       	100            	200             	57.3387     	0.3  	56.535	58.6625	57.6229	0.353288
2          	59.9525         	998         	999        	103            	198             	57.1662     	0.296	56.35 	58.85  	57.5409	0.385909
3          	59.7675         	997         	998        	105            	195             	57.0833     	0.293	56.13 	58.56  	57.4692	0.405002
7          	59.5289         	993         	994        	115            	184             	56.8667     	0.279	56.03 	58.7875	57.2557	0.472384
8          	59.4244         	992         	993        	117            	181             	56.7923     	0.276	56.01 	58.56  	57.2141	0.495059
10         	59.4002         	990         	991        	122            	176             	56.7456     	0.269	55.935	58.5675	57.1086	0.540998
11         	59.3105         	989         	990        	124            	173             	56.636      	0.266	55.68 	58.835 	57.0617	0.556824
15         	59.0397         	985         	986        	134            	162             	56.4074     	0.252	55.65 	58.7075	56.8249	0.631625
17         	59.0101         	983         	984        	139            	157             	56.3744     	0.245	55.6025	58.5375	56.7255	0.673959
18         	58.9562         	982         	983        	141            	154             	56.3137     	0.242	55.4825	58.69  	56.6636	0.685874
19         	58.8379         	981         	982        	144            	152             	56.2485     	0.238	55.4725	58.5275	56.6415	0.69793 
20         	58.8178         	980         	981        	146            	149             	56.1916     	0.235	55.3575	58.82  	56.5574	0.72528 
21         	58.713          	979         	980        	148            	146             	56.1604     	0.231	55.1625	58.76  	56.5208	0.732314
28         	58.4815         	972         	973        	165            	128             	55.8343     	0.207	55.1275	58.6125	56.2952	0.796954
30         	58.4526         	970         	971        	170            	122             	55.8121     	0.200	55.1025	58.5325	56.1927	0.794502
31         	58.4258         	969         	970        	172            	120             	55.7793     	0.197	54.9725	58.4675	56.1618	0.825692
32         	58.2841         	968         	969        	175            	117             	55.6492     	0.193	54.965 	58.585 	56.1224	0.837912
35         	58.28           	965         	966        	181            	109             	55.619      	0.183	54.7625	58.42  	55.9941	0.834896
38         	58.0634         	962         	963        	189            	101             	55.4074     	0.172	54.5675	58.5475	55.8006	0.87713 
41         	57.8663         	959         	960        	196            	93              	55.2307     	0.161	54.495 	58.4825	55.647 	0.908767
44         	57.7852         	956         	957        	203            	85              	55.1148     	0.151	54.4875	58.6525	55.5595	0.942965
46         	57.7774         	954         	955        	207            	80              	55.0803     	0.144	54.42  	58.46  	55.4983	0.942957
50         	57.7047         	950         	951        	217            	69              	54.9612     	0.130	54.3825	58.67  	55.3196	0.922733
51         	57.6703         	949         	950        	219            	67              	54.9253     	0.126	54.3   	58.4825	55.2435	0.888857
54         	57.5775         	946         	947        	226            	59              	54.7958     	0.115	54.2925	58.6075	55.1569	0.897716
55         	57.5712         	945         	946        	228            	57              	54.7775     	0.112	54.2675	58.615 	55.1273	0.906465
57         	57.5351         	943         	944        	232            	51              	54.707      	0.105	54.2275	58.545 	55.0428	0.865773
End Time (hh:mm:ss.ms) 2023-07-17 21:16:55.199099
Total Time (hh:mm:ss.ms) 0:00:07.355002
Individual: ([4, 19, 11, 22, 10, 21, 16, 15, 17, 24, 26, 28, 9, 0, 13, 3, 18, 14, 8, 23, 20, 7, 12, 6, 27, 2, 1, 5, 25, 29], [0, 0, 1, 0, 1, 1, 1, 1, 1, 0, 0, 1, 1, 1, 0, 1, 1, 0, 0, 0, 0, 0, 0, 1, 1, 1, 1, 1, 0, 0])
Fitness:  54.227500000000006
Gens:  [0, 1, 2, 3, 4, 5, 6, 7, 8, 9, 10, 11, 12, 13, 14, 15, 16, 17, 18, 19, 20, 21, 22, 23, 24, 25, 26, 27, 28, 29, 30, 31, 32, 33, 34, 35, 36, 37, 38, 39, 40, 41, 42, 43, 44, 45, 46, 47, 48, 49, 50, 51, 52, 53, 54, 55, 56, 57, 58]
Inds:  [56.705, 56.535, 56.35, 56.12999999999999, 56.12999999999999, 56.12999999999999, 56.12999999999999, 56.02999999999999, 56.01, 56.01, 55.93499999999999, 55.679999999999986, 55.679999999999986, 55.679999999999986, 55.679999999999986, 55.65, 55.65, 55.602500000000006, 55.48249999999999, 55.4725, 55.35749999999999, 55.162499999999994, 55.162499999999994, 55.162499999999994, 55.162499999999994, 55.162499999999994, 55.162499999999994, 55.162499999999994, 55.12749999999999, 55.12749999999999, 55.102500000000006, 54.97249999999999, 54.96499999999999, 54.96499999999999, 54.96499999999999, 54.762499999999996, 54.762499999999996, 54.762499999999996, 54.567499999999995, 54.567499999999995, 54.567499999999995, 54.495, 54.495, 54.495, 54.48749999999999, 54.48749999999999, 54.419999999999995, 54.419999999999995, 54.419999999999995, 54.419999999999995, 54.38250000000001, 54.300000000000004, 54.300000000000004, 54.300000000000004, 54.2925, 54.26749999999999, 54.26749999999999, 54.227500000000006, 54.227500000000006]

Execution 7:
Parameters: Y=0.999
Start Time (hh:mm:ss.ms) 2023-07-17 21:16:56.065098
generations	MaxGenenerations	Populationk1	Populationk	PopulationElite	PopulationMutant	fitnessElite	alpha	min   	max    	avg    	std     
0          	0               	0           	0          	0              	0               	0           	0    	56.735	58.7725	57.8487	0.320008
1          	60.1712         	999         	1000       	100            	200             	57.3462     	0.3  	56.3475	58.7125	57.6289	0.356583
3          	59.7638         	997         	998        	105            	195             	57.0764     	0.293	56.1775	58.6675	57.4191	0.421459
6          	59.5711         	994         	995        	112            	187             	56.8707     	0.283	55.955 	58.575 	57.2722	0.487576
7          	59.3322         	993         	994        	115            	184             	56.688      	0.279	55.9225	58.7575	57.2142	0.511095
8          	59.3086         	992         	993        	117            	181             	56.7061     	0.276	55.77  	58.625 	57.1614	0.531282
12         	59.1417         	988         	989        	127            	171             	56.5321     	0.262	55.4925	58.475 	56.8564	0.631789
14         	58.8394         	986         	987        	132            	165             	56.2708     	0.255	55.4075	58.5925	56.6942	0.684842
15         	58.7527         	985         	986        	134            	162             	56.2112     	0.252	55.3975	58.5775	56.6316	0.709021
16         	58.7412         	984         	985        	137            	160             	56.1891     	0.248	55.285 	58.73  	56.5425	0.725577
18         	58.6238         	982         	983        	141            	154             	56.0897     	0.242	55.2175	58.49  	56.4236	0.77865 
19         	58.5452         	981         	982        	144            	151             	55.998      	0.238	55.1825	58.555 	56.3517	0.80111 
21         	58.5194         	979         	980        	149            	146             	55.9933     	0.231	55.1675	58.595 	56.3388	0.824702
22         	58.4983         	978         	979        	151            	143             	55.9497     	0.228	55.165 	58.76  	56.2819	0.837845
23         	58.5053         	977         	978        	153            	141             	55.9731     	0.224	55.085 	58.7675	56.2718	0.855379
24         	58.4209         	976         	977        	156            	138             	55.8998     	0.221	54.99  	58.665 	56.2198	0.865922
25         	58.3142         	975         	976        	158            	135             	55.79       	0.217	54.91  	58.75  	56.1708	0.87445 
27         	58.2203         	973         	974        	163            	130             	55.6685     	0.210	54.875 	58.6475	56.0778	0.867145
29         	58.1943         	971         	972        	168            	125             	55.6544     	0.203	54.7   	58.7   	56.0417	0.924291
37         	57.9936         	963         	964        	186            	103             	55.3577     	0.175	54.685 	58.595 	55.7961	0.917927
38         	57.9867         	962         	963        	189            	101             	55.359      	0.172	54.625 	58.6725	55.7412	0.91362 
43         	57.9206         	957         	958        	200            	88              	55.2337     	0.154	54.6075	58.54  	55.6198	0.914192
45         	57.9147         	955         	956        	205            	83              	55.2238     	0.148	54.57  	58.495 	55.5235	0.933789
46         	57.859          	954         	955        	207            	80              	55.137      	0.144	54.5025	58.5325	55.4897	0.928754
48         	57.7887         	952         	953        	212            	75              	55.0539     	0.137	54.4775	58.62  	55.3747	0.90818 
50         	57.7733         	950         	951        	216            	70              	55.0293     	0.130	54.4725	58.6575	55.3554	0.943215
51         	57.765          	949         	950        	219            	67              	55.0035     	0.126	54.42  	58.54  	55.3276	0.936029
52         	57.7025         	948         	949        	221            	64              	54.9277     	0.123	54.4075	58.6425	55.2335	0.902698
53         	57.6952         	947         	948        	223            	62              	54.9146     	0.119	54.3725	58.5375	55.1775	0.922978
54         	57.652          	946         	947        	226            	59              	54.8562     	0.116	54.3325	58.445 	55.1822	0.941733
56         	57.6142         	944         	945        	230            	54              	54.7999     	0.109	54.3075	58.6875	55.0984	0.925919
End Time (hh:mm:ss.ms) 2023-07-17 21:17:03.359097
Total Time (hh:mm:ss.ms) 0:00:07.293999
Individual: ([4, 22, 8, 9, 28, 20, 7, 17, 5, 1, 15, 16, 21, 3, 0, 18, 11, 19, 10, 14, 13, 23, 26, 24, 6, 12, 2, 27, 25, 29], [0, 0, 0, 0, 1, 0, 0, 0, 0, 0, 0, 0, 0, 0, 1, 0, 0, 0, 0, 0, 1, 1, 1, 1, 1, 1, 0, 1, 0, 0])
Fitness:  54.307500000000005
Gens:  [0, 1, 2, 3, 4, 5, 6, 7, 8, 9, 10, 11, 12, 13, 14, 15, 16, 17, 18, 19, 20, 21, 22, 23, 24, 25, 26, 27, 28, 29, 30, 31, 32, 33, 34, 35, 36, 37, 38, 39, 40, 41, 42, 43, 44, 45, 46, 47, 48, 49, 50, 51, 52, 53, 54, 55, 56, 57, 58]
Inds:  [56.73499999999999, 56.3475, 56.3475, 56.17750000000001, 56.17750000000001, 56.17750000000001, 55.95499999999999, 55.92250000000001, 55.77, 55.77, 55.77, 55.77, 55.49249999999999, 55.49249999999999, 55.407499999999985, 55.39750000000001, 55.28499999999999, 55.28499999999999, 55.21749999999999, 55.18250000000002, 55.18250000000002, 55.16750000000002, 55.16500000000002, 55.084999999999994, 54.99000000000001, 54.91, 54.91, 54.875000000000014, 54.875000000000014, 54.7, 54.7, 54.7, 54.7, 54.7, 54.7, 54.7, 54.7, 54.68500000000002, 54.625000000000014, 54.625000000000014, 54.625000000000014, 54.625000000000014, 54.625000000000014, 54.6075, 54.6075, 54.57000000000001, 54.5025, 54.5025, 54.477500000000006, 54.477500000000006, 54.47250000000001, 54.42, 54.4075, 54.3725, 54.332499999999996, 54.332499999999996, 54.307500000000005, 54.307500000000005, 54.307500000000005]

Execution 8:
Parameters: Y=0.999
Start Time (hh:mm:ss.ms) 2023-07-17 21:17:04.215097
generations	MaxGenenerations	Populationk1	Populationk	PopulationElite	PopulationMutant	fitnessElite	alpha	min   	max    	avg    	std     
0          	0               	0           	0          	0              	0               	0           	0    	56.825	58.7825	57.8554	0.317045
1          	60.2672         	999         	1000       	100            	200             	57.4122     	0.3  	56.77 	58.78  	57.6574	0.340398
2          	60.2087         	998         	999        	103            	198             	57.3663     	0.296	56.45 	58.6025	57.57  	0.367507
4          	59.8583         	996         	997        	108            	192             	57.072      	0.289	56.3625	58.5225	57.46  	0.409251
5          	59.7612         	995         	996        	110            	190             	56.9816     	0.286	56.1875	58.825 	57.4162	0.418703
6          	59.5936         	994         	995        	112            	187             	56.9345     	0.283	56.1725	58.6175	57.3972	0.438828
8          	59.5689         	992         	993        	117            	181             	56.8651     	0.276	56.1675	58.56  	57.327 	0.477856
10         	59.5577         	990         	991        	122            	176             	56.8177     	0.269	56.02  	58.745 	57.2357	0.484612
14         	59.406          	986         	987        	131            	165             	56.6958     	0.256	55.915 	58.7575	57.1268	0.54136 
15         	59.3006         	985         	986        	134            	163             	56.6335     	0.252	55.8725	58.8   	57.0797	0.552631
16         	59.2581         	984         	985        	136            	160             	56.6025     	0.249	55.6875	58.72  	57.0518	0.557601
18         	59.057          	982         	983        	141            	154             	56.4221     	0.242	55.68  	58.6925	56.965 	0.567451
22         	59.0407         	978         	979        	150            	144             	56.3431     	0.228	55.655 	58.64  	56.8559	0.61095 
23         	59.0179         	977         	978        	153            	141             	56.328      	0.225	55.6   	58.685 	56.8294	0.621579
27         	58.954          	973         	974        	162            	131             	56.2237     	0.211	55.53  	58.5025	56.6932	0.661768
28         	58.8773         	972         	973        	165            	128             	56.1491     	0.208	55.51  	58.775 	56.6712	0.670559
29         	58.8721         	971         	972        	167            	125             	56.1789     	0.204	55.47  	58.5775	56.6458	0.674082
30         	58.8181         	970         	971        	169            	123             	56.0958     	0.201	55.3775	58.6825	56.596 	0.665172
33         	58.7357         	967         	968        	176            	115             	56.0399     	0.191	55.25  	58.62  	56.4342	0.697382
36         	58.5842         	964         	965        	183            	107             	55.8489     	0.180	55.1875	58.285 	56.29  	0.740325
37         	58.5014         	963         	964        	186            	104             	55.7355     	0.176	55.08  	58.515 	56.1844	0.775245
38         	58.4009         	962         	963        	188            	101             	55.6752     	0.173	55.0425	58.62  	56.091 	0.754928
39         	58.3672         	961         	962        	190            	99              	55.6499     	0.169	54.99  	58.6275	56.048 	0.786504
40         	58.312          	960         	961        	193            	96              	55.5947     	0.166	54.8775	58.445 	55.9782	0.776376
44         	58.191          	956         	957        	202            	86              	55.4437     	0.152	54.84  	58.655 	55.787 	0.828327
45         	58.1546         	955         	956        	204            	83              	55.4072     	0.148	54.8025	58.69  	55.7519	0.836535
47         	58.102          	953         	954        	209            	78              	55.3171     	0.141	54.785 	58.695 	55.7022	0.838749
48         	58.0986         	952         	953        	211            	75              	55.3254     	0.138	54.7475	58.54  	55.6734	0.841178
49         	58.0498         	951         	952        	214            	73              	55.2581     	0.134	54.675 	58.45  	55.6284	0.835945
50         	57.9677         	950         	951        	216            	70              	55.1693     	0.130	54.6725	58.485 	55.5341	0.813639
52         	57.9697         	948         	949        	220            	65              	55.151      	0.124	54.56  	58.4925	55.5058	0.823802
54         	57.8403         	946         	947        	225            	60              	55.003      	0.116	54.5475	58.45  	55.3659	0.804802
56         	57.8392         	944         	945        	230            	55              	54.9887     	0.109	54.48  	58.495 	55.3011	0.832494
57         	57.7635         	943         	944        	232            	52              	54.906      	0.106	54.4775	58.3725	55.2526	0.795779
58         	57.7538         	942         	943        	234            	49              	54.8772     	0.102	54.4425	58.605 	55.1928	0.784225
End Time (hh:mm:ss.ms) 2023-07-17 21:17:11.619097
Total Time (hh:mm:ss.ms) 0:00:07.404000
Individual: ([4, 22, 18, 11, 25, 29, 5, 1, 16, 26, 20, 28, 9, 8, 23, 14, 13, 7, 15, 17, 27, 6, 12, 24, 2, 21, 3, 0, 10, 19], [0, 0, 0, 0, 0, 0, 0, 0, 0, 0, 0, 0, 1, 1, 1, 0, 0, 0, 1, 1, 0, 0, 0, 0, 0, 1, 0, 1, 1, 1])
Fitness:  54.44249999999999
Gens:  [0, 1, 2, 3, 4, 5, 6, 7, 8, 9, 10, 11, 12, 13, 14, 15, 16, 17, 18, 19, 20, 21, 22, 23, 24, 25, 26, 27, 28, 29, 30, 31, 32, 33, 34, 35, 36, 37, 38, 39, 40, 41, 42, 43, 44, 45, 46, 47, 48, 49, 50, 51, 52, 53, 54, 55, 56, 57, 58]
Inds:  [56.824999999999996, 56.76999999999999, 56.449999999999996, 56.449999999999996, 56.36249999999999, 56.187499999999986, 56.1725, 56.1725, 56.16749999999999, 56.16749999999999, 56.02, 56.02, 56.02, 56.02, 55.915, 55.87249999999999, 55.6875, 55.6875, 55.67999999999999, 55.67999999999999, 55.67999999999999, 55.67999999999999, 55.65499999999999, 55.6, 55.6, 55.6, 55.6, 55.529999999999994, 55.50999999999999, 55.46999999999999, 55.37749999999999, 55.37749999999999, 55.37749999999999, 55.24999999999999, 55.24999999999999, 55.24999999999999, 55.187499999999986, 55.07999999999999, 55.04249999999999, 54.99000000000001, 54.87749999999998, 54.87749999999998, 54.87749999999998, 54.87749999999998, 54.83999999999999, 54.80249999999999, 54.80249999999999, 54.78499999999998, 54.747499999999995, 54.67499999999999, 54.672499999999985, 54.672499999999985, 54.55999999999999, 54.55999999999999, 54.54749999999999, 54.54749999999999, 54.47999999999999, 54.477499999999985, 54.44249999999999]

Execution 9:
Parameters: Y=0.999
Start Time (hh:mm:ss.ms) 2023-07-17 21:17:12.571098
generations	MaxGenenerations	Populationk1	Populationk	PopulationElite	PopulationMutant	fitnessElite	alpha	min    	max    	avg    	std     
0          	0               	0           	0          	0              	0               	0           	0    	56.8775	58.8075	57.8568	0.323835
1          	60.3244         	999         	1000       	100            	200             	57.4565     	0.3  	56.55  	58.735 	57.6484	0.344677
2          	59.9727         	998         	999        	103            	198             	57.1982     	0.296	56.2425	58.6925	57.5249	0.375678
5          	59.6505         	995         	996        	110            	189             	56.9755     	0.286	55.8325	58.775 	57.3404	0.467882
8          	59.2084         	992         	993        	117            	181             	56.6187     	0.276	55.8225	58.61  	57.1049	0.541162
9          	59.1938         	991         	992        	120            	179             	56.5834     	0.272	55.8075	58.7325	57.0657	0.574501
11         	59.178          	989         	990        	124            	173             	56.5542     	0.266	55.79  	58.5025	56.9773	0.598007
12         	59.1529         	988         	989        	127            	171             	56.5029     	0.262	55.65  	58.6   	56.9434	0.600454
15         	59.0088         	985         	986        	134            	162             	56.3887     	0.252	55.55  	58.6725	56.8371	0.654248
16         	58.9085         	984         	985        	136            	160             	56.3277     	0.249	55.465 	58.7375	56.8047	0.661233
19         	58.8182         	981         	982        	144            	152             	56.2303     	0.238	55.455 	58.9525	56.6754	0.702144
21         	58.8039         	979         	980        	148            	146             	56.1863     	0.231	55.38  	58.71  	56.5817	0.716123
22         	58.7304         	978         	979        	151            	144             	56.1409     	0.228	55.355 	58.5275	56.549 	0.70871 
23         	58.6932         	977         	978        	153            	141             	56.0689     	0.225	55.18  	58.82  	56.4812	0.727864
28         	58.5081         	972         	973        	165            	128             	55.8769     	0.207	55.1525	58.52  	56.3023	0.793647
30         	58.4709         	970         	971        	170            	122             	55.8041     	0.200	55.0525	58.5425	56.2065	0.804446
31         	58.3733         	969         	970        	172            	120             	55.7408     	0.197	54.975 	58.6575	56.1609	0.820727
33         	58.3072         	967         	968        	177            	114             	55.706      	0.190	54.9675	58.5475	56.0814	0.829077
35         	58.2892         	965         	966        	181            	109             	55.6417     	0.183	54.885 	58.7475	56.047 	0.843618
38         	58.1995         	962         	963        	188            	101             	55.5284     	0.172	54.7625	58.5825	55.9388	0.861993
40         	58.0788         	960         	961        	193            	96              	55.4257     	0.165	54.7275	58.685 	55.8479	0.8588  
41         	58.037          	959         	960        	196            	93              	55.3692     	0.162	54.6825	58.51  	55.7806	0.860929
43         	57.9929         	957         	958        	200            	88              	55.3132     	0.155	54.565 	58.565 	55.7216	0.904108
49         	57.8655         	951         	952        	214            	72              	55.1195     	0.134	54.55  	58.4925	55.4811	0.91618 
54         	57.8449         	946         	947        	225            	60              	55.0249     	0.116	54.5375	58.585 	55.3255	0.909097
57         	57.8189         	943         	944        	232            	52              	54.9478     	0.106	54.52  	58.7725	55.2295	0.892601
End Time (hh:mm:ss.ms) 2023-07-17 21:17:19.908097
Total Time (hh:mm:ss.ms) 0:00:07.336999
Individual: ([11, 25, 29, 4, 10, 28, 20, 7, 6, 12, 26, 23, 8, 9, 0, 22, 19, 3, 18, 14, 13, 24, 27, 15, 17, 2, 21, 16, 1, 5], [0, 0, 0, 0, 0, 0, 0, 0, 0, 1, 0, 0, 1, 0, 1, 1, 0, 0, 0, 0, 0, 1, 1, 1, 1, 0, 0, 1, 1, 1])
Fitness:  54.519999999999996
Gens:  [0, 1, 2, 3, 4, 5, 6, 7, 8, 9, 10, 11, 12, 13, 14, 15, 16, 17, 18, 19, 20, 21, 22, 23, 24, 25, 26, 27, 28, 29, 30, 31, 32, 33, 34, 35, 36, 37, 38, 39, 40, 41, 42, 43, 44, 45, 46, 47, 48, 49, 50, 51, 52, 53, 54, 55, 56, 57, 58]
Inds:  [56.877500000000005, 56.550000000000004, 56.24249999999999, 56.24249999999999, 56.24249999999999, 55.832499999999996, 55.832499999999996, 55.832499999999996, 55.82249999999999, 55.807500000000005, 55.807500000000005, 55.79, 55.65, 55.65, 55.65, 55.55, 55.464999999999996, 55.464999999999996, 55.464999999999996, 55.455, 55.455, 55.38, 55.355, 55.18, 55.18, 55.18, 55.18, 55.18, 55.152499999999996, 55.152499999999996, 55.052499999999995, 54.975, 54.975, 54.96749999999999, 54.96749999999999, 54.885, 54.885, 54.885, 54.762499999999996, 54.762499999999996, 54.7275, 54.682500000000005, 54.682500000000005, 54.565, 54.565, 54.565, 54.565, 54.565, 54.565, 54.55, 54.55, 54.55, 54.55, 54.55, 54.537499999999994, 54.537499999999994, 54.537499999999994, 54.519999999999996, 54.519999999999996]

Execution 10:
Parameters: Y=0.999
Start Time (hh:mm:ss.ms) 2023-07-17 21:17:20.829097
generations	MaxGenenerations	Populationk1	Populationk	PopulationElite	PopulationMutant	fitnessElite	alpha	min    	max    	avg    	std     
0          	0               	0           	0          	0              	0               	0           	0    	56.6875	58.8125	57.8507	0.324419
1          	60.1232         	999         	1000       	100            	200             	57.325      	0.3  	56.4075	58.55  	57.6327	0.341279
2          	59.8105         	998         	999        	103            	198             	57.0431     	0.296	56.3125	58.68  	57.5183	0.392346
5          	59.7276         	995         	996        	110            	190             	57.039      	0.286	56.27  	58.745 	57.3337	0.455503
6          	59.6764         	994         	995        	112            	187             	56.971      	0.283	56.2475	58.6425	57.2998	0.470412
7          	59.6464         	993         	994        	115            	184             	56.9178     	0.279	56.205 	58.72  	57.2555	0.487245
9          	59.6004         	991         	992        	120            	179             	56.8667     	0.273	56.145 	58.75  	57.1984	0.500328
10         	59.5441         	990         	991        	122            	176             	56.8478     	0.269	55.955 	58.68  	57.173 	0.509687
13         	59.3301         	987         	988        	129            	168             	56.6259     	0.259	55.925 	58.725 	57.0678	0.537595
16         	59.2979         	984         	985        	136            	160             	56.5753     	0.249	55.7925	58.6925	56.9636	0.586783
17         	59.1668         	983         	984        	139            	157             	56.5057     	0.245	55.69  	58.6775	56.9211	0.588988
20         	59.0502         	980         	981        	146            	149             	56.3657     	0.235	55.57  	58.5775	56.7974	0.624028
22         	58.9197         	978         	979        	151            	144             	56.2407     	0.228	55.565 	58.6175	56.6787	0.647761
23         	58.9212         	977         	978        	153            	141             	56.2528     	0.225	55.515 	58.615 	56.6276	0.665304
24         	58.868          	976         	977        	155            	139             	56.2028     	0.221	55.4   	58.5425	56.5857	0.691171
25         	58.7418         	975         	976        	158            	136             	56.086      	0.218	55.3925	58.52  	56.5168	0.70331 
26         	58.7325         	974         	975        	160            	133             	56.0645     	0.214	55.3275	58.565 	56.4836	0.716921
28         	58.6695         	972         	973        	165            	128             	56.0122     	0.207	55.11  	58.49  	56.3848	0.747111
32         	58.436          	968         	969        	174            	117             	55.7814     	0.193	55.11  	58.57  	56.1837	0.778431
33         	58.4359         	967         	968        	177            	114             	55.7691     	0.190	54.8525	58.685 	56.1679	0.78457 
38         	58.1717         	962         	963        	188            	101             	55.5212     	0.172	54.8325	58.4675	55.966 	0.820654
40         	58.1472         	960         	961        	193            	96              	55.4681     	0.165	54.7825	58.55  	55.8985	0.830763
41         	58.0875         	959         	960        	195            	93              	55.3939     	0.162	54.6975	58.635 	55.8423	0.823563
44         	57.9937         	956         	957        	202            	85              	55.2725     	0.151	54.655 	58.6825	55.7145	0.850665
47         	57.95           	953         	954        	209            	78              	55.1995     	0.141	54.45  	58.6225	55.5599	0.861774
51         	57.7404         	949         	950        	219            	67              	54.982      	0.126	54.4275	58.725 	55.351 	0.892435
53         	57.7134         	947         	948        	223            	62              	54.9262     	0.119	54.3925	58.6575	55.2655	0.867388
54         	57.6802         	946         	947        	225            	59              	54.8882     	0.116	54.375 	58.4025	55.2192	0.879058
55         	57.6469         	945         	946        	228            	57              	54.8287     	0.112	54.3225	58.5   	55.195 	0.910614
57         	57.6092         	943         	944        	232            	52              	54.7863     	0.105	54.32  	58.49  	55.0965	0.880146
58         	57.5936         	942         	943        	235            	49              	54.7456     	0.102	54.305 	58.615 	55.0298	0.881059
End Time (hh:mm:ss.ms) 2023-07-17 21:17:28.270100
Total Time (hh:mm:ss.ms) 0:00:07.441003
Individual: ([29, 25, 10, 3, 8, 0, 23, 9, 14, 11, 5, 1, 2, 27, 6, 12, 24, 26, 20, 28, 13, 7, 17, 15, 16, 21, 18, 22, 19, 4], [1, 1, 0, 0, 0, 0, 1, 1, 1, 0, 0, 0, 0, 0, 0, 0, 0, 0, 1, 1, 1, 0, 0, 0, 0, 0, 1, 1, 1, 1])
Fitness:  54.30500000000001
Gens:  [0, 1, 2, 3, 4, 5, 6, 7, 8, 9, 10, 11, 12, 13, 14, 15, 16, 17, 18, 19, 20, 21, 22, 23, 24, 25, 26, 27, 28, 29, 30, 31, 32, 33, 34, 35, 36, 37, 38, 39, 40, 41, 42, 43, 44, 45, 46, 47, 48, 49, 50, 51, 52, 53, 54, 55, 56, 57, 58]
Inds:  [56.6875, 56.4075, 56.31249999999999, 56.31249999999999, 56.31249999999999, 56.26999999999998, 56.247499999999995, 56.20499999999999, 56.20499999999999, 56.14499999999999, 55.955, 55.955, 55.955, 55.925, 55.925, 55.925, 55.7925, 55.68999999999999, 55.68999999999999, 55.68999999999999, 55.56999999999999, 55.56999999999999, 55.565, 55.515, 55.39999999999999, 55.392500000000005, 55.3275, 55.3275, 55.11, 55.11, 55.11, 55.11, 55.10999999999999, 54.852499999999985, 54.852499999999985, 54.852499999999985, 54.852499999999985, 54.852499999999985, 54.83249999999999, 54.83249999999999, 54.782500000000006, 54.6975, 54.6975, 54.6975, 54.655, 54.655, 54.655, 54.45000000000002, 54.45000000000002, 54.45000000000002, 54.45000000000002, 54.42750000000001, 54.42750000000001, 54.3925, 54.37500000000001, 54.3225, 54.3225, 54.31999999999999, 54.30500000000001]

