A-BRKGA:

Execution 1:
Parameters: Y=0.998
Start Time (hh:mm:ss.ms) 2023-07-17 21:11:26.915844
generations	MaxGenenerations	Populationk1	Populationk	PopulationElite	PopulationMutant	fitnessElite	alpha	min   	max    	avg    	std     
0          	0               	0           	0          	0              	0               	0           	0    	73.985	76.1425	75.1629	0.328269
1          	86.1681         	998         	1000       	100            	200             	74.6323     	0.3  	73.97 	76.0075	74.9835	0.366668
2          	86.1273         	996         	998        	102            	198             	74.5765     	0.297	73.835	76.0325	74.8868	0.38569 
3          	85.9744         	994         	996        	103            	196             	74.484      	0.295	73.7125	76.05  	74.8386	0.400734
7          	85.8464         	986         	988        	109            	187             	74.4004     	0.286	73.595 	76.07  	74.7223	0.457771
9          	85.689          	982         	984        	112            	183             	74.2709     	0.281	73.5525	75.84  	74.6609	0.461958
10         	85.6125         	980         	982        	114            	181             	74.1907     	0.278	73.4825	76.105 	74.6743	0.485071
11         	85.5764         	978         	980        	115            	179             	74.208      	0.276	73.415 	76.0325	74.6272	0.496798
13         	85.4687         	974         	976        	118            	175             	74.1002     	0.271	73.3975	75.965 	74.5845	0.502333
17         	85.4432         	966         	968        	124            	167             	74.0558     	0.262	73.175 	76.18  	74.5166	0.526976
19         	85.1885         	962         	964        	127            	162             	73.8851     	0.257	72.905 	76.065 	74.4549	0.535655
45         	84.8648         	910         	912        	162            	112             	73.488      	0.196	72.86  	75.9925	74.0977	0.640418
49         	84.7988         	902         	904        	167            	104             	73.4082     	0.186	72.6775	75.8975	74.015 	0.660829
54         	84.6042         	892         	894        	174            	95              	73.2405     	0.174	72.635 	76.045 	73.8669	0.680856
57         	84.5683         	886         	888        	177            	90              	73.1955     	0.167	72.6325	75.73  	73.786 	0.676376
59         	84.5649         	882         	884        	179            	86              	73.1772     	0.162	72.5675	76.04  	73.7542	0.697342
60         	84.4998         	880         	882        	181            	84              	73.1243     	0.160	72.525 	75.915 	73.7375	0.691686
61         	84.4292         	878         	880        	182            	83              	73.0602     	0.157	72.4   	75.7725	73.6855	0.695575
69         	84.2715         	862         	864        	191            	69              	72.8772     	0.138	72.3725	75.78  	73.4762	0.747375
70         	84.2289         	860         	862        	192            	67              	72.8365     	0.136	72.265 	75.8875	73.4745	0.74381 
71         	84.1219         	858         	860        	193            	65              	72.7489     	0.133	72.215 	75.8125	73.419 	0.727986
76         	84.0389         	848         	850        	199            	57              	72.6433     	0.121	72.215 	75.94  	73.3085	0.74735 
81         	84.049          	838         	840        	204            	48              	72.608      	0.109	72.1675	75.71  	73.1938	0.746414
85         	84.0046         	830         	832        	208            	42              	72.5373     	0.100	72.1375	75.8925	73.0771	0.733831
End Time (hh:mm:ss.ms) 2023-07-17 21:11:42.864843
Total Time (hh:mm:ss.ms) 0:00:15.948999
Individual: ([28, 26, 37, 36, 4, 18, 9, 8, 31, 20, 10, 14, 22, 30, 21, 27, 11, 35, 19, 12, 33, 7, 24, 15, 0, 32, 34, 5, 13, 1, 23, 3, 17, 6, 16, 25, 29, 2], [0, 0, 1, 0, 0, 0, 0, 0, 1, 1, 0, 1, 1, 1, 1, 1, 1, 1, 1, 1, 1, 0, 1, 1, 1, 1, 1, 0, 0, 1, 1, 1, 1, 1, 0, 0, 0, 1])
Fitness:  72.13749999999997
Gens:  [0, 1, 2, 3, 4, 5, 6, 7, 8, 9, 10, 11, 12, 13, 14, 15, 16, 17, 18, 19, 20, 21, 22, 23, 24, 25, 26, 27, 28, 29, 30, 31, 32, 33, 34, 35, 36, 37, 38, 39, 40, 41, 42, 43, 44, 45, 46, 47, 48, 49, 50, 51, 52, 53, 54, 55, 56, 57, 58, 59, 60, 61, 62, 63, 64, 65, 66, 67, 68, 69, 70, 71, 72, 73, 74, 75, 76, 77, 78, 79, 80, 81, 82, 83, 84, 85]
Inds:  [73.985, 73.97, 73.83499999999998, 73.71249999999998, 73.71249999999998, 73.71249999999998, 73.71249999999998, 73.59499999999998, 73.59499999999998, 73.55249999999998, 73.48249999999997, 73.41499999999998, 73.41499999999998, 73.3975, 73.3975, 73.3975, 73.3975, 73.175, 73.175, 72.90499999999997, 72.90499999999997, 72.90499999999997, 72.90499999999997, 72.90499999999997, 72.90499999999997, 72.90499999999997, 72.90499999999997, 72.90499999999997, 72.90499999999997, 72.90499999999997, 72.90499999999997, 72.90499999999997, 72.90499999999997, 72.90499999999997, 72.90499999999997, 72.90499999999997, 72.90499999999997, 72.90499999999997, 72.90499999999997, 72.90499999999997, 72.90499999999997, 72.90499999999997, 72.90499999999997, 72.90499999999997, 72.90499999999997, 72.85999999999999, 72.85999999999999, 72.85999999999999, 72.85999999999999, 72.67749999999998, 72.67749999999998, 72.67749999999998, 72.67749999999998, 72.67749999999998, 72.63499999999999, 72.63499999999999, 72.63499999999999, 72.63249999999998, 72.63249999999998, 72.5675, 72.52499999999999, 72.39999999999999, 72.39999999999999, 72.39999999999999, 72.39999999999999, 72.39999999999999, 72.39999999999999, 72.39999999999999, 72.39999999999999, 72.3725, 72.26499999999999, 72.21499999999999, 72.21499999999999, 72.21499999999999, 72.21499999999999, 72.21499999999999, 72.21499999999997, 72.21499999999997, 72.21499999999997, 72.21499999999997, 72.21499999999997, 72.16749999999996, 72.16749999999996, 72.16749999999996, 72.16749999999996, 72.13749999999997]

Execution 2:
Parameters: Y=0.998
Start Time (hh:mm:ss.ms) 2023-07-17 21:11:44.061842
generations	MaxGenenerations	Populationk1	Populationk	PopulationElite	PopulationMutant	fitnessElite	alpha	min    	max    	avg    	std    
0          	0               	0           	0          	0              	0               	0           	0    	74.0925	76.0725	75.1701	0.32569
1          	86.2812         	998         	1000       	100            	200             	74.6865     	0.3  	73.9875	75.9725	74.9688	0.357303
2          	86.1417         	996         	998        	102            	198             	74.5784     	0.297	73.93  	75.98  	74.8812	0.391394
3          	86.076          	994         	996        	103            	196             	74.5355     	0.295	73.5275	76.145 	74.8275	0.406983
6          	85.6023         	988         	990        	108            	189             	74.226      	0.288	73.4575	75.8925	74.6974	0.450813
7          	85.5109         	986         	988        	109            	187             	74.1538     	0.285	73.425 	75.9525	74.654 	0.477611
9          	85.4863         	982         	984        	112            	183             	74.1409     	0.281	73.275 	75.955 	74.5618	0.494257
10         	85.3091         	980         	982        	114            	181             	74.0225     	0.278	73.21  	75.975 	74.5076	0.507825
12         	85.2531         	976         	978        	117            	177             	73.9942     	0.274	73.1775	76.0075	74.4063	0.531115
13         	85.2046         	974         	976        	118            	175             	73.9468     	0.271	73.1475	76.1175	74.3744	0.559393
14         	85.1884         	972         	974        	120            	173             	73.9479     	0.269	72.665 	76     	74.3608	0.594321
16         	84.6062         	968         	970        	123            	168             	73.5466     	0.264	72.605 	76     	74.1605	0.619175
21         	84.5156         	958         	960        	130            	158             	73.4312     	0.252	72.5225	76.17  	73.8563	0.756219
26         	84.4225         	948         	950        	137            	148             	73.3339     	0.240	72.295 	76.1   	73.6899	0.820043
30         	84.1682         	940         	942        	143            	140             	73.1408     	0.231	72.2725	75.8825	73.5496	0.863288
32         	84.1382         	936         	938        	146            	136             	73.1008     	0.226	72.0425	75.8675	73.4766	0.882391
36         	83.9032         	928         	930        	151            	128             	72.9272     	0.216	71.8875	75.8825	73.3756	0.953644
40         	83.6753         	920         	922        	157            	120             	72.7058     	0.206	71.865 	75.9425	73.2063	0.984254
41         	83.6655         	918         	920        	158            	118             	72.6984     	0.204	71.8425	75.915 	73.1441	0.991393
42         	83.6347         	916         	918        	159            	116             	72.665      	0.201	71.815 	75.8025	73.1182	1.01534 
43         	83.5838         	914         	916        	161            	114             	72.6105     	0.199	71.7975	75.8775	73.1201	1.02054 
44         	83.576          	912         	914        	162            	113             	72.6017     	0.197	71.655 	75.7575	73.0436	1.00757 
50         	83.4043         	900         	902        	170            	101             	72.4192     	0.182	71.5375	75.8775	72.8669	1.0664  
53         	83.2784         	894         	896        	174            	96              	72.3028     	0.175	71.5325	75.815 	72.7401	1.0754  
55         	83.2763         	890         	892        	176            	92              	72.2814     	0.170	71.5175	76     	72.7613	1.11877 
56         	83.2705         	888         	890        	177            	90              	72.2701     	0.167	71.44  	76.105 	72.7013	1.10477 
58         	83.1982         	884         	886        	180            	86              	72.2007     	0.162	71.415 	75.885 	72.6281	1.1098  
63         	83.1283         	874         	876        	186            	78              	72.0858     	0.150	71.41  	76.025 	72.4654	1.1241  
65         	83.1341         	870         	872        	188            	74              	72.0704     	0.146	71.365 	75.9975	72.4573	1.12541 
67         	83.0692         	866         	868        	190            	70              	71.9989     	0.141	71.2925	75.9225	72.3553	1.15177 
77         	83.0227         	846         	848        	201            	54              	71.8528     	0.116	71.2875	75.75  	72.1385	1.09193 
78         	82.9612         	844         	846        	202            	52              	71.7979     	0.114	71.2525	75.7475	72.1227	1.09789 
81         	82.9375         	838         	840        	206            	47              	71.7451     	0.107	71.2475	75.865 	72.0631	1.08224 
83         	82.9105         	834         	836        	208            	44              	71.7051     	0.102	71.2225	75.905 	72.0057	1.04393 
End Time (hh:mm:ss.ms) 2023-07-17 21:11:57.467055
Total Time (hh:mm:ss.ms) 0:00:13.405213
Individual: ([26, 8, 9, 28, 31, 16, 19, 6, 27, 1, 0, 37, 17, 29, 13, 12, 3, 33, 14, 7, 15, 25, 32, 22, 35, 4, 36, 18, 11, 5, 21, 20, 10, 34, 30, 23, 24, 2], [0, 0, 0, 0, 0, 0, 0, 1, 0, 0, 0, 0, 0, 0, 0, 1, 0, 0, 0, 1, 1, 0, 1, 0, 1, 1, 1, 1, 1, 1, 0, 0, 1, 0, 1, 0, 0, 0])
Fitness:  71.22249999999998
Gens:  [0, 1, 2, 3, 4, 5, 6, 7, 8, 9, 10, 11, 12, 13, 14, 15, 16, 17, 18, 19, 20, 21, 22, 23, 24, 25, 26, 27, 28, 29, 30, 31, 32, 33, 34, 35, 36, 37, 38, 39, 40, 41, 42, 43, 44, 45, 46, 47, 48, 49, 50, 51, 52, 53, 54, 55, 56, 57, 58, 59, 60, 61, 62, 63, 64, 65, 66, 67, 68, 69, 70, 71, 72, 73, 74, 75, 76, 77, 78, 79, 80, 81, 82, 83]
Inds:  [74.09249999999999, 73.98749999999998, 73.92999999999998, 73.5275, 73.5275, 73.5275, 73.45750000000002, 73.42499999999998, 73.42499999999998, 73.27499999999998, 73.21000000000002, 73.21000000000002, 73.17749999999998, 73.14749999999998, 72.66499999999999, 72.66499999999999, 72.60499999999998, 72.60499999999998, 72.60499999999998, 72.60499999999998, 72.60499999999998, 72.52249999999998, 72.52249999999998, 72.52249999999998, 72.52249999999998, 72.52249999999998, 72.29499999999997, 72.29499999999997, 72.29499999999997, 72.29499999999997, 72.27249999999998, 72.27249999999998, 72.04249999999998, 72.04249999999998, 72.04249999999998, 72.04249999999998, 71.88749999999999, 71.88749999999999, 71.88749999999999, 71.88749999999999, 71.865, 71.84249999999999, 71.81499999999998, 71.79749999999999, 71.65499999999999, 71.65499999999999, 71.65499999999999, 71.65499999999999, 71.65499999999999, 71.65499999999999, 71.53749999999998, 71.53749999999998, 71.53749999999998, 71.53249999999997, 71.53249999999997, 71.51749999999998, 71.43999999999998, 71.43999999999998, 71.41499999999996, 71.41499999999996, 71.41499999999996, 71.41499999999996, 71.41499999999996, 71.40999999999997, 71.40999999999997, 71.36499999999997, 71.36499999999997, 71.29249999999998, 71.29249999999998, 71.29249999999998, 71.29249999999998, 71.29249999999998, 71.29249999999998, 71.29249999999998, 71.29249999999998, 71.29249999999998, 71.29249999999998, 71.28749999999998, 71.25249999999998, 71.25249999999998, 71.25249999999998, 71.24749999999997, 71.24749999999997, 71.22249999999998]

Execution 3:
Parameters: Y=0.998
Start Time (hh:mm:ss.ms) 2023-07-17 21:11:58.486815
generations	MaxGenenerations	Populationk1	Populationk	PopulationElite	PopulationMutant	fitnessElite	alpha	min    	max   	avg    	std     
0          	0               	0           	0          	0              	0               	0           	0    	74.0725	76.265	75.1872	0.329342
1          	86.2912         	998         	1000       	100            	200             	74.7302     	0.3  	73.9275	76.195	74.9735	0.348951
2          	86.1102         	996         	998        	102            	198             	74.6025     	0.297	73.555 	75.925	74.9095	0.379843
4          	85.6334         	992         	994        	105            	194             	74.2553     	0.292	73.545 	75.9825	74.7773	0.422447
7          	85.6372         	986         	988        	109            	187             	74.2571     	0.285	73.3725	76.1025	74.623 	0.484106
9          	85.4308         	982         	984        	112            	183             	74.1122     	0.281	73.37  	76.075 	74.5391	0.515334
10         	85.4403         	980         	982        	114            	181             	74.1245     	0.278	73.3   	76.05  	74.5053	0.535044
13         	85.3335         	974         	976        	118            	175             	74.0144     	0.271	73.2775	76.0275	74.4037	0.566003
14         	85.3244         	972         	974        	120            	173             	74.0187     	0.269	73.0775	75.95  	74.3868	0.56853 
15         	85.0784         	970         	972        	121            	171             	73.8447     	0.267	72.8025	75.96  	74.3587	0.589074
24         	84.7679         	952         	954        	134            	152             	73.5901     	0.245	72.785 	76.2525	74.0716	0.692296
26         	84.7586         	948         	950        	137            	148             	73.5773     	0.241	72.665 	76     	73.9792	0.715612
29         	84.585          	942         	944        	141            	142             	73.4149     	0.233	72.625 	75.9   	73.8399	0.760928
30         	84.5431         	940         	942        	143            	140             	73.3828     	0.231	72.6   	76.0575	73.8041	0.762198
31         	84.5406         	938         	940        	144            	138             	73.3919     	0.229	72.395 	76.175 	73.7655	0.783089
36         	84.2968         	928         	930        	151            	128             	73.1831     	0.216	72.185 	76.095 	73.5567	0.831849
42         	84.0372         	916         	918        	159            	117             	72.9446     	0.202	72.1625	75.985 	73.4037	0.928343
44         	84.0169         	912         	914        	162            	113             	72.9155     	0.197	72.0975	75.8575	73.3027	0.930504
45         	83.9219         	910         	912        	163            	111             	72.8312     	0.195	72.095 	75.9775	73.2733	0.953652
47         	83.9068         	906         	908        	166            	107             	72.7974     	0.190	72.03  	75.8725	73.2214	0.938068
51         	83.8613         	898         	900        	171            	100             	72.7413     	0.180	71.92  	75.9875	73.1375	0.998038
57         	83.7433         	886         	888        	178            	89              	72.6025     	0.166	71.9025	76.0675	72.947 	1.00798 
60         	83.7255         	880         	882        	182            	83              	72.5606     	0.159	71.895 	76.01  	72.9148	1.00378 
62         	83.7059         	876         	878        	184            	80              	72.5243     	0.154	71.8625	76.095 	72.9322	0.995842
64         	83.6429         	872         	874        	186            	76              	72.4543     	0.149	71.76  	76.025 	72.8406	1.02147 
69         	83.5508         	862         	864        	192            	68              	72.3401     	0.137	71.705 	75.68  	72.7393	0.997524
70         	83.4353         	860         	862        	193            	66              	72.24       	0.134	71.695 	75.92  	72.7041	1.00919 
77         	83.4367         	846         	848        	201            	54              	72.1737     	0.117	71.6475	75.9275	72.5527	0.97602 
End Time (hh:mm:ss.ms) 2023-07-17 21:12:12.646814
Total Time (hh:mm:ss.ms) 0:00:14.159999
Individual: ([28, 29, 7, 23, 3, 36, 18, 35, 34, 16, 37, 0, 11, 27, 13, 24, 2, 17, 15, 30, 32, 6, 9, 26, 5, 20, 14, 33, 10, 1, 21, 22, 4, 31, 12, 25, 19, 8], [0, 0, 0, 1, 1, 1, 1, 0, 0, 0, 1, 1, 1, 1, 1, 0, 0, 0, 1, 0, 0, 0, 0, 0, 0, 0, 0, 0, 1, 1, 0, 1, 1, 1, 0, 0, 0, 1])
Fitness:  71.6475
Gens:  [0, 1, 2, 3, 4, 5, 6, 7, 8, 9, 10, 11, 12, 13, 14, 15, 16, 17, 18, 19, 20, 21, 22, 23, 24, 25, 26, 27, 28, 29, 30, 31, 32, 33, 34, 35, 36, 37, 38, 39, 40, 41, 42, 43, 44, 45, 46, 47, 48, 49, 50, 51, 52, 53, 54, 55, 56, 57, 58, 59, 60, 61, 62, 63, 64, 65, 66, 67, 68, 69, 70, 71, 72, 73, 74, 75, 76, 77, 78, 79, 80, 81, 82, 83, 84]
Inds:  [74.07249999999999, 73.92749999999998, 73.55499999999999, 73.55499999999999, 73.54499999999997, 73.54499999999997, 73.54499999999997, 73.37249999999999, 73.37249999999999, 73.36999999999999, 73.3, 73.3, 73.3, 73.2775, 73.07750000000001, 72.80249999999998, 72.80249999999998, 72.80249999999998, 72.80249999999998, 72.80249999999998, 72.80249999999998, 72.80249999999998, 72.80249999999998, 72.80249999999998, 72.785, 72.785, 72.665, 72.665, 72.665, 72.62499999999999, 72.59999999999997, 72.39499999999998, 72.39499999999998, 72.39499999999998, 72.39499999999998, 72.39499999999998, 72.18499999999997, 72.18499999999997, 72.18499999999997, 72.18499999999997, 72.18499999999997, 72.18499999999997, 72.16250000000001, 72.16250000000001, 72.0975, 72.095, 72.095, 72.02999999999999, 72.02999999999999, 72.02999999999999, 72.02999999999999, 71.91999999999999, 71.91999999999999, 71.91999999999999, 71.91999999999999, 71.91999999999999, 71.91999999999999, 71.90249999999999, 71.90249999999999, 71.90249999999999, 71.89499999999998, 71.89499999999998, 71.8625, 71.8625, 71.75999999999999, 71.75999999999999, 71.75999999999999, 71.75999999999999, 71.75999999999999, 71.705, 71.695, 71.695, 71.695, 71.695, 71.695, 71.695, 71.695, 71.6475, 71.6475, 71.6475, 71.6475, 71.6475, 71.6475, 71.6475, 71.6475]

Execution 4:
Parameters: Y=0.998
Start Time (hh:mm:ss.ms) 2023-07-17 21:12:13.735813
generations	MaxGenenerations	Populationk1	Populationk	PopulationElite	PopulationMutant	fitnessElite	alpha	min    	max   	avg    	std    
0          	0               	0           	0          	0              	0               	0           	0    	74.2075	76.165	75.1702	0.33054
1          	86.4311         	998         	1000       	100            	200             	74.7947     	0.3  	73.985 	76.19 	74.9972	0.361076
2          	86.1763         	996         	998        	102            	198             	74.6414     	0.297	73.7825	75.94 	74.9023	0.380603
3          	85.8974         	994         	996        	103            	196             	74.4197     	0.295	73.48  	76.1925	74.8224	0.401493
11         	85.5671         	978         	980        	115            	179             	74.1958     	0.276	73.4475	76.12  	74.5522	0.506098
12         	85.5382         	976         	978        	117            	177             	74.1805     	0.274	73.1825	76.0475	74.523 	0.516383
15         	85.2202         	970         	972        	121            	171             	73.9525     	0.267	73.1575	75.9525	74.4408	0.564754
17         	85.1877         	966         	968        	124            	166             	73.9153     	0.262	73.1275	75.9925	74.3606	0.559948
20         	85.1157         	960         	962        	129            	160             	73.817      	0.255	73.06  	75.8875	74.2594	0.60914 
21         	85.0473         	958         	960        	130            	158             	73.7753     	0.252	73.025 	76.0925	74.2453	0.621139
23         	85.0126         	954         	956        	133            	154             	73.7443     	0.248	72.9875	75.9675	74.1953	0.643456
25         	85.0131         	950         	952        	136            	150             	73.7656     	0.243	72.825 	76.37  	74.0897	0.681281
27         	84.8039         	946         	948        	139            	146             	73.5983     	0.238	72.3675	75.8325	74.0026	0.691573
37         	84.275          	926         	928        	152            	126             	73.1657     	0.214	72.3425	75.8975	73.5312	0.838931
38         	84.2138         	924         	926        	154            	124             	73.0966     	0.212	72.2225	75.865 	73.4829	0.847839
39         	84.0686         	922         	924        	155            	122             	72.986      	0.209	72.165 	76.0425	73.4204	0.871202
42         	84.0206         	916         	918        	159            	117             	72.9367     	0.202	72.145 	76.0575	73.3464	0.915006
43         	84.0108         	914         	916        	160            	115             	72.9276     	0.200	72.1   	76.115 	73.2736	0.93195 
44         	83.9681         	912         	914        	162            	113             	72.8933     	0.197	72.0425	76.1975	73.2683	0.947447
45         	83.915          	910         	912        	163            	111             	72.8533     	0.195	72.0225	75.7875	73.2652	0.954582
46         	83.8228         	908         	910        	164            	109             	72.7478     	0.192	71.9925	75.7925	73.1821	0.960696
47         	83.7887         	906         	908        	166            	107             	72.7153     	0.190	71.8675	75.91  	73.133 	0.95911 
49         	83.6797         	902         	904        	168            	103             	72.635      	0.185	71.8425	76.1325	73.0172	1.00426 
51         	83.6485         	898         	900        	171            	100             	72.5923     	0.180	71.7825	76.0625	72.9492	1.02365 
52         	83.5895         	896         	898        	172            	98              	72.5442     	0.177	71.78  	75.9   	72.9299	1.03745 
53         	83.5594         	894         	896        	173            	96              	72.5032     	0.175	71.75  	76.1425	72.8909	1.06107 
55         	83.4994         	890         	892        	176            	92              	72.4326     	0.170	71.655 	75.7475	72.838 	1.05468 
56         	83.3884         	888         	890        	177            	90              	72.3429     	0.168	71.5725	75.7325	72.7611	1.06128 
58         	83.3654         	884         	886        	180            	87              	72.3255     	0.163	71.495 	75.8675	72.7674	1.08344 
61         	83.2831         	878         	880        	183            	81              	72.2336     	0.155	71.3775	75.8725	72.6858	1.11183 
62         	83.0863         	876         	878        	185            	79              	72.066      	0.153	71.315 	75.8875	72.5433	1.07684 
64         	83.0015         	872         	874        	187            	76              	71.9797     	0.148	71.305 	76.0275	72.4245	1.12354 
67         	83.0164         	866         	868        	190            	70              	71.9613     	0.140	71.25  	75.9225	72.3434	1.15868 
69         	82.9474         	862         	864        	193            	67              	71.8867     	0.136	71.205 	75.795 	72.2172	1.13419 
75         	82.8693         	850         	852        	199            	57              	71.7598     	0.121	71.1825	75.8225	72.1626	1.17071 
77         	82.8842         	846         	848        	201            	53              	71.7469     	0.116	71.1475	76.0075	72.0429	1.13121 
End Time (hh:mm:ss.ms) 2023-07-17 21:12:27.660815
Total Time (hh:mm:ss.ms) 0:00:13.925002
Individual: ([8, 9, 36, 18, 35, 1, 10, 11, 27, 21, 13, 34, 30, 4, 6, 19, 32, 22, 0, 37, 26, 2, 7, 29, 3, 23, 24, 14, 5, 20, 33, 15, 12, 17, 16, 25, 31, 28], [0, 1, 1, 1, 0, 0, 0, 0, 0, 0, 1, 0, 1, 1, 1, 1, 1, 0, 0, 0, 1, 1, 1, 1, 0, 0, 1, 1, 1, 0, 1, 1, 1, 1, 0, 0, 1, 1])
Fitness:  71.1475
Gens:  [0, 1, 2, 3, 4, 5, 6, 7, 8, 9, 10, 11, 12, 13, 14, 15, 16, 17, 18, 19, 20, 21, 22, 23, 24, 25, 26, 27, 28, 29, 30, 31, 32, 33, 34, 35, 36, 37, 38, 39, 40, 41, 42, 43, 44, 45, 46, 47, 48, 49, 50, 51, 52, 53, 54, 55, 56, 57, 58, 59, 60, 61, 62, 63, 64, 65, 66, 67, 68, 69, 70, 71, 72, 73, 74, 75, 76, 77, 78, 79, 80, 81, 82, 83]
Inds:  [74.2075, 73.98499999999997, 73.7825, 73.47999999999999, 73.47999999999999, 73.47999999999999, 73.47999999999999, 73.47999999999999, 73.47999999999999, 73.47999999999999, 73.47999999999999, 73.44749999999999, 73.1825, 73.1825, 73.1825, 73.15749999999998, 73.15749999999998, 73.12749999999998, 73.12749999999998, 73.12749999999998, 73.05999999999997, 73.02499999999999, 73.02499999999999, 72.98749999999998, 72.98749999999998, 72.825, 72.825, 72.36749999999999, 72.36749999999999, 72.36749999999999, 72.36749999999999, 72.36749999999999, 72.36749999999999, 72.36749999999999, 72.36749999999999, 72.36749999999999, 72.36749999999999, 72.3425, 72.22249999999997, 72.16499999999999, 72.16499999999999, 72.16499999999999, 72.145, 72.1, 72.04249999999998, 72.0225, 71.99249999999999, 71.86749999999999, 71.86749999999999, 71.8425, 71.8425, 71.78250000000001, 71.77999999999999, 71.74999999999997, 71.74999999999997, 71.65499999999999, 71.57249999999999, 71.57249999999999, 71.49499999999999, 71.49499999999999, 71.49499999999999, 71.3775, 71.315, 71.315, 71.30499999999999, 71.30499999999999, 71.30499999999999, 71.24999999999999, 71.24999999999999, 71.20499999999998, 71.20499999999998, 71.20499999999998, 71.20499999999998, 71.20499999999998, 71.20499999999998, 71.18249999999999, 71.18249999999999, 71.1475, 71.1475, 71.1475, 71.1475, 71.1475, 71.1475, 71.1475]

Execution 5:
Parameters: Y=0.998
Start Time (hh:mm:ss.ms) 2023-07-17 21:12:28.628817
generations	MaxGenenerations	Populationk1	Populationk	PopulationElite	PopulationMutant	fitnessElite	alpha	min   	max  	avg    	std     
0          	0               	0           	0          	0              	0               	0           	0    	74.075	76.24	75.1854	0.328354
2          	86.2617         	996         	998        	102            	198             	74.6711     	0.297	73.9025	76.06  	74.9122	0.376171
3          	86.0578         	994         	996        	103            	196             	74.5397     	0.295	73.81  	76.335 	74.8558	0.398955
4          	85.9974         	992         	994        	105            	194             	74.5499     	0.293	73.665 	76.0975	74.8367	0.409214
6          	85.7842         	988         	990        	108            	189             	74.3606     	0.288	73.6525	75.8925	74.7566	0.426015
7          	85.7379         	986         	988        	109            	187             	74.2931     	0.286	73.5375	76.05  	74.7388	0.43986 
12         	85.6058         	976         	978        	117            	177             	74.1862     	0.274	73.535 	75.93  	74.6154	0.491995
13         	85.6076         	974         	976        	118            	175             	74.1864     	0.271	73.3225	75.9325	74.5934	0.482706
15         	85.3448         	970         	972        	121            	171             	73.9952     	0.267	73.3125	75.73  	74.5735	0.504731
20         	85.3695         	960         	962        	129            	160             	74.0125     	0.255	73.2775	75.9975	74.431 	0.553868
22         	85.3086         	956         	958        	131            	156             	73.9439     	0.250	73.26  	75.9075	74.3927	0.564382
24         	85.275          	952         	954        	134            	152             	73.8991     	0.246	73.0525	76.0525	74.3551	0.591025
26         	85.0812         	948         	950        	137            	148             	73.7967     	0.241	72.985 	75.8325	74.2535	0.610136
28         	84.9558         	944         	946        	140            	144             	73.6653     	0.236	72.9375	76     	74.1311	0.632408
31         	84.923          	938         	940        	144            	138             	73.6387     	0.229	72.7675	75.8575	73.9786	0.663535
34         	84.7302         	932         	934        	148            	132             	73.491      	0.222	72.7675	75.855 	73.8744	0.696606
35         	84.7013         	930         	932        	149            	131             	73.4459     	0.219	72.3825	75.8875	73.8388	0.711136
42         	84.3068         	916         	918        	159            	117             	73.1509     	0.202	72.3225	76.08  	73.5308	0.825302
43         	84.2213         	914         	916        	160            	115             	73.075      	0.200	72.2875	75.9025	73.4861	0.817967
44         	84.1506         	912         	914        	162            	113             	73.0026     	0.197	72.18  	75.8575	73.45  	0.840743
46         	84.0162         	908         	910        	164            	109             	72.8874     	0.192	72.0325	75.8825	73.3435	0.856758
47         	83.8504         	906         	908        	166            	107             	72.7651     	0.190	72.0125	75.9525	73.2873	0.872222
51         	83.8192         	898         	900        	171            	100             	72.7032     	0.180	72.005 	75.895 	73.1641	0.916296
52         	83.8205         	896         	898        	172            	98              	72.6986     	0.178	72     	75.905 	73.126 	0.890082
53         	83.8164         	894         	896        	173            	96              	72.687      	0.175	71.995 	75.97  	73.0865	0.917807
57         	83.8017         	886         	888        	178            	89              	72.6367     	0.166	71.73  	75.935 	73.0216	0.929813
58         	83.5071         	884         	886        	179            	87              	72.4175     	0.163	71.6975	76.04  	72.9104	0.917716
59         	83.4868         	882         	884        	181            	85              	72.3969     	0.161	71.5825	75.885 	72.8866	0.949702
64         	83.3237         	872         	874        	187            	76              	72.2197     	0.148	71.43  	75.745 	72.7321	0.96687 
72         	83.137          	856         	858        	196            	62              	71.9959     	0.129	71.42  	75.9025	72.3795	1.01877 
73         	83.1407         	854         	856        	197            	60              	71.9884     	0.126	71.405 	75.8525	72.3674	1.05759 
76         	83.0846         	848         	850        	200            	55              	71.9145     	0.119	71.3875	75.9225	72.2339	1.0597  
78         	83.0996         	844         	846        	202            	52              	71.903      	0.114	71.3725	75.915 	72.2003	1.02942 
79         	83.0875         	842         	844        	203            	50              	71.8824     	0.112	71.345 	75.6325	72.2022	1.05975 
80         	83.0086         	840         	842        	204            	49              	71.8152     	0.109	71.3375	75.98  	72.1471	1.02615 
81         	83.0576         	838         	840        	205            	47              	71.8359     	0.107	71.325 	75.85  	72.139 	1.05537 
82         	83.0214         	836         	838        	206            	45              	71.7995     	0.104	71.2875	75.8425	72.1316	1.03574 
End Time (hh:mm:ss.ms) 2023-07-17 21:12:43.182815
Total Time (hh:mm:ss.ms) 0:00:14.553998
Individual: ([26, 17, 7, 15, 21, 11, 4, 18, 35, 27, 1, 10, 5, 34, 16, 8, 28, 9, 31, 2, 24, 14, 20, 33, 13, 12, 32, 25, 30, 22, 0, 19, 36, 6, 37, 29, 3, 23], [0, 0, 1, 1, 1, 0, 1, 1, 0, 0, 0, 0, 1, 0, 1, 1, 1, 1, 1, 1, 1, 1, 1, 1, 0, 0, 0, 1, 0, 0, 0, 0, 0, 1, 0, 0, 1, 0])
Fitness:  71.2875
Gens:  [0, 1, 2, 3, 4, 5, 6, 7, 8, 9, 10, 11, 12, 13, 14, 15, 16, 17, 18, 19, 20, 21, 22, 23, 24, 25, 26, 27, 28, 29, 30, 31, 32, 33, 34, 35, 36, 37, 38, 39, 40, 41, 42, 43, 44, 45, 46, 47, 48, 49, 50, 51, 52, 53, 54, 55, 56, 57, 58, 59, 60, 61, 62, 63, 64, 65, 66, 67, 68, 69, 70, 71, 72, 73, 74, 75, 76, 77, 78, 79, 80, 81, 82, 83]
Inds:  [74.07500000000002, 74.07500000000002, 73.90249999999999, 73.80999999999999, 73.665, 73.665, 73.6525, 73.5375, 73.5375, 73.5375, 73.5375, 73.5375, 73.53500000000001, 73.32249999999998, 73.32249999999998, 73.3125, 73.3125, 73.3125, 73.3125, 73.3125, 73.2775, 73.2775, 73.25999999999999, 73.25999999999999, 73.05250000000001, 73.05250000000001, 72.98499999999999, 72.98499999999999, 72.9375, 72.9375, 72.9375, 72.7675, 72.7675, 72.7675, 72.76749999999997, 72.38249999999998, 72.38249999999998, 72.38249999999998, 72.38249999999998, 72.38249999999998, 72.38249999999998, 72.38249999999998, 72.32249999999999, 72.28749999999997, 72.17999999999999, 72.17999999999999, 72.0325, 72.01249999999999, 72.01249999999999, 72.01249999999999, 72.01249999999999, 72.00499999999998, 71.99999999999999, 71.995, 71.995, 71.995, 71.995, 71.73, 71.6975, 71.5825, 71.5825, 71.5825, 71.5825, 71.5825, 71.42999999999999, 71.42999999999999, 71.42999999999999, 71.42999999999999, 71.42999999999999, 71.42999999999999, 71.42999999999999, 71.42999999999999, 71.41999999999999, 71.40499999999999, 71.40499999999999, 71.40499999999999, 71.38749999999999, 71.38749999999999, 71.37249999999999, 71.34499999999998, 71.33749999999999, 71.32499999999999, 71.2875, 71.2875]

Execution 6:
Parameters: Y=0.998
Start Time (hh:mm:ss.ms) 2023-07-17 21:12:44.296813
generations	MaxGenenerations	Populationk1	Populationk	PopulationElite	PopulationMutant	fitnessElite	alpha	min    	max   	avg    	std     
0          	0               	0           	0          	0              	0               	0           	0    	74.2075	76.155	75.1719	0.320923
1          	86.4294         	998         	1000       	100            	200             	74.7917     	0.3  	73.8975	75.915	74.9775	0.339907
2          	86.027          	996         	998        	102            	198             	74.4981     	0.297	73.625 	76.0975	74.9229	0.382533
3          	85.7411         	994         	996        	103            	196             	74.3552     	0.295	73.505 	76.18  	74.8192	0.403288
7          	85.5975         	986         	988        	109            	187             	74.24       	0.285	73.4375	76.0425	74.6903	0.470332
10         	85.5018         	980         	982        	114            	181             	74.1453     	0.278	73.4225	75.8225	74.5877	0.478446
13         	85.4963         	974         	976        	118            	175             	74.1356     	0.271	72.9675	76.015 	74.5426	0.508411
20         	84.9903         	960         	962        	129            	160             	73.7889     	0.255	72.94  	75.875 	74.3584	0.555085
26         	84.8966         	948         	950        	137            	148             	73.635      	0.241	72.81  	76.035 	74.1609	0.613268
28         	84.7644         	944         	946        	140            	144             	73.5484     	0.236	72.7525	75.79  	74.0803	0.643443
30         	84.7314         	940         	942        	143            	140             	73.5357     	0.231	72.71  	75.9225	74.0091	0.659307
31         	84.6458         	938         	940        	144            	138             	73.446      	0.229	72.665 	75.94  	73.9799	0.678353
35         	84.6066         	930         	932        	150            	130             	73.3975     	0.219	72.655 	76.1625	73.8439	0.717229
37         	84.6479         	926         	928        	152            	127             	73.4411     	0.214	72.4775	75.87  	73.8029	0.739118
38         	84.3663         	924         	926        	154            	125             	73.1977     	0.212	72.41  	75.825 	73.725 	0.742271
42         	84.332          	916         	918        	159            	117             	73.1648     	0.202	72.3225	75.9   	73.6214	0.776972
45         	84.2276         	910         	912        	163            	111             	73.0645     	0.195	72.17  	75.9925	73.5208	0.79356 
48         	84.0197         	904         	906        	167            	105             	72.8787     	0.188	72.16  	75.7975	73.3873	0.819497
50         	83.995          	900         	902        	169            	102             	72.8383     	0.183	72.1125	75.9975	73.3159	0.861541
53         	83.9351         	894         	896        	173            	96              	72.7676     	0.176	72.075 	75.865 	73.2351	0.889432
54         	83.8969         	892         	894        	174            	94              	72.7332     	0.173	72.005 	75.7675	73.1602	0.886116
55         	83.7991         	890         	892        	176            	92              	72.6488     	0.171	71.985 	75.985 	73.1214	0.913147
56         	83.8123         	888         	890        	177            	91              	72.66       	0.168	71.9575	75.7225	73.0805	0.91889 
57         	83.7363         	886         	888        	178            	89              	72.5834     	0.166	71.78  	76.0125	73.0615	0.924531
59         	83.6125         	882         	884        	180            	85              	72.4956     	0.161	71.68  	75.92  	72.9756	0.930075
65         	83.4459         	870         	872        	188            	74              	72.3012     	0.146	71.6575	75.9475	72.7509	0.967694
67         	83.3893         	866         	868        	190            	71              	72.2353     	0.141	71.595 	75.97  	72.6806	1.00058 
68         	83.3557         	864         	866        	191            	69              	72.2042     	0.139	71.5525	75.81  	72.6517	0.974037
72         	83.3117         	856         	858        	196            	62              	72.129      	0.129	71.5525	75.89  	72.5031	0.986544
75         	83.305          	850         	852        	199            	57              	72.092      	0.122	71.5275	76.04  	72.5008	1.00451 
76         	83.2888         	848         	850        	200            	56              	72.0686     	0.119	71.485 	75.835 	72.407 	0.973922
78         	83.1981         	844         	846        	202            	52              	71.9799     	0.114	71.4675	75.9   	72.3785	1.01029 
81         	83.2031         	838         	840        	205            	47              	71.9497     	0.107	71.455 	75.8775	72.289 	0.990506
82         	83.1773         	836         	838        	206            	46              	71.9204     	0.105	71.43  	75.94  	72.2459	0.985056
84         	83.1303         	832         	834        	208            	42              	71.8654     	0.100	71.2525	75.9525	72.1849	0.967448
End Time (hh:mm:ss.ms) 2023-07-17 21:12:58.567396
Total Time (hh:mm:ss.ms) 0:00:14.270583
Individual: ([29, 31, 26, 17, 3, 24, 23, 12, 32, 30, 34, 37, 13, 5, 10, 1, 27, 11, 21, 20, 22, 35, 0, 19, 9, 16, 4, 18, 36, 6, 25, 15, 14, 33, 7, 2, 28, 8], [0, 1, 0, 0, 0, 1, 1, 0, 1, 1, 0, 0, 0, 1, 1, 1, 1, 1, 0, 0, 0, 0, 0, 0, 0, 0, 0, 0, 0, 1, 0, 0, 1, 1, 0, 0, 1, 0])
Fitness:  71.25250000000001
Gens:  [0, 1, 2, 3, 4, 5, 6, 7, 8, 9, 10, 11, 12, 13, 14, 15, 16, 17, 18, 19, 20, 21, 22, 23, 24, 25, 26, 27, 28, 29, 30, 31, 32, 33, 34, 35, 36, 37, 38, 39, 40, 41, 42, 43, 44, 45, 46, 47, 48, 49, 50, 51, 52, 53, 54, 55, 56, 57, 58, 59, 60, 61, 62, 63, 64, 65, 66, 67, 68, 69, 70, 71, 72, 73, 74, 75, 76, 77, 78, 79, 80, 81, 82, 83, 84]
Inds:  [74.2075, 73.8975, 73.62499999999999, 73.505, 73.505, 73.505, 73.505, 73.43749999999999, 73.43749999999999, 73.43749999999999, 73.4225, 73.4225, 73.4225, 72.96749999999999, 72.96749999999999, 72.96749999999999, 72.96749999999999, 72.96749999999999, 72.96749999999999, 72.96749999999999, 72.94, 72.94, 72.94, 72.94, 72.94, 72.94, 72.81, 72.81, 72.7525, 72.7525, 72.71000000000001, 72.665, 72.665, 72.665, 72.665, 72.655, 72.655, 72.47750000000002, 72.41, 72.41, 72.41, 72.41, 72.32249999999999, 72.32249999999999, 72.32249999999999, 72.16999999999999, 72.16999999999999, 72.16999999999999, 72.16000000000001, 72.16000000000001, 72.1125, 72.1125, 72.1125, 72.075, 72.005, 71.985, 71.9575, 71.78000000000002, 71.78000000000002, 71.68, 71.68, 71.68, 71.68, 71.68, 71.68, 71.65750000000001, 71.65750000000001, 71.59500000000001, 71.55250000000002, 71.55250000000002, 71.55250000000002, 71.55250000000002, 71.5525, 71.5525, 71.5525, 71.5275, 71.48500000000001, 71.48500000000001, 71.4675, 71.4675, 71.4675, 71.455, 71.43, 71.43, 71.25250000000001]

Execution 7:
Parameters: Y=0.998
Start Time (hh:mm:ss.ms) 2023-07-17 21:12:59.825395
generations	MaxGenenerations	Populationk1	Populationk	PopulationElite	PopulationMutant	fitnessElite	alpha	min    	max    	avg    	std     
0          	0               	0           	0          	0              	0               	0           	0    	73.9425	76.0875	75.1604	0.326838
1          	86.1091         	998         	1000       	100            	200             	74.586      	0.3  	73.8125	76.14  	74.949 	0.357906
2          	85.9667         	996         	998        	102            	198             	74.5053     	0.297	73.5825	76.0375	74.8719	0.400493
3          	85.6813         	994         	996        	103            	196             	74.3075     	0.295	73.24  	76.1475	74.8001	0.412428
9          	85.2769         	982         	984        	113            	183             	74.0176     	0.281	72.99  	76.165 	74.4401	0.564416
12         	84.9731         	976         	978        	117            	177             	73.7959     	0.274	72.975 	75.9275	74.2477	0.618199
15         	84.9628         	970         	972        	121            	171             	73.7755     	0.267	72.785 	76.175 	74.0956	0.692991
16         	84.776          	968         	970        	123            	168             	73.682      	0.264	72.78  	76.035 	74.0299	0.674272
17         	84.7464         	966         	968        	124            	166             	73.6336     	0.262	72.775 	75.9425	73.9988	0.717052
18         	84.7249         	964         	966        	126            	164             	73.5981     	0.259	72.72  	75.83  	73.9751	0.705839
19         	84.6418         	962         	964        	127            	162             	73.5207     	0.257	72.465 	76.0725	73.9286	0.747933
23         	84.3674         	954         	956        	133            	154             	73.3318     	0.247	72.445 	76.0825	73.7904	0.821015
24         	84.3644         	952         	954        	135            	152             	73.3379     	0.245	72.44  	75.855 	73.7222	0.819253
25         	84.3201         	950         	952        	136            	150             	73.2701     	0.243	72.385 	75.945 	73.6792	0.844104
26         	84.2713         	948         	950        	137            	148             	73.2418     	0.240	72.2925	75.9475	73.6714	0.8663  
27         	84.164          	946         	948        	139            	146             	73.1632     	0.238	72.115 	75.9775	73.6255	0.847279
32         	83.9565         	936         	938        	146            	136             	72.9806     	0.226	72.055 	75.9925	73.427 	0.932057
33         	83.8951         	934         	936        	147            	134             	72.9359     	0.223	71.9725	75.81  	73.3736	0.947263
36         	83.768          	928         	930        	151            	128             	72.8025     	0.216	71.92  	75.765 	73.2538	1.00872 
38         	83.7341         	924         	926        	154            	124             	72.7771     	0.211	71.7125	76.0225	73.1574	1.0276  
45         	83.5235         	910         	912        	163            	111             	72.5772     	0.194	71.7   	75.92  	72.96  	1.10876 
46         	83.4696         	908         	910        	165            	109             	72.511      	0.192	71.67  	76.055 	72.921 	1.09905 
48         	83.4197         	904         	906        	167            	105             	72.4492     	0.187	71.65  	75.9225	72.8875	1.11774 
50         	83.4498         	900         	902        	170            	101             	72.4715     	0.182	71.6475	75.965 	72.8193	1.13149 
51         	83.416          	898         	900        	171            	99              	72.4252     	0.180	71.6225	75.845 	72.7694	1.12291 
52         	83.3669         	896         	898        	172            	97              	72.3726     	0.177	71.555 	75.815 	72.7682	1.13863 
53         	83.2833         	894         	896        	174            	96              	72.301      	0.175	71.555 	75.9875	72.7299	1.13259 
55         	83.2779         	890         	892        	176            	92              	72.275      	0.170	71.55  	76.1475	72.642 	1.12176 
58         	83.3296         	884         	886        	180            	87              	72.297      	0.163	71.5275	76.1925	72.6348	1.15098 
59         	83.3142         	882         	884        	181            	85              	72.2775     	0.160	71.52  	76.0225	72.6018	1.12983 
62         	83.2868         	876         	878        	184            	79              	72.22       	0.153	71.5175	75.92  	72.5971	1.16867 
63         	83.2572         	874         	876        	186            	78              	72.1826     	0.151	71.455 	76.035 	72.5114	1.1312  
65         	83.142          	870         	872        	188            	74              	72.0699     	0.146	71.4425	75.85  	72.485 	1.13701 
67         	83.199          	866         	868        	190            	71              	72.1001     	0.141	71.395 	75.955 	72.3972	1.11516 
79         	83.0942         	842         	844        	203            	50              	71.8892     	0.112	71.39  	75.7075	72.1196	1.03357 
81         	83.1046         	838         	840        	205            	47              	71.8742     	0.107	71.375 	75.965 	72.125 	1.08774 
End Time (hh:mm:ss.ms) 2023-07-17 21:13:12.185519
Total Time (hh:mm:ss.ms) 0:00:12.360124
Individual: ([26, 0, 35, 18, 11, 27, 1, 10, 30, 16, 6, 4, 36, 19, 37, 12, 3, 14, 20, 5, 33, 29, 13, 34, 32, 15, 21, 22, 25, 9, 8, 28, 31, 17, 24, 23, 7, 2], [0, 1, 1, 1, 1, 0, 0, 0, 0, 0, 0, 0, 0, 1, 1, 1, 0, 1, 1, 1, 1, 0, 0, 0, 0, 0, 1, 1, 1, 1, 1, 0, 0, 0, 1, 1, 0, 0])
Fitness:  71.375
Gens:  [0, 1, 2, 3, 4, 5, 6, 7, 8, 9, 10, 11, 12, 13, 14, 15, 16, 17, 18, 19, 20, 21, 22, 23, 24, 25, 26, 27, 28, 29, 30, 31, 32, 33, 34, 35, 36, 37, 38, 39, 40, 41, 42, 43, 44, 45, 46, 47, 48, 49, 50, 51, 52, 53, 54, 55, 56, 57, 58, 59, 60, 61, 62, 63, 64, 65, 66, 67, 68, 69, 70, 71, 72, 73, 74, 75, 76, 77, 78, 79, 80, 81, 82, 83, 84]
Inds:  [73.9425, 73.8125, 73.58249999999998, 73.24000000000001, 73.24000000000001, 73.24000000000001, 73.24000000000001, 73.24000000000001, 73.24000000000001, 72.99000000000001, 72.99000000000001, 72.99000000000001, 72.97500000000001, 72.97500000000001, 72.97500000000001, 72.78499999999998, 72.78, 72.77499999999998, 72.72, 72.46499999999999, 72.46499999999999, 72.46499999999999, 72.46499999999999, 72.44499999999998, 72.43999999999997, 72.38499999999999, 72.2925, 72.115, 72.115, 72.115, 72.115, 72.115, 72.05499999999998, 71.97250000000001, 71.97250000000001, 71.97250000000001, 71.91999999999999, 71.91999999999999, 71.7125, 71.7125, 71.7125, 71.7125, 71.7125, 71.7125, 71.7125, 71.69999999999999, 71.66999999999999, 71.66999999999999, 71.64999999999999, 71.64999999999999, 71.6475, 71.6225, 71.555, 71.55499999999998, 71.55499999999998, 71.55, 71.55, 71.55, 71.5275, 71.52, 71.52, 71.52, 71.5175, 71.455, 71.455, 71.44250000000001, 71.44250000000001, 71.395, 71.395, 71.395, 71.395, 71.395, 71.395, 71.395, 71.395, 71.395, 71.395, 71.395, 71.395, 71.38999999999999, 71.38999999999999, 71.375, 71.375, 71.375, 71.375]

Execution 8:
Parameters: Y=0.998
Start Time (hh:mm:ss.ms) 2023-07-17 21:13:13.103518
generations	MaxGenenerations	Populationk1	Populationk	PopulationElite	PopulationMutant	fitnessElite	alpha	min  	max    	avg    	std    
0          	0               	0           	0          	0              	0               	0           	0    	73.94	76.1575	75.1785	0.33079
1          	86.1183         	998         	1000       	100            	200             	74.6052     	0.3  	73.8125	76.08  	74.9403	0.369281
2          	85.9564         	996         	998        	102            	198             	74.4875     	0.297	73.6275	76.0525	74.8605	0.401857
4          	85.7315         	992         	994        	105            	194             	74.33       	0.293	73.535 	76.0625	74.7576	0.427726
7          	85.614          	986         	988        	109            	187             	74.2307     	0.285	73.525 	76.3425	74.6374	0.465826
9          	85.6336         	982         	984        	112            	183             	74.2635     	0.281	73.485 	75.95  	74.6047	0.478484
10         	85.5528         	980         	982        	114            	181             	74.1726     	0.278	73.455 	75.92  	74.5545	0.488749
12         	85.5106         	976         	978        	117            	177             	74.1277     	0.274	73.42  	75.9775	74.5211	0.523192
13         	85.4818         	974         	976        	118            	175             	74.1154     	0.271	73.33  	75.8825	74.4789	0.532246
14         	85.3608         	972         	974        	120            	173             	74.018      	0.269	73.115 	76.0125	74.4634	0.546006
19         	85.1105         	962         	964        	127            	162             	73.8282     	0.257	72.9025	75.9   	74.2209	0.603149
21         	84.8959         	958         	960        	130            	158             	73.7048     	0.252	72.705 	75.875 	74.1452	0.648592
29         	84.626          	942         	944        	141            	142             	73.438      	0.233	72.6   	76.075 	73.8967	0.735347
33         	84.5279         	934         	936        	147            	134             	73.3586     	0.224	72.5575	76.0375	73.781 	0.74684 
35         	84.5004         	930         	932        	150            	130             	73.3379     	0.219	72.39  	76.1575	73.7319	0.778778
41         	84.2501         	918         	920        	158            	119             	73.0861     	0.205	72.265 	75.7775	73.5324	0.795206
42         	84.1034         	916         	918        	159            	117             	72.9763     	0.202	72.2425	75.9225	73.4801	0.812614
44         	84.121          	912         	914        	162            	113             	72.993      	0.197	72.1525	75.9025	73.4411	0.850841
46         	84.0178         	908         	910        	164            	109             	72.9038     	0.192	72.065 	75.925 	73.3758	0.860054
50         	83.9113         	900         	902        	169            	102             	72.7896     	0.183	72.06  	75.95  	73.2445	0.909723
51         	83.8938         	898         	900        	171            	100             	72.7633     	0.180	71.8675	75.8575	73.1895	0.915868
57         	83.6709         	886         	888        	178            	89              	72.547      	0.166	71.805 	75.95  	73.0028	0.962984
61         	83.5877         	878         	880        	183            	82              	72.4448     	0.156	71.675 	75.78  	72.8483	0.955827
68         	83.4505         	864         	866        	191            	69              	72.2752     	0.139	71.5825	75.9725	72.6779	0.959467
70         	83.3245         	860         	862        	193            	66              	72.1587     	0.134	71.56  	75.9125	72.5713	0.972777
71         	83.3054         	858         	860        	194            	64              	72.1343     	0.131	71.545 	75.88  	72.5464	0.945859
72         	83.2825         	856         	858        	196            	62              	72.1064     	0.129	71.51  	75.81  	72.5446	1.00819 
74         	83.2309         	852         	854        	198            	59              	72.0463     	0.124	71.5025	75.7175	72.473 	0.967725
75         	83.206          	850         	852        	199            	57              	72.0173     	0.122	71.4675	75.955 	72.3912	0.962165
78         	83.1919         	844         	846        	202            	52              	71.9741     	0.114	71.395 	76.0575	72.3152	0.964744
82         	83.1017         	836         	838        	206            	45              	71.8622     	0.105	71.335 	75.7325	72.1841	0.937688
End Time (hh:mm:ss.ms) 2023-07-17 21:13:25.851557
Total Time (hh:mm:ss.ms) 0:00:12.748039
Individual: ([26, 31, 17, 7, 24, 2, 29, 3, 32, 30, 13, 33, 12, 25, 15, 37, 34, 5, 22, 35, 36, 18, 4, 11, 1, 10, 14, 23, 20, 21, 27, 0, 19, 9, 6, 16, 8, 28], [0, 0, 0, 1, 0, 0, 0, 1, 1, 1, 1, 1, 0, 0, 0, 1, 1, 1, 1, 1, 1, 1, 1, 1, 0, 0, 0, 1, 1, 1, 1, 0, 0, 0, 1, 1, 1, 0])
Fitness:  71.335
Gens:  [0, 1, 2, 3, 4, 5, 6, 7, 8, 9, 10, 11, 12, 13, 14, 15, 16, 17, 18, 19, 20, 21, 22, 23, 24, 25, 26, 27, 28, 29, 30, 31, 32, 33, 34, 35, 36, 37, 38, 39, 40, 41, 42, 43, 44, 45, 46, 47, 48, 49, 50, 51, 52, 53, 54, 55, 56, 57, 58, 59, 60, 61, 62, 63, 64, 65, 66, 67, 68, 69, 70, 71, 72, 73, 74, 75, 76, 77, 78, 79, 80, 81, 82, 83, 84]
Inds:  [73.94000000000001, 73.81249999999999, 73.62749999999997, 73.62749999999997, 73.53500000000001, 73.53500000000001, 73.53500000000001, 73.525, 73.525, 73.48499999999999, 73.45500000000001, 73.45500000000001, 73.42, 73.33, 73.115, 73.115, 73.115, 73.115, 73.115, 72.90249999999997, 72.90249999999997, 72.70499999999997, 72.70499999999997, 72.70499999999997, 72.70499999999997, 72.70499999999997, 72.70499999999997, 72.70499999999997, 72.70499999999997, 72.59999999999998, 72.59999999999998, 72.59999999999998, 72.59999999999998, 72.55749999999998, 72.55749999999998, 72.39, 72.39, 72.39, 72.39, 72.39, 72.39, 72.26499999999999, 72.24249999999999, 72.24249999999999, 72.15249999999999, 72.15249999999999, 72.06500000000001, 72.06500000000001, 72.06500000000001, 72.06500000000001, 72.06, 71.8675, 71.8675, 71.8675, 71.8675, 71.8675, 71.8675, 71.80499999999999, 71.80499999999999, 71.80499999999999, 71.80499999999999, 71.67499999999998, 71.67499999999998, 71.67499999999998, 71.67499999999998, 71.67499999999998, 71.67499999999998, 71.67499999999998, 71.5825, 71.5825, 71.55999999999999, 71.545, 71.50999999999998, 71.50999999999998, 71.5025, 71.4675, 71.4675, 71.4675, 71.395, 71.395, 71.395, 71.395, 71.335, 71.335, 71.335]

Execution 9:
Parameters: Y=0.998
Start Time (hh:mm:ss.ms) 2023-07-17 21:13:26.800555
generations	MaxGenenerations	Populationk1	Populationk	PopulationElite	PopulationMutant	fitnessElite	alpha	min    	max  	avg    	std     
0          	0               	0           	0          	0              	0               	0           	0    	74.0575	76.36	75.1813	0.331009
2          	86.2322         	996         	998        	102            	198             	74.6432     	0.297	73.8775	76.06 	74.9099	0.371689
4          	86.0024         	992         	994        	105            	194             	74.4723     	0.293	73.73  	75.99  	74.8037	0.416576
5          	85.8449         	990         	992        	106            	192             	74.3869     	0.290	73.6575	76.0125	74.7767	0.433365
6          	85.7643         	988         	990        	108            	189             	74.3365     	0.288	73.4325	75.89  	74.7119	0.447894
8          	85.531          	984         	986        	111            	185             	74.2118     	0.283	73.205 	75.7975	74.612 	0.464955
10         	85.2349         	980         	982        	114            	181             	73.9838     	0.278	73.2025	76.1425	74.5353	0.505238
17         	85.2529         	966         	968        	124            	167             	73.9682     	0.262	73.09  	75.9375	74.351 	0.570587
18         	85.0908         	964         	966        	126            	164             	73.8305     	0.260	73.0425	76.0925	74.3103	0.596199
20         	85.0623         	960         	962        	129            	160             	73.8219     	0.255	72.895 	76.135 	74.2124	0.624707
22         	84.8625         	956         	958        	132            	156             	73.6553     	0.250	72.85  	75.8175	74.1401	0.65437 
23         	84.791          	954         	956        	133            	154             	73.5863     	0.248	72.755 	76.1425	74.0899	0.660058
25         	84.6999         	950         	952        	136            	150             	73.5282     	0.243	72.5625	75.9075	73.974 	0.697343
29         	84.4564         	942         	944        	142            	142             	73.3232     	0.233	72.535 	75.8375	73.7337	0.802786
30         	84.4277         	940         	942        	143            	140             	73.2989     	0.231	72.41  	76.0225	73.6894	0.815088
32         	84.2823         	936         	938        	146            	136             	73.1861     	0.226	72.245 	75.925 	73.614 	0.854245
33         	84.1049         	934         	936        	147            	134             	73.069      	0.223	72.2175	75.985 	73.5575	0.871598
34         	84.083          	932         	934        	149            	132             	73.052      	0.221	72.19  	75.89  	73.545 	0.906699
35         	84.035          	930         	932        	150            	130             	73.0006     	0.219	72.145 	76.015 	73.4843	0.925468
36         	84.0036         	928         	930        	151            	128             	72.9835     	0.216	72.0625	76.385 	73.4277	0.947604
37         	83.9698         	926         	928        	153            	126             	72.9886     	0.214	72.05  	75.9375	73.3479	0.953169
38         	83.88           	924         	926        	154            	124             	72.8733     	0.211	72.045 	75.7975	73.3324	0.959198
39         	83.8507         	922         	924        	155            	122             	72.8306     	0.209	71.9525	75.8875	73.3283	0.99728 
40         	83.7581         	920         	922        	157            	120             	72.7666     	0.206	71.915 	75.87  	73.2115	0.990808
43         	83.6902         	914         	916        	161            	114             	72.6791     	0.199	71.815 	76.0725	73.1254	1.0619  
47         	83.6211         	906         	908        	166            	107             	72.6148     	0.189	71.77  	75.8175	73.0296	1.09719 
48         	83.534          	904         	906        	167            	105             	72.5288     	0.187	71.7625	76.135 	73.004 	1.12922 
49         	83.5784         	902         	904        	168            	103             	72.572      	0.185	71.74  	75.815 	72.9856	1.09928 
53         	83.512          	894         	896        	173            	96              	72.4691     	0.175	71.72  	75.9325	72.8371	1.13029 
55         	83.5021         	890         	892        	176            	92              	72.4462     	0.170	71.6875	76.1075	72.7912	1.10623 
56         	83.4864         	888         	890        	177            	90              	72.4311     	0.168	71.6275	75.9225	72.7812	1.13222 
60         	83.3831         	880         	882        	182            	83              	72.3058     	0.158	71.59  	75.8525	72.6736	1.14684 
61         	83.3303         	878         	880        	183            	81              	72.2549     	0.155	71.5775	75.93  	72.7009	1.14459 
62         	83.3287         	876         	878        	184            	80              	72.246      	0.153	71.5275	75.86  	72.6568	1.1393  
67         	83.2471         	866         	868        	190            	71              	72.1304     	0.141	71.515 	75.8275	72.4974	1.1346  
End Time (hh:mm:ss.ms) 2023-07-17 21:13:39.662555
Total Time (hh:mm:ss.ms) 0:00:12.862000
Individual: ([26, 17, 2, 12, 34, 37, 19, 4, 35, 27, 22, 30, 20, 5, 8, 9, 6, 0, 11, 1, 10, 29, 3, 23, 7, 33, 21, 18, 36, 32, 15, 24, 14, 13, 25, 16, 31, 28], [0, 0, 1, 0, 1, 1, 0, 0, 0, 0, 1, 1, 0, 1, 1, 1, 1, 1, 1, 0, 0, 1, 0, 0, 1, 0, 1, 0, 0, 0, 0, 1, 1, 1, 1, 1, 1, 1])
Fitness:  71.515
Gens:  [0, 1, 2, 3, 4, 5, 6, 7, 8, 9, 10, 11, 12, 13, 14, 15, 16, 17, 18, 19, 20, 21, 22, 23, 24, 25, 26, 27, 28, 29, 30, 31, 32, 33, 34, 35, 36, 37, 38, 39, 40, 41, 42, 43, 44, 45, 46, 47, 48, 49, 50, 51, 52, 53, 54, 55, 56, 57, 58, 59, 60, 61, 62, 63, 64, 65, 66, 67, 68, 69, 70, 71, 72, 73, 74, 75, 76, 77, 78, 79, 80, 81, 82, 83, 84]
Inds:  [74.05749999999999, 74.05749999999999, 73.8775, 73.8775, 73.72999999999999, 73.65750000000001, 73.43249999999999, 73.43249999999999, 73.205, 73.205, 73.20249999999999, 73.20249999999999, 73.20249999999999, 73.20249999999999, 73.20249999999999, 73.20249999999999, 73.20249999999999, 73.09, 73.0425, 73.0425, 72.89500000000001, 72.89500000000001, 72.85, 72.755, 72.755, 72.56250000000001, 72.56250000000001, 72.56250000000001, 72.56250000000001, 72.535, 72.41, 72.41, 72.24500000000002, 72.21749999999999, 72.19, 72.14499999999998, 72.0625, 72.05, 72.045, 71.95249999999999, 71.91499999999999, 71.91499999999999, 71.91499999999999, 71.815, 71.815, 71.815, 71.815, 71.77, 71.7625, 71.74, 71.74, 71.74, 71.74, 71.72, 71.72, 71.6875, 71.6275, 71.6275, 71.6275, 71.6275, 71.59, 71.5775, 71.5275, 71.5275, 71.5275, 71.5275, 71.5275, 71.515, 71.515, 71.515, 71.515, 71.515, 71.515, 71.515, 71.515, 71.515, 71.515, 71.515, 71.515, 71.515, 71.515, 71.515, 71.515, 71.515, 71.515]

Execution 10:
Parameters: Y=0.998
Start Time (hh:mm:ss.ms) 2023-07-17 21:13:40.577555
generations	MaxGenenerations	Populationk1	Populationk	PopulationElite	PopulationMutant	fitnessElite	alpha	min   	max    	avg    	std     
0          	0               	0           	0          	0              	0               	0           	0    	74.195	76.2275	75.1803	0.338202
1          	86.4274         	998         	1000       	100            	200             	74.8047     	0.3  	74.0025	76.1075	75.0039	0.35445 
2          	86.1824         	996         	998        	102            	198             	74.6291     	0.297	73.91  	76.0275	74.9272	0.37743 
3          	86.0609         	994         	996        	103            	196             	74.5354     	0.295	73.845 	76.175 	74.8664	0.384644
4          	86.0106         	992         	994        	105            	194             	74.5277     	0.293	73.705 	76.2325	74.825 	0.431247
6          	85.796          	988         	990        	108            	189             	74.3307     	0.288	73.5675	75.885 	74.7481	0.432694
8          	85.645          	984         	986        	111            	185             	74.2369     	0.283	73.5325	76.07  	74.6838	0.47255 
10         	85.6196         	980         	982        	114            	181             	74.2258     	0.278	73.4125	75.89  	74.6289	0.478391
13         	85.5022         	974         	976        	118            	175             	74.1562     	0.271	73.35  	76.0575	74.5169	0.511431
14         	85.414          	972         	974        	120            	173             	74.0798     	0.269	73.065 	76.235 	74.4676	0.5431  
18         	85.0651         	964         	966        	126            	164             	73.8171     	0.260	72.9   	76.0525	74.19  	0.615573
20         	84.8806         	960         	962        	129            	160             	73.6919     	0.255	72.765 	76.0125	74.0051	0.697261
21         	84.7251         	958         	960        	130            	158             	73.5859     	0.252	72.725 	75.995 	73.928 	0.738077
22         	84.6756         	956         	958        	132            	156             	73.5438     	0.250	72.7   	75.96  	73.8982	0.758762
23         	84.6406         	954         	956        	133            	154             	73.5085     	0.248	72.6375	75.86  	73.8174	0.786713
24         	84.5509         	952         	954        	135            	152             	73.4289     	0.245	72.605 	75.9125	73.754 	0.7974  
25         	84.5219         	950         	952        	136            	150             	73.4094     	0.243	72.52  	75.9925	73.7125	0.837311
26         	84.4365         	948         	950        	137            	148             	73.3561     	0.240	72.42  	76.0625	73.6734	0.825381
28         	84.3163         	944         	946        	140            	144             	73.2576     	0.235	72.2225	75.895 	73.5924	0.874822
31         	84.1031         	938         	940        	144            	138             	73.1023     	0.228	72.145 	76.1825	73.4799	0.937826
32         	84.0318         	936         	938        	146            	136             	73.0584     	0.226	72.1375	75.965 	73.4194	0.962418
33         	83.9865         	934         	936        	147            	134             	72.9941     	0.223	72.1075	76.1075	73.3547	0.981544
34         	83.9755         	932         	934        	149            	132             	72.9931     	0.221	72.065 	75.9325	73.366 	0.986651
35         	83.8966         	930         	932        	150            	130             	72.9118     	0.218	71.9825	75.8925	73.2954	0.981217
38         	83.8266         	924         	926        	154            	124             	72.8516     	0.211	71.9525	75.9525	73.1886	1.03223 
39         	83.769          	922         	924        	155            	122             	72.7896     	0.209	71.9175	76     	73.1549	1.04938 
42         	83.7212         	916         	918        	159            	116             	72.7242     	0.202	71.8825	75.9225	73.0448	1.06296 
44         	83.6758         	912         	914        	162            	113             	72.6714     	0.197	71.7925	75.9825	73.0385	1.07121 
47         	83.5761         	906         	908        	166            	107             	72.575      	0.189	71.7475	75.955 	72.9759	1.11336 
49         	83.5074         	902         	904        	168            	103             	72.5002     	0.185	71.6975	75.8225	72.8795	1.10628 
50         	83.4504         	900         	902        	170            	101             	72.4506     	0.182	71.6675	75.9075	72.8192	1.12792 
52         	83.4464         	896         	898        	172            	98              	72.439      	0.177	71.6575	75.9525	72.8396	1.13438 
53         	83.4256         	894         	896        	173            	96              	72.4106     	0.175	71.6525	75.985 	72.8068	1.14194 
54         	83.4252         	892         	894        	175            	94              	72.4018     	0.172	71.6225	76.1525	72.7834	1.14755 
62         	83.3819         	876         	878        	184            	80              	72.2853     	0.153	71.615 	75.9125	72.5751	1.16495 
67         	83.3486         	866         	868        	190            	71              	72.2059     	0.141	71.5   	75.905 	72.5392	1.12707 
End Time (hh:mm:ss.ms) 2023-07-17 21:13:51.968554
Total Time (hh:mm:ss.ms) 0:00:11.390999
Individual: ([15, 0, 18, 36, 6, 4, 22, 34, 11, 35, 16, 12, 7, 2, 26, 37, 29, 33, 21, 27, 19, 25, 32, 30, 10, 1, 13, 3, 17, 23, 24, 14, 20, 5, 31, 28, 9, 8], [1, 1, 0, 0, 0, 0, 1, 1, 0, 0, 0, 1, 0, 0, 0, 0, 0, 0, 1, 1, 1, 1, 1, 1, 1, 1, 1, 1, 1, 0, 0, 1, 1, 1, 1, 1, 1, 1])
Fitness:  71.49999999999999
Gens:  [0, 1, 2, 3, 4, 5, 6, 7, 8, 9, 10, 11, 12, 13, 14, 15, 16, 17, 18, 19, 20, 21, 22, 23, 24, 25, 26, 27, 28, 29, 30, 31, 32, 33, 34, 35, 36, 37, 38, 39, 40, 41, 42, 43, 44, 45, 46, 47, 48, 49, 50, 51, 52, 53, 54, 55, 56, 57, 58, 59, 60, 61, 62, 63, 64, 65, 66, 67, 68, 69, 70, 71, 72, 73, 74, 75, 76, 77, 78, 79, 80, 81, 82, 83, 84]
Inds:  [74.19499999999998, 74.0025, 73.90999999999998, 73.845, 73.70499999999998, 73.70499999999998, 73.5675, 73.5675, 73.53250000000001, 73.53250000000001, 73.4125, 73.4125, 73.4125, 73.34999999999998, 73.06499999999998, 73.06499999999998, 73.06499999999998, 73.06499999999998, 72.9, 72.9, 72.76499999999997, 72.725, 72.7, 72.63749999999999, 72.60500000000002, 72.52, 72.42, 72.42, 72.2225, 72.2225, 72.2225, 72.14500000000001, 72.1375, 72.10749999999999, 72.06500000000001, 71.9825, 71.9825, 71.9825, 71.9525, 71.91749999999999, 71.91749999999999, 71.91749999999999, 71.88249999999998, 71.88249999999998, 71.79249999999999, 71.79249999999999, 71.79249999999999, 71.74749999999999, 71.74749999999999, 71.69749999999999, 71.66749999999999, 71.66749999999999, 71.65749999999998, 71.65249999999999, 71.62249999999999, 71.62249999999999, 71.62249999999999, 71.62249999999999, 71.62249999999999, 71.62249999999999, 71.62249999999999, 71.62249999999999, 71.615, 71.615, 71.615, 71.615, 71.615, 71.49999999999999, 71.49999999999999, 71.49999999999999, 71.49999999999999, 71.49999999999999, 71.49999999999999, 71.49999999999999, 71.49999999999999, 71.49999999999999, 71.49999999999999, 71.49999999999999, 71.49999999999999, 71.49999999999999, 71.49999999999999, 71.49999999999999, 71.49999999999999, 71.49999999999999, 71.49999999999999]

