A-BRKGA:

Execution 1:
Parameters: Y=0.997
Start Time (hh:mm:ss.ms) 2023-07-17 21:33:52.938000
generations	MaxGenenerations	Populationk1	Populationk	PopulationElite	PopulationMutant	fitnessElite	alpha	min    	max  	avg    	std    
0          	0               	0           	0          	0              	0               	0           	0    	110.625	114.5	112.659	0.62697
1          	156.048         	997         	1000       	100            	200             	111.787     	0.3  	109.875	114.5	112.293	0.677886
3          	154.815         	991         	994        	102            	197             	111.139     	0.297	109.625	114.25 	111.936	0.767062
4          	154.521         	988         	991        	102            	195             	110.995     	0.296	109.5  	114.25 	111.899	0.844302
8          	154.345         	976         	979        	105            	189             	110.882     	0.290	109.25 	114.25 	111.607	0.957132
9          	153.993         	973         	976        	105            	188             	110.698     	0.289	108.875	114.25 	111.498	0.982828
14         	153.406         	958         	961        	108            	180             	110.361     	0.283	108.5  	114.5  	111.299	1.10188 
19         	152.935         	943         	946        	111            	172             	110.09      	0.276	108.25 	114.125	110.909	1.21396 
20         	152.526         	940         	943        	112            	171             	109.866     	0.275	108    	114.125	110.791	1.28489 
24         	152.059         	928         	931        	114            	165             	109.585     	0.269	107.875	114.125	110.294	1.48494 
25         	151.997         	925         	928        	115            	164             	109.553     	0.268	107.25 	114    	110.187	1.53855 
29         	151.173         	913         	916        	117            	158             	109.091     	0.262	107    	114.125	109.771	1.70196 
34         	150.821         	898         	901        	120            	151             	108.858     	0.256	106.75 	114    	109.584	1.91133 
40         	150.412         	880         	883        	123            	142             	108.58      	0.248	106.625	114.125	109.314	2.0231  
45         	150.236         	865         	868        	125            	135             	108.436     	0.241	106.5  	114    	108.941	2.07523 
48         	149.947         	856         	859        	126            	131             	108.25      	0.237	106.375	114.25 	108.982	2.13981 
112        	149.94          	664         	667        	141            	60              	107.572     	0.151	106.25 	113.875	108.071	2.03166 
129        	149.539         	630         	632        	144            	46              	107.216     	0.128	106.125	114.25 	107.696	1.9932  
End Time (hh:mm:ss.ms) 2023-07-17 21:34:06.010999
Total Time (hh:mm:ss.ms) 0:00:13.072999
Individual: ([10, 4, 0, 6, 18, 8, 19, 16, 7, 20, 17, 5, 21, 2, 1, 3, 22, 14, 12, 13, 15, 11, 9], [1, 0, 0, 0, 0, 0, 0, 0, 0, 1, 1, 1, 1, 1, 1, 1, 1, 1, 0, 0, 0, 1, 1])
Fitness:  106.125
Gens:  [0, 1, 2, 3, 4, 5, 6, 7, 8, 9, 10, 11, 12, 13, 14, 15, 16, 17, 18, 19, 20, 21, 22, 23, 24, 25, 26, 27, 28, 29, 30, 31, 32, 33, 34, 35, 36, 37, 38, 39, 40, 41, 42, 43, 44, 45, 46, 47, 48, 49, 50, 51, 52, 53, 54, 55, 56, 57, 58, 59, 60, 61, 62, 63, 64, 65, 66, 67, 68, 69, 70, 71, 72, 73, 74, 75, 76, 77, 78, 79, 80, 81, 82, 83, 84, 85, 86, 87, 88, 89, 90, 91, 92, 93, 94, 95, 96, 97, 98, 99, 100, 101, 102, 103, 104, 105, 106, 107, 108, 109, 110, 111, 112, 113, 114, 115, 116, 117, 118, 119, 120, 121, 122, 123, 124, 125, 126, 127, 128, 129, 130, 131, 132, 133, 134, 135, 136, 137, 138, 139, 140, 141, 142, 143, 144, 145, 146, 147, 148, 149, 150]
Inds:  [110.625, 109.875, 109.875, 109.625, 109.5, 109.5, 109.5, 109.5, 109.25, 108.875, 108.875, 108.875, 108.875, 108.875, 108.5, 108.5, 108.5, 108.5, 108.5, 108.25, 108.0, 108.0, 108.0, 108.0, 107.875, 107.25, 107.25, 107.25, 107.25, 107.0, 107.0, 107.0, 107.0, 107.0, 106.75, 106.75, 106.75, 106.75, 106.75, 106.75, 106.625, 106.625, 106.625, 106.625, 106.625, 106.5, 106.5, 106.5, 106.375, 106.375, 106.375, 106.375, 106.375, 106.375, 106.375, 106.375, 106.375, 106.375, 106.375, 106.375, 106.375, 106.375, 106.375, 106.375, 106.375, 106.375, 106.375, 106.375, 106.375, 106.375, 106.375, 106.375, 106.375, 106.375, 106.375, 106.375, 106.375, 106.375, 106.375, 106.375, 106.375, 106.375, 106.375, 106.375, 106.375, 106.375, 106.375, 106.375, 106.375, 106.375, 106.375, 106.375, 106.375, 106.375, 106.375, 106.375, 106.375, 106.375, 106.375, 106.375, 106.375, 106.375, 106.375, 106.375, 106.375, 106.375, 106.375, 106.375, 106.375, 106.375, 106.375, 106.375, 106.25, 106.25, 106.25, 106.25, 106.25, 106.25, 106.25, 106.25, 106.25, 106.25, 106.25, 106.25, 106.25, 106.25, 106.25, 106.25, 106.25, 106.125, 106.125, 106.125, 106.125, 106.125, 106.125, 106.125, 106.125, 106.125, 106.125, 106.125, 106.125, 106.125, 106.125, 106.125, 106.125, 106.125, 106.125, 106.125, 106.125, 106.125, 106.125]

Execution 2:
Parameters: Y=0.997
Start Time (hh:mm:ss.ms) 2023-07-17 21:34:06.818000
generations	MaxGenenerations	Populationk1	Populationk	PopulationElite	PopulationMutant	fitnessElite	alpha	min  	max   	avg    	std     
0          	0               	0           	0          	0              	0               	0           	0    	110.5	114.25	112.633	0.631278
1          	155.754         	997         	1000       	100            	200             	111.625     	0.3  	110  	114.375	112.215	0.717043
3          	155.05          	991         	994        	102            	197             	111.264     	0.297	109.5	114    	111.887	0.811309
4          	154.229         	988         	991        	102            	195             	110.832     	0.296	109.375	114    	111.793	0.867601
8          	153.995         	976         	979        	105            	189             	110.684     	0.290	109    	114.125	111.505	0.968648
10         	153.64          	970         	973        	106            	186             	110.513     	0.288	108.625	114.375	111.378	1.03894 
11         	153.169         	967         	970        	107            	184             	110.275     	0.286	108.5  	114.375	111.263	1.07889 
12         	152.993         	964         	967        	107            	183             	110.178     	0.285	108.375	114.375	111.17 	1.12482 
15         	152.874         	955         	958        	109            	178             	110.1       	0.281	108    	114    	110.818	1.25395 
18         	152.231         	946         	949        	111            	174             	109.735     	0.277	107.875	114.125	110.473	1.39427 
21         	151.997         	937         	940        	113            	169             	109.586     	0.273	107.625	113.875	110.287	1.46078 
23         	151.816         	931         	934        	114            	166             	109.488     	0.271	107.375	114.125	110.147	1.5099  
26         	151.179         	922         	925        	116            	162             	109.11      	0.266	107.25 	114.375	109.949	1.63545 
31         	151.173         	907         	910        	118            	155             	109.072     	0.260	107.125	114.25 	109.769	1.68353 
34         	150.884         	898         	901        	120            	151             	108.887     	0.256	107    	114.125	109.66 	1.72519 
36         	150.821         	892         	895        	121            	148             	108.839     	0.253	106.875	114.125	109.61 	1.79522 
37         	150.588         	889         	892        	121            	146             	108.703     	0.252	106.75 	114.375	109.447	1.82812 
40         	150.638         	880         	883        	123            	142             	108.705     	0.248	106.625	114.375	109.338	1.8804  
43         	150.292         	871         	874        	124            	138             	108.486     	0.244	106.5  	114.375	109.187	2.00873 
47         	150.173         	859         	862        	126            	133             	108.38      	0.238	106.375	114.125	109.03 	2.07855 
75         	149.827         	775         	778        	135            	98              	107.909     	0.201	106.25 	114.5  	108.576	2.21967 
End Time (hh:mm:ss.ms) 2023-07-17 21:34:20.105003
Total Time (hh:mm:ss.ms) 0:00:13.287003
Individual: ([10, 2, 1, 3, 0, 4, 22, 14, 13, 15, 18, 20, 12, 6, 17, 5, 11, 7, 21, 8, 19, 16, 9], [1, 0, 1, 1, 0, 1, 1, 1, 0, 0, 1, 0, 1, 1, 1, 1, 1, 0, 0, 0, 0, 0, 1])
Fitness:  106.25
Gens:  [0, 1, 2, 3, 4, 5, 6, 7, 8, 9, 10, 11, 12, 13, 14, 15, 16, 17, 18, 19, 20, 21, 22, 23, 24, 25, 26, 27, 28, 29, 30, 31, 32, 33, 34, 35, 36, 37, 38, 39, 40, 41, 42, 43, 44, 45, 46, 47, 48, 49, 50, 51, 52, 53, 54, 55, 56, 57, 58, 59, 60, 61, 62, 63, 64, 65, 66, 67, 68, 69, 70, 71, 72, 73, 74, 75, 76, 77, 78, 79, 80, 81, 82, 83, 84, 85, 86, 87, 88, 89, 90, 91, 92, 93, 94, 95, 96, 97, 98, 99, 100, 101, 102, 103, 104, 105, 106, 107, 108, 109, 110, 111, 112, 113, 114, 115, 116, 117, 118, 119, 120, 121, 122, 123, 124, 125, 126, 127, 128, 129, 130, 131, 132, 133, 134, 135, 136, 137, 138, 139, 140, 141, 142, 143, 144, 145, 146, 147, 148, 149, 150]
Inds:  [110.5, 110.0, 110.0, 109.5, 109.375, 109.375, 109.375, 109.375, 109.0, 109.0, 108.625, 108.5, 108.375, 108.375, 108.375, 108.0, 108.0, 108.0, 107.875, 107.875, 107.875, 107.625, 107.625, 107.375, 107.375, 107.375, 107.25, 107.25, 107.25, 107.25, 107.25, 107.125, 107.125, 107.125, 107.0, 107.0, 106.875, 106.75, 106.75, 106.75, 106.625, 106.625, 106.625, 106.5, 106.5, 106.5, 106.5, 106.375, 106.375, 106.375, 106.375, 106.375, 106.375, 106.375, 106.375, 106.375, 106.375, 106.375, 106.375, 106.375, 106.375, 106.375, 106.375, 106.375, 106.375, 106.375, 106.375, 106.375, 106.375, 106.375, 106.375, 106.375, 106.375, 106.375, 106.375, 106.25, 106.25, 106.25, 106.25, 106.25, 106.25, 106.25, 106.25, 106.25, 106.25, 106.25, 106.25, 106.25, 106.25, 106.25, 106.25, 106.25, 106.25, 106.25, 106.25, 106.25, 106.25, 106.25, 106.25, 106.25, 106.25, 106.25, 106.25, 106.25, 106.25, 106.25, 106.25, 106.25, 106.25, 106.25, 106.25, 106.25, 106.25, 106.25, 106.25, 106.25, 106.25, 106.25, 106.25, 106.25, 106.25, 106.25, 106.25, 106.25, 106.25, 106.25, 106.25, 106.25, 106.25, 106.25, 106.25, 106.25, 106.25, 106.25, 106.25, 106.25, 106.25, 106.25, 106.25, 106.25, 106.25, 106.25, 106.25, 106.25, 106.25, 106.25, 106.25, 106.25, 106.25, 106.25, 106.25]

Execution 3:
Parameters: Y=0.997
Start Time (hh:mm:ss.ms) 2023-07-17 21:34:20.848000
generations	MaxGenenerations	Populationk1	Populationk	PopulationElite	PopulationMutant	fitnessElite	alpha	min    	max    	avg    	std    
0          	0               	0           	0          	0              	0               	0           	0    	110.625	114.375	112.643	0.62711
1          	155.989         	997         	1000       	100            	200             	111.75      	0.3  	110.125	114.375	112.312	0.687933
4          	155.459         	988         	991        	102            	195             	111.495     	0.296	109.875	114.5  	111.916	0.836834
5          	154.99          	985         	988        	103            	194             	111.239     	0.294	109.75 	114.125	111.805	0.851211
6          	154.639         	982         	985        	103            	192             	111.034     	0.293	109.25 	114.25 	111.745	0.895234
12         	153.993         	964         	967        	107            	183             	110.679     	0.285	108.625	114.375	111.348	1.06064 
15         	153.054         	955         	958        	109            	178             	110.174     	0.281	108.5  	114.625	111.154	1.16226 
18         	152.821         	946         	949        	111            	174             	110.028     	0.277	108.375	114.125	110.88 	1.25038 
20         	152.644         	940         	943        	112            	171             	109.922     	0.275	108.125	114.25 	110.76 	1.30163 
21         	152.407         	937         	940        	113            	169             	109.802     	0.273	108    	114.375	110.722	1.3438  
25         	152.116         	925         	928        	115            	164             	109.611     	0.268	107.875	114.375	110.512	1.45391 
26         	152.112         	922         	925        	115            	162             	109.611     	0.267	107.75 	114.375	110.435	1.48377 
28         	151.821         	916         	919        	117            	159             	109.436     	0.264	107.625	114.625	110.265	1.50766 
31         	151.816         	907         	910        	118            	155             	109.416     	0.260	107.125	114    	110.086	1.5581  
37         	150.941         	889         	892        	121            	146             	108.891     	0.252	107    	114.25 	109.665	1.74433 
40         	150.764         	880         	883        	123            	142             	108.769     	0.248	106.875	114    	109.508	1.82713 
45         	150.475         	865         	868        	125            	136             	108.566     	0.241	106.75 	114.375	109.303	1.94392 
48         	150.356         	856         	859        	126            	132             	108.472     	0.237	106.625	114    	109.118	1.94658 
50         	150.349         	850         	853        	127            	129             	108.445     	0.234	106.375	114.375	109.191	1.9912  
71         	149.771         	787         	790        	134            	103             	107.924     	0.206	106.25 	114.5  	108.689	2.1462  
End Time (hh:mm:ss.ms) 2023-07-17 21:34:33.901000
Total Time (hh:mm:ss.ms) 0:00:13.053000
Individual: ([9, 2, 4, 0, 17, 8, 19, 16, 7, 20, 12, 13, 15, 18, 3, 22, 14, 6, 5, 11, 21, 1, 10], [0, 0, 0, 0, 0, 0, 0, 1, 0, 0, 1, 0, 0, 1, 0, 1, 1, 1, 1, 1, 1, 0, 0])
Fitness:  106.25
Gens:  [0, 1, 2, 3, 4, 5, 6, 7, 8, 9, 10, 11, 12, 13, 14, 15, 16, 17, 18, 19, 20, 21, 22, 23, 24, 25, 26, 27, 28, 29, 30, 31, 32, 33, 34, 35, 36, 37, 38, 39, 40, 41, 42, 43, 44, 45, 46, 47, 48, 49, 50, 51, 52, 53, 54, 55, 56, 57, 58, 59, 60, 61, 62, 63, 64, 65, 66, 67, 68, 69, 70, 71, 72, 73, 74, 75, 76, 77, 78, 79, 80, 81, 82, 83, 84, 85, 86, 87, 88, 89, 90, 91, 92, 93, 94, 95, 96, 97, 98, 99, 100, 101, 102, 103, 104, 105, 106, 107, 108, 109, 110, 111, 112, 113, 114, 115, 116, 117, 118, 119, 120, 121, 122, 123, 124, 125, 126, 127, 128, 129, 130, 131, 132, 133, 134, 135, 136, 137, 138, 139, 140, 141, 142, 143, 144, 145, 146, 147, 148, 149, 150]
Inds:  [110.625, 110.125, 110.125, 110.125, 109.875, 109.75, 109.25, 109.25, 109.25, 109.25, 109.25, 109.25, 108.625, 108.625, 108.625, 108.5, 108.5, 108.5, 108.375, 108.375, 108.125, 108.0, 108.0, 108.0, 108.0, 107.875, 107.75, 107.75, 107.625, 107.625, 107.625, 107.125, 107.125, 107.125, 107.125, 107.125, 107.125, 107.0, 107.0, 107.0, 106.875, 106.875, 106.875, 106.875, 106.875, 106.75, 106.75, 106.75, 106.625, 106.625, 106.375, 106.375, 106.375, 106.375, 106.375, 106.375, 106.375, 106.375, 106.375, 106.375, 106.375, 106.375, 106.375, 106.375, 106.375, 106.375, 106.375, 106.375, 106.375, 106.375, 106.375, 106.25, 106.25, 106.25, 106.25, 106.25, 106.25, 106.25, 106.25, 106.25, 106.25, 106.25, 106.25, 106.25, 106.25, 106.25, 106.25, 106.25, 106.25, 106.25, 106.25, 106.25, 106.25, 106.25, 106.25, 106.25, 106.25, 106.25, 106.25, 106.25, 106.25, 106.25, 106.25, 106.25, 106.25, 106.25, 106.25, 106.25, 106.25, 106.25, 106.25, 106.25, 106.25, 106.25, 106.25, 106.25, 106.25, 106.25, 106.25, 106.25, 106.25, 106.25, 106.25, 106.25, 106.25, 106.25, 106.25, 106.25, 106.25, 106.25, 106.25, 106.25, 106.25, 106.25, 106.25, 106.25, 106.25, 106.25, 106.25, 106.25, 106.25, 106.25, 106.25, 106.25, 106.25, 106.25, 106.25, 106.25, 106.25, 106.25, 106.25]

Execution 4:
Parameters: Y=0.997
Start Time (hh:mm:ss.ms) 2023-07-17 21:34:34.655002
generations	MaxGenenerations	Populationk1	Populationk	PopulationElite	PopulationMutant	fitnessElite	alpha	min   	max    	avg    	std     
0          	0               	0           	0          	0              	0               	0           	0    	110.25	114.375	112.653	0.630778
1          	155.46          	997         	1000       	100            	200             	111.487     	0.3  	109.75	114.375	112.222	0.723748
4          	154.93          	988         	991        	102            	195             	111.231     	0.296	109.25	114    	111.771	0.926855
5          	153.877         	985         	988        	103            	194             	110.65      	0.294	108.875	114.25 	111.663	0.973909
10         	153.464         	970         	973        	106            	186             	110.424     	0.288	108.5  	114.125	110.999	1.18586 
13         	152.935         	961         	964        	108            	181             	110.135     	0.284	108.375	114.25 	110.648	1.37272 
14         	152.759         	958         	961        	109            	180             	110.038     	0.282	107.875	114.25 	110.576	1.39062 
17         	152.054         	949         	952        	110            	175             	109.653     	0.278	107.75 	114    	110.278	1.48446 
20         	151.878         	940         	943        	112            	171             	109.537     	0.274	107.5  	114.125	110.153	1.58359 
23         	151.469         	931         	934        	114            	166             	109.295     	0.270	107.25 	114.125	109.935	1.69349 
24         	151.117         	928         	931        	114            	165             	109.103     	0.269	107.125	114.5  	109.792	1.74836 
27         	151.054         	919         	922        	116            	161             	109.05      	0.265	107    	113.75 	109.68 	1.85852 
29         	150.764         	913         	916        	117            	158             	108.873     	0.262	106.875	114    	109.453	1.94503 
33         	150.532         	901         	904        	119            	152             	108.71      	0.257	106.75 	114    	109.396	2.0543  
End Time (hh:mm:ss.ms) 2023-07-17 21:34:47.487003
Total Time (hh:mm:ss.ms) 0:00:12.832001
Individual: ([1, 3, 10, 9, 11, 7, 16, 19, 8, 17, 5, 21, 4, 18, 15, 13, 20, 0, 6, 12, 14, 22, 2], [1, 1, 0, 0, 0, 1, 0, 1, 1, 1, 1, 1, 0, 0, 1, 1, 1, 1, 0, 0, 0, 0, 1])
Fitness:  106.75
Gens:  [0, 1, 2, 3, 4, 5, 6, 7, 8, 9, 10, 11, 12, 13, 14, 15, 16, 17, 18, 19, 20, 21, 22, 23, 24, 25, 26, 27, 28, 29, 30, 31, 32, 33, 34, 35, 36, 37, 38, 39, 40, 41, 42, 43, 44, 45, 46, 47, 48, 49, 50, 51, 52, 53, 54, 55, 56, 57, 58, 59, 60, 61, 62, 63, 64, 65, 66, 67, 68, 69, 70, 71, 72, 73, 74, 75, 76, 77, 78, 79, 80, 81, 82, 83, 84, 85, 86, 87, 88, 89, 90, 91, 92, 93, 94, 95, 96, 97, 98, 99, 100, 101, 102, 103, 104, 105, 106, 107, 108, 109, 110, 111, 112, 113, 114, 115, 116, 117, 118, 119, 120, 121, 122, 123, 124, 125, 126, 127, 128, 129, 130, 131, 132, 133, 134, 135, 136, 137, 138, 139, 140, 141, 142, 143, 144, 145, 146, 147, 148, 149, 150, 151]
Inds:  [110.25, 109.75, 109.75, 109.75, 109.25, 108.875, 108.875, 108.875, 108.875, 108.875, 108.5, 108.5, 108.5, 108.375, 107.875, 107.875, 107.875, 107.75, 107.75, 107.75, 107.5, 107.5, 107.5, 107.25, 107.125, 107.125, 107.125, 107.0, 107.0, 106.875, 106.875, 106.875, 106.875, 106.75, 106.75, 106.75, 106.75, 106.75, 106.75, 106.75, 106.75, 106.75, 106.75, 106.75, 106.75, 106.75, 106.75, 106.75, 106.75, 106.75, 106.75, 106.75, 106.75, 106.75, 106.75, 106.75, 106.75, 106.75, 106.75, 106.75, 106.75, 106.75, 106.75, 106.75, 106.75, 106.75, 106.75, 106.75, 106.75, 106.75, 106.75, 106.75, 106.75, 106.75, 106.75, 106.75, 106.75, 106.75, 106.75, 106.75, 106.75, 106.75, 106.75, 106.75, 106.75, 106.75, 106.75, 106.75, 106.75, 106.75, 106.75, 106.75, 106.75, 106.75, 106.75, 106.75, 106.75, 106.75, 106.75, 106.75, 106.75, 106.75, 106.75, 106.75, 106.75, 106.75, 106.75, 106.75, 106.75, 106.75, 106.75, 106.75, 106.75, 106.75, 106.75, 106.75, 106.75, 106.75, 106.75, 106.75, 106.75, 106.75, 106.75, 106.75, 106.75, 106.75, 106.75, 106.75, 106.75, 106.75, 106.75, 106.75, 106.75, 106.75, 106.75, 106.75, 106.75, 106.75, 106.75, 106.75, 106.75, 106.75, 106.75, 106.75, 106.75, 106.75, 106.75, 106.75, 106.75, 106.75, 106.75, 106.75]

Execution 5:
Parameters: Y=0.997
Start Time (hh:mm:ss.ms) 2023-07-17 21:34:48.290000
generations	MaxGenenerations	Populationk1	Populationk	PopulationElite	PopulationMutant	fitnessElite	alpha	min  	max    	avg    	std     
0          	0               	0           	0          	0              	0               	0           	0    	110.5	114.375	112.615	0.631416
1          	155.813         	997         	1000       	100            	200             	111.662     	0.3  	110.25	114.25 	112.191	0.690539
2          	155.402         	994         	997        	101            	198             	111.445     	0.298	109.875	114.625	112.048	0.802847
4          	154.873         	988         	991        	102            	195             	111.171     	0.296	109.5  	114.125	111.789	0.845273
5          	154.287         	985         	988        	103            	194             	110.864     	0.294	109.375	114.25 	111.682	0.903202
7          	154.111         	979         	982        	104            	191             	110.763     	0.292	108.875	114.125	111.456	0.999503
8          	153.406         	976         	979        	105            	189             	110.402     	0.290	108.75 	114    	111.355	1.04703 
10         	153.403         	970         	973        	106            	186             	110.408     	0.288	108.5  	114    	111.116	1.13297 
15         	152.706         	955         	958        	109            	178             	109.979     	0.281	108.25 	114.125	110.747	1.28089 
18         	152.526         	946         	949        	111            	174             	109.882     	0.277	108    	113.875	110.577	1.36894 
20         	152.173         	940         	943        	112            	171             	109.685     	0.275	107.875	114    	110.437	1.4149  
22         	152.054         	934         	937        	113            	168             	109.611     	0.272	107.75 	114.25 	110.342	1.48182 
23         	151.878         	931         	934        	114            	166             	109.512     	0.271	107.625	114.625	110.286	1.49588 
26         	151.531         	922         	925        	116            	162             	109.294     	0.267	107.25 	114    	110.111	1.55644 
29         	151.06          	913         	916        	117            	158             	109.025     	0.262	107.125	114    	109.84 	1.65619 
31         	150.941         	907         	910        	118            	155             	108.947     	0.260	106.625	114.25 	109.659	1.74364 
42         	150.18          	874         	877        	124            	140             	108.435     	0.245	106.5  	113.875	109.156	2.01722 
43         	149.947         	871         	874        	124            	138             	108.299     	0.243	106.125	114.25 	109.039	2.04666 
49         	149.475         	853         	856        	127            	130             	107.982     	0.235	106    	114.625	108.687	2.16083 
End Time (hh:mm:ss.ms) 2023-07-17 21:35:01.036035
Total Time (hh:mm:ss.ms) 0:00:12.746035
Individual: ([9, 16, 11, 5, 20, 13, 15, 18, 8, 19, 7, 6, 12, 14, 22, 21, 17, 0, 4, 2, 3, 1, 10], [0, 1, 0, 0, 0, 0, 0, 0, 0, 0, 0, 0, 0, 0, 0, 0, 1, 1, 1, 1, 0, 0, 0])
Fitness:  106.0
Gens:  [0, 1, 2, 3, 4, 5, 6, 7, 8, 9, 10, 11, 12, 13, 14, 15, 16, 17, 18, 19, 20, 21, 22, 23, 24, 25, 26, 27, 28, 29, 30, 31, 32, 33, 34, 35, 36, 37, 38, 39, 40, 41, 42, 43, 44, 45, 46, 47, 48, 49, 50, 51, 52, 53, 54, 55, 56, 57, 58, 59, 60, 61, 62, 63, 64, 65, 66, 67, 68, 69, 70, 71, 72, 73, 74, 75, 76, 77, 78, 79, 80, 81, 82, 83, 84, 85, 86, 87, 88, 89, 90, 91, 92, 93, 94, 95, 96, 97, 98, 99, 100, 101, 102, 103, 104, 105, 106, 107, 108, 109, 110, 111, 112, 113, 114, 115, 116, 117, 118, 119, 120, 121, 122, 123, 124, 125, 126, 127, 128, 129, 130, 131, 132, 133, 134, 135, 136, 137, 138, 139, 140, 141, 142, 143, 144, 145, 146, 147, 148, 149, 150]
Inds:  [110.5, 110.25, 109.875, 109.875, 109.5, 109.375, 109.375, 108.875, 108.75, 108.75, 108.5, 108.5, 108.5, 108.5, 108.5, 108.25, 108.25, 108.25, 108.0, 108.0, 107.875, 107.875, 107.75, 107.625, 107.625, 107.625, 107.25, 107.25, 107.25, 107.125, 107.125, 106.625, 106.625, 106.625, 106.625, 106.625, 106.625, 106.625, 106.625, 106.625, 106.625, 106.625, 106.5, 106.125, 106.125, 106.125, 106.125, 106.125, 106.125, 106.0, 106.0, 106.0, 106.0, 106.0, 106.0, 106.0, 106.0, 106.0, 106.0, 106.0, 106.0, 106.0, 106.0, 106.0, 106.0, 106.0, 106.0, 106.0, 106.0, 106.0, 106.0, 106.0, 106.0, 106.0, 106.0, 106.0, 106.0, 106.0, 106.0, 106.0, 106.0, 106.0, 106.0, 106.0, 106.0, 106.0, 106.0, 106.0, 106.0, 106.0, 106.0, 106.0, 106.0, 106.0, 106.0, 106.0, 106.0, 106.0, 106.0, 106.0, 106.0, 106.0, 106.0, 106.0, 106.0, 106.0, 106.0, 106.0, 106.0, 106.0, 106.0, 106.0, 106.0, 106.0, 106.0, 106.0, 106.0, 106.0, 106.0, 106.0, 106.0, 106.0, 106.0, 106.0, 106.0, 106.0, 106.0, 106.0, 106.0, 106.0, 106.0, 106.0, 106.0, 106.0, 106.0, 106.0, 106.0, 106.0, 106.0, 106.0, 106.0, 106.0, 106.0, 106.0, 106.0, 106.0, 106.0, 106.0, 106.0, 106.0, 106.0]

Execution 6:
Parameters: Y=0.997
Start Time (hh:mm:ss.ms) 2023-07-17 21:35:01.799000
generations	MaxGenenerations	Populationk1	Populationk	PopulationElite	PopulationMutant	fitnessElite	alpha	min    	max    	avg    	std     
0          	0               	0           	0          	0              	0               	0           	0    	110.375	114.375	112.634	0.633323
1          	155.637         	997         	1000       	100            	200             	111.575     	0.3  	110    	114.375	112.212	0.701161
2          	155.108         	994         	997        	101            	198             	111.307     	0.298	109.5  	114.125	111.996	0.761915
5          	154.519         	985         	988        	103            	194             	111.011     	0.294	109.125	114    	111.65 	0.908775
8          	153.759         	976         	979        	105            	189             	110.579     	0.290	108.875	113.875	111.344	1.01542 
11         	153.291         	967         	970        	107            	184             	110.31      	0.286	108.75 	114    	111.009	1.17064 
12         	153.173         	964         	967        	107            	183             	110.25      	0.285	108.5  	114.5  	110.967	1.18751 
14         	152.935         	958         	961        	109            	180             	110.127     	0.282	108.25 	114.125	110.831	1.29197 
15         	152.526         	955         	958        	109            	178             	109.905     	0.281	107.875	114    	110.713	1.33169 
17         	151.997         	949         	952        	110            	175             	109.618     	0.278	107.625	114.25 	110.446	1.43744 
19         	151.645         	943         	946        	112            	172             	109.421     	0.276	107.5  	113.875	110.237	1.54125 
21         	151.412         	937         	940        	113            	169             	109.278     	0.273	107    	114.125	110.006	1.63869 
23         	150.878         	931         	934        	114            	166             	108.997     	0.270	106.875	114    	109.761	1.72959 
36         	150.588         	892         	895        	121            	148             	108.713     	0.253	106.75 	114.375	109.271	2.05712 
56         	150.243         	832         	835        	129            	121             	108.337     	0.226	106.625	113.875	108.85 	2.14113 
70         	150.123         	790         	793        	134            	104             	108.134     	0.208	106.5  	114.125	108.714	2.07122 
88         	149.947         	736         	739        	138            	84              	107.857     	0.183	106.25 	114    	108.531	2.05407 
128        	149.483         	632         	634        	144            	46              	107.209     	0.130	106.125	113.625	107.609	1.96148 
138        	149.475         	612         	614        	146            	39              	107.044     	0.116	106    	113.875	107.508	1.91436 
End Time (hh:mm:ss.ms) 2023-07-17 21:35:14.926000
Total Time (hh:mm:ss.ms) 0:00:13.127000
Individual: ([10, 21, 5, 7, 16, 19, 8, 18, 17, 2, 1, 3, 4, 22, 14, 12, 13, 15, 20, 6, 0, 11, 9], [1, 0, 0, 1, 1, 1, 1, 1, 1, 1, 1, 1, 1, 1, 1, 0, 0, 0, 0, 1, 1, 1, 1])
Fitness:  106.0
Gens:  [0, 1, 2, 3, 4, 5, 6, 7, 8, 9, 10, 11, 12, 13, 14, 15, 16, 17, 18, 19, 20, 21, 22, 23, 24, 25, 26, 27, 28, 29, 30, 31, 32, 33, 34, 35, 36, 37, 38, 39, 40, 41, 42, 43, 44, 45, 46, 47, 48, 49, 50, 51, 52, 53, 54, 55, 56, 57, 58, 59, 60, 61, 62, 63, 64, 65, 66, 67, 68, 69, 70, 71, 72, 73, 74, 75, 76, 77, 78, 79, 80, 81, 82, 83, 84, 85, 86, 87, 88, 89, 90, 91, 92, 93, 94, 95, 96, 97, 98, 99, 100, 101, 102, 103, 104, 105, 106, 107, 108, 109, 110, 111, 112, 113, 114, 115, 116, 117, 118, 119, 120, 121, 122, 123, 124, 125, 126, 127, 128, 129, 130, 131, 132, 133, 134, 135, 136, 137, 138, 139, 140, 141, 142, 143, 144, 145, 146, 147, 148, 149, 150]
Inds:  [110.375, 110.0, 109.5, 109.5, 109.5, 109.125, 109.125, 109.125, 108.875, 108.875, 108.875, 108.75, 108.5, 108.5, 108.25, 107.875, 107.875, 107.625, 107.625, 107.5, 107.5, 107.0, 107.0, 106.875, 106.875, 106.875, 106.875, 106.875, 106.875, 106.875, 106.875, 106.875, 106.875, 106.875, 106.875, 106.875, 106.75, 106.75, 106.75, 106.75, 106.75, 106.75, 106.75, 106.75, 106.75, 106.75, 106.75, 106.75, 106.75, 106.75, 106.75, 106.75, 106.75, 106.75, 106.75, 106.75, 106.625, 106.625, 106.625, 106.625, 106.625, 106.625, 106.625, 106.625, 106.625, 106.625, 106.625, 106.625, 106.625, 106.625, 106.5, 106.5, 106.5, 106.5, 106.5, 106.5, 106.5, 106.5, 106.5, 106.5, 106.5, 106.5, 106.5, 106.5, 106.5, 106.5, 106.5, 106.5, 106.25, 106.25, 106.25, 106.25, 106.25, 106.25, 106.25, 106.25, 106.25, 106.25, 106.25, 106.25, 106.25, 106.25, 106.25, 106.25, 106.25, 106.25, 106.25, 106.25, 106.25, 106.25, 106.25, 106.25, 106.25, 106.25, 106.25, 106.25, 106.25, 106.25, 106.25, 106.25, 106.25, 106.25, 106.25, 106.25, 106.25, 106.25, 106.25, 106.25, 106.125, 106.125, 106.125, 106.125, 106.125, 106.125, 106.125, 106.125, 106.125, 106.125, 106.0, 106.0, 106.0, 106.0, 106.0, 106.0, 106.0, 106.0, 106.0, 106.0, 106.0, 106.0, 106.0]

Execution 7:
Parameters: Y=0.997
Start Time (hh:mm:ss.ms) 2023-07-17 21:35:15.681999
generations	MaxGenenerations	Populationk1	Populationk	PopulationElite	PopulationMutant	fitnessElite	alpha	min    	max   	avg    	std    
0          	0               	0           	0          	0              	0               	0           	0    	110.625	114.25	112.663	0.62249
1          	155.931         	997         	1000       	100            	200             	111.713     	0.3  	109.75 	114.125	112.245	0.680119
3          	154.697         	991         	994        	102            	197             	111.088     	0.297	109.625	114.25 	111.815	0.835853
5          	154.521         	985         	988        	103            	194             	110.989     	0.294	109.375	114.375	111.556	0.932268
6          	154.227         	982         	985        	103            	192             	110.843     	0.293	109.125	114.25 	111.464	0.977505
10         	153.874         	970         	973        	106            	186             	110.639     	0.288	109    	114    	111.211	1.09483 
11         	153.525         	967         	970        	107            	184             	110.435     	0.286	108.875	114.375	111.184	1.14322 
12         	153.522         	964         	967        	107            	183             	110.446     	0.285	108.625	114    	111.105	1.1453  
14         	153.342         	958         	961        	108            	180             	110.359     	0.283	108.5  	113.875	110.982	1.18876 
15         	152.763         	955         	958        	109            	178             	110.014     	0.281	108.25 	113.875	110.901	1.19282 
24         	152.411         	928         	931        	114            	165             	109.768     	0.269	108    	114.25 	110.5  	1.40232 
27         	152.173         	919         	922        	116            	161             	109.628     	0.265	107.375	114    	110.398	1.46578 
32         	151.293         	904         	907        	119            	154             	109.123     	0.259	107.125	114    	109.914	1.62103 
34         	150.997         	898         	901        	120            	151             	108.951     	0.256	106.875	114.125	109.776	1.77015 
38         	150.532         	886         	889        	122            	145             	108.662     	0.250	106.5  	114.25 	109.479	1.94415 
40         	150.116         	880         	883        	123            	142             	108.422     	0.248	106.25 	114    	109.271	2.01466 
43         	149.708         	871         	874        	124            	138             	108.171     	0.243	106.125	114    	109.025	2.15877 
51         	149.644         	847         	850        	128            	127             	108.049     	0.233	105.875	114    	108.705	2.29349 
End Time (hh:mm:ss.ms) 2023-07-17 21:35:28.908001
Total Time (hh:mm:ss.ms) 0:00:13.226002
Individual: ([10, 1, 3, 4, 21, 2, 22, 14, 12, 13, 15, 6, 0, 20, 17, 5, 11, 7, 18, 8, 19, 16, 9], [1, 1, 1, 1, 0, 1, 1, 1, 0, 0, 0, 1, 1, 1, 1, 1, 1, 0, 0, 0, 0, 0, 1])
Fitness:  105.875
Gens:  [0, 1, 2, 3, 4, 5, 6, 7, 8, 9, 10, 11, 12, 13, 14, 15, 16, 17, 18, 19, 20, 21, 22, 23, 24, 25, 26, 27, 28, 29, 30, 31, 32, 33, 34, 35, 36, 37, 38, 39, 40, 41, 42, 43, 44, 45, 46, 47, 48, 49, 50, 51, 52, 53, 54, 55, 56, 57, 58, 59, 60, 61, 62, 63, 64, 65, 66, 67, 68, 69, 70, 71, 72, 73, 74, 75, 76, 77, 78, 79, 80, 81, 82, 83, 84, 85, 86, 87, 88, 89, 90, 91, 92, 93, 94, 95, 96, 97, 98, 99, 100, 101, 102, 103, 104, 105, 106, 107, 108, 109, 110, 111, 112, 113, 114, 115, 116, 117, 118, 119, 120, 121, 122, 123, 124, 125, 126, 127, 128, 129, 130, 131, 132, 133, 134, 135, 136, 137, 138, 139, 140, 141, 142, 143, 144, 145, 146, 147, 148, 149, 150]
Inds:  [110.625, 109.75, 109.75, 109.625, 109.625, 109.375, 109.125, 109.125, 109.125, 109.125, 109.0, 108.875, 108.625, 108.625, 108.5, 108.25, 108.25, 108.25, 108.25, 108.25, 108.25, 108.25, 108.25, 108.25, 108.0, 108.0, 108.0, 107.375, 107.375, 107.375, 107.375, 107.375, 107.125, 107.125, 106.875, 106.875, 106.875, 106.875, 106.5, 106.5, 106.25, 106.25, 106.25, 106.125, 106.125, 106.125, 106.125, 106.125, 106.125, 106.125, 106.125, 105.875, 105.875, 105.875, 105.875, 105.875, 105.875, 105.875, 105.875, 105.875, 105.875, 105.875, 105.875, 105.875, 105.875, 105.875, 105.875, 105.875, 105.875, 105.875, 105.875, 105.875, 105.875, 105.875, 105.875, 105.875, 105.875, 105.875, 105.875, 105.875, 105.875, 105.875, 105.875, 105.875, 105.875, 105.875, 105.875, 105.875, 105.875, 105.875, 105.875, 105.875, 105.875, 105.875, 105.875, 105.875, 105.875, 105.875, 105.875, 105.875, 105.875, 105.875, 105.875, 105.875, 105.875, 105.875, 105.875, 105.875, 105.875, 105.875, 105.875, 105.875, 105.875, 105.875, 105.875, 105.875, 105.875, 105.875, 105.875, 105.875, 105.875, 105.875, 105.875, 105.875, 105.875, 105.875, 105.875, 105.875, 105.875, 105.875, 105.875, 105.875, 105.875, 105.875, 105.875, 105.875, 105.875, 105.875, 105.875, 105.875, 105.875, 105.875, 105.875, 105.875, 105.875, 105.875, 105.875, 105.875, 105.875, 105.875, 105.875]

Execution 8:
Parameters: Y=0.997
Start Time (hh:mm:ss.ms) 2023-07-17 21:35:29.628000
generations	MaxGenenerations	Populationk1	Populationk	PopulationElite	PopulationMutant	fitnessElite	alpha	min  	max    	avg    	std     
0          	0               	0           	0          	0              	0               	0           	0    	110.5	114.375	112.636	0.624119
1          	155.813         	997         	1000       	100            	200             	111.662     	0.3  	109.75	114.375	112.225	0.69646 
6          	154.639         	982         	985        	103            	192             	111.034     	0.293	109.25	114.125	111.612	0.926192
7          	153.935         	979         	982        	104            	191             	110.674     	0.292	109   	114.125	111.493	0.967204
9          	153.582         	973         	976        	105            	187             	110.484     	0.289	108.625	114.125	111.335	1.03658 
13         	152.997         	961         	964        	108            	181             	110.153     	0.284	108.375	114.5  	110.99 	1.15495 
17         	152.874         	949         	952        	110            	175             	110.084     	0.279	108    	113.875	110.623	1.38199 
18         	152.059         	946         	949        	111            	174             	109.631     	0.277	107.75 	114.375	110.461	1.49034 
20         	151.764         	940         	943        	112            	171             	109.469     	0.274	107    	114.125	110.179	1.56081 
22         	150.708         	934         	937        	113            	168             	108.905     	0.272	106.875	114    	109.87 	1.70834 
26         	150.645         	922         	925        	116            	162             	108.843     	0.266	106.625	114.125	109.591	1.86199 
31         	150.236         	907         	910        	118            	155             	108.575     	0.260	106.5  	114.375	109.346	1.97749 
33         	150.06          	901         	904        	119            	152             	108.462     	0.257	106.375	114    	109.16 	2.03088 
34         	149.827         	898         	901        	120            	150             	108.327     	0.255	106.25 	114.125	109.189	2.05338 
40         	149.708         	880         	883        	123            	142             	108.202     	0.247	106    	114.25 	108.881	2.20944 
54         	149.355         	838         	841        	129            	123             	107.861     	0.229	105.875	114    	108.381	2.32907 
End Time (hh:mm:ss.ms) 2023-07-17 21:35:42.482001
Total Time (hh:mm:ss.ms) 0:00:12.854001
Individual: ([9, 11, 21, 5, 17, 20, 18, 7, 16, 19, 8, 15, 13, 12, 1, 2, 4, 0, 6, 14, 22, 3, 10], [0, 0, 1, 0, 0, 0, 1, 1, 1, 1, 1, 1, 1, 1, 0, 0, 0, 0, 0, 0, 0, 1, 0])
Fitness:  105.875
Gens:  [0, 1, 2, 3, 4, 5, 6, 7, 8, 9, 10, 11, 12, 13, 14, 15, 16, 17, 18, 19, 20, 21, 22, 23, 24, 25, 26, 27, 28, 29, 30, 31, 32, 33, 34, 35, 36, 37, 38, 39, 40, 41, 42, 43, 44, 45, 46, 47, 48, 49, 50, 51, 52, 53, 54, 55, 56, 57, 58, 59, 60, 61, 62, 63, 64, 65, 66, 67, 68, 69, 70, 71, 72, 73, 74, 75, 76, 77, 78, 79, 80, 81, 82, 83, 84, 85, 86, 87, 88, 89, 90, 91, 92, 93, 94, 95, 96, 97, 98, 99, 100, 101, 102, 103, 104, 105, 106, 107, 108, 109, 110, 111, 112, 113, 114, 115, 116, 117, 118, 119, 120, 121, 122, 123, 124, 125, 126, 127, 128, 129, 130, 131, 132, 133, 134, 135, 136, 137, 138, 139, 140, 141, 142, 143, 144, 145, 146, 147, 148, 149]
Inds:  [110.5, 109.75, 109.75, 109.75, 109.75, 109.75, 109.25, 109.0, 109.0, 108.625, 108.625, 108.625, 108.625, 108.375, 108.375, 108.375, 108.375, 108.0, 107.75, 107.75, 107.0, 107.0, 106.875, 106.875, 106.875, 106.875, 106.625, 106.625, 106.625, 106.625, 106.625, 106.5, 106.5, 106.375, 106.25, 106.25, 106.25, 106.25, 106.25, 106.25, 106.0, 106.0, 106.0, 106.0, 106.0, 106.0, 106.0, 106.0, 106.0, 106.0, 106.0, 106.0, 106.0, 106.0, 105.875, 105.875, 105.875, 105.875, 105.875, 105.875, 105.875, 105.875, 105.875, 105.875, 105.875, 105.875, 105.875, 105.875, 105.875, 105.875, 105.875, 105.875, 105.875, 105.875, 105.875, 105.875, 105.875, 105.875, 105.875, 105.875, 105.875, 105.875, 105.875, 105.875, 105.875, 105.875, 105.875, 105.875, 105.875, 105.875, 105.875, 105.875, 105.875, 105.875, 105.875, 105.875, 105.875, 105.875, 105.875, 105.875, 105.875, 105.875, 105.875, 105.875, 105.875, 105.875, 105.875, 105.875, 105.875, 105.875, 105.875, 105.875, 105.875, 105.875, 105.875, 105.875, 105.875, 105.875, 105.875, 105.875, 105.875, 105.875, 105.875, 105.875, 105.875, 105.875, 105.875, 105.875, 105.875, 105.875, 105.875, 105.875, 105.875, 105.875, 105.875, 105.875, 105.875, 105.875, 105.875, 105.875, 105.875, 105.875, 105.875, 105.875, 105.875, 105.875, 105.875, 105.875, 105.875, 105.875]

Execution 9:
Parameters: Y=0.997
Start Time (hh:mm:ss.ms) 2023-07-17 21:35:43.222001
generations	MaxGenenerations	Populationk1	Populationk	PopulationElite	PopulationMutant	fitnessElite	alpha	min    	max   	avg    	std     
0          	0               	0           	0          	0              	0               	0           	0    	110.375	114.25	112.648	0.615108
1          	155.578         	997         	1000       	100            	200             	111.537     	0.3  	110.25 	114.375	112.237	0.701923
2          	155.46          	994         	997        	101            	198             	111.482     	0.298	109.875	114.375	112.009	0.738035
3          	154.932         	991         	994        	102            	197             	111.213     	0.297	109.625	114.25 	111.907	0.810564
5          	154.521         	985         	988        	103            	194             	110.989     	0.294	109.5  	114    	111.714	0.896465
6          	154.229         	982         	985        	103            	192             	110.821     	0.293	109.125	114.375	111.621	0.941594
9          	153.759         	973         	976        	105            	188             	110.573     	0.289	108.875	114.25 	111.405	1.00431 
11         	153.522         	967         	970        	107            	184             	110.453     	0.286	108.75 	114    	111.275	1.08068 
15         	153.23          	955         	958        	109            	178             	110.264     	0.281	108.5  	114.125	110.894	1.20849 
17         	152.878         	949         	952        	110            	175             	110.07      	0.279	108.25 	114.5  	110.778	1.28477 
19         	152.526         	943         	946        	111            	172             	109.874     	0.276	108    	114.25 	110.599	1.35475 
20         	152.231         	940         	943        	112            	171             	109.719     	0.275	107.375	114    	110.475	1.39033 
23         	151.236         	931         	934        	114            	166             	109.17      	0.270	107    	114.375	110.144	1.51842 
31         	150.764         	907         	910        	118            	155             	108.854     	0.260	106.875	114    	109.653	1.88447 
32         	150.532         	904         	907        	119            	153             	108.719     	0.258	106.5  	113.875	109.424	1.90434 
35         	149.947         	895         	898        	120            	149             	108.378     	0.254	106.25 	114.125	109.277	1.99454 
42         	149.651         	874         	877        	124            	139             	108.15      	0.245	106.125	114.125	108.907	2.18023 
64         	149.588         	808         	811        	132            	111             	107.878     	0.215	106    	114.125	108.523	2.25268 
69         	149.468         	793         	796        	134            	105             	107.75      	0.209	105.75 	114.125	108.353	2.30385 
End Time (hh:mm:ss.ms) 2023-07-17 21:35:56.280001
Total Time (hh:mm:ss.ms) 0:00:13.058000
Individual: ([10, 3, 4, 0, 5, 21, 2, 1, 22, 14, 12, 6, 17, 11, 16, 7, 20, 13, 15, 18, 8, 19, 9], [1, 1, 0, 0, 1, 1, 1, 1, 1, 1, 1, 1, 0, 1, 1, 0, 0, 0, 0, 0, 0, 0, 1])
Fitness:  105.75
Gens:  [0, 1, 2, 3, 4, 5, 6, 7, 8, 9, 10, 11, 12, 13, 14, 15, 16, 17, 18, 19, 20, 21, 22, 23, 24, 25, 26, 27, 28, 29, 30, 31, 32, 33, 34, 35, 36, 37, 38, 39, 40, 41, 42, 43, 44, 45, 46, 47, 48, 49, 50, 51, 52, 53, 54, 55, 56, 57, 58, 59, 60, 61, 62, 63, 64, 65, 66, 67, 68, 69, 70, 71, 72, 73, 74, 75, 76, 77, 78, 79, 80, 81, 82, 83, 84, 85, 86, 87, 88, 89, 90, 91, 92, 93, 94, 95, 96, 97, 98, 99, 100, 101, 102, 103, 104, 105, 106, 107, 108, 109, 110, 111, 112, 113, 114, 115, 116, 117, 118, 119, 120, 121, 122, 123, 124, 125, 126, 127, 128, 129, 130, 131, 132, 133, 134, 135, 136, 137, 138, 139, 140, 141, 142, 143, 144, 145, 146, 147, 148, 149, 150]
Inds:  [110.375, 110.25, 109.875, 109.625, 109.625, 109.5, 109.125, 109.125, 109.125, 108.875, 108.875, 108.75, 108.75, 108.75, 108.75, 108.5, 108.5, 108.25, 108.25, 108.0, 107.375, 107.375, 107.375, 107.0, 107.0, 107.0, 107.0, 107.0, 107.0, 107.0, 107.0, 106.875, 106.5, 106.5, 106.5, 106.25, 106.25, 106.25, 106.25, 106.25, 106.25, 106.25, 106.125, 106.125, 106.125, 106.125, 106.125, 106.125, 106.125, 106.125, 106.125, 106.125, 106.125, 106.125, 106.125, 106.125, 106.125, 106.125, 106.125, 106.125, 106.125, 106.125, 106.125, 106.125, 106.0, 106.0, 106.0, 106.0, 106.0, 105.75, 105.75, 105.75, 105.75, 105.75, 105.75, 105.75, 105.75, 105.75, 105.75, 105.75, 105.75, 105.75, 105.75, 105.75, 105.75, 105.75, 105.75, 105.75, 105.75, 105.75, 105.75, 105.75, 105.75, 105.75, 105.75, 105.75, 105.75, 105.75, 105.75, 105.75, 105.75, 105.75, 105.75, 105.75, 105.75, 105.75, 105.75, 105.75, 105.75, 105.75, 105.75, 105.75, 105.75, 105.75, 105.75, 105.75, 105.75, 105.75, 105.75, 105.75, 105.75, 105.75, 105.75, 105.75, 105.75, 105.75, 105.75, 105.75, 105.75, 105.75, 105.75, 105.75, 105.75, 105.75, 105.75, 105.75, 105.75, 105.75, 105.75, 105.75, 105.75, 105.75, 105.75, 105.75, 105.75, 105.75, 105.75, 105.75, 105.75, 105.75, 105.75]

Execution 10:
Parameters: Y=0.997
Start Time (hh:mm:ss.ms) 2023-07-17 21:35:57.023999
generations	MaxGenenerations	Populationk1	Populationk	PopulationElite	PopulationMutant	fitnessElite	alpha	min    	max    	avg    	std     
0          	0               	0           	0          	0              	0               	0           	0    	110.375	114.625	112.656	0.612538
1          	155.754         	997         	1000       	100            	200             	111.65      	0.3  	110    	114    	112.244	0.675028
2          	154.933         	994         	997        	101            	198             	111.195     	0.298	109.75 	114.625	112.089	0.75383 
6          	154.697         	982         	985        	103            	192             	111.071     	0.293	109.5  	114    	111.72 	0.940358
7          	154.229         	979         	982        	104            	191             	110.815     	0.292	108.75 	114.25 	111.647	0.952439
15         	153.23          	955         	958        	109            	178             	110.264     	0.281	108.5  	114.5  	111.155	1.18042 
17         	152.935         	949         	952        	110            	175             	110.105     	0.279	108.125	114.375	111.051	1.20565 
19         	152.292         	943         	946        	112            	172             	109.749     	0.276	107.625	114.5  	110.911	1.25927 
22         	151.702         	934         	937        	113            	168             	109.429     	0.272	107.5  	114.25 	110.733	1.39366 
24         	151.526         	928         	931        	114            	165             	109.32      	0.269	107.375	113.875	110.573	1.50002 
30         	151.52          	910         	913        	118            	156             	109.272     	0.261	107    	114.125	109.976	1.72635 
33         	150.764         	901         	904        	119            	152             	108.835     	0.257	106.75 	114.375	109.705	1.85363 
35         	150.469         	895         	898        	120            	149             	108.661     	0.254	106.625	114    	109.584	1.92056 
36         	150.18          	892         	895        	121            	148             	108.494     	0.253	106.5  	114.375	109.488	1.93009 
42         	150.004         	874         	877        	124            	139             	108.34      	0.245	106.375	114.25 	109.215	2.00352 
45         	149.884         	865         	868        	125            	135             	108.245     	0.241	106.25 	114.375	109.088	2.06235 
52         	149.708         	844         	847        	128            	126             	108.076     	0.231	106.125	114    	108.837	2.12625 
63         	149.532         	811         	814        	132            	112             	107.862     	0.217	106    	114    	108.63 	2.29183 
90         	149.299         	730         	733        	139            	81              	107.446     	0.180	105.875	114.125	107.932	2.23745 
End Time (hh:mm:ss.ms) 2023-07-17 21:36:10.067000
Total Time (hh:mm:ss.ms) 0:00:13.043001
Individual: ([9, 16, 7, 18, 8, 19, 11, 0, 5, 21, 17, 20, 13, 15, 6, 12, 14, 22, 1, 2, 4, 3, 10], [0, 1, 0, 0, 0, 0, 0, 0, 1, 1, 0, 0, 0, 0, 0, 1, 0, 0, 0, 0, 0, 0, 0])
Fitness:  105.875
Gens:  [0, 1, 2, 3, 4, 5, 6, 7, 8, 9, 10, 11, 12, 13, 14, 15, 16, 17, 18, 19, 20, 21, 22, 23, 24, 25, 26, 27, 28, 29, 30, 31, 32, 33, 34, 35, 36, 37, 38, 39, 40, 41, 42, 43, 44, 45, 46, 47, 48, 49, 50, 51, 52, 53, 54, 55, 56, 57, 58, 59, 60, 61, 62, 63, 64, 65, 66, 67, 68, 69, 70, 71, 72, 73, 74, 75, 76, 77, 78, 79, 80, 81, 82, 83, 84, 85, 86, 87, 88, 89, 90, 91, 92, 93, 94, 95, 96, 97, 98, 99, 100, 101, 102, 103, 104, 105, 106, 107, 108, 109, 110, 111, 112, 113, 114, 115, 116, 117, 118, 119, 120, 121, 122, 123, 124, 125, 126, 127, 128, 129, 130, 131, 132, 133, 134, 135, 136, 137, 138, 139, 140, 141, 142, 143, 144, 145, 146, 147, 148, 149, 150]
Inds:  [110.375, 110.0, 109.75, 109.75, 109.75, 109.75, 109.5, 108.75, 108.75, 108.75, 108.75, 108.75, 108.75, 108.75, 108.75, 108.5, 108.5, 108.125, 108.125, 107.625, 107.625, 107.625, 107.5, 107.5, 107.375, 107.375, 107.375, 107.375, 107.375, 107.375, 107.0, 107.0, 107.0, 106.75, 106.75, 106.625, 106.5, 106.5, 106.5, 106.5, 106.5, 106.5, 106.375, 106.375, 106.375, 106.25, 106.25, 106.25, 106.25, 106.25, 106.25, 106.25, 106.125, 106.125, 106.125, 106.125, 106.125, 106.125, 106.125, 106.125, 106.125, 106.125, 106.125, 106.0, 106.0, 106.0, 106.0, 106.0, 106.0, 106.0, 106.0, 106.0, 106.0, 106.0, 106.0, 106.0, 106.0, 106.0, 106.0, 106.0, 106.0, 106.0, 106.0, 106.0, 106.0, 106.0, 106.0, 106.0, 106.0, 106.0, 105.875, 105.875, 105.875, 105.875, 105.875, 105.875, 105.875, 105.875, 105.875, 105.875, 105.875, 105.875, 105.875, 105.875, 105.875, 105.875, 105.875, 105.875, 105.875, 105.875, 105.875, 105.875, 105.875, 105.875, 105.875, 105.875, 105.875, 105.875, 105.875, 105.875, 105.875, 105.875, 105.875, 105.875, 105.875, 105.875, 105.875, 105.875, 105.875, 105.875, 105.875, 105.875, 105.875, 105.875, 105.875, 105.875, 105.875, 105.875, 105.875, 105.875, 105.875, 105.875, 105.875, 105.875, 105.875, 105.875, 105.875, 105.875, 105.875, 105.875, 105.875]

