A-BRKGA:

Execution 1:
Parameters: Y=0.998
Start Time (hh:mm:ss.ms) 2023-07-17 21:38:59.241001
generations	MaxGenenerations	Populationk1	Populationk	PopulationElite	PopulationMutant	fitnessElite	alpha	min    	max  	avg    	std     
0          	0               	0           	0          	0              	0               	0           	0    	129.625	134.5	132.331	0.729654
2          	169.595         	996         	998        	101            	199             	131.007     	0.298	129.125	134.125	131.699	0.863059
3          	168.899         	994         	996        	102            	198             	130.613     	0.297	128.875	134.25 	131.571	0.924613
8          	168.53          	984         	986        	105            	191             	130.37      	0.291	128.5  	133.875	131.104	1.06206 
13         	168.039         	974         	976        	108            	185             	130.071     	0.285	128.25 	134.25 	130.84 	1.22099 
14         	167.796         	972         	974        	109            	184             	129.957     	0.284	128.125	134.625	130.749	1.1998  
16         	167.549         	968         	970        	110            	181             	129.782     	0.282	127.875	134.375	130.657	1.29845 
17         	167.347         	966         	968        	111            	180             	129.701     	0.280	127.75 	133.875	130.54 	1.23362 
22         	167.226         	956         	958        	114            	174             	129.605     	0.274	127.625	134.625	130.307	1.4199  
24         	166.811         	952         	954        	115            	171             	129.294     	0.272	127.375	133.875	130.098	1.43092 
25         	166.526         	950         	952        	116            	170             	129.138     	0.271	127.125	133.875	130.046	1.49866 
29         	166.241         	942         	944        	118            	165             	128.956     	0.266	126.875	134    	129.641	1.68983 
30         	165.914         	940         	942        	119            	164             	128.763     	0.265	126.75 	134.5  	129.572	1.73258 
33         	165.834         	934         	936        	121            	160             	128.711     	0.261	126.375	134.125	129.368	1.82207 
36         	165.343         	928         	930        	123            	157             	128.404     	0.257	126.25 	134    	129.1  	1.92388 
42         	165.221         	916         	918        	126            	150             	128.284     	0.250	126.125	134.25 	128.963	2.07291 
43         	165.016         	914         	916        	127            	148             	128.149     	0.249	126    	133.75 	128.836	2.05809 
45         	164.935         	910         	912        	128            	146             	128.096     	0.246	125.625	134.25 	128.773	2.13357 
77         	164.28          	846         	848        	144            	111             	127.363     	0.207	125.5  	134    	128.033	2.39125 
End Time (hh:mm:ss.ms) 2023-07-17 21:39:15.970010
Total Time (hh:mm:ss.ms) 0:00:16.729009
Individual: ([11, 13, 12, 2, 4, 0, 15, 24, 3, 6, 23, 5, 10, 14, 16, 18, 21, 19, 9, 20, 17, 8, 7, 22, 25, 1], [0, 0, 1, 0, 1, 0, 0, 1, 1, 1, 1, 0, 0, 0, 0, 1, 1, 0, 0, 0, 0, 0, 0, 1, 0, 0])
Fitness:  125.5
Gens:  [0, 1, 2, 3, 4, 5, 6, 7, 8, 9, 10, 11, 12, 13, 14, 15, 16, 17, 18, 19, 20, 21, 22, 23, 24, 25, 26, 27, 28, 29, 30, 31, 32, 33, 34, 35, 36, 37, 38, 39, 40, 41, 42, 43, 44, 45, 46, 47, 48, 49, 50, 51, 52, 53, 54, 55, 56, 57, 58, 59, 60, 61, 62, 63, 64, 65, 66, 67, 68, 69, 70, 71, 72, 73, 74, 75, 76, 77, 78, 79, 80, 81, 82, 83, 84, 85, 86, 87, 88, 89, 90, 91, 92, 93, 94, 95, 96, 97, 98, 99, 100, 101, 102, 103, 104, 105, 106, 107, 108, 109, 110, 111, 112, 113, 114, 115, 116, 117, 118, 119, 120, 121, 122, 123, 124, 125, 126, 127, 128, 129, 130, 131, 132, 133, 134, 135, 136, 137, 138, 139, 140, 141, 142, 143, 144, 145, 146, 147, 148, 149, 150, 151, 152, 153, 154, 155, 156, 157, 158, 159, 160, 161, 162, 163, 164]
Inds:  [129.625, 129.625, 129.125, 128.875, 128.875, 128.875, 128.875, 128.875, 128.5, 128.5, 128.5, 128.5, 128.5, 128.25, 128.125, 128.125, 127.875, 127.75, 127.75, 127.75, 127.75, 127.75, 127.625, 127.625, 127.375, 127.125, 127.125, 127.125, 127.125, 126.875, 126.75, 126.75, 126.75, 126.375, 126.375, 126.375, 126.25, 126.25, 126.25, 126.25, 126.25, 126.25, 126.125, 126.0, 126.0, 125.625, 125.625, 125.625, 125.625, 125.625, 125.625, 125.625, 125.625, 125.625, 125.625, 125.625, 125.625, 125.625, 125.625, 125.625, 125.625, 125.625, 125.625, 125.625, 125.625, 125.625, 125.625, 125.625, 125.625, 125.625, 125.625, 125.625, 125.625, 125.625, 125.625, 125.625, 125.625, 125.5, 125.5, 125.5, 125.5, 125.5, 125.5, 125.5, 125.5, 125.5, 125.5, 125.5, 125.5, 125.5, 125.5, 125.5, 125.5, 125.5, 125.5, 125.5, 125.5, 125.5, 125.5, 125.5, 125.5, 125.5, 125.5, 125.5, 125.5, 125.5, 125.5, 125.5, 125.5, 125.5, 125.5, 125.5, 125.5, 125.5, 125.5, 125.5, 125.5, 125.5, 125.5, 125.5, 125.5, 125.5, 125.5, 125.5, 125.5, 125.5, 125.5, 125.5, 125.5, 125.5, 125.5, 125.5, 125.5, 125.5, 125.5, 125.5, 125.5, 125.5, 125.5, 125.5, 125.5, 125.5, 125.5, 125.5, 125.5, 125.5, 125.5, 125.5, 125.5, 125.5, 125.5, 125.5, 125.5, 125.5, 125.5, 125.5, 125.5, 125.5, 125.5, 125.5, 125.5, 125.5, 125.5, 125.5, 125.5]

Execution 2:
Parameters: Y=0.998
Start Time (hh:mm:ss.ms) 2023-07-17 21:39:16.763000
generations	MaxGenenerations	Populationk1	Populationk	PopulationElite	PopulationMutant	fitnessElite	alpha	min    	max    	avg    	std     
0          	0               	0           	0          	0              	0               	0           	0    	130.125	134.375	132.358	0.688848
1          	170.292         	998         	1000       	100            	200             	131.4       	0.3  	129.75 	134.375	131.903	0.759035
2          	169.801         	996         	998        	101            	199             	131.132     	0.298	129    	134    	131.733	0.848974
6          	168.777         	988         	990        	104            	194             	130.544     	0.294	128.625	134.125	131.345	0.983453
8          	168.287         	984         	986        	105            	191             	130.266     	0.291	128.5  	134    	131.234	1.06531 
10         	168.165         	980         	982        	106            	189             	130.2       	0.289	128.375	134    	131.071	1.14024 
11         	167.876         	978         	980        	107            	187             	129.995     	0.288	128.125	134.375	130.967	1.15275 
12         	167.675         	976         	978        	108            	186             	129.918     	0.286	128    	134.375	130.866	1.20926 
13         	167.511         	974         	976        	108            	185             	129.821     	0.285	127.625	134.25 	130.772	1.26013 
17         	166.979         	966         	968        	111            	180             	129.486     	0.280	127.5  	134    	130.404	1.38452 
18         	166.731         	964         	966        	112            	179             	129.317     	0.279	127.125	133.875	130.267	1.40558 
24         	166.2           	952         	954        	115            	171             	128.963     	0.272	127    	134.125	129.622	1.63992 
25         	166.119         	950         	952        	116            	170             	128.932     	0.271	126.75 	133.75 	129.56 	1.73076 
26         	165.668         	948         	950        	117            	169             	128.639     	0.269	126.5  	134.375	129.433	1.73229 
29         	165.424         	942         	944        	119            	165             	128.496     	0.266	126.125	134    	129.224	1.85491 
33         	164.933         	934         	936        	121            	160             	128.182     	0.261	125.875	134    	129.05 	1.95097 
35         	164.565         	930         	932        	122            	158             	127.944     	0.258	125.625	134.125	128.824	2.02944 
41         	164.28          	918         	920        	126            	151             	127.73      	0.251	125.5  	134.5  	128.536	2.26137 
42         	164.28          	916         	918        	126            	149             	127.751     	0.250	124.875	134    	128.426	2.22088 
50         	163.34          	900         	902        	131            	140             	127.095     	0.240	124.75 	133.875	127.881	2.56443 
52         	163.176         	896         	898        	132            	138             	126.976     	0.237	124.5  	134.25 	127.747	2.58264 
56         	163.012         	888         	890        	134            	133             	126.854     	0.232	124.375	133.625	127.492	2.65575 
61         	162.808         	878         	880        	137            	128             	126.666     	0.226	124.125	133.875	127.344	2.79838 
67         	162.318         	866         	868        	140            	121             	126.284     	0.218	124    	134.125	127.007	2.79894 
End Time (hh:mm:ss.ms) 2023-07-17 21:39:33.374000
Total Time (hh:mm:ss.ms) 0:00:16.611000
Individual: ([11, 13, 9, 20, 17, 8, 19, 16, 14, 10, 7, 6, 23, 2, 4, 5, 0, 18, 21, 15, 24, 3, 22, 25, 1, 12], [0, 0, 0, 0, 0, 0, 0, 1, 1, 1, 1, 1, 1, 1, 1, 0, 0, 0, 0, 0, 1, 1, 1, 0, 0, 0])
Fitness:  124.0
Gens:  [0, 1, 2, 3, 4, 5, 6, 7, 8, 9, 10, 11, 12, 13, 14, 15, 16, 17, 18, 19, 20, 21, 22, 23, 24, 25, 26, 27, 28, 29, 30, 31, 32, 33, 34, 35, 36, 37, 38, 39, 40, 41, 42, 43, 44, 45, 46, 47, 48, 49, 50, 51, 52, 53, 54, 55, 56, 57, 58, 59, 60, 61, 62, 63, 64, 65, 66, 67, 68, 69, 70, 71, 72, 73, 74, 75, 76, 77, 78, 79, 80, 81, 82, 83, 84, 85, 86, 87, 88, 89, 90, 91, 92, 93, 94, 95, 96, 97, 98, 99, 100, 101, 102, 103, 104, 105, 106, 107, 108, 109, 110, 111, 112, 113, 114, 115, 116, 117, 118, 119, 120, 121, 122, 123, 124, 125, 126, 127, 128, 129, 130, 131, 132, 133, 134, 135, 136, 137, 138, 139, 140, 141, 142, 143, 144, 145, 146, 147, 148, 149, 150, 151, 152, 153, 154, 155, 156, 157, 158, 159, 160, 161, 162, 163]
Inds:  [130.125, 129.75, 129.0, 129.0, 129.0, 129.0, 128.625, 128.625, 128.5, 128.5, 128.375, 128.125, 128.0, 127.625, 127.625, 127.625, 127.625, 127.5, 127.125, 127.125, 127.125, 127.125, 127.125, 127.125, 127.0, 126.75, 126.5, 126.5, 126.5, 126.125, 126.125, 126.125, 126.125, 125.875, 125.875, 125.625, 125.625, 125.625, 125.625, 125.625, 125.625, 125.5, 124.875, 124.875, 124.875, 124.875, 124.875, 124.875, 124.875, 124.875, 124.75, 124.75, 124.5, 124.5, 124.5, 124.5, 124.375, 124.375, 124.375, 124.375, 124.375, 124.125, 124.125, 124.125, 124.125, 124.125, 124.125, 124.0, 124.0, 124.0, 124.0, 124.0, 124.0, 124.0, 124.0, 124.0, 124.0, 124.0, 124.0, 124.0, 124.0, 124.0, 124.0, 124.0, 124.0, 124.0, 124.0, 124.0, 124.0, 124.0, 124.0, 124.0, 124.0, 124.0, 124.0, 124.0, 124.0, 124.0, 124.0, 124.0, 124.0, 124.0, 124.0, 124.0, 124.0, 124.0, 124.0, 124.0, 124.0, 124.0, 124.0, 124.0, 124.0, 124.0, 124.0, 124.0, 124.0, 124.0, 124.0, 124.0, 124.0, 124.0, 124.0, 124.0, 124.0, 124.0, 124.0, 124.0, 124.0, 124.0, 124.0, 124.0, 124.0, 124.0, 124.0, 124.0, 124.0, 124.0, 124.0, 124.0, 124.0, 124.0, 124.0, 124.0, 124.0, 124.0, 124.0, 124.0, 124.0, 124.0, 124.0, 124.0, 124.0, 124.0, 124.0, 124.0, 124.0, 124.0, 124.0, 124.0, 124.0, 124.0, 124.0, 124.0]

Execution 3:
Parameters: Y=0.998
Start Time (hh:mm:ss.ms) 2023-07-17 21:39:34.122001
generations	MaxGenenerations	Populationk1	Populationk	PopulationElite	PopulationMutant	fitnessElite	alpha	min    	max  	avg    	std     
0          	0               	0           	0          	0              	0               	0           	0    	129.625	134.5	132.357	0.745011
1          	169.68          	998         	1000       	100            	200             	131.088     	0.3  	129.25 	134.125	131.805	0.796189
2          	169.062         	996         	998        	101            	199             	130.707     	0.298	129.125	134.125	131.596	0.890355
4          	168.857         	992         	994        	102            	196             	130.57      	0.296	128.875	133.875	131.333	0.984341
6          	168.487         	988         	990        	104            	194             	130.345     	0.294	128.5  	134.5  	131.178	1.08777 
7          	168.207         	986         	988        	104            	192             	130.257     	0.292	128.375	134.125	131.076	1.11806 
11         	167.792         	978         	980        	107            	187             	129.923     	0.288	128    	133.75 	130.824	1.19121 
12         	167.302         	976         	978        	108            	186             	129.649     	0.286	127.375	133.875	130.709	1.2553  
18         	166.61          	964         	966        	112            	179             	129.262     	0.279	126.875	134.25 	129.95 	1.57168 
21         	165.831         	958         	960        	114            	175             	128.772     	0.275	126.75 	134.25 	129.595	1.72585 
25         	165.792         	950         	952        	116            	170             	128.749     	0.271	126.5  	134.125	129.406	1.79375 
30         	165.465         	940         	942        	119            	164             	128.52      	0.264	126.25 	134    	129.15 	1.91303 
32         	165.056         	936         	938        	120            	161             	128.251     	0.262	126.125	134    	129.08 	1.92693 
37         	164.892         	926         	928        	123            	155             	128.112     	0.256	126    	134.375	128.801	2.03964 
38         	164.894         	924         	926        	124            	154             	128.137     	0.255	125.875	133.875	128.907	2.03316 
41         	164.771         	918         	920        	126            	151             	128.044     	0.251	125.75 	133.875	128.851	2.12022 
47         	164.443         	906         	908        	129            	144             	127.763     	0.244	125.625	133.75 	128.557	2.18118 
53         	164.197         	894         	896        	132            	137             	127.548     	0.236	125.5  	134.25 	128.425	2.20669 
56         	164.198         	888         	890        	134            	133             	127.539     	0.233	125.375	134.625	128.351	2.19507 
62         	163.871         	876         	878        	137            	127             	127.264     	0.225	125.25 	133.75 	128.083	2.29332 
70         	163.748         	860         	862        	141            	118             	127.111     	0.215	125    	134.125	127.993	2.34707 
80         	163.34          	840         	842        	145            	108             	126.753     	0.203	124.875	134.75 	127.672	2.41459 
End Time (hh:mm:ss.ms) 2023-07-17 21:39:50.911002
Total Time (hh:mm:ss.ms) 0:00:16.789001
Individual: ([17, 20, 9, 16, 24, 21, 19, 7, 14, 15, 3, 22, 10, 25, 8, 18, 5, 0, 6, 13, 11, 12, 1, 4, 23, 2], [1, 1, 1, 1, 1, 1, 1, 0, 0, 0, 1, 1, 0, 0, 0, 1, 0, 0, 1, 1, 1, 1, 1, 1, 1, 1])
Fitness:  124.875
Gens:  [0, 1, 2, 3, 4, 5, 6, 7, 8, 9, 10, 11, 12, 13, 14, 15, 16, 17, 18, 19, 20, 21, 22, 23, 24, 25, 26, 27, 28, 29, 30, 31, 32, 33, 34, 35, 36, 37, 38, 39, 40, 41, 42, 43, 44, 45, 46, 47, 48, 49, 50, 51, 52, 53, 54, 55, 56, 57, 58, 59, 60, 61, 62, 63, 64, 65, 66, 67, 68, 69, 70, 71, 72, 73, 74, 75, 76, 77, 78, 79, 80, 81, 82, 83, 84, 85, 86, 87, 88, 89, 90, 91, 92, 93, 94, 95, 96, 97, 98, 99, 100, 101, 102, 103, 104, 105, 106, 107, 108, 109, 110, 111, 112, 113, 114, 115, 116, 117, 118, 119, 120, 121, 122, 123, 124, 125, 126, 127, 128, 129, 130, 131, 132, 133, 134, 135, 136, 137, 138, 139, 140, 141, 142, 143, 144, 145, 146, 147, 148, 149, 150, 151, 152, 153, 154, 155, 156, 157, 158, 159, 160, 161, 162, 163, 164]
Inds:  [129.625, 129.25, 129.125, 129.125, 128.875, 128.875, 128.5, 128.375, 128.375, 128.375, 128.375, 128.0, 127.375, 127.375, 127.375, 127.375, 127.375, 127.375, 126.875, 126.875, 126.875, 126.75, 126.75, 126.75, 126.75, 126.5, 126.5, 126.5, 126.5, 126.5, 126.25, 126.25, 126.125, 126.125, 126.125, 126.125, 126.125, 126.0, 125.875, 125.875, 125.875, 125.75, 125.75, 125.75, 125.75, 125.75, 125.75, 125.625, 125.625, 125.625, 125.625, 125.625, 125.625, 125.5, 125.5, 125.5, 125.375, 125.375, 125.375, 125.375, 125.375, 125.375, 125.25, 125.25, 125.25, 125.25, 125.25, 125.25, 125.25, 125.25, 125.0, 125.0, 125.0, 125.0, 125.0, 125.0, 125.0, 125.0, 125.0, 125.0, 124.875, 124.875, 124.875, 124.875, 124.875, 124.875, 124.875, 124.875, 124.875, 124.875, 124.875, 124.875, 124.875, 124.875, 124.875, 124.875, 124.875, 124.875, 124.875, 124.875, 124.875, 124.875, 124.875, 124.875, 124.875, 124.875, 124.875, 124.875, 124.875, 124.875, 124.875, 124.875, 124.875, 124.875, 124.875, 124.875, 124.875, 124.875, 124.875, 124.875, 124.875, 124.875, 124.875, 124.875, 124.875, 124.875, 124.875, 124.875, 124.875, 124.875, 124.875, 124.875, 124.875, 124.875, 124.875, 124.875, 124.875, 124.875, 124.875, 124.875, 124.875, 124.875, 124.875, 124.875, 124.875, 124.875, 124.875, 124.875, 124.875, 124.875, 124.875, 124.875, 124.875, 124.875, 124.875, 124.875, 124.875, 124.875, 124.875, 124.875, 124.875, 124.875, 124.875, 124.875, 124.875]

Execution 4:
Parameters: Y=0.998
Start Time (hh:mm:ss.ms) 2023-07-17 21:39:51.773000
generations	MaxGenenerations	Populationk1	Populationk	PopulationElite	PopulationMutant	fitnessElite	alpha	min	max  	avg    	std     
0          	0               	0           	0          	0              	0               	0           	0    	130	134.5	132.371	0.722528
1          	170.171         	998         	1000       	100            	200             	131.35      	0.3  	129.375	133.875	131.884	0.769874
3          	169.268         	994         	996        	102            	198             	130.826     	0.297	129.25 	134.25 	131.612	0.891825
5          	169.062         	990         	992        	103            	195             	130.689     	0.295	129    	134.125	131.48 	0.993128
7          	168.947         	986         	988        	104            	192             	130.684     	0.292	128.375	134    	131.27 	1.05798 
10         	167.96          	980         	982        	106            	189             	130.075     	0.289	128.125	134.375	131.051	1.12262 
12         	167.675         	976         	978        	108            	186             	129.918     	0.286	127.75 	134.25 	130.981	1.17177 
17         	167.1           	966         	968        	111            	180             	129.54      	0.280	127.625	134.375	130.588	1.35373 
20         	166.937         	960         	962        	113            	176             	129.427     	0.277	127.375	134.25 	130.344	1.45885 
25         	166.651         	950         	952        	116            	170             	129.239     	0.271	127.25 	134    	129.864	1.607   
26         	166.405         	948         	950        	117            	169             	129.072     	0.269	126.875	133.875	129.726	1.63225 
28         	165.914         	944         	946        	118            	166             	128.781     	0.267	126.625	133.875	129.513	1.70274 
30         	165.67          	940         	942        	119            	164             	128.646     	0.264	126.5  	134.25 	129.347	1.81188 
34         	165.465         	932         	934        	122            	159             	128.483     	0.260	126.25 	134.125	129.088	1.94061 
40         	165.221         	920         	922        	125            	152             	128.304     	0.252	126    	134.625	128.941	2.04162 
46         	164.729         	908         	910        	129            	145             	127.932     	0.245	125.875	133.75 	128.688	2.12759 
48         	164.648         	904         	906        	130            	143             	127.879     	0.242	125.75 	133.75 	128.628	2.17836 
52         	164.608         	896         	898        	132            	138             	127.833     	0.238	125.5  	134.25 	128.453	2.25079 
54         	164.445         	892         	894        	133            	136             	127.738     	0.235	125.25 	133.875	128.335	2.28001 
66         	163.789         	868         	870        	139            	122             	127.181     	0.220	125.125	134    	127.809	2.50655 
End Time (hh:mm:ss.ms) 2023-07-17 21:40:08.341014
Total Time (hh:mm:ss.ms) 0:00:16.568014
Individual: ([13, 8, 18, 19, 21, 14, 10, 22, 25, 7, 0, 1, 4, 5, 6, 23, 2, 11, 17, 20, 9, 16, 15, 24, 3, 12], [1, 0, 0, 0, 0, 1, 1, 1, 0, 1, 1, 1, 1, 1, 1, 1, 1, 0, 1, 1, 1, 1, 0, 1, 1, 0])
Fitness:  125.125
Gens:  [0, 1, 2, 3, 4, 5, 6, 7, 8, 9, 10, 11, 12, 13, 14, 15, 16, 17, 18, 19, 20, 21, 22, 23, 24, 25, 26, 27, 28, 29, 30, 31, 32, 33, 34, 35, 36, 37, 38, 39, 40, 41, 42, 43, 44, 45, 46, 47, 48, 49, 50, 51, 52, 53, 54, 55, 56, 57, 58, 59, 60, 61, 62, 63, 64, 65, 66, 67, 68, 69, 70, 71, 72, 73, 74, 75, 76, 77, 78, 79, 80, 81, 82, 83, 84, 85, 86, 87, 88, 89, 90, 91, 92, 93, 94, 95, 96, 97, 98, 99, 100, 101, 102, 103, 104, 105, 106, 107, 108, 109, 110, 111, 112, 113, 114, 115, 116, 117, 118, 119, 120, 121, 122, 123, 124, 125, 126, 127, 128, 129, 130, 131, 132, 133, 134, 135, 136, 137, 138, 139, 140, 141, 142, 143, 144, 145, 146, 147, 148, 149, 150, 151, 152, 153, 154, 155, 156, 157, 158, 159, 160, 161, 162, 163, 164]
Inds:  [130.0, 129.375, 129.375, 129.25, 129.25, 129.0, 129.0, 128.375, 128.375, 128.375, 128.125, 128.125, 127.75, 127.75, 127.75, 127.75, 127.75, 127.625, 127.625, 127.625, 127.375, 127.375, 127.375, 127.375, 127.375, 127.25, 126.875, 126.875, 126.625, 126.625, 126.5, 126.5, 126.5, 126.5, 126.25, 126.25, 126.25, 126.25, 126.25, 126.25, 126.0, 126.0, 126.0, 126.0, 126.0, 126.0, 125.875, 125.875, 125.75, 125.75, 125.75, 125.75, 125.5, 125.5, 125.25, 125.25, 125.25, 125.25, 125.25, 125.25, 125.25, 125.25, 125.25, 125.25, 125.25, 125.25, 125.125, 125.125, 125.125, 125.125, 125.125, 125.125, 125.125, 125.125, 125.125, 125.125, 125.125, 125.125, 125.125, 125.125, 125.125, 125.125, 125.125, 125.125, 125.125, 125.125, 125.125, 125.125, 125.125, 125.125, 125.125, 125.125, 125.125, 125.125, 125.125, 125.125, 125.125, 125.125, 125.125, 125.125, 125.125, 125.125, 125.125, 125.125, 125.125, 125.125, 125.125, 125.125, 125.125, 125.125, 125.125, 125.125, 125.125, 125.125, 125.125, 125.125, 125.125, 125.125, 125.125, 125.125, 125.125, 125.125, 125.125, 125.125, 125.125, 125.125, 125.125, 125.125, 125.125, 125.125, 125.125, 125.125, 125.125, 125.125, 125.125, 125.125, 125.125, 125.125, 125.125, 125.125, 125.125, 125.125, 125.125, 125.125, 125.125, 125.125, 125.125, 125.125, 125.125, 125.125, 125.125, 125.125, 125.125, 125.125, 125.125, 125.125, 125.125, 125.125, 125.125, 125.125, 125.125, 125.125, 125.125, 125.125, 125.125]

Execution 5:
Parameters: Y=0.998
Start Time (hh:mm:ss.ms) 2023-07-17 21:40:09.132000
generations	MaxGenenerations	Populationk1	Populationk	PopulationElite	PopulationMutant	fitnessElite	alpha	min   	max    	avg    	std     
0          	0               	0           	0          	0              	0               	0           	0    	129.75	134.375	132.326	0.758369
1          	169.801         	998         	1000       	100            	200             	131.137     	0.3  	129.375	134.125	131.794	0.800758
3          	169.226         	994         	996        	102            	198             	130.789     	0.297	128.875	133.875	131.553	0.921192
5          	168.572         	990         	992        	103            	195             	130.425     	0.295	128.5  	134.125	131.386	0.993725
9          	167.955         	982         	984        	106            	190             	130.025     	0.290	127.5  	134.375	131.033	1.13243 
15         	166.731         	970         	972        	110            	182             	129.341     	0.283	126.75 	134.25 	130.493	1.33562 
22         	165.875         	956         	958        	114            	174             	128.844     	0.274	126    	133.875	129.955	1.58552 
28         	164.729         	944         	946        	118            	166             	128.104     	0.267	125.5  	134    	129.264	1.92406 
30         	164.322         	940         	942        	119            	164             	127.915     	0.264	125.25 	133.875	128.814	2.16397 
34         	163.789         	932         	934        	122            	159             	127.522     	0.259	125    	134.25 	128.324	2.46429 
41         	163.544         	918         	920        	126            	150             	127.323     	0.251	124.875	134.125	127.911	2.58693 
45         	163.258         	910         	912        	128            	146             	127.09      	0.246	124.75 	134.125	127.755	2.67582 
End Time (hh:mm:ss.ms) 2023-07-17 21:40:25.821000
Total Time (hh:mm:ss.ms) 0:00:16.689000
Individual: ([12, 6, 8, 20, 9, 16, 15, 14, 19, 21, 10, 22, 3, 24, 7, 18, 0, 5, 1, 25, 4, 2, 23, 13, 17, 11], [1, 0, 1, 1, 1, 1, 1, 1, 1, 0, 1, 0, 0, 0, 1, 0, 1, 1, 1, 0, 1, 0, 0, 1, 0, 1])
Fitness:  124.75
Gens:  [0, 1, 2, 3, 4, 5, 6, 7, 8, 9, 10, 11, 12, 13, 14, 15, 16, 17, 18, 19, 20, 21, 22, 23, 24, 25, 26, 27, 28, 29, 30, 31, 32, 33, 34, 35, 36, 37, 38, 39, 40, 41, 42, 43, 44, 45, 46, 47, 48, 49, 50, 51, 52, 53, 54, 55, 56, 57, 58, 59, 60, 61, 62, 63, 64, 65, 66, 67, 68, 69, 70, 71, 72, 73, 74, 75, 76, 77, 78, 79, 80, 81, 82, 83, 84, 85, 86, 87, 88, 89, 90, 91, 92, 93, 94, 95, 96, 97, 98, 99, 100, 101, 102, 103, 104, 105, 106, 107, 108, 109, 110, 111, 112, 113, 114, 115, 116, 117, 118, 119, 120, 121, 122, 123, 124, 125, 126, 127, 128, 129, 130, 131, 132, 133, 134, 135, 136, 137, 138, 139, 140, 141, 142, 143, 144, 145, 146, 147, 148, 149, 150, 151, 152, 153, 154, 155, 156, 157, 158, 159, 160, 161, 162, 163, 164]
Inds:  [129.75, 129.375, 129.375, 128.875, 128.875, 128.5, 128.5, 128.5, 128.5, 127.5, 127.5, 127.5, 127.5, 127.5, 127.5, 126.75, 126.75, 126.75, 126.75, 126.75, 126.75, 126.75, 126.0, 126.0, 126.0, 126.0, 126.0, 126.0, 125.5, 125.5, 125.25, 125.25, 125.25, 125.25, 125.0, 125.0, 125.0, 125.0, 125.0, 125.0, 125.0, 124.875, 124.875, 124.875, 124.875, 124.75, 124.75, 124.75, 124.75, 124.75, 124.75, 124.75, 124.75, 124.75, 124.75, 124.75, 124.75, 124.75, 124.75, 124.75, 124.75, 124.75, 124.75, 124.75, 124.75, 124.75, 124.75, 124.75, 124.75, 124.75, 124.75, 124.75, 124.75, 124.75, 124.75, 124.75, 124.75, 124.75, 124.75, 124.75, 124.75, 124.75, 124.75, 124.75, 124.75, 124.75, 124.75, 124.75, 124.75, 124.75, 124.75, 124.75, 124.75, 124.75, 124.75, 124.75, 124.75, 124.75, 124.75, 124.75, 124.75, 124.75, 124.75, 124.75, 124.75, 124.75, 124.75, 124.75, 124.75, 124.75, 124.75, 124.75, 124.75, 124.75, 124.75, 124.75, 124.75, 124.75, 124.75, 124.75, 124.75, 124.75, 124.75, 124.75, 124.75, 124.75, 124.75, 124.75, 124.75, 124.75, 124.75, 124.75, 124.75, 124.75, 124.75, 124.75, 124.75, 124.75, 124.75, 124.75, 124.75, 124.75, 124.75, 124.75, 124.75, 124.75, 124.75, 124.75, 124.75, 124.75, 124.75, 124.75, 124.75, 124.75, 124.75, 124.75, 124.75, 124.75, 124.75, 124.75, 124.75, 124.75, 124.75, 124.75, 124.75]

Execution 6:
Parameters: Y=0.998
Start Time (hh:mm:ss.ms) 2023-07-17 21:40:26.649000
generations	MaxGenenerations	Populationk1	Populationk	PopulationElite	PopulationMutant	fitnessElite	alpha	min	max   	avg    	std     
0          	0               	0           	0          	0              	0               	0           	0    	130	134.25	132.329	0.708721
1          	170.086         	998         	1000       	100            	200             	131.275     	0.3  	129.75	134.25	131.911	0.772557
3          	169.759         	994         	996        	102            	198             	131.089     	0.297	129.25	134.25	131.566	0.901995
4          	169.105         	992         	994        	102            	196             	130.732     	0.296	128.875	134.25	131.424	0.960388
8          	168.572         	984         	986        	105            	191             	130.406     	0.291	128.375	133.875	131.16 	1.07617 
9          	167.834         	982         	984        	106            	190             	129.973     	0.290	128.25 	134.125	131.103	1.12322 
14         	167.754         	972         	974        	109            	184             	129.921     	0.284	128.125	133.875	130.768	1.20373 
15         	167.507         	970         	972        	110            	182             	129.754     	0.283	127.875	134    	130.712	1.26512 
18         	167.306         	964         	966        	112            	179             	129.658     	0.279	127.75 	134    	130.596	1.30047 
22         	167.226         	956         	958        	114            	174             	129.605     	0.274	126.875	134.125	130.434	1.39872 
27         	165.914         	946         	948        	117            	167             	128.789     	0.268	126.625	134    	129.948	1.6098  
31         	165.587         	938         	940        	120            	163             	128.57      	0.263	126.125	134    	129.425	1.76919 
36         	164.851         	928         	930        	123            	157             	128.089     	0.257	126    	134.125	128.928	2.06665 
38         	164.852         	924         	926        	124            	154             	128.105     	0.255	125.75 	134.125	128.766	2.11872 
42         	164.484         	916         	918        	126            	149             	127.845     	0.250	125.5  	134    	128.71 	2.22979 
46         	164.116         	908         	910        	129            	145             	127.584     	0.245	125.25 	134    	128.491	2.28311 
54         	163.789         	892         	894        	133            	136             	127.309     	0.235	125.125	134.125	128.228	2.42437 
64         	163.626         	872         	874        	138            	125             	127.104     	0.222	125    	134.125	127.861	2.60733 
95         	163.38          	810         	812        	151            	93              	126.618     	0.184	124.875	133.875	127.37 	2.62584 
End Time (hh:mm:ss.ms) 2023-07-17 21:40:43.492999
Total Time (hh:mm:ss.ms) 0:00:16.843999
Individual: ([12, 2, 23, 6, 21, 15, 24, 16, 19, 0, 25, 8, 13, 7, 14, 3, 22, 10, 4, 1, 5, 18, 9, 20, 17, 11], [1, 0, 0, 0, 0, 0, 0, 0, 1, 1, 1, 1, 0, 0, 0, 1, 1, 0, 0, 0, 0, 0, 0, 0, 0, 1])
Fitness:  124.875
Gens:  [0, 1, 2, 3, 4, 5, 6, 7, 8, 9, 10, 11, 12, 13, 14, 15, 16, 17, 18, 19, 20, 21, 22, 23, 24, 25, 26, 27, 28, 29, 30, 31, 32, 33, 34, 35, 36, 37, 38, 39, 40, 41, 42, 43, 44, 45, 46, 47, 48, 49, 50, 51, 52, 53, 54, 55, 56, 57, 58, 59, 60, 61, 62, 63, 64, 65, 66, 67, 68, 69, 70, 71, 72, 73, 74, 75, 76, 77, 78, 79, 80, 81, 82, 83, 84, 85, 86, 87, 88, 89, 90, 91, 92, 93, 94, 95, 96, 97, 98, 99, 100, 101, 102, 103, 104, 105, 106, 107, 108, 109, 110, 111, 112, 113, 114, 115, 116, 117, 118, 119, 120, 121, 122, 123, 124, 125, 126, 127, 128, 129, 130, 131, 132, 133, 134, 135, 136, 137, 138, 139, 140, 141, 142, 143, 144, 145, 146, 147, 148, 149, 150, 151, 152, 153, 154, 155, 156, 157, 158, 159, 160, 161, 162, 163, 164]
Inds:  [130.0, 129.75, 129.75, 129.25, 128.875, 128.875, 128.875, 128.875, 128.375, 128.25, 128.25, 128.25, 128.25, 128.25, 128.125, 127.875, 127.875, 127.875, 127.75, 127.75, 127.75, 127.75, 126.875, 126.875, 126.875, 126.875, 126.875, 126.625, 126.625, 126.625, 126.625, 126.125, 126.125, 126.125, 126.125, 126.125, 126.0, 126.0, 125.75, 125.75, 125.75, 125.75, 125.5, 125.5, 125.5, 125.5, 125.25, 125.25, 125.25, 125.25, 125.25, 125.25, 125.25, 125.25, 125.125, 125.125, 125.125, 125.125, 125.125, 125.125, 125.125, 125.125, 125.125, 125.125, 125.0, 125.0, 125.0, 125.0, 125.0, 125.0, 125.0, 125.0, 125.0, 125.0, 125.0, 125.0, 125.0, 125.0, 125.0, 125.0, 125.0, 125.0, 125.0, 125.0, 125.0, 125.0, 125.0, 125.0, 125.0, 125.0, 125.0, 125.0, 125.0, 125.0, 125.0, 124.875, 124.875, 124.875, 124.875, 124.875, 124.875, 124.875, 124.875, 124.875, 124.875, 124.875, 124.875, 124.875, 124.875, 124.875, 124.875, 124.875, 124.875, 124.875, 124.875, 124.875, 124.875, 124.875, 124.875, 124.875, 124.875, 124.875, 124.875, 124.875, 124.875, 124.875, 124.875, 124.875, 124.875, 124.875, 124.875, 124.875, 124.875, 124.875, 124.875, 124.875, 124.875, 124.875, 124.875, 124.875, 124.875, 124.875, 124.875, 124.875, 124.875, 124.875, 124.875, 124.875, 124.875, 124.875, 124.875, 124.875, 124.875, 124.875, 124.875, 124.875, 124.875, 124.875, 124.875, 124.875, 124.875, 124.875, 124.875, 124.875, 124.875]

Execution 7:
Parameters: Y=0.998
Start Time (hh:mm:ss.ms) 2023-07-17 21:40:44.287000
generations	MaxGenenerations	Populationk1	Populationk	PopulationElite	PopulationMutant	fitnessElite	alpha	min	max  	avg    	std     
0          	0               	0           	0          	0              	0               	0           	0    	130	134.5	132.396	0.736006
1          	170.171         	998         	1000       	100            	200             	131.35      	0.3  	129.125	134  	131.892	0.825509
2          	168.857         	996         	998        	101            	199             	130.582     	0.298	128.625	134.375	131.571	0.914848
3          	168.329         	994         	996        	102            	198             	130.336     	0.297	127.75 	134    	131.421	0.97159 
7          	167.184         	986         	988        	104            	192             	129.69      	0.292	127.125	133.875	130.878	1.25864 
14         	166.241         	972         	974        	109            	183             	129.08      	0.284	127    	134.125	129.824	1.61819 
16         	166.119         	968         	970        	110            	181             	129.009     	0.281	126.875	134.125	129.661	1.68987 
17         	165.956         	966         	968        	111            	180             	128.91      	0.280	126.5  	134.875	129.677	1.77397 
22         	165.341         	956         	958        	114            	173             	128.491     	0.274	126.375	133.875	129.265	1.91932 
25         	165.26          	950         	952        	116            	170             	128.441     	0.270	126    	134.125	129.092	2.03475 
26         	164.811         	948         	950        	117            	169             	128.191     	0.269	125.75 	134    	128.926	2.0599  
31         	164.443         	938         	940        	120            	162             	127.924     	0.263	125.625	134.125	128.665	2.31723 
34         	164.321         	932         	934        	122            	159             	127.834     	0.259	125.375	133.75 	128.509	2.39517 
39         	164.035         	922         	924        	125            	153             	127.626     	0.253	125.25 	134.25 	128.41 	2.46891 
50         	163.748         	900         	902        	131            	140             	127.321     	0.240	125.125	134    	128.106	2.56566 
53         	163.667         	894         	896        	133            	137             	127.253     	0.236	125    	134.25 	127.894	2.57988 
End Time (hh:mm:ss.ms) 2023-07-17 21:41:00.816001
Total Time (hh:mm:ss.ms) 0:00:16.529001
Individual: ([23, 25, 3, 24, 14, 10, 22, 6, 11, 17, 20, 9, 16, 15, 21, 19, 7, 0, 13, 8, 18, 5, 4, 1, 2, 12], [1, 1, 0, 0, 1, 1, 0, 1, 0, 1, 1, 1, 1, 1, 1, 0, 1, 1, 1, 0, 1, 0, 0, 0, 0, 0])
Fitness:  125.0
Gens:  [0, 1, 2, 3, 4, 5, 6, 7, 8, 9, 10, 11, 12, 13, 14, 15, 16, 17, 18, 19, 20, 21, 22, 23, 24, 25, 26, 27, 28, 29, 30, 31, 32, 33, 34, 35, 36, 37, 38, 39, 40, 41, 42, 43, 44, 45, 46, 47, 48, 49, 50, 51, 52, 53, 54, 55, 56, 57, 58, 59, 60, 61, 62, 63, 64, 65, 66, 67, 68, 69, 70, 71, 72, 73, 74, 75, 76, 77, 78, 79, 80, 81, 82, 83, 84, 85, 86, 87, 88, 89, 90, 91, 92, 93, 94, 95, 96, 97, 98, 99, 100, 101, 102, 103, 104, 105, 106, 107, 108, 109, 110, 111, 112, 113, 114, 115, 116, 117, 118, 119, 120, 121, 122, 123, 124, 125, 126, 127, 128, 129, 130, 131, 132, 133, 134, 135, 136, 137, 138, 139, 140, 141, 142, 143, 144, 145, 146, 147, 148, 149, 150, 151, 152, 153, 154, 155, 156, 157, 158, 159, 160, 161, 162, 163, 164]
Inds:  [130.0, 129.125, 128.625, 127.75, 127.75, 127.75, 127.75, 127.125, 127.125, 127.125, 127.125, 127.125, 127.125, 127.125, 127.0, 127.0, 126.875, 126.5, 126.5, 126.5, 126.5, 126.5, 126.375, 126.375, 126.375, 126.0, 125.75, 125.75, 125.75, 125.75, 125.75, 125.625, 125.625, 125.625, 125.375, 125.375, 125.375, 125.375, 125.375, 125.25, 125.25, 125.25, 125.25, 125.25, 125.25, 125.25, 125.25, 125.25, 125.25, 125.25, 125.125, 125.125, 125.125, 125.0, 125.0, 125.0, 125.0, 125.0, 125.0, 125.0, 125.0, 125.0, 125.0, 125.0, 125.0, 125.0, 125.0, 125.0, 125.0, 125.0, 125.0, 125.0, 125.0, 125.0, 125.0, 125.0, 125.0, 125.0, 125.0, 125.0, 125.0, 125.0, 125.0, 125.0, 125.0, 125.0, 125.0, 125.0, 125.0, 125.0, 125.0, 125.0, 125.0, 125.0, 125.0, 125.0, 125.0, 125.0, 125.0, 125.0, 125.0, 125.0, 125.0, 125.0, 125.0, 125.0, 125.0, 125.0, 125.0, 125.0, 125.0, 125.0, 125.0, 125.0, 125.0, 125.0, 125.0, 125.0, 125.0, 125.0, 125.0, 125.0, 125.0, 125.0, 125.0, 125.0, 125.0, 125.0, 125.0, 125.0, 125.0, 125.0, 125.0, 125.0, 125.0, 125.0, 125.0, 125.0, 125.0, 125.0, 125.0, 125.0, 125.0, 125.0, 125.0, 125.0, 125.0, 125.0, 125.0, 125.0, 125.0, 125.0, 125.0, 125.0, 125.0, 125.0, 125.0, 125.0, 125.0, 125.0, 125.0, 125.0, 125.0, 125.0, 125.0]

Execution 8:
Parameters: Y=0.998
Start Time (hh:mm:ss.ms) 2023-07-17 21:41:01.654999
generations	MaxGenenerations	Populationk1	Populationk	PopulationElite	PopulationMutant	fitnessElite	alpha	min    	max    	avg    	std     
0          	0               	0           	0          	0              	0               	0           	0    	129.625	134.125	132.328	0.709061
1          	169.553         	998         	1000       	100            	200             	130.975     	0.3  	129.375	134.25 	131.859	0.794506
2          	169.268         	996         	998        	101            	199             	130.832     	0.298	129.125	134.25 	131.618	0.867905
4          	169.068         	992         	994        	102            	196             	130.755     	0.296	128.75 	134.125	131.412	0.966165
8          	168.366         	984         	986        	105            	191             	130.281     	0.291	128.625	134    	131.136	1.08654 
9          	168.203         	982         	984        	106            	190             	130.186     	0.290	128.125	134    	131.108	1.10171 
16         	167.717         	968         	970        	110            	181             	129.923     	0.282	128    	133.875	130.672	1.26397 
17         	167.343         	966         	968        	111            	180             	129.65      	0.280	127.75 	134.25 	130.667	1.30151 
22         	167.142         	956         	958        	114            	174             	129.537     	0.274	127.5  	133.875	130.333	1.40997 
24         	166.898         	952         	954        	115            	171             	129.407     	0.272	127.375	134.25 	130.112	1.47965 
28         	166.651         	944         	946        	118            	166             	129.215     	0.267	127.25 	134.25 	129.898	1.57409 
29         	166.488         	942         	944        	118            	165             	129.115     	0.266	126.625	133.875	129.826	1.60346 
40         	165.629         	920         	922        	125            	152             	128.522     	0.252	126.25 	134.25 	129.374	1.78308 
47         	165.138         	906         	908        	129            	144             	128.174     	0.244	126.125	133.875	128.909	1.9529  
49         	164.975         	902         	904        	130            	142             	128.059     	0.241	126    	133.75 	128.955	2.06526 
55         	164.77          	890         	892        	133            	135             	127.876     	0.234	125.75 	134    	128.664	2.09185 
65         	164.443         	870         	872        	138            	124             	127.583     	0.222	125.625	134.625	128.366	2.21829 
77         	164.197         	846         	848        	144            	111             	127.31      	0.207	125.5  	133.875	127.961	2.25418 
93         	164.075         	814         	816        	150            	95              	127.073     	0.187	125.375	134    	127.726	2.30538 
117        	163.994         	766         	768        	158            	72              	126.762     	0.158	125.25 	134.125	127.31 	2.23372 
127        	163.83          	746         	748        	161            	64              	126.547     	0.146	125.125	133.75 	127.054	2.21276 
End Time (hh:mm:ss.ms) 2023-07-17 21:41:18.047001
Total Time (hh:mm:ss.ms) 0:00:16.392002
Individual: ([13, 17, 20, 9, 19, 8, 11, 23, 2, 1, 25, 22, 10, 4, 5, 6, 7, 14, 3, 24, 16, 18, 21, 15, 0, 12], [1, 1, 1, 1, 1, 1, 1, 1, 1, 1, 1, 0, 0, 1, 1, 0, 0, 0, 0, 0, 0, 1, 0, 0, 1, 0])
Fitness:  125.125
Gens:  [0, 1, 2, 3, 4, 5, 6, 7, 8, 9, 10, 11, 12, 13, 14, 15, 16, 17, 18, 19, 20, 21, 22, 23, 24, 25, 26, 27, 28, 29, 30, 31, 32, 33, 34, 35, 36, 37, 38, 39, 40, 41, 42, 43, 44, 45, 46, 47, 48, 49, 50, 51, 52, 53, 54, 55, 56, 57, 58, 59, 60, 61, 62, 63, 64, 65, 66, 67, 68, 69, 70, 71, 72, 73, 74, 75, 76, 77, 78, 79, 80, 81, 82, 83, 84, 85, 86, 87, 88, 89, 90, 91, 92, 93, 94, 95, 96, 97, 98, 99, 100, 101, 102, 103, 104, 105, 106, 107, 108, 109, 110, 111, 112, 113, 114, 115, 116, 117, 118, 119, 120, 121, 122, 123, 124, 125, 126, 127, 128, 129, 130, 131, 132, 133, 134, 135, 136, 137, 138, 139, 140, 141, 142, 143, 144, 145, 146, 147, 148, 149, 150, 151, 152, 153, 154, 155, 156, 157, 158, 159, 160, 161, 162, 163, 164]
Inds:  [129.625, 129.375, 129.125, 129.125, 128.75, 128.75, 128.75, 128.75, 128.625, 128.125, 128.125, 128.125, 128.125, 128.125, 128.125, 128.125, 128.0, 127.75, 127.75, 127.75, 127.75, 127.75, 127.5, 127.5, 127.375, 127.375, 127.375, 127.375, 127.25, 126.625, 126.625, 126.625, 126.625, 126.625, 126.625, 126.625, 126.625, 126.625, 126.625, 126.625, 126.25, 126.25, 126.25, 126.25, 126.25, 126.25, 126.25, 126.125, 126.125, 126.0, 126.0, 126.0, 126.0, 126.0, 126.0, 125.75, 125.75, 125.75, 125.75, 125.75, 125.75, 125.75, 125.75, 125.75, 125.75, 125.625, 125.625, 125.625, 125.625, 125.625, 125.625, 125.625, 125.625, 125.625, 125.625, 125.625, 125.625, 125.5, 125.5, 125.5, 125.5, 125.5, 125.5, 125.5, 125.5, 125.5, 125.5, 125.5, 125.5, 125.5, 125.5, 125.5, 125.5, 125.375, 125.375, 125.375, 125.375, 125.375, 125.375, 125.375, 125.375, 125.375, 125.375, 125.375, 125.375, 125.375, 125.375, 125.375, 125.375, 125.375, 125.375, 125.375, 125.375, 125.375, 125.375, 125.375, 125.375, 125.25, 125.25, 125.25, 125.25, 125.25, 125.25, 125.25, 125.25, 125.25, 125.25, 125.125, 125.125, 125.125, 125.125, 125.125, 125.125, 125.125, 125.125, 125.125, 125.125, 125.125, 125.125, 125.125, 125.125, 125.125, 125.125, 125.125, 125.125, 125.125, 125.125, 125.125, 125.125, 125.125, 125.125, 125.125, 125.125, 125.125, 125.125, 125.125, 125.125, 125.125, 125.125, 125.125, 125.125, 125.125, 125.125, 125.125, 125.125]

Execution 9:
Parameters: Y=0.998
Start Time (hh:mm:ss.ms) 2023-07-17 21:41:18.824002
generations	MaxGenenerations	Populationk1	Populationk	PopulationElite	PopulationMutant	fitnessElite	alpha	min   	max    	avg  	std     
0          	0               	0           	0          	0              	0               	0           	0    	129.75	134.125	132.3	0.705051
1          	169.716         	998         	1000       	100            	200             	131.062     	0.3  	129.375	134.625	131.798	0.787593
2          	169.395         	996         	998        	101            	199             	130.944     	0.298	129.125	134.125	131.647	0.864492
3          	168.899         	994         	996        	102            	198             	130.613     	0.297	129    	134    	131.501	0.914046
6          	168.777         	988         	990        	104            	194             	130.544     	0.294	128.25 	134.125	131.22 	1.05311 
7          	167.754         	986         	988        	104            	192             	129.97      	0.292	128.125	134.375	131.125	1.10224 
9          	167.717         	982         	984        	106            	190             	129.977     	0.290	127.625	134.25 	130.959	1.14445 
16         	167.062         	968         	970        	110            	181             	129.564     	0.282	127.375	134.25 	130.531	1.38306 
19         	166.568         	962         	964        	112            	177             	129.219     	0.278	127.125	134.25 	130.293	1.49807 
21         	166.283         	958         	960        	114            	175             	129.057     	0.275	126.875	134.125	130.244	1.54343 
24         	165.914         	952         	954        	115            	171             	128.815     	0.272	126.625	134    	129.96 	1.6429  
30         	165.629         	940         	942        	119            	164             	128.612     	0.264	126.25 	134.125	129.243	1.86262 
33         	165.056         	934         	936        	121            	160             	128.242     	0.261	126.125	134.375	129.014	1.98112 
35         	165.016         	930         	932        	122            	158             	128.228     	0.258	125.875	134.125	128.901	2.04741 
37         	164.565         	926         	928        	123            	155             	127.925     	0.256	125.75 	133.875	128.805	2.1257  
39         	164.484         	922         	924        	125            	153             	127.876     	0.253	125.625	134.25 	128.754	2.19069 
42         	164.28          	916         	918        	126            	149             	127.719     	0.250	125.5  	134.5  	128.525	2.28338 
49         	164.075         	902         	904        	130            	141             	127.522     	0.241	125.25 	134.5  	128.336	2.31876 
61         	163.789         	878         	880        	137            	128             	127.234     	0.226	125.125	134.125	127.846	2.49974 
67         	163.626         	866         	868        	139            	121             	127.072     	0.219	125    	133.875	127.92 	2.48835 
69         	163.667         	862         	864        	140            	119             	127.088     	0.216	124.75 	134.125	127.853	2.51999 
80         	163.258         	840         	842        	145            	108             	126.706     	0.203	124.5  	133.75 	127.469	2.73148 
End Time (hh:mm:ss.ms) 2023-07-17 21:41:35.462001
Total Time (hh:mm:ss.ms) 0:00:16.637999
Individual: ([12, 2, 7, 14, 15, 24, 3, 22, 10, 21, 18, 25, 1, 17, 8, 19, 16, 9, 20, 13, 6, 0, 4, 5, 23, 11], [1, 0, 0, 0, 0, 1, 1, 1, 0, 1, 1, 0, 0, 1, 0, 0, 0, 0, 0, 0, 0, 1, 1, 1, 0, 1])
Fitness:  124.5
Gens:  [0, 1, 2, 3, 4, 5, 6, 7, 8, 9, 10, 11, 12, 13, 14, 15, 16, 17, 18, 19, 20, 21, 22, 23, 24, 25, 26, 27, 28, 29, 30, 31, 32, 33, 34, 35, 36, 37, 38, 39, 40, 41, 42, 43, 44, 45, 46, 47, 48, 49, 50, 51, 52, 53, 54, 55, 56, 57, 58, 59, 60, 61, 62, 63, 64, 65, 66, 67, 68, 69, 70, 71, 72, 73, 74, 75, 76, 77, 78, 79, 80, 81, 82, 83, 84, 85, 86, 87, 88, 89, 90, 91, 92, 93, 94, 95, 96, 97, 98, 99, 100, 101, 102, 103, 104, 105, 106, 107, 108, 109, 110, 111, 112, 113, 114, 115, 116, 117, 118, 119, 120, 121, 122, 123, 124, 125, 126, 127, 128, 129, 130, 131, 132, 133, 134, 135, 136, 137, 138, 139, 140, 141, 142, 143, 144, 145, 146, 147, 148, 149, 150, 151, 152, 153, 154, 155, 156, 157, 158, 159, 160, 161, 162, 163]
Inds:  [129.75, 129.375, 129.125, 129.0, 129.0, 129.0, 128.25, 128.125, 128.125, 127.625, 127.625, 127.625, 127.625, 127.625, 127.625, 127.625, 127.375, 127.375, 127.375, 127.125, 127.125, 126.875, 126.875, 126.875, 126.625, 126.625, 126.625, 126.625, 126.625, 126.625, 126.25, 126.25, 126.25, 126.125, 126.125, 125.875, 125.875, 125.75, 125.75, 125.625, 125.625, 125.625, 125.5, 125.5, 125.5, 125.5, 125.5, 125.5, 125.5, 125.25, 125.25, 125.25, 125.25, 125.25, 125.25, 125.25, 125.25, 125.25, 125.25, 125.25, 125.25, 125.125, 125.125, 125.125, 125.125, 125.125, 125.125, 125.0, 125.0, 124.75, 124.75, 124.75, 124.75, 124.75, 124.75, 124.75, 124.75, 124.75, 124.75, 124.75, 124.5, 124.5, 124.5, 124.5, 124.5, 124.5, 124.5, 124.5, 124.5, 124.5, 124.5, 124.5, 124.5, 124.5, 124.5, 124.5, 124.5, 124.5, 124.5, 124.5, 124.5, 124.5, 124.5, 124.5, 124.5, 124.5, 124.5, 124.5, 124.5, 124.5, 124.5, 124.5, 124.5, 124.5, 124.5, 124.5, 124.5, 124.5, 124.5, 124.5, 124.5, 124.5, 124.5, 124.5, 124.5, 124.5, 124.5, 124.5, 124.5, 124.5, 124.5, 124.5, 124.5, 124.5, 124.5, 124.5, 124.5, 124.5, 124.5, 124.5, 124.5, 124.5, 124.5, 124.5, 124.5, 124.5, 124.5, 124.5, 124.5, 124.5, 124.5, 124.5, 124.5, 124.5, 124.5, 124.5, 124.5, 124.5, 124.5, 124.5, 124.5, 124.5, 124.5, 124.5]

Execution 10:
Parameters: Y=0.998
Start Time (hh:mm:ss.ms) 2023-07-17 21:41:36.234001
generations	MaxGenenerations	Populationk1	Populationk	PopulationElite	PopulationMutant	fitnessElite	alpha	min    	max    	avg    	std     
0          	0               	0           	0          	0              	0               	0           	0    	129.875	134.625	132.313	0.739192
2          	169.795         	996         	998        	101            	199             	131.07      	0.298	129.25 	134.125	131.739	0.844044
3          	169.062         	994         	996        	102            	198             	130.701     	0.297	128.875	134.125	131.574	0.887626
6          	168.53          	988         	990        	104            	194             	130.382     	0.294	128.5  	134.625	131.292	0.993082
7          	168.25          	986         	988        	104            	192             	130.294     	0.292	128.25 	133.75 	131.256	1.0307  
8          	167.628         	984         	986        	105            	191             	129.854     	0.291	128.125	133.875	131.182	1.05187 
18         	167.549         	964         	966        	112            	179             	129.768     	0.279	127.875	134.125	130.736	1.29327 
23         	167.222         	954         	956        	115            	172             	129.551     	0.273	127.75 	134.25 	130.439	1.37469 
24         	167.142         	952         	954        	115            	171             	129.521     	0.272	127.5  	134.125	130.358	1.40049 
25         	166.773         	950         	952        	116            	170             	129.297     	0.271	127.25 	134.25 	130.291	1.44675 
28         	166.405         	944         	946        	118            	166             	129.056     	0.267	126.75 	134    	129.863	1.59283 
32         	165.751         	936         	938        	120            	161             	128.654     	0.262	126.625	134.125	129.351	1.76668 
33         	165.629         	934         	936        	121            	160             	128.585     	0.261	126.375	134.5  	129.298	1.83212 
37         	165.302         	926         	928        	123            	155             	128.362     	0.256	126.25 	134.125	129.065	1.93778 
38         	165.138         	924         	926        	124            	154             	128.26      	0.255	126.125	134.125	128.963	1.94625 
39         	164.975         	922         	924        	125            	153             	128.156     	0.253	125.75 	134.125	128.886	1.97674 
42         	164.402         	916         	918        	126            	149             	127.782     	0.250	125.625	133.75 	128.685	2.06175 
44         	164.238         	912         	914        	128            	147             	127.668     	0.247	125.5  	134    	128.618	2.12933 
48         	164.034         	904         	906        	130            	142             	127.502     	0.242	125.25 	134    	128.33 	2.26986 
52         	163.871         	896         	898        	132            	138             	127.39      	0.237	125.125	134.375	128.173	2.39824 
53         	163.749         	894         	896        	132            	137             	127.313     	0.236	125    	134    	128.098	2.36837 
56         	163.585         	888         	890        	134            	133             	127.182     	0.232	124.875	134.125	127.993	2.44796 
59         	163.217         	882         	884        	136            	130             	126.907     	0.228	124.75 	134    	127.821	2.50962 
60         	163.135         	880         	882        	136            	129             	126.856     	0.227	124.625	134.125	127.775	2.51023 
65         	162.972         	870         	872        	139            	123             	126.701     	0.221	124.375	133.875	127.568	2.56417 
End Time (hh:mm:ss.ms) 2023-07-17 21:41:52.538039
Total Time (hh:mm:ss.ms) 0:00:16.304038
Individual: ([11, 13, 6, 18, 7, 10, 22, 25, 0, 21, 14, 3, 24, 15, 16, 19, 9, 20, 17, 8, 23, 5, 4, 1, 2, 12], [0, 0, 0, 0, 0, 1, 1, 0, 0, 0, 1, 0, 0, 1, 0, 0, 0, 0, 1, 0, 1, 0, 0, 0, 1, 0])
Fitness:  124.375
Gens:  [0, 1, 2, 3, 4, 5, 6, 7, 8, 9, 10, 11, 12, 13, 14, 15, 16, 17, 18, 19, 20, 21, 22, 23, 24, 25, 26, 27, 28, 29, 30, 31, 32, 33, 34, 35, 36, 37, 38, 39, 40, 41, 42, 43, 44, 45, 46, 47, 48, 49, 50, 51, 52, 53, 54, 55, 56, 57, 58, 59, 60, 61, 62, 63, 64, 65, 66, 67, 68, 69, 70, 71, 72, 73, 74, 75, 76, 77, 78, 79, 80, 81, 82, 83, 84, 85, 86, 87, 88, 89, 90, 91, 92, 93, 94, 95, 96, 97, 98, 99, 100, 101, 102, 103, 104, 105, 106, 107, 108, 109, 110, 111, 112, 113, 114, 115, 116, 117, 118, 119, 120, 121, 122, 123, 124, 125, 126, 127, 128, 129, 130, 131, 132, 133, 134, 135, 136, 137, 138, 139, 140, 141, 142, 143, 144, 145, 146, 147, 148, 149, 150, 151, 152, 153, 154, 155, 156, 157, 158, 159, 160, 161, 162, 163]
Inds:  [129.875, 129.875, 129.25, 128.875, 128.875, 128.875, 128.5, 128.25, 128.125, 128.125, 128.125, 128.125, 128.125, 128.125, 128.125, 128.125, 128.125, 128.125, 127.875, 127.875, 127.875, 127.875, 127.875, 127.75, 127.5, 127.25, 127.25, 127.25, 126.75, 126.75, 126.75, 126.75, 126.625, 126.375, 126.375, 126.375, 126.375, 126.25, 126.125, 125.75, 125.75, 125.75, 125.625, 125.625, 125.5, 125.5, 125.5, 125.5, 125.25, 125.25, 125.25, 125.25, 125.125, 125.0, 125.0, 125.0, 124.875, 124.875, 124.875, 124.75, 124.625, 124.625, 124.625, 124.625, 124.625, 124.375, 124.375, 124.375, 124.375, 124.375, 124.375, 124.375, 124.375, 124.375, 124.375, 124.375, 124.375, 124.375, 124.375, 124.375, 124.375, 124.375, 124.375, 124.375, 124.375, 124.375, 124.375, 124.375, 124.375, 124.375, 124.375, 124.375, 124.375, 124.375, 124.375, 124.375, 124.375, 124.375, 124.375, 124.375, 124.375, 124.375, 124.375, 124.375, 124.375, 124.375, 124.375, 124.375, 124.375, 124.375, 124.375, 124.375, 124.375, 124.375, 124.375, 124.375, 124.375, 124.375, 124.375, 124.375, 124.375, 124.375, 124.375, 124.375, 124.375, 124.375, 124.375, 124.375, 124.375, 124.375, 124.375, 124.375, 124.375, 124.375, 124.375, 124.375, 124.375, 124.375, 124.375, 124.375, 124.375, 124.375, 124.375, 124.375, 124.375, 124.375, 124.375, 124.375, 124.375, 124.375, 124.375, 124.375, 124.375, 124.375, 124.375, 124.375, 124.375, 124.375, 124.375, 124.375, 124.375, 124.375, 124.375, 124.375]

