A-BRKGA:

Execution 1:
Parameters: Y=0.999
Start Time (hh:mm:ss.ms) 2023-07-17 21:23:16.358632
generations	MaxGenenerations	Populationk1	Populationk	PopulationElite	PopulationMutant	fitnessElite	alpha	min    	max	avg    	std     
0          	0               	0           	0          	0              	0               	0           	0    	100.875	105	103.145	0.659045
1          	112.049         	999         	1000       	100            	200             	102.112     	0.3  	100.75 	105.125	102.723	0.705736
2          	111.924         	998         	999        	102            	199             	102.055     	0.298	100.375	104.75 	102.499	0.740831
3          	111.466         	997         	998        	103            	197             	101.672     	0.296	100    	104.625	102.334	0.827101
5          	111.035         	995         	996        	105            	194             	101.354     	0.292	99.625 	104.625	102.166	0.894072
8          	110.619         	992         	993        	109            	189             	101.062     	0.287	99.375 	104.625	101.833	0.991094
11         	110.355         	989         	990        	113            	185             	100.89      	0.281	99.125 	104.625	101.672	1.09118 
15         	110.036         	985         	986        	118            	179             	100.566     	0.274	98.875 	104.5  	101.456	1.17984 
18         	109.772         	982         	983        	122            	174             	100.388     	0.269	98.5   	104.75 	101.212	1.3347  
23         	109.383         	977         	978        	128            	166             	100.124     	0.259	98.375 	104.5  	100.687	1.52342 
25         	109.245         	975         	976        	130            	163             	100.007     	0.256	98.125 	104.625	100.57 	1.54906 
28         	108.953         	972         	973        	134            	159             	99.7528     	0.250	98     	104.625	100.371	1.65112 
31         	108.787         	969         	970        	137            	154             	99.5609     	0.244	97.875 	104.625	100.181	1.69831 
34         	108.649         	966         	967        	141            	150             	99.4301     	0.239	97.625 	104.625	100.026	1.73913 
37         	108.425         	963         	964        	145            	145             	99.3186     	0.233	97.5   	104.5  	99.9537	1.79089 
46         	108.259         	954         	955        	155            	132             	99.0452     	0.216	97.375 	104.5  	99.4987	1.90319 
66         	108.107         	934         	935        	178            	103             	98.6557     	0.179	97.125 	104.5  	99.1105	1.98857 
79         	107.856         	921         	922        	193            	85              	98.3096     	0.155	97     	104.5  	98.7043	1.95308 
End Time (hh:mm:ss.ms) 2023-07-17 21:23:27.408629
Total Time (hh:mm:ss.ms) 0:00:11.049997
Individual: ([11, 3, 5, 4, 1, 20, 13, 0, 6, 19, 14, 2, 15, 8, 9, 17, 18, 16, 7, 12, 10], [1, 0, 0, 0, 1, 1, 0, 0, 1, 1, 1, 1, 1, 0, 1, 0, 0, 0, 0, 1, 1])
Fitness:  97.0
Gens:  [0, 1, 2, 3, 4, 5, 6, 7, 8, 9, 10, 11, 12, 13, 14, 15, 16, 17, 18, 19, 20, 21, 22, 23, 24, 25, 26, 27, 28, 29, 30, 31, 32, 33, 34, 35, 36, 37, 38, 39, 40, 41, 42, 43, 44, 45, 46, 47, 48, 49, 50, 51, 52, 53, 54, 55, 56, 57, 58, 59, 60, 61, 62, 63, 64, 65, 66, 67, 68, 69, 70, 71, 72, 73, 74, 75, 76, 77, 78, 79, 80, 81, 82, 83, 84, 85, 86, 87, 88, 89, 90, 91, 92, 93, 94, 95, 96, 97, 98, 99, 100, 101, 102, 103, 104, 105, 106, 107, 108]
Inds:  [100.875, 100.75, 100.375, 100.0, 100.0, 99.625, 99.625, 99.625, 99.375, 99.375, 99.375, 99.125, 99.125, 99.125, 99.125, 98.875, 98.875, 98.875, 98.5, 98.5, 98.5, 98.5, 98.5, 98.375, 98.375, 98.125, 98.125, 98.125, 98.0, 98.0, 98.0, 97.875, 97.875, 97.875, 97.625, 97.625, 97.625, 97.5, 97.5, 97.5, 97.5, 97.5, 97.5, 97.5, 97.5, 97.5, 97.375, 97.375, 97.375, 97.375, 97.375, 97.375, 97.375, 97.375, 97.375, 97.375, 97.375, 97.375, 97.375, 97.375, 97.375, 97.375, 97.375, 97.375, 97.375, 97.375, 97.125, 97.125, 97.125, 97.125, 97.125, 97.125, 97.125, 97.125, 97.125, 97.125, 97.125, 97.125, 97.125, 97.0, 97.0, 97.0, 97.0, 97.0, 97.0, 97.0, 97.0, 97.0, 97.0, 97.0, 97.0, 97.0, 97.0, 97.0, 97.0, 97.0, 97.0, 97.0, 97.0, 97.0, 97.0, 97.0, 97.0, 97.0, 97.0, 97.0, 97.0, 97.0, 97.0]

Execution 2:
Parameters: Y=0.999
Start Time (hh:mm:ss.ms) 2023-07-17 21:23:28.174629
generations	MaxGenenerations	Populationk1	Populationk	PopulationElite	PopulationMutant	fitnessElite	alpha	min    	max	avg    	std     
0          	0               	0           	0          	0              	0               	0           	0    	100.625	105	103.083	0.658883
3          	111.729         	997         	998        	103            	197             	101.811     	0.296	100.125	105    	102.362	0.83061 
4          	111.216         	996         	997        	104            	196             	101.561     	0.294	99.875 	104.75 	102.233	0.849072
5          	110.91          	995         	996        	105            	194             	101.302     	0.292	99.5   	104.625	102.121	0.914033
10         	110.508         	990         	991        	112            	186             	101.025     	0.283	99     	104.5  	101.647	1.12713 
13         	109.925         	987         	988        	115            	182             	100.565     	0.278	98.875 	104.625	101.38 	1.2251  
15         	109.8           	985         	986        	118            	179             	100.488     	0.274	98.75  	105.25 	101.216	1.30293 
16         	109.716         	984         	985        	119            	177             	100.522     	0.272	98.625 	104.5  	101.165	1.32904 
18         	109.522         	982         	983        	122            	174             	100.272     	0.268	98.375 	104.875	101.02 	1.45235 
22         	109.231         	978         	979        	127            	168             	100.01      	0.261	97.875 	104.75 	100.702	1.51326 
29         	108.676         	971         	972        	135            	157             	99.5522     	0.248	97.75  	104.5  	100.274	1.68473 
32         	108.51          	968         	969        	139            	153             	99.359      	0.242	97.625 	104.375	100.05 	1.7034  
36         	108.398         	964         	965        	144            	147             	99.273      	0.235	97.5   	104.375	99.9514	1.78329 
37         	108.232         	963         	964        	145            	145             	99.1052     	0.233	97.375 	104.625	99.8714	1.81059 
41         	108.094         	959         	960        	150            	139             	98.9569     	0.225	97.25  	104.5  	99.7238	1.82808 
45         	107.995         	955         	956        	154            	133             	98.8889     	0.218	97.125 	104.5  	99.5223	1.8615  
55         	107.816         	945         	946        	166            	119             	98.5738     	0.199	97     	104.375	99.1156	2.1101  
End Time (hh:mm:ss.ms) 2023-07-17 21:23:38.891630
Total Time (hh:mm:ss.ms) 0:00:10.717001
Individual: ([10, 12, 6, 19, 15, 0, 4, 20, 8, 9, 17, 18, 16, 13, 7, 2, 14, 3, 5, 1, 11], [0, 0, 0, 0, 1, 1, 0, 1, 0, 1, 0, 0, 0, 0, 0, 0, 0, 0, 0, 0, 0])
Fitness:  97.0
Gens:  [0, 1, 2, 3, 4, 5, 6, 7, 8, 9, 10, 11, 12, 13, 14, 15, 16, 17, 18, 19, 20, 21, 22, 23, 24, 25, 26, 27, 28, 29, 30, 31, 32, 33, 34, 35, 36, 37, 38, 39, 40, 41, 42, 43, 44, 45, 46, 47, 48, 49, 50, 51, 52, 53, 54, 55, 56, 57, 58, 59, 60, 61, 62, 63, 64, 65, 66, 67, 68, 69, 70, 71, 72, 73, 74, 75, 76, 77, 78, 79, 80, 81, 82, 83, 84, 85, 86, 87, 88, 89, 90, 91, 92, 93, 94, 95, 96, 97, 98, 99, 100, 101, 102, 103, 104, 105, 106, 107, 108]
Inds:  [100.625, 100.625, 100.625, 100.125, 99.875, 99.5, 99.5, 99.5, 99.5, 99.5, 99.0, 99.0, 99.0, 98.875, 98.875, 98.75, 98.625, 98.625, 98.375, 98.375, 98.375, 98.375, 97.875, 97.875, 97.875, 97.875, 97.875, 97.875, 97.875, 97.75, 97.75, 97.75, 97.625, 97.625, 97.625, 97.625, 97.5, 97.375, 97.375, 97.375, 97.375, 97.25, 97.25, 97.25, 97.25, 97.125, 97.125, 97.125, 97.125, 97.125, 97.125, 97.125, 97.125, 97.125, 97.125, 97.0, 97.0, 97.0, 97.0, 97.0, 97.0, 97.0, 97.0, 97.0, 97.0, 97.0, 97.0, 97.0, 97.0, 97.0, 97.0, 97.0, 97.0, 97.0, 97.0, 97.0, 97.0, 97.0, 97.0, 97.0, 97.0, 97.0, 97.0, 97.0, 97.0, 97.0, 97.0, 97.0, 97.0, 97.0, 97.0, 97.0, 97.0, 97.0, 97.0, 97.0, 97.0, 97.0, 97.0, 97.0, 97.0, 97.0, 97.0, 97.0, 97.0, 97.0, 97.0, 97.0, 97.0]

Execution 3:
Parameters: Y=0.999
Start Time (hh:mm:ss.ms) 2023-07-17 21:23:39.618630
generations	MaxGenenerations	Populationk1	Populationk	PopulationElite	PopulationMutant	fitnessElite	alpha	min   	max    	avg    	std     
0          	0               	0           	0          	0              	0               	0           	0    	100.75	104.625	103.112	0.675966
2          	111.868         	998         	999        	102            	199             	101.906     	0.298	99.875	104.5  	102.423	0.789566
3          	110.883         	997         	998        	103            	197             	101.246     	0.296	99.125	104.875	102.313	0.854009
10         	110.091         	990         	991        	112            	186             	100.756     	0.283	98.875	104.625	101.718	1.14151 
17         	109.786         	983         	984        	120            	176             	100.432     	0.270	98.5  	104.625	101.094	1.3492  
18         	109.37          	982         	983        	122            	174             	100.147     	0.268	98.375	104.875	100.927	1.41383 
20         	109.231         	980         	981        	124            	171             	100.033     	0.265	98.25 	105    	100.709	1.492   
22         	109.078         	978         	979        	127            	168             	99.8843     	0.261	98.125	104.5  	100.564	1.51892 
23         	108.94          	977         	978        	128            	166             	99.78       	0.259	98    	104.625	100.539	1.59174 
24         	108.815         	976         	977        	129            	165             	99.7074     	0.257	97.875	104.5  	100.386	1.64199 
30         	108.689         	970         	971        	136            	156             	99.5706     	0.246	97.625	104.625	100.075	1.78614 
32         	108.452         	968         	969        	139            	153             	99.4462     	0.242	97.5  	104.875	100.023	1.83656 
35         	108.273         	965         	966        	142            	148             	99.2197     	0.237	97.375	104.625	99.9759	1.93242 
End Time (hh:mm:ss.ms) 2023-07-17 21:23:50.921630
Total Time (hh:mm:ss.ms) 0:00:11.303000
Individual: ([10, 14, 6, 5, 19, 12, 2, 13, 8, 0, 1, 3, 15, 7, 16, 18, 17, 9, 20, 4, 11], [0, 1, 0, 1, 0, 1, 1, 1, 1, 1, 0, 0, 0, 1, 1, 1, 1, 0, 0, 1, 0])
Fitness:  97.375
Gens:  [0, 1, 2, 3, 4, 5, 6, 7, 8, 9, 10, 11, 12, 13, 14, 15, 16, 17, 18, 19, 20, 21, 22, 23, 24, 25, 26, 27, 28, 29, 30, 31, 32, 33, 34, 35, 36, 37, 38, 39, 40, 41, 42, 43, 44, 45, 46, 47, 48, 49, 50, 51, 52, 53, 54, 55, 56, 57, 58, 59, 60, 61, 62, 63, 64, 65, 66, 67, 68, 69, 70, 71, 72, 73, 74, 75, 76, 77, 78, 79, 80, 81, 82, 83, 84, 85, 86, 87, 88, 89, 90, 91, 92, 93, 94, 95, 96, 97, 98, 99, 100, 101, 102, 103, 104, 105, 106, 107, 108, 109]
Inds:  [100.75, 100.75, 99.875, 99.125, 99.125, 99.125, 99.125, 99.125, 99.125, 99.125, 98.875, 98.875, 98.875, 98.875, 98.875, 98.875, 98.875, 98.5, 98.375, 98.375, 98.25, 98.25, 98.125, 98.0, 97.875, 97.875, 97.875, 97.875, 97.875, 97.875, 97.625, 97.625, 97.5, 97.5, 97.5, 97.375, 97.375, 97.375, 97.375, 97.375, 97.375, 97.375, 97.375, 97.375, 97.375, 97.375, 97.375, 97.375, 97.375, 97.375, 97.375, 97.375, 97.375, 97.375, 97.375, 97.375, 97.375, 97.375, 97.375, 97.375, 97.375, 97.375, 97.375, 97.375, 97.375, 97.375, 97.375, 97.375, 97.375, 97.375, 97.375, 97.375, 97.375, 97.375, 97.375, 97.375, 97.375, 97.375, 97.375, 97.375, 97.375, 97.375, 97.375, 97.375, 97.375, 97.375, 97.375, 97.375, 97.375, 97.375, 97.375, 97.375, 97.375, 97.375, 97.375, 97.375, 97.375, 97.375, 97.375, 97.375, 97.375, 97.375, 97.375, 97.375, 97.375, 97.375, 97.375, 97.375, 97.375, 97.375]

Execution 4:
Parameters: Y=0.999
Start Time (hh:mm:ss.ms) 2023-07-17 21:23:51.765631
generations	MaxGenenerations	Populationk1	Populationk	PopulationElite	PopulationMutant	fitnessElite	alpha	min	max	avg    	std     
0          	0               	0           	0          	0              	0               	0           	0    	101	105	103.089	0.651669
1          	112.188         	999         	1000       	100            	200             	102.2       	0.3  	100.625	104.25	102.702	0.661269
2          	111.687         	998         	999        	102            	199             	101.706     	0.298	100.125	105.125	102.524	0.760198
6          	111.174         	994         	995        	107            	193             	101.435     	0.291	100    	104.5  	102.21 	0.923352
7          	111.021         	993         	994        	108            	191             	101.301     	0.289	99.5   	104.75 	102.063	0.958973
13         	110.466         	987         	988        	115            	182             	100.891     	0.278	99.125 	104.75 	101.645	1.13206 
15         	110.077         	985         	986        	118            	179             	100.669     	0.274	99     	104.5  	101.434	1.16166 
16         	109.911         	984         	985        	119            	177             	100.5       	0.272	98.875 	104.5  	101.427	1.21533 
19         	109.759         	981         	982        	123            	173             	100.345     	0.267	98.625 	104.5  	101.152	1.32206 
22         	109.481         	978         	979        	126            	168             	100.129     	0.261	98.375 	105    	100.879	1.46703 
23         	109.272         	977         	978        	128            	166             	100.096     	0.259	98.25  	104.625	100.749	1.50948 
25         	109.106         	975         	976        	130            	163             	99.914      	0.256	98     	104.625	100.568	1.56588 
28         	108.787         	972         	973        	134            	159             	99.5961     	0.250	97.75  	104.75 	100.295	1.71061 
33         	108.551         	967         	968        	140            	151             	99.4373     	0.241	97.625 	104.875	100.056	1.94956 
39         	108.425         	961         	962        	147            	142             	99.2918     	0.229	97.5   	104.375	99.8468	2.01743 
50         	108.246         	950         	951        	160            	126             	98.9663     	0.209	97.375 	104.75 	99.4957	2.06473 
End Time (hh:mm:ss.ms) 2023-07-17 21:24:03.827631
Total Time (hh:mm:ss.ms) 0:00:12.062000
Individual: ([10, 2, 15, 0, 9, 8, 6, 3, 1, 4, 20, 17, 18, 16, 13, 7, 5, 19, 12, 14, 11], [0, 1, 1, 1, 0, 1, 1, 1, 1, 1, 1, 0, 0, 0, 0, 0, 1, 0, 1, 0, 0])
Fitness:  97.375
Gens:  [0, 1, 2, 3, 4, 5, 6, 7, 8, 9, 10, 11, 12, 13, 14, 15, 16, 17, 18, 19, 20, 21, 22, 23, 24, 25, 26, 27, 28, 29, 30, 31, 32, 33, 34, 35, 36, 37, 38, 39, 40, 41, 42, 43, 44, 45, 46, 47, 48, 49, 50, 51, 52, 53, 54, 55, 56, 57, 58, 59, 60, 61, 62, 63, 64, 65, 66, 67, 68, 69, 70, 71, 72, 73, 74, 75, 76, 77, 78, 79, 80, 81, 82, 83, 84, 85, 86, 87, 88, 89, 90, 91, 92, 93, 94, 95, 96, 97, 98, 99, 100, 101, 102, 103, 104, 105, 106, 107, 108, 109]
Inds:  [101.0, 100.625, 100.125, 100.125, 100.125, 100.125, 100.0, 99.5, 99.5, 99.5, 99.5, 99.5, 99.5, 99.125, 99.125, 99.0, 98.875, 98.875, 98.875, 98.625, 98.625, 98.625, 98.375, 98.25, 98.25, 98.0, 98.0, 98.0, 97.75, 97.75, 97.75, 97.75, 97.75, 97.625, 97.625, 97.625, 97.625, 97.625, 97.625, 97.5, 97.5, 97.5, 97.5, 97.5, 97.5, 97.5, 97.5, 97.5, 97.5, 97.5, 97.375, 97.375, 97.375, 97.375, 97.375, 97.375, 97.375, 97.375, 97.375, 97.375, 97.375, 97.375, 97.375, 97.375, 97.375, 97.375, 97.375, 97.375, 97.375, 97.375, 97.375, 97.375, 97.375, 97.375, 97.375, 97.375, 97.375, 97.375, 97.375, 97.375, 97.375, 97.375, 97.375, 97.375, 97.375, 97.375, 97.375, 97.375, 97.375, 97.375, 97.375, 97.375, 97.375, 97.375, 97.375, 97.375, 97.375, 97.375, 97.375, 97.375, 97.375, 97.375, 97.375, 97.375, 97.375, 97.375, 97.375, 97.375, 97.375, 97.375]

Execution 5:
Parameters: Y=0.999
Start Time (hh:mm:ss.ms) 2023-07-17 21:24:04.711628
generations	MaxGenenerations	Populationk1	Populationk	PopulationElite	PopulationMutant	fitnessElite	alpha	min    	max	avg    	std     
0          	0               	0           	0          	0              	0               	0           	0    	100.625	105	103.116	0.650271
1          	111.771         	999         	1000       	100            	200             	101.938     	0.3  	100.5  	104.875	102.636	0.730797
2          	111.618         	998         	999        	102            	199             	101.805     	0.298	100.25 	104.5  	102.393	0.7901  
3          	111.299         	997         	998        	103            	197             	101.51      	0.296	100.125	104.625	102.289	0.842086
4          	111.174         	996         	997        	104            	196             	101.451     	0.294	99.875 	104.375	102.2  	0.862967
7          	110.869         	993         	994        	108            	191             	101.176     	0.289	99.75  	104.5  	102.083	0.964109
9          	110.785         	991         	992        	110            	188             	101.213     	0.285	99.625 	104.625	101.944	1.00072 
10         	110.619         	990         	991        	112            	186             	101.044     	0.283	99.5   	104.625	101.884	1.02828 
11         	110.48          	989         	990        	113            	185             	100.945     	0.281	99.125 	104.875	101.839	1.06421 
13         	110.077         	987         	988        	115            	182             	100.69      	0.278	99     	104.875	101.709	1.0974  
21         	109.925         	979         	980        	125            	170             	100.483     	0.263	98.375 	104.875	101.253	1.28491 
24         	109.231         	976         	977        	129            	165             	99.9868     	0.257	98.25  	105.125	100.928	1.38917 
25         	109.147         	975         	976        	130            	163             	100.01      	0.256	98.125 	105.125	100.836	1.44408 
28         	108.994         	972         	973        	134            	159             	99.8469     	0.250	97.75  	104.875	100.494	1.55445 
32         	108.537         	968         	969        	139            	153             	99.4198     	0.242	97.625 	104.75 	100.218	1.70852 
35         	108.412         	965         	966        	142            	148             	99.3156     	0.237	97.5   	104.375	100.034	1.752   
38         	108.273         	962         	963        	146            	144             	99.1795     	0.231	97.375 	104.625	99.9553	1.81377 
42         	108.094         	958         	959        	151            	138             	98.944      	0.224	97.25  	104.625	99.664 	1.86586 
51         	107.995         	949         	950        	161            	124             	98.8055     	0.207	97.125 	104.75 	99.4465	1.97916 
54         	107.843         	946         	947        	165            	120             	98.6378     	0.201	97     	104.625	99.3377	2.01573 
84         	107.677         	916         	917        	198            	78              	98.0755     	0.145	96.875 	104.375	98.5446	1.95562 
End Time (hh:mm:ss.ms) 2023-07-17 21:24:16.437629
Total Time (hh:mm:ss.ms) 0:00:11.726001
Individual: ([11, 1, 4, 5, 3, 20, 0, 8, 13, 9, 17, 18, 16, 7, 6, 15, 2, 14, 19, 12, 10], [1, 1, 1, 1, 1, 1, 0, 0, 1, 1, 0, 0, 0, 0, 0, 0, 0, 0, 0, 1, 1])
Fitness:  96.875
Gens:  [0, 1, 2, 3, 4, 5, 6, 7, 8, 9, 10, 11, 12, 13, 14, 15, 16, 17, 18, 19, 20, 21, 22, 23, 24, 25, 26, 27, 28, 29, 30, 31, 32, 33, 34, 35, 36, 37, 38, 39, 40, 41, 42, 43, 44, 45, 46, 47, 48, 49, 50, 51, 52, 53, 54, 55, 56, 57, 58, 59, 60, 61, 62, 63, 64, 65, 66, 67, 68, 69, 70, 71, 72, 73, 74, 75, 76, 77, 78, 79, 80, 81, 82, 83, 84, 85, 86, 87, 88, 89, 90, 91, 92, 93, 94, 95, 96, 97, 98, 99, 100, 101, 102, 103, 104, 105, 106, 107, 108]
Inds:  [100.625, 100.5, 100.25, 100.125, 99.875, 99.875, 99.875, 99.75, 99.75, 99.625, 99.5, 99.125, 99.125, 99.0, 99.0, 99.0, 99.0, 99.0, 99.0, 99.0, 99.0, 98.375, 98.375, 98.375, 98.25, 98.125, 98.125, 98.125, 97.75, 97.75, 97.75, 97.75, 97.625, 97.625, 97.625, 97.5, 97.5, 97.5, 97.375, 97.375, 97.375, 97.375, 97.25, 97.25, 97.25, 97.25, 97.25, 97.25, 97.25, 97.25, 97.25, 97.125, 97.125, 97.125, 97.0, 97.0, 97.0, 97.0, 97.0, 97.0, 97.0, 97.0, 97.0, 97.0, 97.0, 97.0, 97.0, 97.0, 97.0, 97.0, 97.0, 97.0, 97.0, 97.0, 97.0, 97.0, 97.0, 97.0, 97.0, 97.0, 97.0, 97.0, 97.0, 97.0, 96.875, 96.875, 96.875, 96.875, 96.875, 96.875, 96.875, 96.875, 96.875, 96.875, 96.875, 96.875, 96.875, 96.875, 96.875, 96.875, 96.875, 96.875, 96.875, 96.875, 96.875, 96.875, 96.875, 96.875, 96.875]

Execution 6:
Parameters: Y=0.999
Start Time (hh:mm:ss.ms) 2023-07-17 21:24:17.235630
generations	MaxGenenerations	Populationk1	Populationk	PopulationElite	PopulationMutant	fitnessElite	alpha	min   	max   	avg    	std     
0          	0               	0           	0          	0              	0               	0           	0    	100.75	104.75	103.095	0.670999
1          	111.882         	999         	1000       	100            	200             	101.95      	0.3  	100.5 	104.625	102.612	0.746442
2          	111.59          	998         	999        	102            	199             	101.73      	0.298	100.25	104.625	102.477	0.79823 
5          	111.313         	995         	996        	105            	194             	101.531     	0.292	99.5  	104.875	102.116	0.934629
8          	110.508         	992         	993        	109            	189             	101.044     	0.287	99.25 	104.75 	101.848	1.04183 
10         	110.23          	990         	991        	112            	186             	100.846     	0.283	99.125	104.5  	101.659	1.09755 
12         	110.119         	988         	989        	114            	183             	100.805     	0.280	98.625	105.125	101.454	1.17829 
15         	109.522         	985         	986        	118            	179             	100.306     	0.274	98.5  	104.75 	101.098	1.31341 
16         	109.383         	984         	985        	119            	177             	100.204     	0.272	98.375	104.875	100.998	1.37972 
21         	109.286         	979         	980        	125            	169             	100.153     	0.263	98.125	104.75 	100.589	1.5324  
22         	108.967         	978         	979        	127            	168             	99.8571     	0.261	97.875	104.875	100.498	1.59532 
26         	108.689         	974         	975        	132            	162             	99.6212     	0.253	97.75 	105.25 	100.192	1.69918 
28         	108.537         	972         	973        	134            	159             	99.4705     	0.250	97.5  	104.375	100.098	1.73741 
29         	108.232         	971         	972        	135            	157             	99.2068     	0.248	97.375	104.5  	99.9501	1.77413 
32         	108.161         	968         	969        	139            	152             	99.2254     	0.242	97.25 	104.5  	99.8209	1.85926 
43         	107.995         	957         	958        	152            	136             	98.9166     	0.222	97.125	104.75 	99.4323	2.00936 
56         	107.816         	944         	945        	167            	117             	98.5603     	0.197	97    	104.25 	99.084 	2.07328 
End Time (hh:mm:ss.ms) 2023-07-17 21:24:29.541863
Total Time (hh:mm:ss.ms) 0:00:12.306233
Individual: ([11, 3, 5, 4, 0, 15, 6, 19, 12, 1, 20, 17, 18, 16, 8, 9, 13, 7, 2, 14, 10], [1, 0, 0, 1, 0, 0, 1, 1, 1, 1, 1, 0, 0, 0, 1, 0, 0, 0, 0, 0, 1])
Fitness:  97.0
Gens:  [0, 1, 2, 3, 4, 5, 6, 7, 8, 9, 10, 11, 12, 13, 14, 15, 16, 17, 18, 19, 20, 21, 22, 23, 24, 25, 26, 27, 28, 29, 30, 31, 32, 33, 34, 35, 36, 37, 38, 39, 40, 41, 42, 43, 44, 45, 46, 47, 48, 49, 50, 51, 52, 53, 54, 55, 56, 57, 58, 59, 60, 61, 62, 63, 64, 65, 66, 67, 68, 69, 70, 71, 72, 73, 74, 75, 76, 77, 78, 79, 80, 81, 82, 83, 84, 85, 86, 87, 88, 89, 90, 91, 92, 93, 94, 95, 96, 97, 98, 99, 100, 101, 102, 103, 104, 105, 106, 107, 108]
Inds:  [100.75, 100.5, 100.25, 100.25, 100.25, 99.5, 99.5, 99.5, 99.25, 99.25, 99.125, 99.125, 98.625, 98.625, 98.625, 98.5, 98.375, 98.375, 98.375, 98.375, 98.375, 98.125, 97.875, 97.875, 97.875, 97.875, 97.75, 97.75, 97.5, 97.375, 97.375, 97.375, 97.25, 97.25, 97.25, 97.25, 97.25, 97.25, 97.25, 97.25, 97.25, 97.25, 97.25, 97.125, 97.125, 97.125, 97.125, 97.125, 97.125, 97.125, 97.125, 97.125, 97.125, 97.125, 97.125, 97.125, 97.0, 97.0, 97.0, 97.0, 97.0, 97.0, 97.0, 97.0, 97.0, 97.0, 97.0, 97.0, 97.0, 97.0, 97.0, 97.0, 97.0, 97.0, 97.0, 97.0, 97.0, 97.0, 97.0, 97.0, 97.0, 97.0, 97.0, 97.0, 97.0, 97.0, 97.0, 97.0, 97.0, 97.0, 97.0, 97.0, 97.0, 97.0, 97.0, 97.0, 97.0, 97.0, 97.0, 97.0, 97.0, 97.0, 97.0, 97.0, 97.0, 97.0, 97.0, 97.0, 97.0]

Execution 7:
Parameters: Y=0.999
Start Time (hh:mm:ss.ms) 2023-07-17 21:24:30.531150
generations	MaxGenenerations	Populationk1	Populationk	PopulationElite	PopulationMutant	fitnessElite	alpha	min    	max    	avg    	std     
0          	0               	0           	0          	0              	0               	0           	0    	101.125	105.125	103.096	0.678361
1          	112.341         	999         	1000       	100            	200             	102.325     	0.3  	100.875	105    	102.701	0.694962
2          	112.049         	998         	999        	102            	199             	102.105     	0.298	100.125	104.625	102.575	0.756397
3          	111.174         	997         	998        	103            	197             	101.459     	0.296	100    	104.5  	102.387	0.790533
8          	111.035         	992         	993        	109            	190             	101.329     	0.287	99.75  	104.5  	101.799	1.01163 
9          	110.744         	991         	992        	110            	188             	101.106     	0.285	99     	104.875	101.755	1.07655 
13         	109.952         	987         	988        	115            	182             	100.634     	0.278	98.75  	104.625	101.303	1.27617 
14         	109.647         	986         	987        	117            	180             	100.373     	0.276	98.625 	105    	101.163	1.30693 
15         	109.55          	985         	986        	118            	179             	100.375     	0.274	98.5   	104.75 	101.08 	1.39785 
19         	109.37          	981         	982        	123            	172             	100.136     	0.267	98.375 	104.5  	100.779	1.5333  
20         	109.217         	980         	981        	124            	171             	99.9994     	0.265	98.25  	104.625	100.643	1.54542 
21         	109.092         	979         	980        	125            	169             	99.9288     	0.263	98     	104.75 	100.547	1.55292 
24         	108.801         	976         	977        	129            	165             	99.6752     	0.257	97.75  	104.625	100.369	1.6306  
33         	108.564         	967         	968        	140            	151             	99.4675     	0.241	97.625 	104.5  	99.8541	1.85838 
35         	108.398         	965         	966        	142            	148             	99.2859     	0.237	97.5   	104.5  	99.8838	1.86997 
36         	108.246         	964         	965        	144            	147             	99.1473     	0.235	97.375 	104.625	99.8894	1.86625 
52         	108.161         	948         	949        	162            	123             	98.9434     	0.205	97.25  	104.625	99.437 	2.01771 
End Time (hh:mm:ss.ms) 2023-07-17 21:24:42.119466
Total Time (hh:mm:ss.ms) 0:00:11.588316
Individual: ([10, 14, 12, 19, 3, 1, 4, 5, 2, 15, 6, 20, 9, 17, 18, 16, 7, 13, 8, 0, 11], [0, 1, 0, 1, 1, 1, 1, 1, 1, 1, 1, 1, 1, 0, 0, 0, 0, 1, 1, 1, 0])
Fitness:  97.25
Gens:  [0, 1, 2, 3, 4, 5, 6, 7, 8, 9, 10, 11, 12, 13, 14, 15, 16, 17, 18, 19, 20, 21, 22, 23, 24, 25, 26, 27, 28, 29, 30, 31, 32, 33, 34, 35, 36, 37, 38, 39, 40, 41, 42, 43, 44, 45, 46, 47, 48, 49, 50, 51, 52, 53, 54, 55, 56, 57, 58, 59, 60, 61, 62, 63, 64, 65, 66, 67, 68, 69, 70, 71, 72, 73, 74, 75, 76, 77, 78, 79, 80, 81, 82, 83, 84, 85, 86, 87, 88, 89, 90, 91, 92, 93, 94, 95, 96, 97, 98, 99, 100, 101, 102, 103, 104, 105, 106, 107, 108]
Inds:  [101.125, 100.875, 100.125, 100.0, 100.0, 100.0, 100.0, 100.0, 99.75, 99.0, 99.0, 99.0, 99.0, 98.75, 98.625, 98.5, 98.5, 98.5, 98.5, 98.375, 98.25, 98.0, 98.0, 98.0, 97.75, 97.75, 97.75, 97.75, 97.75, 97.75, 97.75, 97.75, 97.75, 97.625, 97.625, 97.5, 97.375, 97.375, 97.375, 97.375, 97.375, 97.375, 97.375, 97.375, 97.375, 97.375, 97.375, 97.375, 97.375, 97.375, 97.375, 97.375, 97.25, 97.25, 97.25, 97.25, 97.25, 97.25, 97.25, 97.25, 97.25, 97.25, 97.25, 97.25, 97.25, 97.25, 97.25, 97.25, 97.25, 97.25, 97.25, 97.25, 97.25, 97.25, 97.25, 97.25, 97.25, 97.25, 97.25, 97.25, 97.25, 97.25, 97.25, 97.25, 97.25, 97.25, 97.25, 97.25, 97.25, 97.25, 97.25, 97.25, 97.25, 97.25, 97.25, 97.25, 97.25, 97.25, 97.25, 97.25, 97.25, 97.25, 97.25, 97.25, 97.25, 97.25, 97.25, 97.25, 97.25]

Execution 8:
Parameters: Y=0.999
Start Time (hh:mm:ss.ms) 2023-07-17 21:24:42.901428
generations	MaxGenenerations	Populationk1	Populationk	PopulationElite	PopulationMutant	fitnessElite	alpha	min	max    	avg    	std     
0          	0               	0           	0          	0              	0               	0           	0    	101	104.875	103.107	0.630476
1          	112.174         	999         	1000       	100            	200             	102.162     	0.3  	100.5	104.625	102.712	0.706238
2          	111.59          	998         	999        	102            	199             	101.73      	0.298	100  	104.625	102.474	0.790746
5          	111.035         	995         	996        	105            	194             	101.354     	0.292	99.625	104.5  	102.161	0.894889
10         	110.633         	990         	991        	112            	186             	101.079     	0.283	99.5  	104.75 	101.908	1.04552 
15         	110.466         	985         	986        	118            	179             	100.873     	0.274	99.25 	104.625	101.561	1.13883 
16         	110.202         	984         	985        	119            	177             	100.716     	0.272	99.125	104.875	101.538	1.13825 
18         	110.077         	982         	983        	121            	174             	100.639     	0.269	99    	105    	101.377	1.20149 
19         	109.966         	981         	982        	123            	173             	100.604     	0.267	98.625	104.375	101.242	1.20184 
25         	109.536         	975         	976        	130            	163             	100.226     	0.256	98.5  	104.5  	100.758	1.45592 
26         	109.356         	974         	975        	131            	162             	100.026     	0.254	98.125	104.625	100.647	1.49311 
28         	108.967         	972         	973        	134            	159             	99.7842     	0.250	98    	104.75 	100.471	1.50428 
35         	108.801         	965         	966        	142            	148             	99.5438     	0.237	97.75 	104.625	100.108	1.66786 
39         	108.537         	961         	962        	147            	142             	99.3311     	0.229	97.625	104.25 	99.8903	1.7145  
40         	108.357         	960         	961        	148            	141             	99.1356     	0.228	97.375	104.625	99.8098	1.77637 
42         	108.107         	958         	959        	151            	138             	98.9721     	0.224	97.25 	104.875	99.7385	1.81531 
43         	108.009         	957         	958        	152            	136             	98.9445     	0.222	97    	104.375	99.6383	1.85238 
67         	107.691         	933         	934        	180            	101             	98.3307     	0.177	96.875	104.375	98.7882	2.0595  
End Time (hh:mm:ss.ms) 2023-07-17 21:24:54.387840
Total Time (hh:mm:ss.ms) 0:00:11.486412
Individual: ([10, 14, 2, 19, 5, 4, 1, 20, 0, 8, 9, 17, 18, 16, 13, 7, 15, 6, 12, 3, 11], [0, 1, 1, 1, 0, 0, 1, 1, 0, 0, 1, 0, 0, 0, 0, 0, 1, 1, 1, 1, 0])
Fitness:  96.875
Gens:  [0, 1, 2, 3, 4, 5, 6, 7, 8, 9, 10, 11, 12, 13, 14, 15, 16, 17, 18, 19, 20, 21, 22, 23, 24, 25, 26, 27, 28, 29, 30, 31, 32, 33, 34, 35, 36, 37, 38, 39, 40, 41, 42, 43, 44, 45, 46, 47, 48, 49, 50, 51, 52, 53, 54, 55, 56, 57, 58, 59, 60, 61, 62, 63, 64, 65, 66, 67, 68, 69, 70, 71, 72, 73, 74, 75, 76, 77, 78, 79, 80, 81, 82, 83, 84, 85, 86, 87, 88, 89, 90, 91, 92, 93, 94, 95, 96, 97, 98, 99, 100, 101, 102, 103, 104, 105, 106, 107, 108]
Inds:  [101.0, 100.5, 100.0, 100.0, 100.0, 99.625, 99.625, 99.625, 99.625, 99.625, 99.5, 99.5, 99.5, 99.5, 99.5, 99.25, 99.125, 99.125, 99.0, 98.625, 98.625, 98.625, 98.625, 98.625, 98.625, 98.5, 98.125, 98.125, 98.0, 98.0, 98.0, 98.0, 98.0, 98.0, 98.0, 97.75, 97.75, 97.75, 97.75, 97.625, 97.375, 97.375, 97.25, 97.0, 97.0, 97.0, 97.0, 97.0, 97.0, 97.0, 97.0, 97.0, 97.0, 97.0, 97.0, 97.0, 97.0, 97.0, 97.0, 97.0, 97.0, 97.0, 97.0, 97.0, 97.0, 97.0, 97.0, 96.875, 96.875, 96.875, 96.875, 96.875, 96.875, 96.875, 96.875, 96.875, 96.875, 96.875, 96.875, 96.875, 96.875, 96.875, 96.875, 96.875, 96.875, 96.875, 96.875, 96.875, 96.875, 96.875, 96.875, 96.875, 96.875, 96.875, 96.875, 96.875, 96.875, 96.875, 96.875, 96.875, 96.875, 96.875, 96.875, 96.875, 96.875, 96.875, 96.875, 96.875, 96.875]

Execution 9:
Parameters: Y=0.999
Start Time (hh:mm:ss.ms) 2023-07-17 21:24:55.190839
generations	MaxGenenerations	Populationk1	Populationk	PopulationElite	PopulationMutant	fitnessElite	alpha	min    	max	avg    	std     
0          	0               	0           	0          	0              	0               	0           	0    	100.875	105	103.151	0.636552
1          	112.049         	999         	1000       	100            	200             	102.112     	0.3  	100.625	104.75	102.636	0.716732
2          	111.743         	998         	999        	102            	199             	101.855     	0.298	100.125	104.25	102.488	0.777682
4          	111.174         	996         	997        	104            	196             	101.451     	0.294	99.875 	104.5  	102.222	0.878067
10         	110.896         	990         	991        	112            	186             	101.223     	0.283	99.75  	104.875	101.892	1.04021 
11         	110.785         	989         	990        	113            	185             	101.195     	0.281	99.125 	104.75 	101.815	1.05361 
14         	110.064         	986         	987        	117            	180             	100.645     	0.276	99     	104.625	101.593	1.12424 
18         	109.966         	982         	983        	121            	174             	100.614     	0.269	98.625 	104.5  	101.31 	1.23146 
20         	109.508         	980         	981        	124            	171             	100.217     	0.265	98.5   	105    	101.154	1.30166 
23         	109.383         	977         	978        	128            	166             	100.124     	0.259	98.375 	104.75 	100.847	1.41836 
25         	109.231         	975         	976        	130            	163             	99.9754     	0.256	98.125 	104.75 	100.631	1.50834 
27         	108.953         	973         	974        	133            	160             	99.7648     	0.252	98     	104.625	100.497	1.59167 
28         	108.815         	972         	973        	134            	159             	99.6587     	0.250	97.625 	104.625	100.402	1.63241 
34         	108.385         	966         	967        	141            	150             	99.2689     	0.239	97.5   	104.875	99.975 	1.80553 
36         	108.246         	964         	965        	144            	147             	99.1473     	0.235	97.375 	104.5  	99.8139	1.82394 
37         	108.107         	963         	964        	145            	145             	99.038      	0.233	97.25  	104.625	99.8275	1.85146 
41         	107.982         	959         	960        	150            	139             	98.9161     	0.225	97.125 	104.625	99.5426	1.89407 
47         	107.816         	953         	954        	157            	130             	98.6814     	0.214	97     	104.625	99.2692	1.99592 
48         	107.704         	952         	953        	158            	129             	98.622      	0.212	96.875 	104.625	99.1505	2.03338 
End Time (hh:mm:ss.ms) 2023-07-17 21:25:07.376033
Total Time (hh:mm:ss.ms) 0:00:12.185194
Individual: ([10, 12, 19, 14, 2, 7, 13, 16, 18, 17, 20, 9, 8, 6, 15, 0, 4, 1, 5, 3, 11], [0, 0, 1, 1, 1, 1, 1, 1, 1, 1, 0, 0, 1, 1, 1, 1, 0, 0, 1, 1, 0])
Fitness:  96.875
Gens:  [0, 1, 2, 3, 4, 5, 6, 7, 8, 9, 10, 11, 12, 13, 14, 15, 16, 17, 18, 19, 20, 21, 22, 23, 24, 25, 26, 27, 28, 29, 30, 31, 32, 33, 34, 35, 36, 37, 38, 39, 40, 41, 42, 43, 44, 45, 46, 47, 48, 49, 50, 51, 52, 53, 54, 55, 56, 57, 58, 59, 60, 61, 62, 63, 64, 65, 66, 67, 68, 69, 70, 71, 72, 73, 74, 75, 76, 77, 78, 79, 80, 81, 82, 83, 84, 85, 86, 87, 88, 89, 90, 91, 92, 93, 94, 95, 96, 97, 98, 99, 100, 101, 102, 103, 104, 105, 106, 107, 108]
Inds:  [100.875, 100.625, 100.125, 100.125, 99.875, 99.875, 99.875, 99.875, 99.875, 99.875, 99.75, 99.125, 99.125, 99.125, 99.0, 99.0, 99.0, 99.0, 98.625, 98.625, 98.5, 98.5, 98.5, 98.375, 98.375, 98.125, 98.125, 98.0, 97.625, 97.625, 97.625, 97.625, 97.625, 97.625, 97.5, 97.5, 97.375, 97.25, 97.25, 97.25, 97.25, 97.125, 97.125, 97.125, 97.125, 97.125, 97.125, 97.0, 96.875, 96.875, 96.875, 96.875, 96.875, 96.875, 96.875, 96.875, 96.875, 96.875, 96.875, 96.875, 96.875, 96.875, 96.875, 96.875, 96.875, 96.875, 96.875, 96.875, 96.875, 96.875, 96.875, 96.875, 96.875, 96.875, 96.875, 96.875, 96.875, 96.875, 96.875, 96.875, 96.875, 96.875, 96.875, 96.875, 96.875, 96.875, 96.875, 96.875, 96.875, 96.875, 96.875, 96.875, 96.875, 96.875, 96.875, 96.875, 96.875, 96.875, 96.875, 96.875, 96.875, 96.875, 96.875, 96.875, 96.875, 96.875, 96.875, 96.875, 96.875]

Execution 10:
Parameters: Y=0.999
Start Time (hh:mm:ss.ms) 2023-07-17 21:25:08.264031
generations	MaxGenenerations	Populationk1	Populationk	PopulationElite	PopulationMutant	fitnessElite	alpha	min  	max    	avg    	std     
0          	0               	0           	0          	0              	0               	0           	0    	100.5	104.875	103.126	0.678946
2          	111.632         	998         	999        	102            	199             	101.842     	0.298	100  	104.875	102.451	0.844125
4          	111.035         	996         	997        	104            	196             	101.363     	0.294	99.625	104.625	102.159	0.891822
6          	110.619         	994         	995        	107            	193             	101.08      	0.290	99    	104.75 	102.04 	0.955037
16         	109.925         	984         	985        	119            	177             	100.534     	0.272	98.875	104.25 	101.333	1.27766 
17         	109.745         	983         	984        	120            	176             	100.331     	0.270	98.75 	104.75 	101.205	1.3441  
19         	109.647         	981         	982        	123            	173             	100.32      	0.267	98.625	104.625	100.911	1.42967 
20         	109.508         	980         	981        	124            	171             	100.217     	0.265	98.375	104.75 	100.831	1.49385 
23         	109.231         	977         	978        	128            	166             	99.9982     	0.259	98    	104.75 	100.553	1.60363 
28         	108.815         	972         	973        	134            	159             	99.6587     	0.250	97.875	105    	100.297	1.72029 
33         	108.689         	967         	968        	140            	151             	99.5327     	0.241	97.75 	104.625	100.072	1.7873  
39         	108.578         	961         	962        	147            	142             	99.4175     	0.230	97.625	104.75 	99.9382	1.82466 
47         	108.398         	953         	954        	156            	130             	99.1309     	0.215	97.5  	104.5  	99.6598	1.9818  
63         	108.246         	937         	938        	175            	107             	98.7981     	0.185	97.375	104.625	99.2504	1.95545 
End Time (hh:mm:ss.ms) 2023-07-17 21:25:19.911691
Total Time (hh:mm:ss.ms) 0:00:11.647660
Individual: ([10, 12, 14, 2, 19, 20, 17, 9, 13, 16, 18, 15, 8, 7, 6, 0, 4, 1, 5, 3, 11], [0, 0, 1, 1, 1, 1, 0, 0, 0, 1, 1, 1, 0, 0, 0, 1, 0, 0, 1, 1, 0])
Fitness:  97.375
Gens:  [0, 1, 2, 3, 4, 5, 6, 7, 8, 9, 10, 11, 12, 13, 14, 15, 16, 17, 18, 19, 20, 21, 22, 23, 24, 25, 26, 27, 28, 29, 30, 31, 32, 33, 34, 35, 36, 37, 38, 39, 40, 41, 42, 43, 44, 45, 46, 47, 48, 49, 50, 51, 52, 53, 54, 55, 56, 57, 58, 59, 60, 61, 62, 63, 64, 65, 66, 67, 68, 69, 70, 71, 72, 73, 74, 75, 76, 77, 78, 79, 80, 81, 82, 83, 84, 85, 86, 87, 88, 89, 90, 91, 92, 93, 94, 95, 96, 97, 98, 99, 100, 101, 102, 103, 104, 105, 106, 107, 108, 109]
Inds:  [100.5, 100.5, 100.0, 100.0, 99.625, 99.625, 99.0, 99.0, 99.0, 99.0, 99.0, 99.0, 99.0, 99.0, 99.0, 99.0, 98.875, 98.75, 98.75, 98.625, 98.375, 98.375, 98.375, 98.0, 98.0, 98.0, 98.0, 98.0, 97.875, 97.875, 97.875, 97.875, 97.875, 97.75, 97.75, 97.75, 97.75, 97.75, 97.75, 97.625, 97.625, 97.625, 97.625, 97.625, 97.625, 97.625, 97.625, 97.5, 97.5, 97.5, 97.5, 97.5, 97.5, 97.5, 97.5, 97.5, 97.5, 97.5, 97.5, 97.5, 97.5, 97.5, 97.5, 97.375, 97.375, 97.375, 97.375, 97.375, 97.375, 97.375, 97.375, 97.375, 97.375, 97.375, 97.375, 97.375, 97.375, 97.375, 97.375, 97.375, 97.375, 97.375, 97.375, 97.375, 97.375, 97.375, 97.375, 97.375, 97.375, 97.375, 97.375, 97.375, 97.375, 97.375, 97.375, 97.375, 97.375, 97.375, 97.375, 97.375, 97.375, 97.375, 97.375, 97.375, 97.375, 97.375, 97.375, 97.375, 97.375, 97.375]

