A-BRKGA:

Execution 1:
Parameters: Y=0.999
Start Time (hh:mm:ss.ms) 2023-07-17 21:18:38.535108
generations	MaxGenenerations	Populationk1	Populationk	PopulationElite	PopulationMutant	fitnessElite	alpha	min  	max	avg    	std     
0          	0               	0           	0          	0              	0               	0           	0    	84.75	88 	86.4698	0.514955
1          	92.5501         	999         	1000       	100            	200             	85.725      	0.3  	84.375	88.125	86.1508	0.588559
3          	92.1175         	997         	998        	103            	197             	85.3728     	0.295	84.25 	87.625	85.9282	0.652776
4          	91.9695         	996         	997        	105            	195             	85.2405     	0.293	83.75 	87.625	85.852 	0.687892
5          	91.4237         	995         	996        	107            	193             	84.8786     	0.291	83.625	87.625	85.769 	0.720854
7          	91.2987         	993         	994        	110            	189             	84.8083     	0.286	83.5  	87.5  	85.5905	0.779812
10         	91.1622         	990         	991        	114            	184             	84.6911     	0.280	83.375	87.375	85.3898	0.881999
12         	91.0144         	988         	989        	117            	180             	84.5473     	0.275	83    	87.875	85.2188	0.926319
15         	90.605          	985         	986        	122            	175             	84.2446     	0.269	82.75 	87.625	84.9878	1.01824 
17         	90.3321         	983         	984        	125            	171             	84.0398     	0.264	82.5  	87.75 	84.7809	1.11747 
19         	90.0479         	981         	982        	128            	167             	83.8001     	0.260	82.375	87.875	84.6268	1.18013 
23         	89.934          	977         	978        	134            	160             	83.7245     	0.251	82.25 	87.625	84.3004	1.34371 
29         	89.7975         	971         	972        	143            	149             	83.557      	0.237	82    	87.5  	84.0785	1.53951 
End Time (hh:mm:ss.ms) 2023-07-17 21:18:46.570107
Total Time (hh:mm:ss.ms) 0:00:08.034999
Individual: ([12, 14, 6, 3, 1, 13, 16, 2, 7, 11, 0, 5, 10, 15, 9, 8, 4, 17], [0, 1, 1, 0, 0, 1, 1, 1, 0, 0, 0, 1, 0, 0, 0, 0, 0, 0])
Fitness:  82.0
Gens:  [0, 1, 2, 3, 4, 5, 6, 7, 8, 9, 10, 11, 12, 13, 14, 15, 16, 17, 18, 19, 20, 21, 22, 23, 24, 25, 26, 27, 28, 29, 30, 31, 32, 33, 34, 35, 36, 37, 38, 39, 40, 41, 42, 43, 44, 45, 46, 47, 48, 49, 50, 51, 52, 53, 54, 55, 56, 57, 58, 59, 60, 61, 62, 63, 64, 65, 66, 67, 68, 69, 70, 71, 72, 73, 74, 75, 76, 77, 78, 79, 80, 81, 82, 83, 84, 85, 86, 87, 88, 89, 90]
Inds:  [84.75, 84.375, 84.375, 84.25, 83.75, 83.625, 83.625, 83.5, 83.5, 83.5, 83.375, 83.375, 83.0, 83.0, 83.0, 82.75, 82.75, 82.5, 82.5, 82.375, 82.375, 82.375, 82.375, 82.25, 82.25, 82.25, 82.25, 82.25, 82.25, 82.0, 82.0, 82.0, 82.0, 82.0, 82.0, 82.0, 82.0, 82.0, 82.0, 82.0, 82.0, 82.0, 82.0, 82.0, 82.0, 82.0, 82.0, 82.0, 82.0, 82.0, 82.0, 82.0, 82.0, 82.0, 82.0, 82.0, 82.0, 82.0, 82.0, 82.0, 82.0, 82.0, 82.0, 82.0, 82.0, 82.0, 82.0, 82.0, 82.0, 82.0, 82.0, 82.0, 82.0, 82.0, 82.0, 82.0, 82.0, 82.0, 82.0, 82.0, 82.0, 82.0, 82.0, 82.0, 82.0, 82.0, 82.0, 82.0, 82.0, 82.0, 82.0]

Execution 2:
Parameters: Y=0.999
Start Time (hh:mm:ss.ms) 2023-07-17 21:18:47.323105
generations	MaxGenenerations	Populationk1	Populationk	PopulationElite	PopulationMutant	fitnessElite	alpha	min   	max   	avg    	std    
0          	0               	0           	0          	0              	0               	0           	0    	84.875	87.875	86.4844	0.51662
1          	92.675          	999         	1000       	100            	200             	85.775      	0.3  	84.375	87.625	86.1503	0.558893
2          	92.106          	998         	999        	102            	198             	85.3429     	0.297	84.125	87.625	85.9941	0.612229
4          	91.8561         	996         	997        	105            	195             	85.2255     	0.293	83.625	87.625	85.7948	0.725796
10         	91.2873         	990         	991        	114            	184             	84.7461     	0.280	83.125	87.75 	85.3985	0.859229
12         	90.7415         	988         	989        	117            	180             	84.3659     	0.275	82.875	87.625	85.2004	0.922223
18         	90.4459         	982         	983        	126            	169             	84.0558     	0.262	82.75 	87.5  	84.8024	1.10007 
20         	90.3095         	980         	981        	129            	166             	83.9429     	0.257	82.375	87.75 	84.6306	1.17597 
23         	89.889          	977         	978        	134            	160             	83.5989     	0.251	82.125	87.5  	84.3218	1.2684  
33         	89.661          	967         	968        	149            	142             	83.411      	0.228	81.875	87.5  	83.8926	1.47395 
50         	89.3769         	950         	951        	174            	112             	82.9695     	0.190	81.75 	87.625	83.3149	1.54794 
End Time (hh:mm:ss.ms) 2023-07-17 21:18:55.297107
Total Time (hh:mm:ss.ms) 0:00:07.974002
Individual: ([17, 7, 9, 0, 3, 10, 15, 4, 8, 5, 1, 6, 14, 11, 13, 16, 2, 12], [1, 0, 0, 0, 0, 0, 0, 0, 0, 0, 0, 0, 0, 0, 1, 1, 1, 1])
Fitness:  81.75
Gens:  [0, 1, 2, 3, 4, 5, 6, 7, 8, 9, 10, 11, 12, 13, 14, 15, 16, 17, 18, 19, 20, 21, 22, 23, 24, 25, 26, 27, 28, 29, 30, 31, 32, 33, 34, 35, 36, 37, 38, 39, 40, 41, 42, 43, 44, 45, 46, 47, 48, 49, 50, 51, 52, 53, 54, 55, 56, 57, 58, 59, 60, 61, 62, 63, 64, 65, 66, 67, 68, 69, 70, 71, 72, 73, 74, 75, 76, 77, 78, 79, 80, 81, 82, 83, 84, 85, 86, 87, 88, 89, 90]
Inds:  [84.875, 84.375, 84.125, 84.125, 83.625, 83.625, 83.625, 83.625, 83.625, 83.625, 83.125, 83.125, 82.875, 82.875, 82.875, 82.875, 82.875, 82.875, 82.75, 82.75, 82.375, 82.375, 82.375, 82.125, 82.125, 82.125, 82.125, 82.125, 82.125, 82.125, 82.125, 82.125, 82.125, 81.875, 81.875, 81.875, 81.875, 81.875, 81.875, 81.875, 81.875, 81.875, 81.875, 81.875, 81.875, 81.875, 81.875, 81.875, 81.875, 81.875, 81.75, 81.75, 81.75, 81.75, 81.75, 81.75, 81.75, 81.75, 81.75, 81.75, 81.75, 81.75, 81.75, 81.75, 81.75, 81.75, 81.75, 81.75, 81.75, 81.75, 81.75, 81.75, 81.75, 81.75, 81.75, 81.75, 81.75, 81.75, 81.75, 81.75, 81.75, 81.75, 81.75, 81.75, 81.75, 81.75, 81.75, 81.75, 81.75, 81.75, 81.75]

Execution 3:
Parameters: Y=0.999
Start Time (hh:mm:ss.ms) 2023-07-17 21:18:56.061107
generations	MaxGenenerations	Populationk1	Populationk	PopulationElite	PopulationMutant	fitnessElite	alpha	min  	max   	avg   	std     
0          	0               	0           	0          	0              	0               	0           	0    	84.75	87.875	86.489	0.516119
1          	92.5385         	999         	1000       	100            	200             	85.6875     	0.3  	84.625	87.75 	86.1127	0.55481 
2          	92.3905         	998         	999        	102            	198             	85.5557     	0.297	84    	88    	85.9919	0.62348 
4          	91.7081         	996         	997        	105            	195             	85.1005     	0.293	83.875	87.625	85.792 	0.690566
6          	91.5602         	994         	995        	108            	191             	84.959      	0.289	83.75 	87.5  	85.6512	0.753205
7          	91.4123         	993         	994        	110            	189             	84.8258     	0.286	83.5  	87.75 	85.5334	0.783455
8          	91.1622         	992         	993        	111            	187             	84.7097     	0.284	83.25 	87.875	85.467 	0.842637
12         	90.9006         	988         	989        	117            	180             	84.5256     	0.275	83    	87.5  	85.0125	0.999154
14         	90.5937         	986         	987        	120            	176             	84.2209     	0.271	82.75 	87.75 	84.7439	1.10497 
15         	90.3434         	985         	986        	122            	175             	84.095      	0.269	82.625	87.625	84.6354	1.1588  
21         	90.1956         	979         	980        	131            	164             	83.9033     	0.255	82.5  	88    	84.2849	1.33869 
28         	90.0592         	972         	973        	141            	151             	83.7302     	0.240	82.375	87.625	84.1064	1.39694 
41         	89.934          	959         	960        	160            	128             	83.5094     	0.211	81.875	87.625	83.9442	1.40307 
46         	89.3546         	954         	955        	168            	119             	82.971      	0.199	81.75 	87.5  	83.5954	1.46137 
End Time (hh:mm:ss.ms) 2023-07-17 21:19:04.554109
Total Time (hh:mm:ss.ms) 0:00:08.493002
Individual: ([17, 4, 8, 9, 0, 13, 5, 1, 6, 14, 16, 3, 10, 15, 7, 11, 2, 12], [1, 1, 1, 1, 0, 0, 0, 0, 0, 0, 0, 0, 0, 0, 0, 0, 1, 1])
Fitness:  81.75
Gens:  [0, 1, 2, 3, 4, 5, 6, 7, 8, 9, 10, 11, 12, 13, 14, 15, 16, 17, 18, 19, 20, 21, 22, 23, 24, 25, 26, 27, 28, 29, 30, 31, 32, 33, 34, 35, 36, 37, 38, 39, 40, 41, 42, 43, 44, 45, 46, 47, 48, 49, 50, 51, 52, 53, 54, 55, 56, 57, 58, 59, 60, 61, 62, 63, 64, 65, 66, 67, 68, 69, 70, 71, 72, 73, 74, 75, 76, 77, 78, 79, 80, 81, 82, 83, 84, 85, 86, 87, 88, 89, 90]
Inds:  [84.75, 84.625, 84.0, 84.0, 83.875, 83.875, 83.75, 83.5, 83.25, 83.25, 83.25, 83.25, 83.0, 83.0, 82.75, 82.625, 82.625, 82.625, 82.625, 82.625, 82.625, 82.5, 82.5, 82.5, 82.5, 82.5, 82.5, 82.5, 82.375, 82.375, 82.375, 82.375, 82.375, 82.375, 82.375, 82.375, 82.375, 82.375, 82.375, 82.375, 82.375, 81.875, 81.875, 81.875, 81.875, 81.875, 81.75, 81.75, 81.75, 81.75, 81.75, 81.75, 81.75, 81.75, 81.75, 81.75, 81.75, 81.75, 81.75, 81.75, 81.75, 81.75, 81.75, 81.75, 81.75, 81.75, 81.75, 81.75, 81.75, 81.75, 81.75, 81.75, 81.75, 81.75, 81.75, 81.75, 81.75, 81.75, 81.75, 81.75, 81.75, 81.75, 81.75, 81.75, 81.75, 81.75, 81.75, 81.75, 81.75, 81.75, 81.75]

Execution 4:
Parameters: Y=0.999
Start Time (hh:mm:ss.ms) 2023-07-17 21:19:05.359107
generations	MaxGenenerations	Populationk1	Populationk	PopulationElite	PopulationMutant	fitnessElite	alpha	min  	max	avg    	std     
0          	0               	0           	0          	0              	0               	0           	0    	84.25	88 	86.4829	0.517328
1          	92.0041         	999         	1000       	100            	200             	85.375      	0.3  	84.125	87.625	86.0708	0.60726 
3          	91.8675         	997         	998        	103            	197             	85.2706     	0.295	83.875	87.875	85.8106	0.717656
5          	91.5716         	995         	996        	107            	193             	85.0036     	0.291	83.625	88    	85.6513	0.772456
6          	91.3215         	994         	995        	108            	191             	84.8896     	0.289	83.5  	87.75 	85.5838	0.79491 
9          	91.1508         	991         	992        	113            	186             	84.6651     	0.282	83.125	87.75 	85.4509	0.874056
18         	90.7301         	982         	983        	126            	169             	84.2736     	0.262	82.75 	87.625	85.0144	1.02443 
28         	90.3321         	972         	973        	141            	151             	83.9211     	0.240	82.5  	87.625	84.4635	1.29124 
33         	90.0479         	967         	968        	149            	142             	83.6446     	0.228	82.375	87.5  	84.0624	1.36745 
40         	89.9115         	960         	961        	159            	130             	83.4679     	0.213	82.25 	87.625	83.8846	1.42211 
49         	89.7863         	951         	952        	172            	114             	83.2878     	0.193	82.125	87.625	83.7562	1.43529 
End Time (hh:mm:ss.ms) 2023-07-17 21:19:13.550107
Total Time (hh:mm:ss.ms) 0:00:08.191000
Individual: ([11, 16, 3, 5, 1, 10, 15, 4, 7, 9, 8, 0, 13, 6, 14, 2, 12, 17], [0, 0, 0, 0, 0, 0, 0, 0, 0, 0, 0, 0, 0, 0, 0, 1, 1, 1])
Fitness:  82.125
Gens:  [0, 1, 2, 3, 4, 5, 6, 7, 8, 9, 10, 11, 12, 13, 14, 15, 16, 17, 18, 19, 20, 21, 22, 23, 24, 25, 26, 27, 28, 29, 30, 31, 32, 33, 34, 35, 36, 37, 38, 39, 40, 41, 42, 43, 44, 45, 46, 47, 48, 49, 50, 51, 52, 53, 54, 55, 56, 57, 58, 59, 60, 61, 62, 63, 64, 65, 66, 67, 68, 69, 70, 71, 72, 73, 74, 75, 76, 77, 78, 79, 80, 81, 82, 83, 84, 85, 86, 87, 88, 89, 90]
Inds:  [84.25, 84.125, 84.125, 83.875, 83.875, 83.625, 83.5, 83.5, 83.5, 83.125, 83.125, 83.125, 83.125, 83.125, 83.125, 83.125, 83.125, 83.125, 82.75, 82.75, 82.75, 82.75, 82.75, 82.75, 82.75, 82.75, 82.75, 82.75, 82.5, 82.5, 82.5, 82.5, 82.5, 82.375, 82.375, 82.375, 82.375, 82.375, 82.375, 82.375, 82.25, 82.25, 82.25, 82.25, 82.25, 82.25, 82.25, 82.25, 82.25, 82.125, 82.125, 82.125, 82.125, 82.125, 82.125, 82.125, 82.125, 82.125, 82.125, 82.125, 82.125, 82.125, 82.125, 82.125, 82.125, 82.125, 82.125, 82.125, 82.125, 82.125, 82.125, 82.125, 82.125, 82.125, 82.125, 82.125, 82.125, 82.125, 82.125, 82.125, 82.125, 82.125, 82.125, 82.125, 82.125, 82.125, 82.125, 82.125, 82.125, 82.125, 82.125]

Execution 5:
Parameters: Y=0.999
Start Time (hh:mm:ss.ms) 2023-07-17 21:19:14.324106
generations	MaxGenenerations	Populationk1	Populationk	PopulationElite	PopulationMutant	fitnessElite	alpha	min   	max  	avg    	std     
0          	0               	0           	0          	0              	0               	0           	0    	84.375	87.75	86.4619	0.509748
1          	92.1175         	999         	1000       	100            	200             	85.3875     	0.3  	84.25 	88   	86.1841	0.564543
3          	91.9695         	997         	998        	103            	197             	85.2478     	0.295	84.125	87.75 	85.9033	0.67843 
4          	91.8446         	996         	997        	105            	195             	85.1888     	0.293	83.875	87.625	85.7721	0.707028
6          	91.5716         	994         	995        	108            	191             	84.9952     	0.289	83.75 	87.75 	85.629 	0.77886 
7          	91.4352         	993         	994        	110            	189             	84.8975     	0.286	83.625	87.5  	85.5702	0.786563
9          	91.2873         	991         	992        	113            	186             	84.7549     	0.282	83.125	88    	85.4069	0.849634
17         	90.7415         	983         	984        	125            	171             	84.3163     	0.264	83    	87.625	84.7883	1.06551 
18         	90.605          	982         	983        	126            	169             	84.2139     	0.262	82.875	87.875	84.7363	1.11329 
19         	90.4912         	981         	982        	128            	167             	84.1761     	0.260	82.75 	87.75 	84.7127	1.16423 
24         	90.3434         	976         	977        	135            	158             	83.9954     	0.249	82.625	87.5  	84.3846	1.28085 
26         	90.2069         	974         	975        	138            	155             	83.8784     	0.244	82.5  	87.5  	84.294 	1.27917 
28         	90.0705         	972         	973        	141            	151             	83.7602     	0.240	82.375	87.75 	84.2652	1.34304 
29         	89.934          	971         	972        	143            	149             	83.6528     	0.237	82.25 	87.75 	84.2194	1.33966 
36         	89.7638         	964         	965        	153            	137             	83.3878     	0.222	82.125	87.875	83.897 	1.44012 
38         	89.661          	962         	963        	156            	133             	83.3483     	0.217	82    	88    	83.8666	1.48868 
43         	89.5134         	957         	958        	164            	125             	83.1596     	0.206	81.875	87.625	83.6583	1.52999 
End Time (hh:mm:ss.ms) 2023-07-17 21:19:22.433107
Total Time (hh:mm:ss.ms) 0:00:08.109001
Individual: ([12, 14, 6, 2, 16, 3, 5, 1, 13, 0, 11, 9, 8, 10, 15, 4, 7, 17], [0, 1, 1, 0, 0, 0, 0, 0, 1, 1, 1, 0, 0, 0, 0, 0, 0, 0])
Fitness:  81.875
Gens:  [0, 1, 2, 3, 4, 5, 6, 7, 8, 9, 10, 11, 12, 13, 14, 15, 16, 17, 18, 19, 20, 21, 22, 23, 24, 25, 26, 27, 28, 29, 30, 31, 32, 33, 34, 35, 36, 37, 38, 39, 40, 41, 42, 43, 44, 45, 46, 47, 48, 49, 50, 51, 52, 53, 54, 55, 56, 57, 58, 59, 60, 61, 62, 63, 64, 65, 66, 67, 68, 69, 70, 71, 72, 73, 74, 75, 76, 77, 78, 79, 80, 81, 82, 83, 84, 85, 86, 87, 88, 89, 90]
Inds:  [84.375, 84.25, 84.25, 84.125, 83.875, 83.875, 83.75, 83.625, 83.625, 83.125, 83.125, 83.125, 83.125, 83.125, 83.125, 83.125, 83.125, 83.0, 82.875, 82.75, 82.75, 82.75, 82.75, 82.75, 82.625, 82.625, 82.5, 82.5, 82.375, 82.25, 82.25, 82.25, 82.25, 82.25, 82.25, 82.25, 82.125, 82.125, 82.0, 82.0, 82.0, 82.0, 82.0, 81.875, 81.875, 81.875, 81.875, 81.875, 81.875, 81.875, 81.875, 81.875, 81.875, 81.875, 81.875, 81.875, 81.875, 81.875, 81.875, 81.875, 81.875, 81.875, 81.875, 81.875, 81.875, 81.875, 81.875, 81.875, 81.875, 81.875, 81.875, 81.875, 81.875, 81.875, 81.875, 81.875, 81.875, 81.875, 81.875, 81.875, 81.875, 81.875, 81.875, 81.875, 81.875, 81.875, 81.875, 81.875, 81.875, 81.875, 81.875]

Execution 6:
Parameters: Y=0.999
Start Time (hh:mm:ss.ms) 2023-07-17 21:19:23.244107
generations	MaxGenenerations	Populationk1	Populationk	PopulationElite	PopulationMutant	fitnessElite	alpha	min  	max   	avg    	std     
0          	0               	0           	0          	0              	0               	0           	0    	84.75	87.875	86.5083	0.509253
1          	92.5385         	999         	1000       	100            	200             	85.6875     	0.3  	84.375	87.625	86.1498	0.550485
3          	92.1175         	997         	998        	103            	197             	85.3728     	0.295	84.25 	87.5  	85.9462	0.649319
4          	91.958          	996         	997        	105            	195             	85.2038     	0.293	84.125	88    	85.8335	0.673087
5          	91.8675         	995         	996        	106            	193             	85.2538     	0.291	84    	87.5  	85.7589	0.711975
7          	91.7081         	993         	994        	110            	189             	85.0759     	0.286	83.875	87.75 	85.5721	0.781565
8          	91.5716         	992         	993        	111            	188             	84.9783     	0.284	82.875	87.625	85.4769	0.834432
12         	90.4686         	988         	989        	117            	180             	84.1845     	0.275	82.5  	87.625	85.0167	1.01219 
16         	90.0705         	984         	985        	123            	173             	83.9001     	0.266	82.375	87.375	84.7052	1.1442  
20         	89.9115         	980         	981        	130            	165             	83.6959     	0.257	82.25 	87.75 	84.4305	1.23526 
29         	89.7863         	971         	972        	143            	149             	83.5273     	0.237	82.125	87.625	84.0884	1.39837 
36         	89.6274         	964         	965        	153            	137             	83.29       	0.221	82    	87.5  	83.826 	1.48839 
End Time (hh:mm:ss.ms) 2023-07-17 21:19:31.343108
Total Time (hh:mm:ss.ms) 0:00:08.099001
Individual: ([12, 14, 11, 2, 6, 13, 1, 5, 3, 16, 9, 7, 8, 0, 10, 15, 4, 17], [0, 1, 0, 1, 1, 0, 1, 1, 1, 1, 1, 1, 1, 0, 0, 0, 0, 0])
Fitness:  82.0
Gens:  [0, 1, 2, 3, 4, 5, 6, 7, 8, 9, 10, 11, 12, 13, 14, 15, 16, 17, 18, 19, 20, 21, 22, 23, 24, 25, 26, 27, 28, 29, 30, 31, 32, 33, 34, 35, 36, 37, 38, 39, 40, 41, 42, 43, 44, 45, 46, 47, 48, 49, 50, 51, 52, 53, 54, 55, 56, 57, 58, 59, 60, 61, 62, 63, 64, 65, 66, 67, 68, 69, 70, 71, 72, 73, 74, 75, 76, 77, 78, 79, 80, 81, 82, 83, 84, 85, 86, 87, 88, 89, 90]
Inds:  [84.75, 84.375, 84.375, 84.25, 84.125, 84.0, 84.0, 83.875, 82.875, 82.875, 82.875, 82.875, 82.5, 82.5, 82.5, 82.5, 82.375, 82.375, 82.375, 82.375, 82.25, 82.25, 82.25, 82.25, 82.25, 82.25, 82.25, 82.25, 82.25, 82.125, 82.125, 82.125, 82.125, 82.125, 82.125, 82.125, 82.0, 82.0, 82.0, 82.0, 82.0, 82.0, 82.0, 82.0, 82.0, 82.0, 82.0, 82.0, 82.0, 82.0, 82.0, 82.0, 82.0, 82.0, 82.0, 82.0, 82.0, 82.0, 82.0, 82.0, 82.0, 82.0, 82.0, 82.0, 82.0, 82.0, 82.0, 82.0, 82.0, 82.0, 82.0, 82.0, 82.0, 82.0, 82.0, 82.0, 82.0, 82.0, 82.0, 82.0, 82.0, 82.0, 82.0, 82.0, 82.0, 82.0, 82.0, 82.0, 82.0, 82.0, 82.0]

Execution 7:
Parameters: Y=0.999
Start Time (hh:mm:ss.ms) 2023-07-17 21:19:32.111107
generations	MaxGenenerations	Populationk1	Populationk	PopulationElite	PopulationMutant	fitnessElite	alpha	min   	max   	avg    	std    
0          	0               	0           	0          	0              	0               	0           	0    	84.625	87.875	86.4712	0.52754
1          	92.402          	999         	1000       	100            	200             	85.6        	0.3  	84.5  	87.75 	86.0968	0.586039
2          	92.254          	998         	999        	102            	198             	85.468      	0.297	83.875	88    	85.9223	0.657935
4          	91.5945         	996         	997        	105            	195             	85.0855     	0.293	83.75 	87.625	85.7723	0.712546
5          	91.4237         	995         	996        	107            	193             	84.8786     	0.291	83.5  	87.5  	85.6804	0.763299
9          	91.1736         	991         	992        	113            	186             	84.7357     	0.282	83.125	87.625	85.442 	0.903349
14         	90.7982         	986         	987        	120            	177             	84.5157     	0.271	83    	87.5  	85.2016	1.00051 
18         	90.605          	982         	983        	126            	169             	84.2139     	0.262	82.875	87.5  	84.9427	1.06579 
20         	90.4686         	980         	981        	129            	166             	84.1005     	0.257	82.75 	87.5  	84.8591	1.13583 
24         	90.3434         	976         	977        	135            	158             	83.9954     	0.249	82.5  	87.625	84.4921	1.23151 
29         	90.0592         	971         	972        	143            	149             	83.7188     	0.237	82.375	87.75 	84.1953	1.36921 
30         	89.934          	970         	971        	144            	148             	83.6409     	0.235	82.25 	87.625	84.1461	1.39076 
33         	89.7863         	967         	968        	149            	142             	83.4794     	0.228	82.125	88    	83.9236	1.45272 
48         	89.6386         	952         	953        	171            	116             	83.1738     	0.195	82    	87.5  	83.6007	1.50007 
54         	89.5358         	946         	947        	179            	106             	83.067      	0.181	81.875	87.75 	83.476 	1.51631 
End Time (hh:mm:ss.ms) 2023-07-17 21:19:40.317631
Total Time (hh:mm:ss.ms) 0:00:08.206524
Individual: ([12, 14, 2, 8, 7, 9, 0, 13, 3, 16, 11, 6, 1, 5, 10, 15, 4, 17], [0, 1, 0, 0, 0, 0, 0, 0, 1, 1, 1, 1, 1, 1, 0, 0, 0, 0])
Fitness:  81.875
Gens:  [0, 1, 2, 3, 4, 5, 6, 7, 8, 9, 10, 11, 12, 13, 14, 15, 16, 17, 18, 19, 20, 21, 22, 23, 24, 25, 26, 27, 28, 29, 30, 31, 32, 33, 34, 35, 36, 37, 38, 39, 40, 41, 42, 43, 44, 45, 46, 47, 48, 49, 50, 51, 52, 53, 54, 55, 56, 57, 58, 59, 60, 61, 62, 63, 64, 65, 66, 67, 68, 69, 70, 71, 72, 73, 74, 75, 76, 77, 78, 79, 80, 81, 82, 83, 84, 85, 86, 87, 88, 89, 90]
Inds:  [84.625, 84.5, 83.875, 83.875, 83.75, 83.5, 83.5, 83.5, 83.5, 83.125, 83.125, 83.125, 83.125, 83.125, 83.0, 83.0, 83.0, 83.0, 82.875, 82.875, 82.75, 82.75, 82.75, 82.75, 82.5, 82.5, 82.5, 82.5, 82.5, 82.375, 82.25, 82.25, 82.25, 82.125, 82.125, 82.125, 82.125, 82.125, 82.125, 82.125, 82.125, 82.125, 82.125, 82.125, 82.125, 82.125, 82.125, 82.125, 82.0, 82.0, 82.0, 82.0, 82.0, 82.0, 81.875, 81.875, 81.875, 81.875, 81.875, 81.875, 81.875, 81.875, 81.875, 81.875, 81.875, 81.875, 81.875, 81.875, 81.875, 81.875, 81.875, 81.875, 81.875, 81.875, 81.875, 81.875, 81.875, 81.875, 81.875, 81.875, 81.875, 81.875, 81.875, 81.875, 81.875, 81.875, 81.875, 81.875, 81.875, 81.875, 81.875]

Execution 8:
Parameters: Y=0.999
Start Time (hh:mm:ss.ms) 2023-07-17 21:19:41.093630
generations	MaxGenenerations	Populationk1	Populationk	PopulationElite	PopulationMutant	fitnessElite	alpha	min  	max  	avg    	std     
0          	0               	0           	0          	0              	0               	0           	0    	84.75	87.75	86.4507	0.501292
1          	92.5269         	999         	1000       	100            	200             	85.65       	0.3  	84.375	88.125	86.1335	0.590997
2          	92.1521         	998         	999        	102            	198             	85.4919     	0.297	84.125	87.75 	85.956 	0.662355
4          	91.8446         	996         	997        	105            	195             	85.1888     	0.293	83.875	87.5  	85.6988	0.755885
5          	91.5487         	995         	996        	107            	193             	84.9308     	0.291	83.75 	87.625	85.6171	0.797679
8          	91.4237         	992         	993        	111            	188             	84.8532     	0.284	83.625	87.625	85.3931	0.854279
10         	91.2873         	990         	991        	114            	184             	84.7461     	0.280	83.125	87.625	85.3295	0.940119
12         	90.7415         	988         	989        	117            	180             	84.3659     	0.275	83    	87.625	85.2289	0.983695
14         	90.605          	986         	987        	120            	176             	84.2548     	0.271	82.625	87.875	85.1318	1.00961 
18         	90.1844         	982         	983        	126            	169             	83.9037     	0.262	82.25 	87.75 	84.8908	1.10399 
22         	89.7751         	978         	979        	133            	162             	83.5794     	0.253	82.125	87.5  	84.1907	1.3477  
23         	89.6386         	977         	978        	134            	160             	83.4737     	0.250	82    	87.75 	84.005 	1.39964 
29         	89.5246         	971         	972        	143            	149             	83.3653     	0.237	81.875	87.625	83.8339	1.54986 
47         	89.3769         	953         	954        	169            	118             	83.0081     	0.197	81.75 	87.625	83.3792	1.61882 
End Time (hh:mm:ss.ms) 2023-07-17 21:19:49.142629
Total Time (hh:mm:ss.ms) 0:00:08.048999
Individual: ([12, 14, 6, 13, 3, 5, 1, 10, 15, 8, 0, 16, 9, 2, 11, 7, 4, 17], [0, 1, 1, 1, 0, 0, 0, 0, 0, 1, 0, 1, 1, 0, 1, 1, 1, 0])
Fitness:  81.75
Gens:  [0, 1, 2, 3, 4, 5, 6, 7, 8, 9, 10, 11, 12, 13, 14, 15, 16, 17, 18, 19, 20, 21, 22, 23, 24, 25, 26, 27, 28, 29, 30, 31, 32, 33, 34, 35, 36, 37, 38, 39, 40, 41, 42, 43, 44, 45, 46, 47, 48, 49, 50, 51, 52, 53, 54, 55, 56, 57, 58, 59, 60, 61, 62, 63, 64, 65, 66, 67, 68, 69, 70, 71, 72, 73, 74, 75, 76, 77, 78, 79, 80, 81, 82, 83, 84, 85, 86, 87, 88, 89, 90]
Inds:  [84.75, 84.375, 84.125, 84.125, 83.875, 83.75, 83.75, 83.75, 83.625, 83.625, 83.125, 83.125, 83.0, 83.0, 82.625, 82.625, 82.625, 82.625, 82.25, 82.25, 82.25, 82.25, 82.125, 82.0, 82.0, 82.0, 82.0, 82.0, 82.0, 81.875, 81.875, 81.875, 81.875, 81.875, 81.875, 81.875, 81.875, 81.875, 81.875, 81.875, 81.875, 81.875, 81.875, 81.875, 81.875, 81.875, 81.875, 81.75, 81.75, 81.75, 81.75, 81.75, 81.75, 81.75, 81.75, 81.75, 81.75, 81.75, 81.75, 81.75, 81.75, 81.75, 81.75, 81.75, 81.75, 81.75, 81.75, 81.75, 81.75, 81.75, 81.75, 81.75, 81.75, 81.75, 81.75, 81.75, 81.75, 81.75, 81.75, 81.75, 81.75, 81.75, 81.75, 81.75, 81.75, 81.75, 81.75, 81.75, 81.75, 81.75, 81.75]

Execution 9:
Parameters: Y=0.999
Start Time (hh:mm:ss.ms) 2023-07-17 21:19:49.891630
generations	MaxGenenerations	Populationk1	Populationk	PopulationElite	PopulationMutant	fitnessElite	alpha	min 	max   	avg    	std     
0          	0               	0           	0          	0              	0               	0           	0    	84.5	88.125	86.4715	0.525655
1          	92.2886         	999         	1000       	100            	200             	85.5875     	0.3  	84.25	87.875	86.0781	0.583631
4          	91.981          	996         	997        	105            	195             	85.2772     	0.293	83.5 	87.875	85.7145	0.73096 
14         	91.1622         	986         	987        	120            	177             	84.6538     	0.271	83.25	87.75 	85.1398	0.961027
15         	90.8893         	985         	986        	122            	175             	84.4614     	0.269	83.125	87.75 	85.0853	0.988236
16         	90.7528         	984         	985        	123            	173             	84.3596     	0.266	82.625	87.75 	85.0742	1.01974 
27         	90.2182         	973         	974        	140            	153             	83.8974     	0.242	82.5  	87.625	84.3853	1.28321 
30         	90.0817         	970         	971        	144            	148             	83.7664     	0.235	82.375	87.875	84.2142	1.36837 
34         	89.9565         	966         	967        	150            	141             	83.6498     	0.226	82.25 	87.625	84.0933	1.43553 
36         	89.7638         	964         	965        	153            	137             	83.3878     	0.222	82.125	87.625	83.9506	1.42497 
End Time (hh:mm:ss.ms) 2023-07-17 21:19:57.882630
Total Time (hh:mm:ss.ms) 0:00:07.991000
Individual: ([2, 14, 6, 1, 13, 0, 8, 15, 10, 5, 3, 16, 11, 9, 7, 4, 17, 12], [1, 1, 1, 1, 1, 1, 0, 1, 1, 0, 1, 1, 1, 0, 1, 0, 0, 0])
Fitness:  82.125
Gens:  [0, 1, 2, 3, 4, 5, 6, 7, 8, 9, 10, 11, 12, 13, 14, 15, 16, 17, 18, 19, 20, 21, 22, 23, 24, 25, 26, 27, 28, 29, 30, 31, 32, 33, 34, 35, 36, 37, 38, 39, 40, 41, 42, 43, 44, 45, 46, 47, 48, 49, 50, 51, 52, 53, 54, 55, 56, 57, 58, 59, 60, 61, 62, 63, 64, 65, 66, 67, 68, 69, 70, 71, 72, 73, 74, 75, 76, 77, 78, 79, 80, 81, 82, 83, 84, 85, 86, 87, 88, 89, 90]
Inds:  [84.5, 84.25, 84.25, 84.25, 83.5, 83.5, 83.5, 83.5, 83.5, 83.5, 83.5, 83.5, 83.5, 83.5, 83.25, 83.125, 82.625, 82.625, 82.625, 82.625, 82.625, 82.625, 82.625, 82.625, 82.625, 82.625, 82.625, 82.5, 82.5, 82.5, 82.375, 82.375, 82.375, 82.375, 82.25, 82.25, 82.125, 82.125, 82.125, 82.125, 82.125, 82.125, 82.125, 82.125, 82.125, 82.125, 82.125, 82.125, 82.125, 82.125, 82.125, 82.125, 82.125, 82.125, 82.125, 82.125, 82.125, 82.125, 82.125, 82.125, 82.125, 82.125, 82.125, 82.125, 82.125, 82.125, 82.125, 82.125, 82.125, 82.125, 82.125, 82.125, 82.125, 82.125, 82.125, 82.125, 82.125, 82.125, 82.125, 82.125, 82.125, 82.125, 82.125, 82.125, 82.125, 82.125, 82.125, 82.125, 82.125, 82.125, 82.125]

Execution 10:
Parameters: Y=0.999
Start Time (hh:mm:ss.ms) 2023-07-17 21:19:58.676629
generations	MaxGenenerations	Populationk1	Populationk	PopulationElite	PopulationMutant	fitnessElite	alpha	min  	max   	avg    	std     
0          	0               	0           	0          	0              	0               	0           	0    	84.25	88.125	86.4859	0.513569
2          	92.0041         	998         	999        	102            	198             	85.3668     	0.297	83.75	87.75 	85.8972	0.662237
7          	91.4466         	993         	994        	110            	189             	84.9334     	0.286	83.625	87.625	85.5278	0.834904
12         	91.2873         	988         	989        	117            	180             	84.7286     	0.275	83.25 	87.75 	85.3474	0.898945
14         	90.8893         	986         	987        	120            	177             	84.4713     	0.271	83.125	87.75 	85.3122	0.946935
19         	90.7301         	981         	982        	128            	168             	84.2639     	0.260	83    	87.625	85.1488	1.03298 
22         	90.5823         	978         	979        	132            	162             	84.1096     	0.253	82.875	87.75 	84.9925	1.03703 
25         	90.4799         	975         	976        	137            	157             	84.0789     	0.246	82.75 	87.625	84.8513	1.09256 
29         	90.3321         	971         	972        	143            	150             	83.9103     	0.238	82.625	87.5  	84.6774	1.17015 
34         	90.2295         	966         	967        	150            	141             	83.8443     	0.226	82.5  	87.75 	84.5251	1.24184 
36         	90.0817         	964         	965        	153            	137             	83.6948     	0.222	82.375	87.5  	84.3852	1.27737 
42         	89.9227         	958         	959        	162            	127             	83.4713     	0.208	82.25 	87.75 	83.9171	1.39019 
48         	89.7863         	952         	953        	170            	116             	83.2998     	0.195	82.125	87.75 	83.7287	1.497   
63         	89.6498         	937         	938        	191            	91              	83.0143     	0.161	82    	87.75 	83.4006	1.50793 
End Time (hh:mm:ss.ms) 2023-07-17 21:20:06.767636
Total Time (hh:mm:ss.ms) 0:00:08.091007
Individual: ([17, 4, 7, 9, 0, 13, 11, 8, 15, 10, 3, 16, 2, 1, 5, 6, 14, 12], [1, 0, 0, 0, 0, 0, 1, 0, 1, 1, 1, 1, 0, 1, 1, 0, 0, 1])
Fitness:  82.0
Gens:  [0, 1, 2, 3, 4, 5, 6, 7, 8, 9, 10, 11, 12, 13, 14, 15, 16, 17, 18, 19, 20, 21, 22, 23, 24, 25, 26, 27, 28, 29, 30, 31, 32, 33, 34, 35, 36, 37, 38, 39, 40, 41, 42, 43, 44, 45, 46, 47, 48, 49, 50, 51, 52, 53, 54, 55, 56, 57, 58, 59, 60, 61, 62, 63, 64, 65, 66, 67, 68, 69, 70, 71, 72, 73, 74, 75, 76, 77, 78, 79, 80, 81, 82, 83, 84, 85, 86, 87, 88, 89, 90]
Inds:  [84.25, 84.25, 83.75, 83.75, 83.75, 83.75, 83.75, 83.625, 83.625, 83.625, 83.625, 83.625, 83.25, 83.25, 83.125, 83.125, 83.125, 83.125, 83.125, 83.0, 83.0, 83.0, 82.875, 82.875, 82.875, 82.75, 82.75, 82.75, 82.75, 82.625, 82.625, 82.625, 82.625, 82.625, 82.5, 82.5, 82.375, 82.375, 82.375, 82.375, 82.375, 82.375, 82.25, 82.25, 82.25, 82.25, 82.25, 82.25, 82.125, 82.125, 82.125, 82.125, 82.125, 82.125, 82.125, 82.125, 82.125, 82.125, 82.125, 82.125, 82.125, 82.125, 82.125, 82.0, 82.0, 82.0, 82.0, 82.0, 82.0, 82.0, 82.0, 82.0, 82.0, 82.0, 82.0, 82.0, 82.0, 82.0, 82.0, 82.0, 82.0, 82.0, 82.0, 82.0, 82.0, 82.0, 82.0, 82.0, 82.0, 82.0, 82.0]

