A-BRKGA:

Execution 1:
Parameters: Y=0.998
Start Time (hh:mm:ss.ms) 2023-07-17 21:08:43.026435
generations	MaxGenenerations	Populationk1	Populationk	PopulationElite	PopulationMutant	fitnessElite	alpha	min  	max 	avg    	std     
0          	0               	0           	0          	0              	0               	0           	0    	33.75	35.5	34.8714	0.293049
2          	36.2359         	996         	998        	104            	196             	34.2653     	0.294	33.5 	35.5	34.5419	0.397974
3          	35.9675         	994         	996        	108            	191             	34.0778     	0.288	33.375	35.5	34.4449	0.433502
4          	35.8333         	992         	994        	112            	186             	33.9769     	0.283	33.125	35.5	34.3692	0.476314
End Time (hh:mm:ss.ms) 2023-07-17 21:08:45.037445
Total Time (hh:mm:ss.ms) 0:00:02.011010
Individual: ([6, 0, 3, 5, 4, 1, 2, 7], [0, 0, 1, 0, 0, 0, 1, 0])
Fitness:  33.125
Gens:  [0, 1, 2, 3, 4, 5, 6, 7, 8, 9, 10, 11, 12, 13, 14, 15, 16, 17, 18, 19, 20, 21, 22, 23, 24, 25, 26, 27, 28, 29, 30, 31, 32, 33, 34, 35, 36]
Inds:  [33.75, 33.75, 33.5, 33.375, 33.125, 33.125, 33.125, 33.125, 33.125, 33.125, 33.125, 33.125, 33.125, 33.125, 33.125, 33.125, 33.125, 33.125, 33.125, 33.125, 33.125, 33.125, 33.125, 33.125, 33.125, 33.125, 33.125, 33.125, 33.125, 33.125, 33.125, 33.125, 33.125, 33.125, 33.125, 33.125, 33.125]

Execution 2:
Parameters: Y=0.998
Start Time (hh:mm:ss.ms) 2023-07-17 21:08:45.756445
generations	MaxGenenerations	Populationk1	Populationk	PopulationElite	PopulationMutant	fitnessElite	alpha	min  	max   	avg    	std     
0          	0               	0           	0          	0              	0               	0           	0    	33.75	35.625	34.8729	0.300851
1          	36.245          	998         	1000       	100            	200             	34.3125     	0.3  	33.5 	35.5  	34.6299	0.371381
2          	35.9675         	996         	998        	104            	196             	34.0889     	0.294	33.25	35.5  	34.5075	0.402411
3          	35.6991         	994         	996        	108            	191             	33.8998     	0.288	33.125	35.5  	34.4004	0.447596
End Time (hh:mm:ss.ms) 2023-07-17 21:08:47.594445
Total Time (hh:mm:ss.ms) 0:00:01.838000
Individual: ([7, 2, 1, 4, 5, 3, 0, 6], [1, 1, 1, 1, 1, 0, 1, 1])
Fitness:  33.125
Gens:  [0, 1, 2, 3, 4, 5, 6, 7, 8, 9, 10, 11, 12, 13, 14, 15, 16, 17, 18, 19, 20, 21, 22, 23, 24, 25, 26, 27, 28, 29, 30, 31, 32, 33, 34, 35, 36]
Inds:  [33.75, 33.5, 33.25, 33.125, 33.125, 33.125, 33.125, 33.125, 33.125, 33.125, 33.125, 33.125, 33.125, 33.125, 33.125, 33.125, 33.125, 33.125, 33.125, 33.125, 33.125, 33.125, 33.125, 33.125, 33.125, 33.125, 33.125, 33.125, 33.125, 33.125, 33.125, 33.125, 33.125, 33.125, 33.125, 33.125, 33.125]

Execution 3:
Parameters: Y=0.998
Start Time (hh:mm:ss.ms) 2023-07-17 21:08:48.226444
generations	MaxGenenerations	Populationk1	Populationk	PopulationElite	PopulationMutant	fitnessElite	alpha	min  	max 	avg    	std     
0          	0               	0           	0          	0              	0               	0           	0    	33.75	35.5	34.8765	0.299579
1          	36.2359         	998         	1000       	100            	200             	34.275      	0.3  	33.5 	35.5	34.6199	0.364097
3          	35.9675         	994         	996        	108            	191             	34.0778     	0.288	33.125	35.5	34.4194	0.45994 
End Time (hh:mm:ss.ms) 2023-07-17 21:08:50.340450
Total Time (hh:mm:ss.ms) 0:00:02.114006
Individual: ([6, 0, 3, 2, 1, 4, 5, 7], [0, 0, 1, 1, 1, 1, 1, 0])
Fitness:  33.125
Gens:  [0, 1, 2, 3, 4, 5, 6, 7, 8, 9, 10, 11, 12, 13, 14, 15, 16, 17, 18, 19, 20, 21, 22, 23, 24, 25, 26, 27, 28, 29, 30, 31, 32, 33, 34, 35, 36]
Inds:  [33.75, 33.5, 33.5, 33.125, 33.125, 33.125, 33.125, 33.125, 33.125, 33.125, 33.125, 33.125, 33.125, 33.125, 33.125, 33.125, 33.125, 33.125, 33.125, 33.125, 33.125, 33.125, 33.125, 33.125, 33.125, 33.125, 33.125, 33.125, 33.125, 33.125, 33.125, 33.125, 33.125, 33.125, 33.125, 33.125, 33.125]

Execution 4:
Parameters: Y=0.998
Start Time (hh:mm:ss.ms) 2023-07-17 21:08:51.081445
generations	MaxGenenerations	Populationk1	Populationk	PopulationElite	PopulationMutant	fitnessElite	alpha	min   	max   	avg   	std     
0          	0               	0           	0          	0              	0               	0           	0    	33.875	35.625	34.866	0.296406
1          	36.3793         	998         	1000       	100            	200             	34.4        	0.3  	33.625	35.5  	34.6523	0.351296
3          	36.1017         	994         	996        	108            	191             	34.1667     	0.288	33.375	35.5  	34.4701	0.433213
4          	35.8333         	992         	994        	112            	186             	33.9769     	0.283	33.25 	35.5  	34.3853	0.460807
7          	35.6991         	986         	988        	124            	173             	33.8494     	0.266	33.125	35.375	34.1376	0.564196
End Time (hh:mm:ss.ms) 2023-07-17 21:08:53.477444
Total Time (hh:mm:ss.ms) 0:00:02.395999
Individual: ([7, 2, 5, 4, 1, 3, 0, 6], [1, 0, 0, 0, 0, 0, 1, 1])
Fitness:  33.125
Gens:  [0, 1, 2, 3, 4, 5, 6, 7, 8, 9, 10, 11, 12, 13, 14, 15, 16, 17, 18, 19, 20, 21, 22, 23, 24, 25, 26, 27, 28, 29, 30, 31, 32, 33, 34, 35, 36]
Inds:  [33.875, 33.625, 33.625, 33.375, 33.25, 33.25, 33.25, 33.125, 33.125, 33.125, 33.125, 33.125, 33.125, 33.125, 33.125, 33.125, 33.125, 33.125, 33.125, 33.125, 33.125, 33.125, 33.125, 33.125, 33.125, 33.125, 33.125, 33.125, 33.125, 33.125, 33.125, 33.125, 33.125, 33.125, 33.125, 33.125, 33.125]

Execution 5:
Parameters: Y=0.998
Start Time (hh:mm:ss.ms) 2023-07-17 21:08:54.153445
generations	MaxGenenerations	Populationk1	Populationk	PopulationElite	PopulationMutant	fitnessElite	alpha	min   	max 	avg    	std     
0          	0               	0           	0          	0              	0               	0           	0    	33.875	35.5	34.8743	0.290849
1          	36.3701         	998         	1000       	100            	200             	34.3625     	0.3  	33.5  	35.5	34.6415	0.354935
2          	35.9675         	996         	998        	104            	196             	34.0889     	0.294	33.375	35.5	34.5128	0.402356
4          	35.8333         	992         	994        	112            	186             	33.9769     	0.283	33.25 	35.625	34.3444	0.502004
5          	35.708          	990         	992        	116            	182             	33.9093     	0.277	33.125	35.5  	34.2622	0.535859
End Time (hh:mm:ss.ms) 2023-07-17 21:08:56.412545
Total Time (hh:mm:ss.ms) 0:00:02.259100
Individual: ([7, 1, 4, 5, 2, 3, 0, 6], [1, 1, 1, 1, 0, 0, 1, 1])
Fitness:  33.125
Gens:  [0, 1, 2, 3, 4, 5, 6, 7, 8, 9, 10, 11, 12, 13, 14, 15, 16, 17, 18, 19, 20, 21, 22, 23, 24, 25, 26, 27, 28, 29, 30, 31, 32, 33, 34, 35, 36]
Inds:  [33.875, 33.5, 33.375, 33.375, 33.25, 33.125, 33.125, 33.125, 33.125, 33.125, 33.125, 33.125, 33.125, 33.125, 33.125, 33.125, 33.125, 33.125, 33.125, 33.125, 33.125, 33.125, 33.125, 33.125, 33.125, 33.125, 33.125, 33.125, 33.125, 33.125, 33.125, 33.125, 33.125, 33.125, 33.125, 33.125, 33.125]

Execution 6:
Parameters: Y=0.998
Start Time (hh:mm:ss.ms) 2023-07-17 21:08:57.150013
generations	MaxGenenerations	Populationk1	Populationk	PopulationElite	PopulationMutant	fitnessElite	alpha	min 	max 	avg   	std     
0          	0               	0           	0          	0              	0               	0           	0    	33.5	35.5	34.866	0.308241
1          	35.9675         	998         	1000       	100            	200             	34.1        	0.3  	33.25	35.5	34.5695	0.421699
4          	35.6991         	992         	994        	112            	186             	33.8872     	0.283	33.125	35.5	34.1629	0.589112
End Time (hh:mm:ss.ms) 2023-07-17 21:08:59.076013
Total Time (hh:mm:ss.ms) 0:00:01.926000
Individual: ([7, 5, 4, 1, 2, 3, 0, 6], [1, 0, 0, 0, 0, 0, 1, 1])
Fitness:  33.125
Gens:  [0, 1, 2, 3, 4, 5, 6, 7, 8, 9, 10, 11, 12, 13, 14, 15, 16, 17, 18, 19, 20, 21, 22, 23, 24, 25, 26, 27, 28, 29, 30, 31, 32, 33, 34, 35, 36]
Inds:  [33.5, 33.25, 33.25, 33.25, 33.125, 33.125, 33.125, 33.125, 33.125, 33.125, 33.125, 33.125, 33.125, 33.125, 33.125, 33.125, 33.125, 33.125, 33.125, 33.125, 33.125, 33.125, 33.125, 33.125, 33.125, 33.125, 33.125, 33.125, 33.125, 33.125, 33.125, 33.125, 33.125, 33.125, 33.125, 33.125, 33.125]

Execution 7:
Parameters: Y=0.998
Start Time (hh:mm:ss.ms) 2023-07-17 21:08:59.722012
generations	MaxGenenerations	Populationk1	Populationk	PopulationElite	PopulationMutant	fitnessElite	alpha	min  	max   	avg    	std     
0          	0               	0           	0          	0              	0               	0           	0    	33.75	35.625	34.8799	0.278261
1          	36.245          	998         	1000       	100            	200             	34.3125     	0.3  	33.5 	35.5  	34.6534	0.362979
2          	35.9675         	996         	998        	104            	196             	34.0889     	0.294	33.375	35.5  	34.5029	0.423756
3          	35.8333         	994         	996        	108            	191             	33.9888     	0.288	33.25 	35.5  	34.3502	0.480308
4          	35.6991         	992         	994        	112            	186             	33.8872     	0.283	33.125	35.5  	34.1991	0.520398
End Time (hh:mm:ss.ms) 2023-07-17 21:09:02.118016
Total Time (hh:mm:ss.ms) 0:00:02.396004
Individual: ([6, 0, 3, 5, 4, 1, 2, 7], [0, 0, 1, 0, 0, 0, 1, 0])
Fitness:  33.125
Gens:  [0, 1, 2, 3, 4, 5, 6, 7, 8, 9, 10, 11, 12, 13, 14, 15, 16, 17, 18, 19, 20, 21, 22, 23, 24, 25, 26, 27, 28, 29, 30, 31, 32, 33, 34, 35, 36]
Inds:  [33.75, 33.5, 33.375, 33.25, 33.125, 33.125, 33.125, 33.125, 33.125, 33.125, 33.125, 33.125, 33.125, 33.125, 33.125, 33.125, 33.125, 33.125, 33.125, 33.125, 33.125, 33.125, 33.125, 33.125, 33.125, 33.125, 33.125, 33.125, 33.125, 33.125, 33.125, 33.125, 33.125, 33.125, 33.125, 33.125, 33.125]

Execution 8:
Parameters: Y=0.998
Start Time (hh:mm:ss.ms) 2023-07-17 21:09:02.921013
generations	MaxGenenerations	Populationk1	Populationk	PopulationElite	PopulationMutant	fitnessElite	alpha	min   	max   	avg    	std     
0          	0               	0           	0          	0              	0               	0           	0    	33.875	35.625	34.8761	0.282536
1          	36.3793         	998         	1000       	100            	200             	34.4        	0.3  	33.75 	35.375	34.6574	0.342253
2          	36.2269         	996         	998        	104            	196             	34.2285     	0.294	33.375	35.5  	34.5295	0.386365
4          	35.8333         	992         	994        	112            	186             	33.9769     	0.283	33.25 	35.5  	34.3862	0.468969
7          	35.6991         	986         	988        	124            	173             	33.8494     	0.266	33.125	35.5  	34.2036	0.564127
End Time (hh:mm:ss.ms) 2023-07-17 21:09:05.176012
Total Time (hh:mm:ss.ms) 0:00:02.254999
Individual: ([7, 5, 4, 1, 2, 3, 0, 6], [1, 0, 0, 0, 0, 0, 1, 1])
Fitness:  33.125
Gens:  [0, 1, 2, 3, 4, 5, 6, 7, 8, 9, 10, 11, 12, 13, 14, 15, 16, 17, 18, 19, 20, 21, 22, 23, 24, 25, 26, 27, 28, 29, 30, 31, 32, 33, 34, 35, 36]
Inds:  [33.875, 33.75, 33.375, 33.375, 33.25, 33.25, 33.25, 33.125, 33.125, 33.125, 33.125, 33.125, 33.125, 33.125, 33.125, 33.125, 33.125, 33.125, 33.125, 33.125, 33.125, 33.125, 33.125, 33.125, 33.125, 33.125, 33.125, 33.125, 33.125, 33.125, 33.125, 33.125, 33.125, 33.125, 33.125, 33.125, 33.125]

Execution 9:
Parameters: Y=0.998
Start Time (hh:mm:ss.ms) 2023-07-17 21:09:05.868012
generations	MaxGenenerations	Populationk1	Populationk	PopulationElite	PopulationMutant	fitnessElite	alpha	min 	max 	avg    	std     
0          	0               	0           	0          	0              	0               	0           	0    	33.5	35.5	34.8649	0.287294
1          	35.9675         	998         	1000       	100            	200             	34.1        	0.3  	33.375	35.625	34.5344	0.40144 
4          	35.8244         	992         	994        	112            	186             	33.9415     	0.283	33.125	35.5  	34.2039	0.552484
End Time (hh:mm:ss.ms) 2023-07-17 21:09:08.005739
Total Time (hh:mm:ss.ms) 0:00:02.137727
Individual: ([6, 0, 3, 2, 5, 4, 1, 7], [0, 0, 1, 0, 0, 0, 0, 0])
Fitness:  33.125
Gens:  [0, 1, 2, 3, 4, 5, 6, 7, 8, 9, 10, 11, 12, 13, 14, 15, 16, 17, 18, 19, 20, 21, 22, 23, 24, 25, 26, 27, 28, 29, 30, 31, 32, 33, 34, 35, 36]
Inds:  [33.5, 33.375, 33.375, 33.375, 33.125, 33.125, 33.125, 33.125, 33.125, 33.125, 33.125, 33.125, 33.125, 33.125, 33.125, 33.125, 33.125, 33.125, 33.125, 33.125, 33.125, 33.125, 33.125, 33.125, 33.125, 33.125, 33.125, 33.125, 33.125, 33.125, 33.125, 33.125, 33.125, 33.125, 33.125, 33.125, 33.125]

Execution 10:
Parameters: Y=0.998
Start Time (hh:mm:ss.ms) 2023-07-17 21:09:08.813736
generations	MaxGenenerations	Populationk1	Populationk	PopulationElite	PopulationMutant	fitnessElite	alpha	min 	max 	avg    	std     
0          	0               	0           	0          	0              	0               	0           	0    	33.5	35.5	34.8603	0.294854
1          	35.9675         	998         	1000       	100            	200             	34.1        	0.3  	33.375	35.5	34.5743	0.400882
3          	35.8333         	994         	996        	108            	191             	33.9888     	0.288	33.25 	35.5	34.3487	0.490334
4          	35.6991         	992         	994        	112            	186             	33.8872     	0.283	33.125	35.375	34.2382	0.534341
End Time (hh:mm:ss.ms) 2023-07-17 21:09:11.114745
Total Time (hh:mm:ss.ms) 0:00:02.301009
Individual: ([6, 0, 3, 5, 4, 1, 2, 7], [0, 0, 1, 0, 0, 0, 1, 0])
Fitness:  33.125
Gens:  [0, 1, 2, 3, 4, 5, 6, 7, 8, 9, 10, 11, 12, 13, 14, 15, 16, 17, 18, 19, 20, 21, 22, 23, 24, 25, 26, 27, 28, 29, 30, 31, 32, 33, 34, 35, 36]
Inds:  [33.5, 33.375, 33.375, 33.25, 33.125, 33.125, 33.125, 33.125, 33.125, 33.125, 33.125, 33.125, 33.125, 33.125, 33.125, 33.125, 33.125, 33.125, 33.125, 33.125, 33.125, 33.125, 33.125, 33.125, 33.125, 33.125, 33.125, 33.125, 33.125, 33.125, 33.125, 33.125, 33.125, 33.125, 33.125, 33.125, 33.125]

