A-BRKGA:

Execution 1:
Parameters: Y=0.999
Start Time (hh:mm:ss.ms) 2023-07-17 21:08:17.198752
generations	MaxGenenerations	Populationk1	Populationk	PopulationElite	PopulationMutant	fitnessElite	alpha	min   	max 	avg    	std     
0          	0               	0           	0          	0              	0               	0           	0    	33.875	35.5	34.8698	0.305988
1          	35.0998         	999         	1000       	100            	200             	34.3625     	0.3  	33.5  	35.5	34.6121	0.365097
2          	34.7112         	998         	999        	105            	196             	34.0885     	0.294	33.375	35.5	34.4912	0.425814
3          	34.5817         	997         	998        	109            	191             	33.9879     	0.288	33.125	35.625	34.3783	0.473391
End Time (hh:mm:ss.ms) 2023-07-17 21:08:19.001751
Total Time (hh:mm:ss.ms) 0:00:01.802999
Individual: ([7, 1, 4, 5, 2, 3, 0, 6], [1, 1, 1, 1, 1, 0, 1, 1])
Fitness:  33.125
Gens:  [0, 1, 2, 3, 4, 5, 6, 7, 8, 9, 10, 11, 12, 13, 14, 15, 16, 17, 18, 19, 20, 21, 22, 23, 24, 25, 26, 27, 28, 29, 30, 31, 32, 33, 34, 35]
Inds:  [33.875, 33.5, 33.375, 33.125, 33.125, 33.125, 33.125, 33.125, 33.125, 33.125, 33.125, 33.125, 33.125, 33.125, 33.125, 33.125, 33.125, 33.125, 33.125, 33.125, 33.125, 33.125, 33.125, 33.125, 33.125, 33.125, 33.125, 33.125, 33.125, 33.125, 33.125, 33.125, 33.125, 33.125, 33.125, 33.125]

Execution 2:
Parameters: Y=0.999
Start Time (hh:mm:ss.ms) 2023-07-17 21:08:19.918751
generations	MaxGenenerations	Populationk1	Populationk	PopulationElite	PopulationMutant	fitnessElite	alpha	min  	max 	avg   	std     
0          	0               	0           	0          	0              	0               	0           	0    	33.75	35.5	34.869	0.287763
1          	34.9703         	999         	1000       	100            	200             	34.275      	0.3  	33.625	35.5	34.6259	0.364079
2          	34.8407         	998         	999        	105            	196             	34.1767     	0.294	33.5  	35.375	34.5317	0.400847
3          	34.7069         	997         	998        	109            	191             	34.0409     	0.288	33.375	35.5  	34.4819	0.418794
6          	34.5817         	994         	995        	121            	178             	33.9511     	0.271	33.25 	35.5  	34.2504	0.528682
7          	34.4522         	993         	994        	126            	173             	33.8466     	0.265	33.125	35.375	34.2033	0.562642
End Time (hh:mm:ss.ms) 2023-07-17 21:08:21.579752
Total Time (hh:mm:ss.ms) 0:00:01.661001
Individual: ([6, 0, 3, 5, 4, 1, 2, 7], [0, 0, 1, 0, 0, 0, 1, 0])
Fitness:  33.125
Gens:  [0, 1, 2, 3, 4, 5, 6, 7, 8, 9, 10, 11, 12, 13, 14, 15, 16, 17, 18, 19, 20, 21, 22, 23, 24, 25, 26, 27, 28, 29, 30, 31, 32, 33, 34, 35]
Inds:  [33.75, 33.625, 33.5, 33.375, 33.375, 33.375, 33.25, 33.125, 33.125, 33.125, 33.125, 33.125, 33.125, 33.125, 33.125, 33.125, 33.125, 33.125, 33.125, 33.125, 33.125, 33.125, 33.125, 33.125, 33.125, 33.125, 33.125, 33.125, 33.125, 33.125, 33.125, 33.125, 33.125, 33.125, 33.125, 33.125]

Execution 3:
Parameters: Y=0.999
Start Time (hh:mm:ss.ms) 2023-07-17 21:08:22.264725
generations	MaxGenenerations	Populationk1	Populationk	PopulationElite	PopulationMutant	fitnessElite	alpha	min   	max   	avg    	std     
0          	0               	0           	0          	0              	0               	0           	0    	33.625	35.625	34.8645	0.285179
1          	34.8451         	999         	1000       	100            	200             	34.225      	0.3  	33.5  	35.5  	34.6221	0.372016
3          	34.7112         	997         	998        	109            	191             	34.077      	0.288	33.375	35.5  	34.3756	0.459611
4          	34.5817         	996         	997        	113            	187             	33.9756     	0.282	33.125	35.5  	34.3185	0.503544
End Time (hh:mm:ss.ms) 2023-07-17 21:08:24.072425
Total Time (hh:mm:ss.ms) 0:00:01.807700
Individual: ([7, 2, 1, 4, 5, 3, 0, 6], [1, 0, 1, 1, 1, 0, 1, 1])
Fitness:  33.125
Gens:  [0, 1, 2, 3, 4, 5, 6, 7, 8, 9, 10, 11, 12, 13, 14, 15, 16, 17, 18, 19, 20, 21, 22, 23, 24, 25, 26, 27, 28, 29, 30, 31, 32, 33, 34, 35]
Inds:  [33.625, 33.5, 33.5, 33.375, 33.125, 33.125, 33.125, 33.125, 33.125, 33.125, 33.125, 33.125, 33.125, 33.125, 33.125, 33.125, 33.125, 33.125, 33.125, 33.125, 33.125, 33.125, 33.125, 33.125, 33.125, 33.125, 33.125, 33.125, 33.125, 33.125, 33.125, 33.125, 33.125, 33.125, 33.125, 33.125]

Execution 4:
Parameters: Y=0.999
Start Time (hh:mm:ss.ms) 2023-07-17 21:08:24.714425
generations	MaxGenenerations	Populationk1	Populationk	PopulationElite	PopulationMutant	fitnessElite	alpha	min 	max 	avg    	std     
0          	0               	0           	0          	0              	0               	0           	0    	33.5	35.5	34.8792	0.288499
1          	34.7112         	999         	1000       	100            	200             	34.1        	0.3  	33.25	35.5	34.5248	0.405958
7          	34.4565         	993         	994        	126            	173             	33.8798     	0.265	33.125	35.5  	33.9577	0.635948
End Time (hh:mm:ss.ms) 2023-07-17 21:08:26.374425
Total Time (hh:mm:ss.ms) 0:00:01.660000
Individual: ([6, 0, 3, 2, 5, 4, 1, 7], [0, 0, 1, 1, 0, 0, 0, 0])
Fitness:  33.125
Gens:  [0, 1, 2, 3, 4, 5, 6, 7, 8, 9, 10, 11, 12, 13, 14, 15, 16, 17, 18, 19, 20, 21, 22, 23, 24, 25, 26, 27, 28, 29, 30, 31, 32, 33, 34, 35]
Inds:  [33.5, 33.25, 33.25, 33.25, 33.25, 33.25, 33.25, 33.125, 33.125, 33.125, 33.125, 33.125, 33.125, 33.125, 33.125, 33.125, 33.125, 33.125, 33.125, 33.125, 33.125, 33.125, 33.125, 33.125, 33.125, 33.125, 33.125, 33.125, 33.125, 33.125, 33.125, 33.125, 33.125, 33.125, 33.125, 33.125]

Execution 5:
Parameters: Y=0.999
Start Time (hh:mm:ss.ms) 2023-07-17 21:08:26.986423
generations	MaxGenenerations	Populationk1	Populationk	PopulationElite	PopulationMutant	fitnessElite	alpha	min   	max   	avg    	std     
0          	0               	0           	0          	0              	0               	0           	0    	33.875	35.625	34.8755	0.287554
1          	35.1042         	999         	1000       	100            	200             	34.4        	0.3  	33.75 	35.5  	34.6537	0.342007
2          	34.9703         	998         	999        	105            	196             	34.265      	0.294	33.625	35.375	34.5808	0.380474
3          	34.8364         	997         	998        	109            	191             	34.1299     	0.288	33.375	35.5  	34.4985	0.412054
4          	34.5817         	996         	997        	113            	187             	33.9756     	0.282	33.25 	35.5  	34.4395	0.455829
6          	34.4479         	994         	995        	122            	178             	33.8258     	0.270	33.125	35.375	34.2397	0.545082
End Time (hh:mm:ss.ms) 2023-07-17 21:08:28.870424
Total Time (hh:mm:ss.ms) 0:00:01.884001
Individual: ([7, 2, 5, 4, 1, 3, 0, 6], [1, 0, 0, 0, 0, 0, 1, 1])
Fitness:  33.125
Gens:  [0, 1, 2, 3, 4, 5, 6, 7, 8, 9, 10, 11, 12, 13, 14, 15, 16, 17, 18, 19, 20, 21, 22, 23, 24, 25, 26, 27, 28, 29, 30, 31, 32, 33, 34, 35]
Inds:  [33.875, 33.75, 33.625, 33.375, 33.25, 33.25, 33.125, 33.125, 33.125, 33.125, 33.125, 33.125, 33.125, 33.125, 33.125, 33.125, 33.125, 33.125, 33.125, 33.125, 33.125, 33.125, 33.125, 33.125, 33.125, 33.125, 33.125, 33.125, 33.125, 33.125, 33.125, 33.125, 33.125, 33.125, 33.125, 33.125]

Execution 6:
Parameters: Y=0.999
Start Time (hh:mm:ss.ms) 2023-07-17 21:08:29.579425
generations	MaxGenenerations	Populationk1	Populationk	PopulationElite	PopulationMutant	fitnessElite	alpha	min  	max 	avg    	std     
0          	0               	0           	0          	0              	0               	0           	0    	33.75	35.5	34.8661	0.306032
2          	34.9703         	998         	999        	105            	196             	34.265      	0.294	33.5 	35.375	34.5485	0.394788
3          	34.7069         	997         	998        	109            	191             	34.0409     	0.288	33.25	35.5  	34.4588	0.433888
7          	34.4479         	993         	994        	126            	173             	33.8135     	0.265	33.125	35.5  	34.1699	0.567463
End Time (hh:mm:ss.ms) 2023-07-17 21:08:31.544425
Total Time (hh:mm:ss.ms) 0:00:01.965000
Individual: ([6, 0, 3, 1, 4, 5, 2, 7], [0, 0, 1, 1, 1, 1, 1, 0])
Fitness:  33.125
Gens:  [0, 1, 2, 3, 4, 5, 6, 7, 8, 9, 10, 11, 12, 13, 14, 15, 16, 17, 18, 19, 20, 21, 22, 23, 24, 25, 26, 27, 28, 29, 30, 31, 32, 33, 34, 35]
Inds:  [33.75, 33.75, 33.5, 33.25, 33.25, 33.25, 33.25, 33.125, 33.125, 33.125, 33.125, 33.125, 33.125, 33.125, 33.125, 33.125, 33.125, 33.125, 33.125, 33.125, 33.125, 33.125, 33.125, 33.125, 33.125, 33.125, 33.125, 33.125, 33.125, 33.125, 33.125, 33.125, 33.125, 33.125, 33.125, 33.125]

Execution 7:
Parameters: Y=0.999
Start Time (hh:mm:ss.ms) 2023-07-17 21:08:32.209424
generations	MaxGenenerations	Populationk1	Populationk	PopulationElite	PopulationMutant	fitnessElite	alpha	min   	max 	avg    	std     
0          	0               	0           	0          	0              	0               	0           	0    	33.625	35.5	34.8751	0.290178
1          	34.8407         	999         	1000       	100            	200             	34.1875     	0.3  	33.375	35.5	34.5591	0.387754
2          	34.5817         	998         	999        	105            	196             	34.0002     	0.294	33.125	35.625	34.4038	0.447259
End Time (hh:mm:ss.ms) 2023-07-17 21:08:34.193008
Total Time (hh:mm:ss.ms) 0:00:01.983584
Individual: ([7, 1, 4, 5, 2, 3, 0, 6], [1, 1, 1, 1, 0, 0, 1, 1])
Fitness:  33.125
Gens:  [0, 1, 2, 3, 4, 5, 6, 7, 8, 9, 10, 11, 12, 13, 14, 15, 16, 17, 18, 19, 20, 21, 22, 23, 24, 25, 26, 27, 28, 29, 30, 31, 32, 33, 34, 35]
Inds:  [33.625, 33.375, 33.125, 33.125, 33.125, 33.125, 33.125, 33.125, 33.125, 33.125, 33.125, 33.125, 33.125, 33.125, 33.125, 33.125, 33.125, 33.125, 33.125, 33.125, 33.125, 33.125, 33.125, 33.125, 33.125, 33.125, 33.125, 33.125, 33.125, 33.125, 33.125, 33.125, 33.125, 33.125, 33.125, 33.125]

Execution 8:
Parameters: Y=0.999
Start Time (hh:mm:ss.ms) 2023-07-17 21:08:34.966168
generations	MaxGenenerations	Populationk1	Populationk	PopulationElite	PopulationMutant	fitnessElite	alpha	min  	max   	avg    	std     
0          	0               	0           	0          	0              	0               	0           	0    	33.75	35.625	34.8795	0.308441
1          	34.9746         	999         	1000       	100            	200             	34.3125     	0.3  	33.625	35.5  	34.6239	0.355163
2          	34.8407         	998         	999        	105            	196             	34.1767     	0.294	33.375	35.5  	34.5242	0.409557
5          	34.5817         	995         	996        	117            	182             	33.9633     	0.276	33.125	35.5  	34.2152	0.533899
End Time (hh:mm:ss.ms) 2023-07-17 21:08:36.898349
Total Time (hh:mm:ss.ms) 0:00:01.932181
Individual: ([6, 0, 3, 2, 5, 4, 1, 7], [0, 0, 1, 1, 0, 0, 0, 0])
Fitness:  33.125
Gens:  [0, 1, 2, 3, 4, 5, 6, 7, 8, 9, 10, 11, 12, 13, 14, 15, 16, 17, 18, 19, 20, 21, 22, 23, 24, 25, 26, 27, 28, 29, 30, 31, 32, 33, 34, 35]
Inds:  [33.75, 33.625, 33.375, 33.375, 33.375, 33.125, 33.125, 33.125, 33.125, 33.125, 33.125, 33.125, 33.125, 33.125, 33.125, 33.125, 33.125, 33.125, 33.125, 33.125, 33.125, 33.125, 33.125, 33.125, 33.125, 33.125, 33.125, 33.125, 33.125, 33.125, 33.125, 33.125, 33.125, 33.125, 33.125, 33.125]

Execution 9:
Parameters: Y=0.999
Start Time (hh:mm:ss.ms) 2023-07-17 21:08:37.570562
generations	MaxGenenerations	Populationk1	Populationk	PopulationElite	PopulationMutant	fitnessElite	alpha	min   	max   	avg   	std     
0          	0               	0           	0          	0              	0               	0           	0    	33.625	35.625	34.854	0.297273
1          	34.8451         	999         	1000       	100            	200             	34.225      	0.3  	33.5  	35.5  	34.5906	0.388848
3          	34.7112         	997         	998        	109            	191             	34.077      	0.288	33.375	35.5  	34.4304	0.449249
4          	34.5817         	996         	997        	113            	187             	33.9756     	0.282	33.25 	35.625	34.3549	0.488354
8          	34.4479         	992         	993        	130            	169             	33.8011     	0.259	33.125	35.5  	34.142 	0.571344
End Time (hh:mm:ss.ms) 2023-07-17 21:08:39.635967
Total Time (hh:mm:ss.ms) 0:00:02.065405
Individual: ([7, 5, 4, 1, 2, 3, 0, 6], [1, 0, 0, 0, 0, 0, 1, 1])
Fitness:  33.125
Gens:  [0, 1, 2, 3, 4, 5, 6, 7, 8, 9, 10, 11, 12, 13, 14, 15, 16, 17, 18, 19, 20, 21, 22, 23, 24, 25, 26, 27, 28, 29, 30, 31, 32, 33, 34, 35]
Inds:  [33.625, 33.5, 33.5, 33.375, 33.25, 33.25, 33.25, 33.25, 33.125, 33.125, 33.125, 33.125, 33.125, 33.125, 33.125, 33.125, 33.125, 33.125, 33.125, 33.125, 33.125, 33.125, 33.125, 33.125, 33.125, 33.125, 33.125, 33.125, 33.125, 33.125, 33.125, 33.125, 33.125, 33.125, 33.125, 33.125]

Execution 10:
Parameters: Y=0.999
Start Time (hh:mm:ss.ms) 2023-07-17 21:08:40.381432
generations	MaxGenenerations	Populationk1	Populationk	PopulationElite	PopulationMutant	fitnessElite	alpha	min   	max   	avg    	std     
0          	0               	0           	0          	0              	0               	0           	0    	33.875	35.625	34.8775	0.281225
1          	35.1042         	999         	1000       	100            	200             	34.4        	0.3  	33.5  	35.625	34.6524	0.345747
2          	34.7156         	998         	999        	105            	196             	34.1253     	0.294	33.375	35.5  	34.5341	0.387482
3          	34.5817         	997         	998        	109            	191             	33.9879     	0.288	33.125	35.5  	34.3887	0.458692
End Time (hh:mm:ss.ms) 2023-07-17 21:08:42.340434
Total Time (hh:mm:ss.ms) 0:00:01.959002
Individual: ([6, 0, 3, 2, 5, 4, 1, 7], [0, 0, 1, 0, 0, 0, 0, 0])
Fitness:  33.125
Gens:  [0, 1, 2, 3, 4, 5, 6, 7, 8, 9, 10, 11, 12, 13, 14, 15, 16, 17, 18, 19, 20, 21, 22, 23, 24, 25, 26, 27, 28, 29, 30, 31, 32, 33, 34, 35]
Inds:  [33.875, 33.5, 33.375, 33.125, 33.125, 33.125, 33.125, 33.125, 33.125, 33.125, 33.125, 33.125, 33.125, 33.125, 33.125, 33.125, 33.125, 33.125, 33.125, 33.125, 33.125, 33.125, 33.125, 33.125, 33.125, 33.125, 33.125, 33.125, 33.125, 33.125, 33.125, 33.125, 33.125, 33.125, 33.125, 33.125]

