A-BRKGA:

Execution 1:
Parameters: Y=0.999
Start Time (hh:mm:ss.ms) 2023-07-17 21:44:51.407644
generations	MaxGenenerations	Populationk1	Populationk	PopulationElite	PopulationMutant	fitnessElite	alpha	min   	max	avg    	std     
0          	0               	0           	0          	0              	0               	0           	0    	133.75	139	136.589	0.799598
1          	153.706         	999         	1000       	100            	200             	135.325     	0.3  	133.125	138.688	136.024	0.882674
3          	152.978         	997         	998        	102            	198             	134.854     	0.297	132.5  	138.562	135.618	1.04188 
5          	152.222         	995         	996        	104            	196             	134.324     	0.294	132.188	138.625	135.332	1.13216 
9          	151.882         	991         	992        	107            	191             	134.105     	0.289	131.938	138.625	134.813	1.33723 
11         	151.623         	989         	990        	109            	189             	133.963     	0.286	131.5  	138.75 	134.534	1.42223 
13         	151.007         	987         	988        	111            	186             	133.418     	0.284	131.25 	138.25 	134.165	1.54611 
14         	150.72          	986         	987        	112            	185             	133.229     	0.282	131.188	139.125	134.054	1.56781 
16         	150.742         	984         	985        	114            	183             	133.341     	0.280	131    	138.75 	133.994	1.61724 
18         	150.442         	982         	983        	115            	180             	133.028     	0.277	130.812	138.75 	133.818	1.68607 
22         	150.302         	978         	979        	119            	176             	132.989     	0.272	130.625	138.5  	133.637	1.7741  
23         	150.04          	977         	978        	120            	174             	132.757     	0.270	130.562	138.5  	133.57 	1.85628 
24         	149.968         	976         	977        	121            	173             	132.7       	0.269	130.312	138.875	133.474	1.8303  
25         	149.737         	975         	976        	121            	172             	132.607     	0.267	130.062	138.688	133.403	1.89771 
27         	149.431         	973         	974        	123            	170             	132.366     	0.265	129.938	138.562	133.196	1.99163 
29         	149.194         	971         	972        	125            	167             	132.086     	0.262	129.875	138.375	132.998	2.0537  
31         	149.234         	969         	970        	127            	165             	132.213     	0.259	129.625	138.875	132.894	2.17806 
33         	148.938         	967         	968        	128            	163             	131.986     	0.257	129.375	139.25 	132.781	2.21725 
38         	148.604         	962         	963        	133            	157             	131.658     	0.250	129.312	138.75 	132.461	2.37574 
39         	148.569         	961         	962        	133            	156             	131.661     	0.248	129.125	138.875	132.493	2.3286  
43         	148.252         	957         	958        	137            	151             	131.3       	0.243	128.938	138.688	132.157	2.42121 
45         	148.055         	955         	956        	139            	149             	131.163     	0.240	128.688	138.312	132.126	2.49912 
47         	147.833         	953         	954        	140            	147             	131.05      	0.237	128.562	138.375	132.005	2.4974  
53         	147.634         	947         	948        	145            	140             	130.786     	0.229	128.5  	138.5  	131.729	2.60504 
60         	147.599         	940         	941        	151            	132             	130.701     	0.220	128.375	138.5  	131.414	2.7298  
63         	147.382         	937         	938        	153            	129             	130.453     	0.215	128.25 	138.5  	131.269	2.77489 
66         	147.293         	934         	935        	156            	125             	130.394     	0.211	128.125	138.312	131.127	2.78839 
78         	147.15          	922         	923        	165            	113             	130.127     	0.195	128    	138.625	130.84 	2.92699 
End Time (hh:mm:ss.ms) 2023-07-17 21:45:09.223643
Total Time (hh:mm:ss.ms) 0:00:17.815999
Individual: ([11, 13, 16, 15, 26, 27, 7, 24, 28, 14, 23, 21, 20, 5, 8, 6, 19, 17, 0, 1, 3, 4, 25, 18, 22, 10, 9, 2, 12], [0, 0, 1, 1, 1, 1, 1, 1, 0, 0, 1, 1, 1, 0, 0, 1, 0, 1, 1, 1, 1, 1, 0, 1, 1, 1, 1, 1, 0])
Fitness:  128.0
Gens:  [0, 1, 2, 3, 4, 5, 6, 7, 8, 9, 10, 11, 12, 13, 14, 15, 16, 17, 18, 19, 20, 21, 22, 23, 24, 25, 26, 27, 28, 29, 30, 31, 32, 33, 34, 35, 36, 37, 38, 39, 40, 41, 42, 43, 44, 45, 46, 47, 48, 49, 50, 51, 52, 53, 54, 55, 56, 57, 58, 59, 60, 61, 62, 63, 64, 65, 66, 67, 68, 69, 70, 71, 72, 73, 74, 75, 76, 77, 78, 79, 80, 81, 82, 83, 84, 85, 86, 87, 88, 89, 90, 91, 92, 93, 94, 95, 96, 97, 98, 99, 100, 101, 102, 103, 104, 105, 106, 107, 108, 109, 110, 111, 112, 113, 114, 115, 116, 117, 118, 119, 120, 121, 122, 123, 124, 125, 126, 127, 128, 129, 130, 131, 132, 133, 134, 135, 136, 137, 138, 139, 140, 141, 142, 143, 144, 145, 146, 147]
Inds:  [133.75, 133.125, 133.125, 132.5, 132.5, 132.1875, 132.1875, 132.1875, 132.1875, 131.9375, 131.9375, 131.5, 131.5, 131.25, 131.1875, 131.1875, 131.0, 131.0, 130.8125, 130.8125, 130.8125, 130.8125, 130.625, 130.5625, 130.3125, 130.0625, 130.0625, 129.9375, 129.9375, 129.875, 129.875, 129.625, 129.625, 129.375, 129.375, 129.375, 129.375, 129.375, 129.3125, 129.125, 129.125, 129.125, 129.125, 128.9375, 128.9375, 128.6875, 128.6875, 128.5625, 128.5625, 128.5625, 128.5625, 128.5625, 128.5625, 128.5, 128.5, 128.5, 128.5, 128.5, 128.5, 128.5, 128.375, 128.375, 128.375, 128.25, 128.25, 128.25, 128.125, 128.125, 128.125, 128.125, 128.125, 128.125, 128.125, 128.125, 128.125, 128.125, 128.125, 128.125, 128.0, 128.0, 128.0, 128.0, 128.0, 128.0, 128.0, 128.0, 128.0, 128.0, 128.0, 128.0, 128.0, 128.0, 128.0, 128.0, 128.0, 128.0, 128.0, 128.0, 128.0, 128.0, 128.0, 128.0, 128.0, 128.0, 128.0, 128.0, 128.0, 128.0, 128.0, 128.0, 128.0, 128.0, 128.0, 128.0, 128.0, 128.0, 128.0, 128.0, 128.0, 128.0, 128.0, 128.0, 128.0, 128.0, 128.0, 128.0, 128.0, 128.0, 128.0, 128.0, 128.0, 128.0, 128.0, 128.0, 128.0, 128.0, 128.0, 128.0, 128.0, 128.0, 128.0, 128.0, 128.0, 128.0, 128.0, 128.0, 128.0, 128.0]

Execution 2:
Parameters: Y=0.999
Start Time (hh:mm:ss.ms) 2023-07-17 21:45:10.120643
generations	MaxGenenerations	Populationk1	Populationk	PopulationElite	PopulationMutant	fitnessElite	alpha	min    	max    	avg    	std     
0          	0               	0           	0          	0              	0               	0           	0    	133.938	138.625	136.561	0.836056
1          	153.864         	999         	1000       	100            	200             	135.344     	0.3  	133.5  	138.625	135.996	0.874288
2          	153.361         	998         	999        	101            	199             	135.031     	0.298	133    	138.438	135.796	0.924096
4          	152.787         	996         	997        	103            	197             	134.665     	0.296	132.312	138.562	135.51 	1.08637 
9          	152.026         	991         	992        	107            	191             	134.194     	0.289	132.062	138.562	135.15 	1.2515  
11         	151.653         	989         	990        	109            	189             	133.837     	0.286	131.938	138.25 	135.007	1.29563 
17         	151.528         	983         	984        	114            	182             	133.733     	0.278	131.688	138.625	134.425	1.43792 
18         	151.279         	982         	983        	115            	180             	133.613     	0.277	131.438	138.562	134.371	1.50399 
20         	150.907         	980         	981        	117            	178             	133.258     	0.274	131.375	138.312	134.231	1.53983 
22         	150.863         	978         	979        	119            	176             	133.246     	0.272	130.875	138.5  	134.126	1.56999 
23         	150.327         	977         	978        	120            	174             	132.939     	0.270	130.125	139.125	133.995	1.66777 
29         	149.503         	971         	972        	125            	167             	132.389     	0.262	129.812	138.312	133.204	1.96197 
31         	149.097         	969         	970        	127            	165             	132.053     	0.259	129.438	138.375	133.009	2.01349 
39         	148.713         	961         	962        	133            	156             	131.755     	0.248	129.125	138.625	132.52 	2.28335 
44         	148.354         	956         	957        	138            	150             	131.455     	0.242	129.062	139    	132.351	2.33836 
47         	148.189         	953         	954        	140            	147             	131.219     	0.237	128.75 	138.375	132.158	2.40762 
51         	147.914         	949         	950        	144            	142             	131.059     	0.232	128.688	138.562	132.015	2.48208 
57         	147.75          	943         	944        	148            	135             	130.789     	0.224	128.562	138.312	131.705	2.50227 
60         	147.661         	940         	941        	151            	132             	130.736     	0.220	128.5  	138.25 	131.614	2.58424 
62         	147.562         	938         	939        	152            	130             	130.619     	0.217	128.438	139.188	131.556	2.58209 
63         	147.629         	937         	938        	153            	129             	130.76      	0.216	128.375	138.25 	131.58 	2.58512 
67         	147.418         	933         	934        	156            	124             	130.453     	0.210	128.125	138.5  	131.392	2.67736 
75         	147.15          	925         	926        	163            	116             	130.169     	0.199	128    	138.812	131.007	2.7456  
84         	146.969         	916         	917        	170            	106             	129.894     	0.187	127.812	138.375	130.793	2.80871 
87         	146.818         	913         	914        	172            	103             	129.778     	0.182	127.75 	138.562	130.8  	2.82738 
91         	146.728         	909         	910        	175            	99              	129.645     	0.177	127.688	138.688	130.618	2.84576 
End Time (hh:mm:ss.ms) 2023-07-17 21:45:27.872644
Total Time (hh:mm:ss.ms) 0:00:17.752001
Individual: ([12, 13, 22, 10, 4, 0, 8, 24, 7, 6, 17, 28, 3, 5, 25, 1, 2, 20, 23, 14, 19, 27, 26, 15, 16, 21, 9, 18, 11], [1, 1, 1, 1, 0, 0, 0, 0, 0, 1, 1, 0, 1, 1, 1, 0, 0, 0, 0, 1, 0, 0, 0, 0, 0, 1, 1, 0, 1])
Fitness:  127.6875
Gens:  [0, 1, 2, 3, 4, 5, 6, 7, 8, 9, 10, 11, 12, 13, 14, 15, 16, 17, 18, 19, 20, 21, 22, 23, 24, 25, 26, 27, 28, 29, 30, 31, 32, 33, 34, 35, 36, 37, 38, 39, 40, 41, 42, 43, 44, 45, 46, 47, 48, 49, 50, 51, 52, 53, 54, 55, 56, 57, 58, 59, 60, 61, 62, 63, 64, 65, 66, 67, 68, 69, 70, 71, 72, 73, 74, 75, 76, 77, 78, 79, 80, 81, 82, 83, 84, 85, 86, 87, 88, 89, 90, 91, 92, 93, 94, 95, 96, 97, 98, 99, 100, 101, 102, 103, 104, 105, 106, 107, 108, 109, 110, 111, 112, 113, 114, 115, 116, 117, 118, 119, 120, 121, 122, 123, 124, 125, 126, 127, 128, 129, 130, 131, 132, 133, 134, 135, 136, 137, 138, 139, 140, 141, 142, 143, 144, 145, 146, 147]
Inds:  [133.9375, 133.5, 133.0, 133.0, 132.3125, 132.3125, 132.3125, 132.3125, 132.3125, 132.0625, 132.0625, 131.9375, 131.9375, 131.9375, 131.9375, 131.9375, 131.9375, 131.6875, 131.4375, 131.4375, 131.375, 131.375, 130.875, 130.125, 130.125, 130.125, 130.125, 130.125, 130.125, 129.8125, 129.8125, 129.4375, 129.4375, 129.4375, 129.4375, 129.4375, 129.4375, 129.4375, 129.4375, 129.125, 129.125, 129.125, 129.125, 129.125, 129.0625, 129.0625, 129.0625, 128.75, 128.75, 128.75, 128.75, 128.6875, 128.6875, 128.6875, 128.6875, 128.6875, 128.6875, 128.5625, 128.5625, 128.5625, 128.5, 128.5, 128.4375, 128.375, 128.375, 128.375, 128.375, 128.125, 128.125, 128.125, 128.125, 128.125, 128.125, 128.125, 128.125, 128.0, 128.0, 128.0, 128.0, 128.0, 128.0, 128.0, 128.0, 128.0, 127.8125, 127.8125, 127.8125, 127.75, 127.75, 127.75, 127.75, 127.6875, 127.6875, 127.6875, 127.6875, 127.6875, 127.6875, 127.6875, 127.6875, 127.6875, 127.6875, 127.6875, 127.6875, 127.6875, 127.6875, 127.6875, 127.6875, 127.6875, 127.6875, 127.6875, 127.6875, 127.6875, 127.6875, 127.6875, 127.6875, 127.6875, 127.6875, 127.6875, 127.6875, 127.6875, 127.6875, 127.6875, 127.6875, 127.6875, 127.6875, 127.6875, 127.6875, 127.6875, 127.6875, 127.6875, 127.6875, 127.6875, 127.6875, 127.6875, 127.6875, 127.6875, 127.6875, 127.6875, 127.6875, 127.6875, 127.6875, 127.6875, 127.6875, 127.6875, 127.6875, 127.6875, 127.6875, 127.6875]

Execution 3:
Parameters: Y=0.999
Start Time (hh:mm:ss.ms) 2023-07-17 21:45:28.730643
generations	MaxGenenerations	Populationk1	Populationk	PopulationElite	PopulationMutant	fitnessElite	alpha	min    	max    	avg    	std    
0          	0               	0           	0          	0              	0               	0           	0    	133.875	138.812	136.579	0.82106
1          	153.821         	999         	1000       	100            	200             	135.356     	0.3  	133.5  	138.75 	136.062	0.882074
2          	153.38          	998         	999        	101            	199             	135.068     	0.298	132.562	138.875	135.798	0.932553
5          	152.256         	995         	996        	104            	196             	134.294     	0.294	132.5  	138.812	135.365	1.12067 
7          	152.203         	993         	994        	106            	193             	134.271     	0.292	132.312	138.25 	135.178	1.20464 
8          	151.94          	992         	993        	107            	192             	134.039     	0.290	132.188	138.375	135.117	1.20586 
13         	151.815         	987         	988        	111            	186             	133.946     	0.284	131.562	138.688	134.842	1.34653 
20         	151.183         	980         	981        	117            	178             	133.59      	0.274	131.312	138.875	134.443	1.50158 
23         	150.858         	977         	978        	120            	175             	133.31      	0.270	131.188	138.75 	134.135	1.55391 
25         	150.742         	975         	976        	121            	172             	133.249     	0.268	130.812	138.688	133.885	1.65805 
27         	150.255         	973         	974        	123            	170             	132.853     	0.265	130.688	138.625	133.62 	1.77413 
29         	150.13          	971         	972        	125            	168             	132.773     	0.262	130.5  	138.875	133.478	1.86806 
31         	149.962         	969         	970        	126            	165             	132.694     	0.259	130.375	138.562	133.333	1.92524 
35         	149.724         	965         	966        	130            	161             	132.396     	0.254	130.25 	138.938	133.06 	2.02713 
36         	149.674         	964         	965        	131            	159             	132.45      	0.253	130    	138.938	133.019	2.05624 
41         	149.303         	959         	960        	135            	154             	132.064     	0.246	129.875	138.375	132.823	2.15665 
45         	149.206         	955         	956        	138            	149             	131.999     	0.241	129.812	138.375	132.736	2.18221 
47         	149.097         	953         	954        	140            	147             	131.868     	0.238	129.375	138.75 	132.604	2.19152 
51         	148.622         	949         	950        	143            	142             	131.528     	0.232	129.312	138.438	132.375	2.24894 
53         	148.597         	947         	948        	145            	140             	131.526     	0.230	129    	139.375	132.386	2.296   
56         	148.09          	944         	945        	147            	137             	131.017     	0.225	128.812	138.75 	132.106	2.38696 
59         	147.976         	941         	942        	150            	133             	130.987     	0.221	128.75 	138.25 	131.879	2.47157 
61         	147.886         	939         	940        	152            	131             	130.884     	0.218	128.688	138.625	131.785	2.50761 
62         	147.833         	938         	939        	152            	130             	130.849     	0.217	128.438	138.688	131.661	2.55795 
68         	147.481         	932         	933        	157            	123             	130.477     	0.209	128.375	138.312	131.294	2.6576  
70         	147.446         	930         	931        	159            	121             	130.452     	0.206	128.312	138.562	131.322	2.75032 
71         	147.393         	929         	930        	160            	120             	130.414     	0.205	128.25 	138.438	131.076	2.78562 
79         	147.284         	921         	922        	166            	112             	130.203     	0.194	128.125	138.375	130.906	2.80854 
96         	147.242         	904         	905        	178            	94              	129.984     	0.170	128    	138.5  	130.379	2.76799 
117        	147.006         	883         	884        	193            	73              	129.475     	0.142	127.875	138.188	130.016	2.64217 
120        	146.798         	880         	881        	196            	69              	129.262     	0.137	127.75 	139.125	129.908	2.63088 
125        	146.701         	875         	876        	199            	65              	129.125     	0.130	127.625	138.562	129.707	2.51878 
143        	146.53          	857         	858        	211            	47              	128.733     	0.106	127.375	138.188	129.181	2.42885 
End Time (hh:mm:ss.ms) 2023-07-17 21:45:46.620643
Total Time (hh:mm:ss.ms) 0:00:17.890000
Individual: ([11, 13, 5, 25, 0, 20, 21, 10, 22, 18, 9, 23, 15, 16, 26, 27, 14, 17, 8, 6, 19, 7, 24, 28, 3, 4, 2, 1, 12], [0, 0, 0, 1, 1, 0, 0, 0, 0, 0, 0, 0, 0, 1, 1, 1, 1, 1, 0, 1, 0, 1, 1, 0, 1, 1, 1, 0, 0])
Fitness:  127.375
Gens:  [0, 1, 2, 3, 4, 5, 6, 7, 8, 9, 10, 11, 12, 13, 14, 15, 16, 17, 18, 19, 20, 21, 22, 23, 24, 25, 26, 27, 28, 29, 30, 31, 32, 33, 34, 35, 36, 37, 38, 39, 40, 41, 42, 43, 44, 45, 46, 47, 48, 49, 50, 51, 52, 53, 54, 55, 56, 57, 58, 59, 60, 61, 62, 63, 64, 65, 66, 67, 68, 69, 70, 71, 72, 73, 74, 75, 76, 77, 78, 79, 80, 81, 82, 83, 84, 85, 86, 87, 88, 89, 90, 91, 92, 93, 94, 95, 96, 97, 98, 99, 100, 101, 102, 103, 104, 105, 106, 107, 108, 109, 110, 111, 112, 113, 114, 115, 116, 117, 118, 119, 120, 121, 122, 123, 124, 125, 126, 127, 128, 129, 130, 131, 132, 133, 134, 135, 136, 137, 138, 139, 140, 141, 142, 143, 144, 145, 146, 147]
Inds:  [133.875, 133.5, 132.5625, 132.5625, 132.5625, 132.5, 132.5, 132.3125, 132.1875, 132.1875, 132.1875, 132.1875, 132.1875, 131.5625, 131.5625, 131.5625, 131.5625, 131.5625, 131.5625, 131.5625, 131.3125, 131.3125, 131.3125, 131.1875, 131.1875, 130.8125, 130.8125, 130.6875, 130.6875, 130.5, 130.5, 130.375, 130.375, 130.375, 130.375, 130.25, 130.0, 130.0, 130.0, 130.0, 130.0, 129.875, 129.875, 129.875, 129.875, 129.8125, 129.8125, 129.375, 129.375, 129.375, 129.375, 129.3125, 129.3125, 129.0, 129.0, 129.0, 128.8125, 128.8125, 128.8125, 128.75, 128.75, 128.6875, 128.4375, 128.4375, 128.4375, 128.4375, 128.4375, 128.4375, 128.375, 128.375, 128.3125, 128.25, 128.25, 128.25, 128.25, 128.25, 128.25, 128.25, 128.25, 128.125, 128.125, 128.125, 128.125, 128.125, 128.125, 128.125, 128.125, 128.125, 128.125, 128.125, 128.125, 128.125, 128.125, 128.125, 128.125, 128.125, 128.0, 128.0, 128.0, 128.0, 128.0, 128.0, 128.0, 128.0, 128.0, 128.0, 128.0, 128.0, 128.0, 128.0, 128.0, 128.0, 128.0, 128.0, 128.0, 128.0, 128.0, 127.875, 127.875, 127.875, 127.75, 127.75, 127.75, 127.75, 127.75, 127.625, 127.625, 127.625, 127.625, 127.625, 127.625, 127.625, 127.625, 127.625, 127.625, 127.625, 127.625, 127.625, 127.625, 127.625, 127.625, 127.625, 127.625, 127.375, 127.375, 127.375, 127.375, 127.375]

Execution 4:
Parameters: Y=0.999
Start Time (hh:mm:ss.ms) 2023-07-17 21:45:47.466642
generations	MaxGenenerations	Populationk1	Populationk	PopulationElite	PopulationMutant	fitnessElite	alpha	min    	max    	avg    	std     
0          	0               	0           	0          	0              	0               	0           	0    	134.062	139.188	136.592	0.825211
1          	154.094         	999         	1000       	100            	200             	135.6       	0.3  	133.5  	138.375	136.042	0.820529
2          	153.323         	998         	999        	101            	199             	134.956     	0.298	133.25 	138.312	135.769	0.949623
3          	153.026         	997         	998        	102            	198             	134.756     	0.297	132.875	138.375	135.656	0.996462
4          	152.605         	996         	997        	103            	197             	134.503     	0.296	132.812	138.875	135.522	1.05139 
5          	152.61          	995         	996        	104            	196             	134.599     	0.294	132.688	138.625	135.387	1.11726 
6          	152.428         	994         	995        	105            	194             	134.43      	0.293	132.562	139.125	135.278	1.15872 
7          	152.36          	993         	994        	106            	193             	134.48      	0.292	132.188	138.438	135.158	1.17379 
8          	151.825         	992         	993        	107            	192             	134.005     	0.290	131.938	138.875	135.027	1.23573 
10         	151.566         	990         	991        	108            	190             	133.864     	0.288	131.875	139.125	134.901	1.32977 
11         	151.57          	989         	990        	109            	189             	133.954     	0.286	131.812	138.625	134.83 	1.3234  
14         	151.356         	986         	987        	112            	185             	133.615     	0.282	131.125	138.75 	134.578	1.46391 
18         	150.68          	982         	983        	115            	180             	133.292     	0.277	131    	138.688	134.073	1.64372 
20         	150.489         	980         	981        	117            	178             	133.095     	0.274	130.75 	138.812	133.758	1.73138 
21         	150.23          	979         	980        	118            	177             	132.954     	0.273	130.562	138.938	133.694	1.84915 
23         	150.015         	977         	978        	120            	174             	132.796     	0.270	130.5  	138.75 	133.49 	1.88123 
24         	149.934         	976         	977        	121            	173             	132.722     	0.269	130.188	138.438	133.333	1.92609 
26         	149.575         	974         	975        	122            	171             	132.47      	0.266	129.938	138.562	133.292	1.93325 
32         	149.306         	968         	969        	127            	164             	132.248     	0.258	129.625	138.438	133.01 	2.0954  
33         	148.882         	967         	968        	128            	163             	131.89      	0.257	129.5  	138.625	132.796	2.19455 
35         	148.747         	965         	966        	130            	160             	131.789     	0.254	129.375	138.125	132.674	2.21571 
39         	148.641         	961         	962        	133            	156             	131.708     	0.248	129.062	138.75 	132.51 	2.28306 
42         	148.217         	958         	959        	136            	152             	131.326     	0.244	128.688	138.375	132.353	2.40463 
46         	147.842         	954         	955        	139            	148             	131.079     	0.239	128.625	138.625	132.044	2.46728 
49         	147.669         	951         	952        	142            	144             	130.828     	0.234	128.562	138.812	131.882	2.58195 
54         	147.726         	946         	947        	146            	139             	130.916     	0.228	128.5  	138.562	131.768	2.65067 
55         	147.608         	945         	946        	147            	138             	130.783     	0.226	128.375	138.312	131.652	2.63182 
56         	147.428         	944         	945        	148            	136             	130.615     	0.225	128.312	138.5  	131.573	2.6916  
58         	147.383         	942         	943        	149            	134             	130.581     	0.222	128.25 	138.562	131.586	2.73894 
60         	147.312         	940         	941        	151            	132             	130.504     	0.219	128.125	138.375	131.376	2.74068 
68         	147.159         	932         	933        	157            	123             	130.28      	0.208	128    	138.875	131.132	2.83128 
71         	147.061         	929         	930        	160            	120             	130.202     	0.204	127.938	139.062	131.116	2.84329 
73         	146.953         	927         	928        	161            	118             	130.071     	0.202	127.75 	138.688	130.937	2.88665 
End Time (hh:mm:ss.ms) 2023-07-17 21:46:05.220643
Total Time (hh:mm:ss.ms) 0:00:17.754001
Individual: ([11, 10, 22, 9, 21, 20, 0, 4, 2, 1, 3, 28, 7, 24, 17, 14, 15, 23, 8, 6, 19, 27, 26, 16, 5, 13, 18, 25, 12], [0, 0, 0, 0, 1, 1, 1, 1, 1, 1, 0, 1, 1, 1, 0, 0, 0, 1, 0, 1, 0, 0, 0, 0, 1, 1, 1, 1, 0])
Fitness:  127.75
Gens:  [0, 1, 2, 3, 4, 5, 6, 7, 8, 9, 10, 11, 12, 13, 14, 15, 16, 17, 18, 19, 20, 21, 22, 23, 24, 25, 26, 27, 28, 29, 30, 31, 32, 33, 34, 35, 36, 37, 38, 39, 40, 41, 42, 43, 44, 45, 46, 47, 48, 49, 50, 51, 52, 53, 54, 55, 56, 57, 58, 59, 60, 61, 62, 63, 64, 65, 66, 67, 68, 69, 70, 71, 72, 73, 74, 75, 76, 77, 78, 79, 80, 81, 82, 83, 84, 85, 86, 87, 88, 89, 90, 91, 92, 93, 94, 95, 96, 97, 98, 99, 100, 101, 102, 103, 104, 105, 106, 107, 108, 109, 110, 111, 112, 113, 114, 115, 116, 117, 118, 119, 120, 121, 122, 123, 124, 125, 126, 127, 128, 129, 130, 131, 132, 133, 134, 135, 136, 137, 138, 139, 140, 141, 142, 143, 144, 145, 146, 147]
Inds:  [134.0625, 133.5, 133.25, 132.875, 132.8125, 132.6875, 132.5625, 132.1875, 131.9375, 131.9375, 131.875, 131.8125, 131.8125, 131.8125, 131.125, 131.125, 131.125, 131.125, 131.0, 131.0, 130.75, 130.5625, 130.5625, 130.5, 130.1875, 130.1875, 129.9375, 129.9375, 129.9375, 129.9375, 129.9375, 129.9375, 129.625, 129.5, 129.5, 129.375, 129.375, 129.375, 129.375, 129.0625, 129.0625, 129.0625, 128.6875, 128.6875, 128.6875, 128.6875, 128.625, 128.625, 128.625, 128.5625, 128.5625, 128.5625, 128.5625, 128.5625, 128.5, 128.375, 128.3125, 128.3125, 128.25, 128.25, 128.125, 128.125, 128.125, 128.125, 128.125, 128.125, 128.125, 128.125, 128.0, 128.0, 128.0, 127.9375, 127.9375, 127.75, 127.75, 127.75, 127.75, 127.75, 127.75, 127.75, 127.75, 127.75, 127.75, 127.75, 127.75, 127.75, 127.75, 127.75, 127.75, 127.75, 127.75, 127.75, 127.75, 127.75, 127.75, 127.75, 127.75, 127.75, 127.75, 127.75, 127.75, 127.75, 127.75, 127.75, 127.75, 127.75, 127.75, 127.75, 127.75, 127.75, 127.75, 127.75, 127.75, 127.75, 127.75, 127.75, 127.75, 127.75, 127.75, 127.75, 127.75, 127.75, 127.75, 127.75, 127.75, 127.75, 127.75, 127.75, 127.75, 127.75, 127.75, 127.75, 127.75, 127.75, 127.75, 127.75, 127.75, 127.75, 127.75, 127.75, 127.75, 127.75, 127.75, 127.75, 127.75, 127.75, 127.75, 127.75]

Execution 5:
Parameters: Y=0.999
Start Time (hh:mm:ss.ms) 2023-07-17 21:46:06.069643
generations	MaxGenenerations	Populationk1	Populationk	PopulationElite	PopulationMutant	fitnessElite	alpha	min    	max    	avg    	std     
0          	0               	0           	0          	0              	0               	0           	0    	134.125	139.375	136.566	0.830933
2          	154.098         	998         	999        	101            	199             	135.506     	0.298	133.312	138.312	135.816	0.935888
3          	153.098         	997         	998        	102            	198             	134.799     	0.297	132.875	138.438	135.658	0.964314
4          	152.615         	996         	997        	103            	197             	134.522     	0.296	132.188	138.812	135.558	1.03884 
8          	151.872         	992         	993        	107            	192             	134.096     	0.290	132.062	138.688	135.111	1.2943  
9          	151.719         	991         	992        	107            	191             	133.98      	0.289	131.75 	138.875	134.948	1.30817 
10         	151.389         	990         	991        	108            	190             	133.803     	0.288	131.375	138.812	134.799	1.36989 
13         	150.863         	987         	988        	111            	186             	133.328     	0.284	131.312	138.375	134.323	1.55725 
14         	150.811         	986         	987        	112            	185             	133.309     	0.282	130.938	138.438	134.122	1.57881 
17         	150.361         	983         	984        	114            	181             	132.976     	0.278	130.562	138.75 	133.668	1.81561 
18         	150.005         	982         	983        	115            	180             	132.833     	0.277	130.25 	138.375	133.563	1.8759  
22         	149.628         	978         	979        	119            	176             	132.527     	0.271	130.062	138.25 	133.168	2.04639 
24         	149.375         	976         	977        	121            	173             	132.3       	0.269	129.688	138.375	133.006	2.07274 
27         	148.954         	973         	974        	123            	170             	132.007     	0.265	129.5  	138.625	132.741	2.23567 
28         	148.766         	972         	973        	124            	168             	131.906     	0.263	129.438	138.375	132.906	2.22645 
29         	148.657         	971         	972        	125            	167             	131.782     	0.262	129.312	138.5  	132.656	2.27232 
31         	148.523         	969         	970        	127            	165             	131.681     	0.259	129.188	139.375	132.436	2.37719 
33         	148.379         	967         	968        	128            	163             	131.564     	0.256	129.062	138.125	132.324	2.38862 
34         	148.189         	966         	967        	129            	161             	131.378     	0.255	128.875	138.688	132.277	2.44345 
37         	148.03          	963         	964        	132            	158             	131.294     	0.251	128.812	138.312	132.212	2.5059  
38         	147.93          	962         	963        	133            	157             	131.187     	0.249	128.562	138.688	131.971	2.52798 
39         	147.698         	961         	962        	134            	156             	131.079     	0.248	128.375	139.125	131.949	2.57182 
41         	147.428         	959         	960        	135            	153             	130.817     	0.245	128.25 	138.438	131.843	2.56723 
44         	147.358         	956         	957        	138            	150             	130.802     	0.241	128    	138.375	131.736	2.68026 
50         	147.043         	950         	951        	143            	143             	130.479     	0.233	127.875	139    	131.392	2.7841  
54         	146.863         	946         	947        	146            	138             	130.267     	0.227	127.75 	138.25 	131.161	2.78309 
61         	146.664         	939         	940        	152            	131             	129.986     	0.218	127.625	138.5  	130.945	2.90781 
65         	146.621         	935         	936        	155            	126             	129.978     	0.212	127.125	137.812	130.834	2.88767 
81         	146.019         	919         	920        	168            	109             	129.291     	0.190	127    	138.688	130.247	2.98959 
End Time (hh:mm:ss.ms) 2023-07-17 21:46:23.374643
Total Time (hh:mm:ss.ms) 0:00:17.305000
Individual: ([12, 2, 25, 5, 0, 4, 1, 3, 28, 17, 6, 14, 15, 16, 10, 22, 18, 13, 21, 20, 8, 19, 24, 7, 27, 26, 23, 9, 11], [1, 0, 0, 0, 1, 1, 1, 1, 1, 0, 0, 0, 0, 0, 0, 0, 0, 0, 0, 1, 0, 0, 0, 0, 0, 0, 1, 1, 1])
Fitness:  127.0
Gens:  [0, 1, 2, 3, 4, 5, 6, 7, 8, 9, 10, 11, 12, 13, 14, 15, 16, 17, 18, 19, 20, 21, 22, 23, 24, 25, 26, 27, 28, 29, 30, 31, 32, 33, 34, 35, 36, 37, 38, 39, 40, 41, 42, 43, 44, 45, 46, 47, 48, 49, 50, 51, 52, 53, 54, 55, 56, 57, 58, 59, 60, 61, 62, 63, 64, 65, 66, 67, 68, 69, 70, 71, 72, 73, 74, 75, 76, 77, 78, 79, 80, 81, 82, 83, 84, 85, 86, 87, 88, 89, 90, 91, 92, 93, 94, 95, 96, 97, 98, 99, 100, 101, 102, 103, 104, 105, 106, 107, 108, 109, 110, 111, 112, 113, 114, 115, 116, 117, 118, 119, 120, 121, 122, 123, 124, 125, 126, 127, 128, 129, 130, 131, 132, 133, 134, 135, 136, 137, 138, 139, 140, 141, 142, 143, 144, 145, 146]
Inds:  [134.125, 134.125, 133.3125, 132.875, 132.1875, 132.1875, 132.1875, 132.1875, 132.0625, 131.75, 131.375, 131.375, 131.375, 131.3125, 130.9375, 130.9375, 130.9375, 130.5625, 130.25, 130.25, 130.25, 130.25, 130.0625, 130.0625, 129.6875, 129.6875, 129.6875, 129.5, 129.4375, 129.3125, 129.3125, 129.1875, 129.1875, 129.0625, 128.875, 128.875, 128.875, 128.8125, 128.5625, 128.375, 128.375, 128.25, 128.25, 128.25, 128.0, 128.0, 128.0, 128.0, 128.0, 128.0, 127.875, 127.875, 127.875, 127.875, 127.75, 127.75, 127.75, 127.75, 127.75, 127.75, 127.75, 127.625, 127.625, 127.625, 127.625, 127.125, 127.125, 127.125, 127.125, 127.125, 127.125, 127.125, 127.125, 127.125, 127.125, 127.125, 127.125, 127.125, 127.125, 127.125, 127.125, 127.0, 127.0, 127.0, 127.0, 127.0, 127.0, 127.0, 127.0, 127.0, 127.0, 127.0, 127.0, 127.0, 127.0, 127.0, 127.0, 127.0, 127.0, 127.0, 127.0, 127.0, 127.0, 127.0, 127.0, 127.0, 127.0, 127.0, 127.0, 127.0, 127.0, 127.0, 127.0, 127.0, 127.0, 127.0, 127.0, 127.0, 127.0, 127.0, 127.0, 127.0, 127.0, 127.0, 127.0, 127.0, 127.0, 127.0, 127.0, 127.0, 127.0, 127.0, 127.0, 127.0, 127.0, 127.0, 127.0, 127.0, 127.0, 127.0, 127.0, 127.0, 127.0, 127.0, 127.0, 127.0, 127.0]

Execution 6:
Parameters: Y=0.999
Start Time (hh:mm:ss.ms) 2023-07-17 21:46:24.196643
generations	MaxGenenerations	Populationk1	Populationk	PopulationElite	PopulationMutant	fitnessElite	alpha	min    	max	avg    	std     
0          	0               	0           	0          	0              	0               	0           	0    	133.875	139	136.523	0.830497
2          	153.792         	998         	999        	101            	199             	135.294     	0.298	133.375	138.5  	135.82 	0.929279
3          	153.198         	997         	998        	102            	198             	134.899     	0.297	133.312	138.812	135.684	1.00046 
4          	153.175         	996         	997        	103            	197             	134.941     	0.296	132.375	138.75 	135.606	1.04667 
9          	152.04          	991         	992        	107            	191             	134.13      	0.289	131.875	138.75 	135.019	1.25535 
11         	151.428         	989         	990        	109            	189             	133.685     	0.286	131.75 	138.562	134.71 	1.38704 
12         	151.341         	988         	989        	110            	187             	133.695     	0.285	131.688	139.062	134.507	1.44881 
13         	151.345         	987         	988        	111            	186             	133.783     	0.284	131.438	138.688	134.326	1.52405 
14         	151.001         	986         	987        	112            	185             	133.488     	0.282	131.125	138.5  	134.115	1.5734  
16         	150.689         	984         	985        	114            	183             	133.331     	0.280	130.938	139.125	134.041	1.68433 
17         	150.493         	983         	984        	114            	181             	133.22      	0.278	130.75 	138.625	133.875	1.70166 
20         	150.24          	980         	981        	117            	178             	132.982     	0.274	130.562	138.688	133.682	1.86228 
25         	149.959         	975         	976        	121            	172             	132.673     	0.267	130    	138.5  	133.378	1.98219 
34         	149.322         	966         	967        	129            	162             	132.174     	0.255	129.938	139.25 	132.899	2.15754 
35         	149.362         	965         	966        	130            	161             	132.307     	0.254	129.625	138.312	132.814	2.16173 
38         	148.872         	962         	963        	133            	157             	131.815     	0.250	129.375	138.438	132.609	2.28744 
39         	148.595         	961         	962        	133            	156             	131.63      	0.248	129.25 	138.375	132.627	2.26644 
44         	148.423         	956         	957        	138            	150             	131.429     	0.242	129.188	138.5  	132.318	2.35292 
49         	148.379         	951         	952        	142            	145             	131.364     	0.235	128.938	138.188	132.073	2.36713 
51         	148.046         	949         	950        	143            	142             	131.073     	0.232	128.75 	138.625	132.031	2.50473 
54         	147.886         	946         	947        	146            	139             	130.976     	0.228	128.625	138.812	131.923	2.56442 
59         	147.705         	941         	942        	150            	133             	130.757     	0.221	128.5  	138.438	131.641	2.60083 
63         	147.682         	937         	938        	153            	129             	130.782     	0.216	128.375	138.312	131.549	2.69113 
68         	147.511         	932         	933        	157            	123             	130.571     	0.209	128.25 	138.562	131.26 	2.81805 
108        	147.293         	892         	893        	187            	82              	129.816     	0.154	128.125	138.875	130.335	2.66403 
End Time (hh:mm:ss.ms) 2023-07-17 21:46:42.168643
Total Time (hh:mm:ss.ms) 0:00:17.972000
Individual: ([11, 13, 18, 22, 9, 21, 20, 5, 10, 16, 27, 7, 24, 28, 17, 19, 6, 14, 8, 0, 4, 2, 3, 26, 15, 23, 25, 1, 12], [0, 0, 1, 1, 0, 0, 1, 1, 1, 1, 1, 1, 1, 1, 0, 0, 0, 0, 1, 1, 1, 1, 1, 0, 1, 1, 1, 0, 0])
Fitness:  128.125
Gens:  [0, 1, 2, 3, 4, 5, 6, 7, 8, 9, 10, 11, 12, 13, 14, 15, 16, 17, 18, 19, 20, 21, 22, 23, 24, 25, 26, 27, 28, 29, 30, 31, 32, 33, 34, 35, 36, 37, 38, 39, 40, 41, 42, 43, 44, 45, 46, 47, 48, 49, 50, 51, 52, 53, 54, 55, 56, 57, 58, 59, 60, 61, 62, 63, 64, 65, 66, 67, 68, 69, 70, 71, 72, 73, 74, 75, 76, 77, 78, 79, 80, 81, 82, 83, 84, 85, 86, 87, 88, 89, 90, 91, 92, 93, 94, 95, 96, 97, 98, 99, 100, 101, 102, 103, 104, 105, 106, 107, 108, 109, 110, 111, 112, 113, 114, 115, 116, 117, 118, 119, 120, 121, 122, 123, 124, 125, 126, 127, 128, 129, 130, 131, 132, 133, 134, 135, 136, 137, 138, 139, 140, 141, 142, 143, 144, 145, 146, 147, 148]
Inds:  [133.875, 133.875, 133.375, 133.3125, 132.375, 132.375, 132.375, 132.375, 132.375, 131.875, 131.875, 131.75, 131.6875, 131.4375, 131.125, 131.125, 130.9375, 130.75, 130.75, 130.75, 130.5625, 130.5625, 130.5625, 130.5625, 130.5625, 130.0, 130.0, 130.0, 130.0, 130.0, 130.0, 130.0, 130.0, 130.0, 129.9375, 129.625, 129.625, 129.625, 129.375, 129.25, 129.25, 129.25, 129.25, 129.25, 129.1875, 129.1875, 129.1875, 129.1875, 129.1875, 128.9375, 128.9375, 128.75, 128.75, 128.75, 128.625, 128.625, 128.625, 128.625, 128.625, 128.5, 128.5, 128.5, 128.5, 128.375, 128.375, 128.375, 128.375, 128.375, 128.25, 128.25, 128.25, 128.25, 128.25, 128.25, 128.25, 128.25, 128.25, 128.25, 128.25, 128.25, 128.25, 128.25, 128.25, 128.25, 128.25, 128.25, 128.25, 128.25, 128.25, 128.25, 128.25, 128.25, 128.25, 128.25, 128.25, 128.25, 128.25, 128.25, 128.25, 128.25, 128.25, 128.25, 128.25, 128.25, 128.25, 128.25, 128.25, 128.25, 128.125, 128.125, 128.125, 128.125, 128.125, 128.125, 128.125, 128.125, 128.125, 128.125, 128.125, 128.125, 128.125, 128.125, 128.125, 128.125, 128.125, 128.125, 128.125, 128.125, 128.125, 128.125, 128.125, 128.125, 128.125, 128.125, 128.125, 128.125, 128.125, 128.125, 128.125, 128.125, 128.125, 128.125, 128.125, 128.125, 128.125, 128.125, 128.125, 128.125, 128.125]

Execution 7:
Parameters: Y=0.999
Start Time (hh:mm:ss.ms) 2023-07-17 21:46:43.079645
generations	MaxGenenerations	Populationk1	Populationk	PopulationElite	PopulationMutant	fitnessElite	alpha	min    	max   	avg   	std     
0          	0               	0           	0          	0              	0               	0           	0    	133.812	138.75	136.58	0.793333
1          	153.739         	999         	1000       	100            	200             	135.294     	0.3  	132.812	138.812	135.965	0.876478
2          	152.6           	998         	999        	101            	199             	134.605     	0.298	132.625	139    	135.709	0.993646
4          	152.375         	996         	997        	103            	197             	134.438     	0.296	132.562	138.562	135.32 	1.15155 
5          	152.275         	995         	996        	104            	196             	134.331     	0.294	132.188	139    	135.117	1.20045 
6          	151.91          	994         	995        	105            	194             	134.186     	0.293	131.875	138.062	134.933	1.25512 
8          	151.475         	992         	993        	107            	192             	133.801     	0.290	131.562	138.375	134.71 	1.37874 
9          	151.098         	991         	992        	107            	191             	133.534     	0.289	130.688	138.375	134.59 	1.41739 
14         	150.177         	986         	987        	112            	185             	133.02      	0.282	130.625	138.5  	133.628	1.85833 
15         	150.04          	985         	986        	113            	184             	132.841     	0.281	130.438	138.688	133.537	1.90503 
16         	149.852         	984         	985        	114            	183             	132.747     	0.279	130.375	138.5  	133.402	1.98226 
18         	149.743         	982         	983        	115            	180             	132.611     	0.277	130.188	138.5  	133.224	2.04921 
20         	149.537         	980         	981        	117            	178             	132.47      	0.274	129.812	138.375	133.076	2.16682 
21         	149.088         	979         	980        	118            	177             	132.152     	0.273	129.125	138.875	132.895	2.21356 
31         	148.317         	969         	970        	127            	165             	131.558     	0.259	129.062	138.812	132.376	2.48233 
36         	148.282         	964         	965        	131            	159             	131.511     	0.252	128.875	138.562	132.209	2.57846 
40         	147.983         	960         	961        	134            	155             	131.178     	0.247	128.812	139.062	132.006	2.63349 
41         	148.041         	959         	960        	135            	153             	131.334     	0.245	128.688	138.75 	131.947	2.59777 
43         	147.86          	957         	958        	137            	151             	131.15      	0.243	128.562	138.625	131.864	2.5971  
47         	147.763         	953         	954        	140            	147             	131.074     	0.237	128.438	138.562	131.749	2.60825 
52         	147.527         	948         	949        	144            	141             	130.761     	0.230	128.375	138.625	131.663	2.69436 
62         	147.455         	938         	939        	153            	130             	130.575     	0.217	128.25 	138.438	131.351	2.76384 
70         	147.275         	930         	931        	159            	121             	130.313     	0.206	128    	138.438	131.138	2.78612 
End Time (hh:mm:ss.ms) 2023-07-17 21:47:01.138642
Total Time (hh:mm:ss.ms) 0:00:18.058997
Individual: ([12, 2, 25, 26, 27, 19, 6, 14, 23, 21, 20, 5, 16, 15, 4, 0, 3, 1, 28, 7, 24, 17, 8, 9, 18, 22, 10, 13, 11], [1, 0, 0, 1, 1, 1, 0, 0, 1, 1, 1, 1, 1, 1, 1, 1, 0, 1, 1, 1, 1, 0, 1, 1, 0, 1, 1, 1, 1])
Fitness:  128.0
Gens:  [0, 1, 2, 3, 4, 5, 6, 7, 8, 9, 10, 11, 12, 13, 14, 15, 16, 17, 18, 19, 20, 21, 22, 23, 24, 25, 26, 27, 28, 29, 30, 31, 32, 33, 34, 35, 36, 37, 38, 39, 40, 41, 42, 43, 44, 45, 46, 47, 48, 49, 50, 51, 52, 53, 54, 55, 56, 57, 58, 59, 60, 61, 62, 63, 64, 65, 66, 67, 68, 69, 70, 71, 72, 73, 74, 75, 76, 77, 78, 79, 80, 81, 82, 83, 84, 85, 86, 87, 88, 89, 90, 91, 92, 93, 94, 95, 96, 97, 98, 99, 100, 101, 102, 103, 104, 105, 106, 107, 108, 109, 110, 111, 112, 113, 114, 115, 116, 117, 118, 119, 120, 121, 122, 123, 124, 125, 126, 127, 128, 129, 130, 131, 132, 133, 134, 135, 136, 137, 138, 139, 140, 141, 142, 143, 144, 145, 146, 147, 148]
Inds:  [133.8125, 132.8125, 132.625, 132.625, 132.5625, 132.1875, 131.875, 131.875, 131.5625, 130.6875, 130.6875, 130.6875, 130.6875, 130.6875, 130.625, 130.4375, 130.375, 130.375, 130.1875, 130.1875, 129.8125, 129.125, 129.125, 129.125, 129.125, 129.125, 129.125, 129.125, 129.125, 129.125, 129.125, 129.0625, 129.0625, 129.0625, 129.0625, 129.0625, 128.875, 128.875, 128.875, 128.875, 128.8125, 128.6875, 128.6875, 128.5625, 128.5625, 128.5625, 128.5625, 128.4375, 128.4375, 128.4375, 128.4375, 128.4375, 128.375, 128.375, 128.375, 128.375, 128.375, 128.375, 128.375, 128.375, 128.375, 128.375, 128.25, 128.25, 128.25, 128.25, 128.25, 128.25, 128.25, 128.25, 128.0, 128.0, 128.0, 128.0, 128.0, 128.0, 128.0, 128.0, 128.0, 128.0, 128.0, 128.0, 128.0, 128.0, 128.0, 128.0, 128.0, 128.0, 128.0, 128.0, 128.0, 128.0, 128.0, 128.0, 128.0, 128.0, 128.0, 128.0, 128.0, 128.0, 128.0, 128.0, 128.0, 128.0, 128.0, 128.0, 128.0, 128.0, 128.0, 128.0, 128.0, 128.0, 128.0, 128.0, 128.0, 128.0, 128.0, 128.0, 128.0, 128.0, 128.0, 128.0, 128.0, 128.0, 128.0, 128.0, 128.0, 128.0, 128.0, 128.0, 128.0, 128.0, 128.0, 128.0, 128.0, 128.0, 128.0, 128.0, 128.0, 128.0, 128.0, 128.0, 128.0, 128.0, 128.0, 128.0, 128.0, 128.0, 128.0]

Execution 8:
Parameters: Y=0.999
Start Time (hh:mm:ss.ms) 2023-07-17 21:47:02.033644
generations	MaxGenenerations	Populationk1	Populationk	PopulationElite	PopulationMutant	fitnessElite	alpha	min	max    	avg  	std     
0          	0               	0           	0          	0              	0               	0           	0    	134	139.312	136.6	0.809986
2          	154.032         	998         	999        	101            	199             	135.568     	0.298	133.125	138.5  	135.932	0.911935
3          	152.911         	997         	998        	102            	198             	134.723     	0.297	132.75 	138.938	135.764	0.97146 
8          	152.423         	992         	993        	107            	192             	134.313     	0.290	131.625	138.062	135.204	1.20075 
13         	151.141         	987         	988        	111            	186             	133.49      	0.284	131.062	139.5  	134.306	1.50418 
15         	150.599         	985         	986        	113            	184             	133.261     	0.281	130.938	138.562	134.007	1.65294 
16         	150.408         	984         	985        	114            	183             	133.073     	0.280	130.688	138.438	133.85 	1.71204 
18         	150.205         	982         	983        	115            	180             	133.028     	0.277	130.625	138.75 	133.637	1.78409 
19         	150.077         	981         	982        	116            	179             	132.868     	0.276	130.375	138.375	133.591	1.82124 
20         	149.734         	980         	981        	117            	178             	132.572     	0.274	130.062	138.562	133.407	1.89663 
22         	149.412         	978         	979        	119            	175             	132.391     	0.271	129.875	138.5  	133.213	2.01366 
26         	149.225         	974         	975        	122            	171             	132.257     	0.266	129.75 	138.562	133.07 	2.11433 
29         	149.072         	971         	972        	125            	167             	132.112     	0.262	129.625	138.438	132.838	2.16725 
30         	148.882         	970         	971        	126            	166             	131.925     	0.261	129.5  	138.75 	132.809	2.2421  
33         	148.757         	967         	968        	128            	163             	131.829     	0.256	129.375	138.625	132.661	2.23756 
35         	148.688         	965         	966        	130            	160             	131.838     	0.254	129.25 	138.5  	132.632	2.29028 
38         	148.442         	962         	963        	133            	157             	131.533     	0.250	129.125	138.5  	132.366	2.33518 
40         	148.307         	960         	961        	134            	155             	131.429     	0.247	129.062	138.688	132.244	2.39346 
41         	148.273         	959         	960        	135            	153             	131.431     	0.246	128.625	138.625	132.292	2.42257 
51         	147.752         	949         	950        	144            	142             	130.934     	0.232	128.5  	138.5  	131.854	2.51348 
62         	147.599         	938         	939        	152            	130             	130.673     	0.217	128.438	138.438	131.475	2.56967 
64         	147.647         	936         	937        	154            	128             	130.772     	0.214	128.375	138.188	131.481	2.58255 
71         	147.418         	929         	930        	160            	120             	130.4       	0.205	128.188	138.312	131.351	2.59607 
72         	147.212         	928         	929        	160            	119             	130.248     	0.203	128.062	138.562	131.208	2.57181 
End Time (hh:mm:ss.ms) 2023-07-17 21:47:19.957647
Total Time (hh:mm:ss.ms) 0:00:17.924003
Individual: ([12, 13, 9, 22, 10, 16, 8, 20, 21, 4, 0, 5, 25, 2, 1, 3, 28, 24, 7, 17, 19, 6, 15, 26, 27, 14, 23, 18, 11], [1, 0, 1, 1, 1, 1, 1, 0, 1, 0, 0, 1, 1, 1, 1, 1, 1, 0, 0, 0, 0, 0, 0, 1, 1, 0, 1, 0, 1])
Fitness:  128.0625
Gens:  [0, 1, 2, 3, 4, 5, 6, 7, 8, 9, 10, 11, 12, 13, 14, 15, 16, 17, 18, 19, 20, 21, 22, 23, 24, 25, 26, 27, 28, 29, 30, 31, 32, 33, 34, 35, 36, 37, 38, 39, 40, 41, 42, 43, 44, 45, 46, 47, 48, 49, 50, 51, 52, 53, 54, 55, 56, 57, 58, 59, 60, 61, 62, 63, 64, 65, 66, 67, 68, 69, 70, 71, 72, 73, 74, 75, 76, 77, 78, 79, 80, 81, 82, 83, 84, 85, 86, 87, 88, 89, 90, 91, 92, 93, 94, 95, 96, 97, 98, 99, 100, 101, 102, 103, 104, 105, 106, 107, 108, 109, 110, 111, 112, 113, 114, 115, 116, 117, 118, 119, 120, 121, 122, 123, 124, 125, 126, 127, 128, 129, 130, 131, 132, 133, 134, 135, 136, 137, 138, 139, 140, 141, 142, 143, 144, 145, 146, 147, 148]
Inds:  [134.0, 134.0, 133.125, 132.75, 132.75, 132.75, 132.75, 132.75, 131.625, 131.625, 131.625, 131.625, 131.625, 131.0625, 131.0625, 130.9375, 130.6875, 130.6875, 130.625, 130.375, 130.0625, 130.0625, 129.875, 129.875, 129.875, 129.875, 129.75, 129.75, 129.75, 129.625, 129.5, 129.5, 129.5, 129.375, 129.375, 129.25, 129.25, 129.25, 129.125, 129.125, 129.0625, 128.625, 128.625, 128.625, 128.625, 128.625, 128.625, 128.625, 128.625, 128.625, 128.625, 128.5, 128.5, 128.5, 128.5, 128.5, 128.5, 128.5, 128.5, 128.5, 128.5, 128.5, 128.4375, 128.4375, 128.375, 128.375, 128.375, 128.375, 128.375, 128.375, 128.375, 128.1875, 128.0625, 128.0625, 128.0625, 128.0625, 128.0625, 128.0625, 128.0625, 128.0625, 128.0625, 128.0625, 128.0625, 128.0625, 128.0625, 128.0625, 128.0625, 128.0625, 128.0625, 128.0625, 128.0625, 128.0625, 128.0625, 128.0625, 128.0625, 128.0625, 128.0625, 128.0625, 128.0625, 128.0625, 128.0625, 128.0625, 128.0625, 128.0625, 128.0625, 128.0625, 128.0625, 128.0625, 128.0625, 128.0625, 128.0625, 128.0625, 128.0625, 128.0625, 128.0625, 128.0625, 128.0625, 128.0625, 128.0625, 128.0625, 128.0625, 128.0625, 128.0625, 128.0625, 128.0625, 128.0625, 128.0625, 128.0625, 128.0625, 128.0625, 128.0625, 128.0625, 128.0625, 128.0625, 128.0625, 128.0625, 128.0625, 128.0625, 128.0625, 128.0625, 128.0625, 128.0625, 128.0625, 128.0625, 128.0625, 128.0625, 128.0625, 128.0625, 128.0625]

Execution 9:
Parameters: Y=0.999
Start Time (hh:mm:ss.ms) 2023-07-17 21:47:20.833642
generations	MaxGenenerations	Populationk1	Populationk	PopulationElite	PopulationMutant	fitnessElite	alpha	min    	max    	avg    	std     
0          	0               	0           	0          	0              	0               	0           	0    	133.688	139.062	136.555	0.840873
2          	153.529         	998         	999        	101            	199             	135.069     	0.298	133.188	138.75 	135.851	0.960799
4          	152.993         	996         	997        	103            	197             	134.779     	0.296	132.938	138.688	135.565	1.06006 
6          	152.772         	994         	995        	105            	194             	134.717     	0.293	132.312	138.438	135.291	1.16225 
9          	152.016         	991         	992        	107            	191             	134.176     	0.289	132.25 	138.688	134.962	1.26562 
11         	151.868         	989         	990        	109            	189             	133.971     	0.286	132    	138.5  	134.832	1.34589 
12         	151.619         	988         	989        	110            	187             	133.856     	0.285	131.875	138.625	134.683	1.37886 
13         	151.494         	987         	988        	111            	186             	133.793     	0.284	131.375	138.188	134.529	1.42795 
15         	150.892         	985         	986        	113            	184             	133.363     	0.281	131.312	138.562	134.232	1.51725 
16         	150.839         	984         	985        	114            	183             	133.343     	0.280	131.062	138.625	134.118	1.55654 
18         	150.58          	982         	983        	115            	180             	133.195     	0.277	130.75 	138.75 	133.917	1.70174 
19         	150.221         	981         	982        	116            	179             	132.958     	0.276	130.688	138.438	133.796	1.72449 
21         	150.168         	979         	980        	118            	177             	132.926     	0.273	130.188	138.438	133.62 	1.82191 
25         	149.509         	975         	976        	121            	172             	132.364     	0.267	129.938	138.375	133.205	1.9583  
27         	149.259         	973         	974        	123            	170             	132.225     	0.265	129.812	139.25 	133.148	2.0439  
31         	149.2           	969         	970        	127            	165             	132.232     	0.259	129.75 	138.625	132.966	2.11595 
33         	149.016         	967         	968        	128            	163             	131.967     	0.257	129.5  	138.812	132.811	2.15993 
35         	148.757         	965         	966        	130            	160             	131.804     	0.254	129.438	138.125	132.712	2.18576 
36         	148.62          	964         	965        	131            	159             	131.635     	0.252	129.375	138.438	132.597	2.18553 
37         	148.595         	963         	964        	132            	158             	131.655     	0.251	129    	138.688	132.503	2.25845 
43         	148.136         	957         	958        	137            	151             	131.25      	0.243	128.875	138.188	132.245	2.42643 
48         	147.983         	952         	953        	141            	146             	131.077     	0.236	128.625	138.75 	132.088	2.50278 
51         	147.77          	949         	950        	144            	142             	130.963     	0.232	128.375	138.25 	132.004	2.53621 
58         	147.418         	942         	943        	149            	134             	130.574     	0.222	128.25 	138.375	131.566	2.64796 
60         	147.321         	940         	941        	151            	132             	130.518     	0.219	128.125	138.75 	131.445	2.71237 
62         	147.104         	938         	939        	153            	130             	130.282     	0.217	128.062	138.625	131.324	2.72348 
66         	147.115         	934         	935        	156            	125             	130.298     	0.211	127.875	138.125	131.144	2.8714  
End Time (hh:mm:ss.ms) 2023-07-17 21:47:39.271643
Total Time (hh:mm:ss.ms) 0:00:18.438001
Individual: ([11, 18, 13, 2, 3, 5, 8, 16, 15, 23, 21, 10, 22, 9, 25, 4, 1, 0, 20, 26, 27, 19, 14, 6, 17, 7, 24, 28, 12], [0, 1, 0, 1, 1, 0, 0, 1, 1, 1, 0, 0, 0, 0, 1, 0, 1, 0, 0, 1, 1, 1, 1, 1, 1, 1, 1, 0, 0])
Fitness:  127.875
Gens:  [0, 1, 2, 3, 4, 5, 6, 7, 8, 9, 10, 11, 12, 13, 14, 15, 16, 17, 18, 19, 20, 21, 22, 23, 24, 25, 26, 27, 28, 29, 30, 31, 32, 33, 34, 35, 36, 37, 38, 39, 40, 41, 42, 43, 44, 45, 46, 47, 48, 49, 50, 51, 52, 53, 54, 55, 56, 57, 58, 59, 60, 61, 62, 63, 64, 65, 66, 67, 68, 69, 70, 71, 72, 73, 74, 75, 76, 77, 78, 79, 80, 81, 82, 83, 84, 85, 86, 87, 88, 89, 90, 91, 92, 93, 94, 95, 96, 97, 98, 99, 100, 101, 102, 103, 104, 105, 106, 107, 108, 109, 110, 111, 112, 113, 114, 115, 116, 117, 118, 119, 120, 121, 122, 123, 124, 125, 126, 127, 128, 129, 130, 131, 132, 133, 134, 135, 136, 137, 138, 139, 140, 141, 142, 143, 144, 145, 146, 147]
Inds:  [133.6875, 133.6875, 133.1875, 133.1875, 132.9375, 132.9375, 132.3125, 132.3125, 132.3125, 132.25, 132.25, 132.0, 131.875, 131.375, 131.375, 131.3125, 131.0625, 131.0625, 130.75, 130.6875, 130.6875, 130.1875, 130.1875, 130.1875, 130.1875, 129.9375, 129.9375, 129.8125, 129.8125, 129.8125, 129.8125, 129.75, 129.75, 129.5, 129.5, 129.4375, 129.375, 129.0, 129.0, 129.0, 129.0, 129.0, 129.0, 128.875, 128.875, 128.875, 128.875, 128.875, 128.625, 128.625, 128.625, 128.375, 128.375, 128.375, 128.375, 128.375, 128.375, 128.375, 128.25, 128.25, 128.125, 128.125, 128.0625, 128.0625, 128.0625, 128.0625, 127.875, 127.875, 127.875, 127.875, 127.875, 127.875, 127.875, 127.875, 127.875, 127.875, 127.875, 127.875, 127.875, 127.875, 127.875, 127.875, 127.875, 127.875, 127.875, 127.875, 127.875, 127.875, 127.875, 127.875, 127.875, 127.875, 127.875, 127.875, 127.875, 127.875, 127.875, 127.875, 127.875, 127.875, 127.875, 127.875, 127.875, 127.875, 127.875, 127.875, 127.875, 127.875, 127.875, 127.875, 127.875, 127.875, 127.875, 127.875, 127.875, 127.875, 127.875, 127.875, 127.875, 127.875, 127.875, 127.875, 127.875, 127.875, 127.875, 127.875, 127.875, 127.875, 127.875, 127.875, 127.875, 127.875, 127.875, 127.875, 127.875, 127.875, 127.875, 127.875, 127.875, 127.875, 127.875, 127.875, 127.875, 127.875, 127.875, 127.875, 127.875, 127.875]

Execution 10:
Parameters: Y=0.999
Start Time (hh:mm:ss.ms) 2023-07-17 21:47:40.120643
generations	MaxGenenerations	Populationk1	Populationk	PopulationElite	PopulationMutant	fitnessElite	alpha	min   	max    	avg    	std     
0          	0               	0           	0          	0              	0               	0           	0    	133.75	139.438	136.579	0.811475
1          	153.773         	999         	1000       	100            	200             	135.456     	0.3  	133.25	138.438	136.014	0.877441
3          	153.064         	997         	998        	102            	198             	134.83      	0.297	133.062	138.5  	135.621	1.00878 
4          	152.839         	996         	997        	103            	197             	134.672     	0.296	132.562	138.562	135.494	1.06834 
8          	152.256         	992         	993        	107            	192             	134.271     	0.290	131.875	139.25 	135.118	1.17782 
13         	151.494         	987         	988        	111            	186             	133.793     	0.284	131.688	138.25 	134.604	1.37884 
15         	151.307         	985         	986        	113            	184             	133.693     	0.281	131.312	138.75 	134.469	1.48148 
18         	150.811         	982         	983        	115            	180             	133.272     	0.277	130.812	138.75 	134.202	1.5289  
19         	150.293         	981         	982        	116            	179             	133.004     	0.276	130.562	138.625	134.121	1.58588 
20         	149.987         	980         	981        	117            	178             	132.777     	0.274	130.125	138.375	133.974	1.65169 
27         	149.54          	973         	974        	123            	170             	132.479     	0.265	130.062	138.438	133.2  	1.99149 
30         	149.347         	970         	971        	126            	166             	132.184     	0.261	129.875	138.625	132.955	2.05846 
32         	149.169         	968         	969        	127            	164             	132.088     	0.258	129.688	138.188	132.911	2.10819 
37         	148.954         	963         	964        	132            	158             	131.89      	0.251	129.625	138.438	132.783	2.18313 
38         	148.882         	962         	963        	133            	157             	131.831     	0.250	129.5  	138.438	132.749	2.20094 
41         	148.766         	959         	960        	135            	154             	131.747     	0.246	129.438	138.75 	132.618	2.27972 
43         	148.713         	957         	958        	137            	151             	131.705     	0.243	129.25 	138.875	132.433	2.28692 
50         	148.544         	950         	951        	143            	143             	131.546     	0.234	129.125	138.438	132.267	2.38786 
52         	148.298         	948         	949        	144            	141             	131.264     	0.231	129.062	139    	132.139	2.44022 
53         	148.319         	947         	948        	145            	140             	131.347     	0.229	128.875	138.125	132.079	2.45194 
66         	148.002         	934         	935        	155            	126             	130.877     	0.212	128.75 	138.312	131.72 	2.51603 
68         	147.886         	932         	933        	157            	124             	130.792     	0.209	128.625	138.188	131.685	2.51749 
71         	147.742         	929         	930        	159            	120             	130.652     	0.205	128.562	138.188	131.5  	2.51655 
75         	147.671         	925         	926        	163            	116             	130.548     	0.199	128.5  	138.438	131.405	2.5968  
79         	147.543         	921         	922        	166            	112             	130.37      	0.194	128.438	138.062	131.272	2.61838 
81         	147.481         	919         	920        	167            	110             	130.305     	0.191	128.375	138    	131.024	2.605   
84         	147.391         	916         	917        	169            	106             	130.19      	0.187	128.312	138.5  	130.897	2.62555 
112        	147.328         	888         	889        	190            	78              	129.778     	0.149	128.188	138.375	130.552	2.57745 
117        	147.249         	883         	884        	193            	73              	129.665     	0.142	128.062	137.75 	130.262	2.55443 
End Time (hh:mm:ss.ms) 2023-07-17 21:47:57.746645
Total Time (hh:mm:ss.ms) 0:00:17.626002
Individual: ([11, 18, 13, 25, 2, 28, 8, 5, 10, 21, 14, 17, 24, 7, 6, 19, 27, 26, 15, 16, 9, 22, 4, 0, 20, 23, 3, 1, 12], [0, 1, 0, 1, 1, 1, 1, 1, 1, 1, 1, 1, 0, 0, 1, 0, 0, 0, 0, 0, 1, 1, 0, 0, 0, 0, 0, 0, 0])
Fitness:  128.0625
Gens:  [0, 1, 2, 3, 4, 5, 6, 7, 8, 9, 10, 11, 12, 13, 14, 15, 16, 17, 18, 19, 20, 21, 22, 23, 24, 25, 26, 27, 28, 29, 30, 31, 32, 33, 34, 35, 36, 37, 38, 39, 40, 41, 42, 43, 44, 45, 46, 47, 48, 49, 50, 51, 52, 53, 54, 55, 56, 57, 58, 59, 60, 61, 62, 63, 64, 65, 66, 67, 68, 69, 70, 71, 72, 73, 74, 75, 76, 77, 78, 79, 80, 81, 82, 83, 84, 85, 86, 87, 88, 89, 90, 91, 92, 93, 94, 95, 96, 97, 98, 99, 100, 101, 102, 103, 104, 105, 106, 107, 108, 109, 110, 111, 112, 113, 114, 115, 116, 117, 118, 119, 120, 121, 122, 123, 124, 125, 126, 127, 128, 129, 130, 131, 132, 133, 134, 135, 136, 137, 138, 139, 140, 141, 142, 143, 144, 145, 146, 147, 148]
Inds:  [133.75, 133.25, 133.25, 133.0625, 132.5625, 132.5625, 132.5625, 132.5625, 131.875, 131.875, 131.875, 131.875, 131.875, 131.6875, 131.6875, 131.3125, 131.3125, 131.3125, 130.8125, 130.5625, 130.125, 130.125, 130.125, 130.125, 130.125, 130.125, 130.125, 130.0625, 130.0625, 130.0625, 129.875, 129.875, 129.6875, 129.6875, 129.6875, 129.6875, 129.6875, 129.625, 129.5, 129.5, 129.5, 129.4375, 129.4375, 129.25, 129.25, 129.25, 129.25, 129.25, 129.25, 129.25, 129.125, 129.125, 129.0625, 128.875, 128.875, 128.875, 128.875, 128.875, 128.875, 128.875, 128.875, 128.875, 128.875, 128.875, 128.875, 128.875, 128.75, 128.75, 128.625, 128.625, 128.625, 128.5625, 128.5625, 128.5625, 128.5625, 128.5, 128.5, 128.5, 128.5, 128.4375, 128.4375, 128.375, 128.375, 128.375, 128.3125, 128.3125, 128.3125, 128.3125, 128.3125, 128.3125, 128.3125, 128.3125, 128.3125, 128.3125, 128.3125, 128.3125, 128.3125, 128.3125, 128.3125, 128.3125, 128.3125, 128.3125, 128.3125, 128.3125, 128.3125, 128.3125, 128.3125, 128.3125, 128.3125, 128.3125, 128.3125, 128.3125, 128.1875, 128.1875, 128.1875, 128.1875, 128.1875, 128.0625, 128.0625, 128.0625, 128.0625, 128.0625, 128.0625, 128.0625, 128.0625, 128.0625, 128.0625, 128.0625, 128.0625, 128.0625, 128.0625, 128.0625, 128.0625, 128.0625, 128.0625, 128.0625, 128.0625, 128.0625, 128.0625, 128.0625, 128.0625, 128.0625, 128.0625, 128.0625, 128.0625, 128.0625, 128.0625, 128.0625, 128.0625]

