A-BRKGA:

Execution 1:
Parameters: Y=0.998
Start Time (hh:mm:ss.ms) 2023-07-17 21:47:58.572644
generations	MaxGenenerations	Populationk1	Populationk	PopulationElite	PopulationMutant	fitnessElite	alpha	min    	max   	avg   	std     
0          	0               	0           	0          	0              	0               	0           	0    	133.625	139.25	136.53	0.850201
1          	176.587         	998         	1000       	100            	200             	135.312     	0.3  	133.438	138.188	136.012	0.849025
3          	176.119         	994         	996        	102            	198             	134.982     	0.297	133.062	138.312	135.639	0.992132
4          	175.514         	992         	994        	102            	196             	134.62      	0.296	132.75 	138.812	135.575	1.08209 
6          	175.102         	988         	990        	104            	194             	134.387     	0.294	132.5  	138.625	135.405	1.11209 
8          	174.882         	984         	986        	105            	191             	134.288     	0.291	132.062	138.5  	135.179	1.20556 
9          	174.261         	982         	984        	105            	190             	133.935     	0.290	132    	138.375	135.078	1.20671 
14         	174.2           	972         	974        	109            	184             	133.871     	0.285	131.875	138.312	134.768	1.38042 
15         	173.948         	970         	972        	109            	183             	133.703     	0.283	131.75 	139.062	134.681	1.34827 
16         	174.044         	968         	970        	110            	182             	133.818     	0.282	131.688	138.5  	134.673	1.39231 
18         	173.701         	964         	966        	111            	179             	133.545     	0.280	131.188	138.5  	134.597	1.43518 
22         	173.149         	956         	958        	113            	174             	133.238     	0.275	131.125	138.062	134.268	1.56677 
24         	172.937         	952         	954        	115            	172             	133.073     	0.273	130.562	138.875	134.058	1.66238 
26         	172.454         	948         	950        	116            	169             	132.849     	0.271	130.5  	138.438	133.833	1.76553 
28         	172.458         	944         	946        	117            	167             	132.851     	0.268	130.25 	138.375	133.611	1.84423 
31         	171.848         	938         	940        	119            	164             	132.42      	0.265	129.688	138.625	133.17 	2.03186 
32         	171.17          	936         	938        	120            	162             	132.045     	0.263	129.5  	138.438	132.976	2.15045 
33         	170.858         	934         	936        	120            	161             	131.846     	0.262	129.375	138.188	132.82 	2.24651 
34         	170.608         	932         	934        	121            	160             	131.678     	0.261	129.188	138.625	132.677	2.29192 
37         	170.531         	926         	928        	122            	156             	131.636     	0.257	129    	138.312	132.624	2.422   
38         	170.156         	924         	926        	123            	155             	131.389     	0.256	128.875	138.188	132.371	2.48147 
39         	169.948         	922         	924        	124            	154             	131.252     	0.255	128.75 	138.438	132.162	2.53773 
42         	169.805         	916         	918        	125            	151             	131.141     	0.251	128.688	138.25 	132.089	2.61592 
43         	169.722         	914         	916        	126            	149             	131.083     	0.250	128.375	138.688	131.983	2.69051 
46         	169.31          	908         	910        	127            	146             	130.813     	0.246	128.25 	138.562	131.916	2.77038 
52         	169.336         	896         	898        	131            	139             	130.783     	0.239	128.125	138.5  	131.75 	2.73299 
55         	169.023         	890         	892        	132            	136             	130.545     	0.236	128    	138.438	131.51 	2.81233 
58         	169.133         	884         	886        	134            	133             	130.602     	0.232	127.938	138.875	131.439	2.83786 
61         	168.775         	878         	880        	135            	129             	130.327     	0.228	127.875	138.625	131.271	2.86819 
69         	168.841         	862         	864        	139            	121             	130.275     	0.219	127.812	138.25 	131.107	2.94149 
72         	168.695         	856         	858        	140            	118             	130.146     	0.215	127.75 	138.625	130.95 	2.91831 
74         	168.549         	852         	854        	141            	116             	130.03      	0.213	127.688	138.438	130.909	2.99389 
78         	168.446         	844         	846        	143            	111             	129.917     	0.208	127.625	138.188	130.928	3.0394  
83         	168.363         	834         	836        	145            	106             	129.803     	0.202	127.562	138.375	130.751	2.96453 
95         	168.218         	810         	812        	149            	95              	129.563     	0.188	127.5  	138.062	130.546	3.03046 
End Time (hh:mm:ss.ms) 2023-07-17 21:48:17.087644
Total Time (hh:mm:ss.ms) 0:00:18.515000
Individual: ([11, 22, 10, 21, 16, 15, 26, 27, 19, 6, 8, 5, 20, 0, 4, 12, 25, 2, 1, 3, 28, 24, 7, 17, 14, 23, 9, 18, 13], [0, 1, 1, 1, 1, 1, 1, 1, 1, 0, 1, 1, 1, 1, 1, 0, 1, 1, 1, 0, 1, 0, 0, 0, 0, 1, 1, 0, 0])
Fitness:  127.5
Gens:  [0, 1, 2, 3, 4, 5, 6, 7, 8, 9, 10, 11, 12, 13, 14, 15, 16, 17, 18, 19, 20, 21, 22, 23, 24, 25, 26, 27, 28, 29, 30, 31, 32, 33, 34, 35, 36, 37, 38, 39, 40, 41, 42, 43, 44, 45, 46, 47, 48, 49, 50, 51, 52, 53, 54, 55, 56, 57, 58, 59, 60, 61, 62, 63, 64, 65, 66, 67, 68, 69, 70, 71, 72, 73, 74, 75, 76, 77, 78, 79, 80, 81, 82, 83, 84, 85, 86, 87, 88, 89, 90, 91, 92, 93, 94, 95, 96, 97, 98, 99, 100, 101, 102, 103, 104, 105, 106, 107, 108, 109, 110, 111, 112, 113, 114, 115, 116, 117, 118, 119, 120, 121, 122, 123, 124, 125, 126, 127, 128, 129, 130, 131, 132, 133, 134, 135, 136, 137, 138, 139, 140, 141, 142, 143, 144, 145, 146, 147, 148, 149, 150, 151, 152, 153, 154, 155, 156, 157, 158, 159, 160, 161, 162, 163, 164, 165, 166, 167, 168, 169]
Inds:  [133.625, 133.4375, 133.4375, 133.0625, 132.75, 132.75, 132.5, 132.5, 132.0625, 132.0, 132.0, 132.0, 132.0, 132.0, 131.875, 131.75, 131.6875, 131.6875, 131.1875, 131.1875, 131.1875, 131.1875, 131.125, 131.125, 130.5625, 130.5625, 130.5, 130.5, 130.25, 130.25, 130.25, 129.6875, 129.5, 129.375, 129.1875, 129.1875, 129.1875, 129.0, 128.875, 128.75, 128.75, 128.75, 128.6875, 128.375, 128.375, 128.375, 128.25, 128.25, 128.25, 128.25, 128.25, 128.25, 128.125, 128.125, 128.125, 128.0, 128.0, 128.0, 127.9375, 127.9375, 127.9375, 127.875, 127.875, 127.875, 127.875, 127.875, 127.875, 127.875, 127.875, 127.8125, 127.8125, 127.8125, 127.75, 127.75, 127.6875, 127.6875, 127.6875, 127.6875, 127.625, 127.625, 127.625, 127.625, 127.625, 127.5625, 127.5625, 127.5625, 127.5625, 127.5625, 127.5625, 127.5625, 127.5625, 127.5625, 127.5625, 127.5625, 127.5625, 127.5, 127.5, 127.5, 127.5, 127.5, 127.5, 127.5, 127.5, 127.5, 127.5, 127.5, 127.5, 127.5, 127.5, 127.5, 127.5, 127.5, 127.5, 127.5, 127.5, 127.5, 127.5, 127.5, 127.5, 127.5, 127.5, 127.5, 127.5, 127.5, 127.5, 127.5, 127.5, 127.5, 127.5, 127.5, 127.5, 127.5, 127.5, 127.5, 127.5, 127.5, 127.5, 127.5, 127.5, 127.5, 127.5, 127.5, 127.5, 127.5, 127.5, 127.5, 127.5, 127.5, 127.5, 127.5, 127.5, 127.5, 127.5, 127.5, 127.5, 127.5, 127.5, 127.5, 127.5, 127.5, 127.5, 127.5, 127.5, 127.5, 127.5, 127.5, 127.5, 127.5, 127.5, 127.5]

Execution 2:
Parameters: Y=0.998
Start Time (hh:mm:ss.ms) 2023-07-17 21:48:17.928642
generations	MaxGenenerations	Populationk1	Populationk	PopulationElite	PopulationMutant	fitnessElite	alpha	min    	max    	avg    	std     
0          	0               	0           	0          	0              	0               	0           	0    	133.812	138.938	136.578	0.760084
1          	176.725         	998         	1000       	100            	200             	135.35      	0.3  	133.438	138.75 	136.035	0.879566
3          	176.075         	994         	996        	102            	198             	134.945     	0.297	133.062	138.562	135.696	0.976686
4          	175.602         	992         	994        	102            	196             	134.694     	0.296	133    	138.312	135.597	1.02069 
6          	175.388         	988         	990        	104            	194             	134.527     	0.294	132.812	139.562	135.384	1.08208 
7          	175.624         	986         	988        	104            	193             	134.791     	0.293	132.75 	138.375	135.306	1.14324 
8          	175.124         	984         	986        	105            	191             	134.393     	0.292	132.625	138.625	135.216	1.20656 
9          	175.047         	982         	984        	105            	190             	134.37      	0.290	132.562	138.5  	135.126	1.18657 
11         	174.964         	978         	980        	107            	188             	134.312     	0.288	132    	138.875	134.963	1.2798  
13         	174.113         	974         	976        	108            	185             	133.807     	0.286	131.875	138.5  	134.841	1.34656 
16         	174.057         	968         	970        	110            	182             	133.784     	0.282	131.625	138.375	134.634	1.41952 
17         	173.64          	966         	968        	110            	180             	133.526     	0.281	131.5  	138.438	134.624	1.43496 
20         	173.714         	960         	962        	112            	177             	133.603     	0.278	131.125	138.625	134.368	1.52751 
22         	173.219         	956         	958        	113            	174             	133.314     	0.275	130.75 	138.312	134.238	1.52054 
32         	172.443         	936         	938        	119            	162             	132.73      	0.264	130.688	138.688	133.644	1.84423 
33         	172.511         	934         	936        	120            	161             	132.791     	0.262	130.625	138.25 	133.557	1.87746 
34         	172.278         	932         	934        	120            	160             	132.62      	0.261	130.125	138.375	133.32 	1.90712 
39         	171.726         	922         	924        	123            	154             	132.283     	0.255	129.562	138.562	132.852	2.11657 
43         	171.047         	914         	916        	126            	150             	131.868     	0.250	129.438	137.938	132.545	2.27721 
45         	170.712         	910         	912        	127            	147             	131.627     	0.248	129.188	138.062	132.551	2.27772 
53         	170.616         	894         	896        	131            	138             	131.518     	0.239	129.125	138.375	132.249	2.47957 
56         	170.385         	888         	890        	132            	135             	131.332     	0.235	129    	139.125	131.965	2.52265 
61         	170.177         	878         	880        	135            	130             	131.151     	0.229	128.938	138.438	131.948	2.5905  
67         	170.073         	866         	868        	138            	123             	131.022     	0.222	128.875	138.812	131.811	2.61593 
69         	170.14          	862         	864        	138            	121             	131.048     	0.220	128.75 	138.125	131.732	2.64898 
75         	169.911         	850         	852        	141            	115             	130.839     	0.212	128.688	138.562	131.64 	2.61503 
81         	169.68          	838         	840        	144            	109             	130.629     	0.205	128.625	138.438	131.417	2.62658 
105        	169.895         	790         	792        	152            	86              	130.467     	0.177	128.5  	138.438	130.978	2.59229 
121        	169.39          	758         	760        	157            	72              	130.004     	0.158	128.375	138.688	130.76 	2.57571 
141        	169.374         	718         	720        	161            	55              	129.73      	0.134	128.25 	138.438	130.174	2.42753 
End Time (hh:mm:ss.ms) 2023-07-17 21:48:37.009643
Total Time (hh:mm:ss.ms) 0:00:19.081001
Individual: ([12, 18, 10, 6, 28, 3, 1, 2, 5, 4, 0, 20, 23, 15, 14, 8, 7, 19, 17, 24, 27, 26, 16, 21, 9, 22, 25, 13, 11], [1, 1, 1, 1, 0, 0, 0, 0, 0, 0, 0, 0, 0, 0, 1, 1, 0, 1, 1, 0, 0, 0, 0, 1, 1, 1, 1, 1, 1])
Fitness:  128.25
Gens:  [0, 1, 2, 3, 4, 5, 6, 7, 8, 9, 10, 11, 12, 13, 14, 15, 16, 17, 18, 19, 20, 21, 22, 23, 24, 25, 26, 27, 28, 29, 30, 31, 32, 33, 34, 35, 36, 37, 38, 39, 40, 41, 42, 43, 44, 45, 46, 47, 48, 49, 50, 51, 52, 53, 54, 55, 56, 57, 58, 59, 60, 61, 62, 63, 64, 65, 66, 67, 68, 69, 70, 71, 72, 73, 74, 75, 76, 77, 78, 79, 80, 81, 82, 83, 84, 85, 86, 87, 88, 89, 90, 91, 92, 93, 94, 95, 96, 97, 98, 99, 100, 101, 102, 103, 104, 105, 106, 107, 108, 109, 110, 111, 112, 113, 114, 115, 116, 117, 118, 119, 120, 121, 122, 123, 124, 125, 126, 127, 128, 129, 130, 131, 132, 133, 134, 135, 136, 137, 138, 139, 140, 141, 142, 143, 144, 145, 146, 147, 148, 149, 150, 151, 152, 153, 154, 155, 156, 157, 158, 159, 160, 161, 162, 163, 164, 165, 166, 167, 168, 169, 170]
Inds:  [133.8125, 133.4375, 133.4375, 133.0625, 133.0, 133.0, 132.8125, 132.75, 132.625, 132.5625, 132.5625, 132.0, 132.0, 131.875, 131.875, 131.875, 131.625, 131.5, 131.5, 131.5, 131.125, 131.125, 130.75, 130.75, 130.75, 130.75, 130.75, 130.75, 130.75, 130.75, 130.75, 130.75, 130.6875, 130.625, 130.125, 130.125, 130.125, 130.125, 130.125, 129.5625, 129.5625, 129.5625, 129.5625, 129.4375, 129.4375, 129.1875, 129.1875, 129.1875, 129.1875, 129.1875, 129.1875, 129.1875, 129.1875, 129.125, 129.125, 129.125, 129.0, 129.0, 129.0, 129.0, 129.0, 128.9375, 128.9375, 128.9375, 128.9375, 128.9375, 128.9375, 128.875, 128.875, 128.75, 128.75, 128.75, 128.75, 128.75, 128.75, 128.6875, 128.6875, 128.6875, 128.6875, 128.6875, 128.6875, 128.625, 128.625, 128.625, 128.625, 128.625, 128.625, 128.625, 128.625, 128.625, 128.625, 128.625, 128.625, 128.625, 128.625, 128.625, 128.625, 128.625, 128.625, 128.625, 128.625, 128.625, 128.625, 128.625, 128.625, 128.5, 128.5, 128.5, 128.5, 128.5, 128.5, 128.5, 128.5, 128.5, 128.5, 128.5, 128.5, 128.5, 128.5, 128.5, 128.5, 128.375, 128.375, 128.375, 128.375, 128.375, 128.375, 128.375, 128.375, 128.375, 128.375, 128.375, 128.375, 128.375, 128.375, 128.375, 128.375, 128.375, 128.375, 128.375, 128.375, 128.25, 128.25, 128.25, 128.25, 128.25, 128.25, 128.25, 128.25, 128.25, 128.25, 128.25, 128.25, 128.25, 128.25, 128.25, 128.25, 128.25, 128.25, 128.25, 128.25, 128.25, 128.25, 128.25, 128.25, 128.25, 128.25, 128.25, 128.25, 128.25, 128.25]

Execution 3:
Parameters: Y=0.998
Start Time (hh:mm:ss.ms) 2023-07-17 21:48:37.806643
generations	MaxGenenerations	Populationk1	Populationk	PopulationElite	PopulationMutant	fitnessElite	alpha	min    	max    	avg   	std     
0          	0               	0           	0          	0              	0               	0           	0    	133.125	138.812	136.53	0.809774
1          	175.773         	998         	1000       	100            	200             	134.831     	0.3  	133    	138.562	135.797	0.917198
3          	175.63          	994         	996        	102            	198             	134.749     	0.297	132.938	138.312	135.469	1.05689 
4          	175.349         	992         	994        	102            	196             	134.532     	0.296	132.562	138.312	135.358	1.1139  
5          	174.855         	990         	992        	103            	195             	134.261     	0.295	132.062	138.75 	135.266	1.18799 
7          	174.304         	986         	988        	104            	193             	133.986     	0.293	131.625	138.688	135.06 	1.22281 
11         	173.618         	978         	980        	107            	188             	133.554     	0.288	131.375	138.375	134.589	1.38309 
12         	173.31          	976         	978        	107            	186             	133.386     	0.287	131.188	138.562	134.528	1.40904 
14         	173.084         	972         	974        	109            	184             	133.254     	0.284	131.125	139.125	134.374	1.51004 
17         	173.132         	966         	968        	110            	180             	133.289     	0.281	130.75 	138.25 	134.026	1.6132  
20         	172.68          	960         	962        	112            	177             	133.026     	0.277	130.312	138.938	133.721	1.81453 
22         	171.866         	956         	958        	114            	174             	132.5       	0.275	130.125	138.812	133.386	1.88136 
24         	171.575         	952         	954        	115            	172             	132.311     	0.273	129.812	138.312	133.182	1.99225 
27         	171.442         	946         	948        	117            	168             	132.273     	0.269	129.688	138.438	133    	2.04009 
29         	171.191         	942         	944        	118            	166             	132.093     	0.267	129.625	138.438	132.822	2.11119 
33         	171.044         	934         	936        	120            	161             	131.955     	0.262	129.312	138.312	132.728	2.22697 
37         	170.547         	926         	928        	122            	156             	131.616     	0.257	129.125	138.438	132.503	2.2998  
40         	170.406         	920         	922        	124            	153             	131.524     	0.254	129    	139.375	132.438	2.38921 
44         	170.134         	912         	914        	126            	148             	131.307     	0.249	128.875	138.625	132.24 	2.42612 
47         	170.076         	906         	908        	128            	145             	131.257     	0.245	128.562	138.5  	132.167	2.47044 
53         	169.749         	894         	896        	131            	138             	131.01      	0.238	128.5  	138.375	131.992	2.56464 
55         	169.539         	890         	892        	132            	136             	130.848     	0.236	128.438	138.688	131.803	2.64677 
56         	169.541         	888         	890        	133            	135             	130.847     	0.235	128.375	138.25 	131.707	2.62655 
57         	169.31          	886         	888        	133            	134             	130.684     	0.233	128.188	138.5  	131.718	2.66945 
59         	169.063         	882         	884        	134            	132             	130.516     	0.231	127.688	138.312	131.563	2.64763 
63         	168.361         	874         	876        	136            	127             	130.05      	0.226	127.562	138.75 	131.284	2.79768 
68         	168.323         	864         	866        	138            	122             	129.973     	0.220	127.312	138.438	131.121	2.91965 
81         	167.951         	838         	840        	144            	108             	129.577     	0.204	127.188	138.5  	130.586	3.1454  
End Time (hh:mm:ss.ms) 2023-07-17 21:48:55.447646
Total Time (hh:mm:ss.ms) 0:00:17.641003
Individual: ([11, 9, 23, 27, 14, 15, 26, 16, 21, 10, 22, 18, 13, 20, 8, 6, 17, 19, 7, 24, 28, 4, 2, 1, 3, 0, 5, 25, 12], [0, 0, 0, 1, 0, 0, 0, 0, 1, 0, 0, 0, 0, 1, 0, 1, 1, 0, 1, 1, 0, 1, 1, 1, 1, 0, 1, 1, 0])
Fitness:  127.1875
Gens:  [0, 1, 2, 3, 4, 5, 6, 7, 8, 9, 10, 11, 12, 13, 14, 15, 16, 17, 18, 19, 20, 21, 22, 23, 24, 25, 26, 27, 28, 29, 30, 31, 32, 33, 34, 35, 36, 37, 38, 39, 40, 41, 42, 43, 44, 45, 46, 47, 48, 49, 50, 51, 52, 53, 54, 55, 56, 57, 58, 59, 60, 61, 62, 63, 64, 65, 66, 67, 68, 69, 70, 71, 72, 73, 74, 75, 76, 77, 78, 79, 80, 81, 82, 83, 84, 85, 86, 87, 88, 89, 90, 91, 92, 93, 94, 95, 96, 97, 98, 99, 100, 101, 102, 103, 104, 105, 106, 107, 108, 109, 110, 111, 112, 113, 114, 115, 116, 117, 118, 119, 120, 121, 122, 123, 124, 125, 126, 127, 128, 129, 130, 131, 132, 133, 134, 135, 136, 137, 138, 139, 140, 141, 142, 143, 144, 145, 146, 147, 148, 149, 150, 151, 152, 153, 154, 155, 156, 157, 158, 159, 160, 161, 162, 163, 164, 165, 166, 167, 168]
Inds:  [133.125, 133.0, 133.0, 132.9375, 132.5625, 132.0625, 132.0625, 131.625, 131.625, 131.625, 131.625, 131.375, 131.1875, 131.1875, 131.125, 131.125, 131.125, 130.75, 130.75, 130.75, 130.3125, 130.3125, 130.125, 130.125, 129.8125, 129.8125, 129.8125, 129.6875, 129.6875, 129.625, 129.625, 129.625, 129.625, 129.3125, 129.3125, 129.3125, 129.3125, 129.125, 129.125, 129.125, 129.0, 129.0, 129.0, 129.0, 128.875, 128.875, 128.875, 128.5625, 128.5625, 128.5625, 128.5625, 128.5625, 128.5625, 128.5, 128.5, 128.4375, 128.375, 128.1875, 128.1875, 127.6875, 127.6875, 127.6875, 127.6875, 127.5625, 127.5625, 127.5625, 127.5625, 127.5625, 127.3125, 127.3125, 127.3125, 127.3125, 127.3125, 127.3125, 127.3125, 127.3125, 127.3125, 127.3125, 127.3125, 127.3125, 127.3125, 127.1875, 127.1875, 127.1875, 127.1875, 127.1875, 127.1875, 127.1875, 127.1875, 127.1875, 127.1875, 127.1875, 127.1875, 127.1875, 127.1875, 127.1875, 127.1875, 127.1875, 127.1875, 127.1875, 127.1875, 127.1875, 127.1875, 127.1875, 127.1875, 127.1875, 127.1875, 127.1875, 127.1875, 127.1875, 127.1875, 127.1875, 127.1875, 127.1875, 127.1875, 127.1875, 127.1875, 127.1875, 127.1875, 127.1875, 127.1875, 127.1875, 127.1875, 127.1875, 127.1875, 127.1875, 127.1875, 127.1875, 127.1875, 127.1875, 127.1875, 127.1875, 127.1875, 127.1875, 127.1875, 127.1875, 127.1875, 127.1875, 127.1875, 127.1875, 127.1875, 127.1875, 127.1875, 127.1875, 127.1875, 127.1875, 127.1875, 127.1875, 127.1875, 127.1875, 127.1875, 127.1875, 127.1875, 127.1875, 127.1875, 127.1875, 127.1875, 127.1875, 127.1875, 127.1875, 127.1875, 127.1875, 127.1875, 127.1875, 127.1875, 127.1875, 127.1875, 127.1875, 127.1875]

Execution 4:
Parameters: Y=0.998
Start Time (hh:mm:ss.ms) 2023-07-17 21:48:56.282644
generations	MaxGenenerations	Populationk1	Populationk	PopulationElite	PopulationMutant	fitnessElite	alpha	min	max   	avg    	std     
0          	0               	0           	0          	0              	0               	0           	0    	134	139.25	136.587	0.797226
1          	177.083         	998         	1000       	100            	200             	135.575     	0.3  	133.438	138.312	136.017	0.843909
2          	176.009         	996         	998        	101            	199             	134.894     	0.298	133.188	138.375	135.862	0.935929
4          	175.591         	992         	994        	102            	196             	134.633     	0.296	133.062	138.875	135.507	1.06664 
5          	175.712         	990         	992        	103            	195             	134.78      	0.295	132.625	138.625	135.351	1.11709 
6          	175.047         	988         	990        	104            	194             	134.391     	0.294	132.562	138.375	135.244	1.14633 
8          	174.855         	984         	986        	105            	191             	134.241     	0.291	132.5  	138.938	134.999	1.27467 
9          	174.991         	982         	984        	105            	190             	134.372     	0.290	132.312	139.125	134.91 	1.25749 
10         	174.809         	980         	982        	106            	189             	134.286     	0.289	131.812	138.625	134.846	1.31154 
12         	173.866         	976         	978        	107            	186             	133.68      	0.287	131.625	138.375	134.646	1.41111 
14         	173.662         	972         	974        	109            	184             	133.567     	0.285	131.438	138.5  	134.391	1.47184 
16         	173.501         	968         	970        	110            	182             	133.487     	0.282	130.875	139    	134.237	1.53714 
17         	172.867         	966         	968        	111            	180             	133.162     	0.281	130.5  	138.312	134.106	1.54881 
23         	172.35          	954         	956        	114            	173             	132.816     	0.274	130.312	138.5  	133.662	1.79467 
27         	171.866         	946         	948        	117            	168             	132.454     	0.269	130.25 	138.688	133.27 	1.94491 
29         	171.934         	942         	944        	118            	166             	132.506     	0.267	129.875	138.625	133.073	2.01194 
30         	171.417         	940         	942        	118            	165             	132.204     	0.266	129    	138.5  	133.005	2.02927 
39         	170.262         	922         	924        	124            	154             	131.458     	0.255	128.938	138.625	132.347	2.33388 
41         	170.116         	918         	920        	125            	152             	131.341     	0.252	128.875	138.875	132.263	2.37895 
45         	170.055         	910         	912        	127            	147             	131.264     	0.248	128.812	138.375	132.077	2.4176  
48         	170.1           	904         	906        	128            	144             	131.275     	0.244	128.75 	138.625	132.088	2.52265 
50         	170.188         	900         	902        	129            	142             	131.326     	0.242	128.625	138.75 	132.093	2.51243 
52         	169.619         	896         	898        	131            	139             	130.919     	0.239	128.562	138.688	131.869	2.60093 
55         	169.6           	890         	892        	132            	136             	130.881     	0.236	128.438	139.125	131.746	2.61848 
60         	169.414         	880         	882        	134            	131             	130.712     	0.230	128.188	138.5  	131.513	2.70752 
71         	169.105         	858         	860        	140            	119             	130.4       	0.217	128.125	138.812	131.002	2.82107 
78         	169.044         	844         	846        	143            	112             	130.279     	0.208	128    	138.188	131.146	2.84721 
96         	168.752         	808         	810        	150            	94              	129.886     	0.187	127.875	138.875	130.755	2.85989 
End Time (hh:mm:ss.ms) 2023-07-17 21:49:14.498644
Total Time (hh:mm:ss.ms) 0:00:18.216000
Individual: ([12, 2, 1, 3, 4, 18, 21, 25, 8, 6, 19, 14, 17, 28, 24, 7, 27, 26, 9, 22, 10, 16, 15, 23, 20, 0, 5, 13, 11], [1, 0, 1, 1, 1, 1, 1, 1, 0, 1, 0, 1, 1, 1, 0, 0, 0, 0, 1, 1, 1, 1, 1, 1, 1, 1, 1, 1, 1])
Fitness:  127.875
Gens:  [0, 1, 2, 3, 4, 5, 6, 7, 8, 9, 10, 11, 12, 13, 14, 15, 16, 17, 18, 19, 20, 21, 22, 23, 24, 25, 26, 27, 28, 29, 30, 31, 32, 33, 34, 35, 36, 37, 38, 39, 40, 41, 42, 43, 44, 45, 46, 47, 48, 49, 50, 51, 52, 53, 54, 55, 56, 57, 58, 59, 60, 61, 62, 63, 64, 65, 66, 67, 68, 69, 70, 71, 72, 73, 74, 75, 76, 77, 78, 79, 80, 81, 82, 83, 84, 85, 86, 87, 88, 89, 90, 91, 92, 93, 94, 95, 96, 97, 98, 99, 100, 101, 102, 103, 104, 105, 106, 107, 108, 109, 110, 111, 112, 113, 114, 115, 116, 117, 118, 119, 120, 121, 122, 123, 124, 125, 126, 127, 128, 129, 130, 131, 132, 133, 134, 135, 136, 137, 138, 139, 140, 141, 142, 143, 144, 145, 146, 147, 148, 149, 150, 151, 152, 153, 154, 155, 156, 157, 158, 159, 160, 161, 162, 163, 164, 165, 166, 167, 168, 169]
Inds:  [134.0, 133.4375, 133.1875, 133.1875, 133.0625, 132.625, 132.5625, 132.5625, 132.5, 132.3125, 131.8125, 131.8125, 131.625, 131.625, 131.4375, 131.4375, 130.875, 130.5, 130.5, 130.5, 130.5, 130.5, 130.5, 130.3125, 130.3125, 130.3125, 130.3125, 130.25, 130.25, 129.875, 129.0, 129.0, 129.0, 129.0, 129.0, 129.0, 129.0, 129.0, 129.0, 128.9375, 128.9375, 128.875, 128.875, 128.875, 128.875, 128.8125, 128.8125, 128.8125, 128.75, 128.75, 128.625, 128.625, 128.5625, 128.5625, 128.5625, 128.4375, 128.4375, 128.4375, 128.4375, 128.4375, 128.1875, 128.1875, 128.1875, 128.1875, 128.1875, 128.1875, 128.1875, 128.1875, 128.1875, 128.1875, 128.1875, 128.125, 128.125, 128.125, 128.125, 128.125, 128.125, 128.125, 128.0, 128.0, 128.0, 128.0, 128.0, 128.0, 128.0, 128.0, 128.0, 128.0, 128.0, 128.0, 128.0, 128.0, 128.0, 128.0, 128.0, 128.0, 127.875, 127.875, 127.875, 127.875, 127.875, 127.875, 127.875, 127.875, 127.875, 127.875, 127.875, 127.875, 127.875, 127.875, 127.875, 127.875, 127.875, 127.875, 127.875, 127.875, 127.875, 127.875, 127.875, 127.875, 127.875, 127.875, 127.875, 127.875, 127.875, 127.875, 127.875, 127.875, 127.875, 127.875, 127.875, 127.875, 127.875, 127.875, 127.875, 127.875, 127.875, 127.875, 127.875, 127.875, 127.875, 127.875, 127.875, 127.875, 127.875, 127.875, 127.875, 127.875, 127.875, 127.875, 127.875, 127.875, 127.875, 127.875, 127.875, 127.875, 127.875, 127.875, 127.875, 127.875, 127.875, 127.875, 127.875, 127.875, 127.875, 127.875, 127.875, 127.875, 127.875, 127.875]

Execution 5:
Parameters: Y=0.998
Start Time (hh:mm:ss.ms) 2023-07-17 21:49:15.331645
generations	MaxGenenerations	Populationk1	Populationk	PopulationElite	PopulationMutant	fitnessElite	alpha	min    	max   	avg    	std     
0          	0               	0           	0          	0              	0               	0           	0    	133.812	139.25	136.606	0.824878
1          	176.835         	998         	1000       	100            	200             	135.444     	0.3  	133.375	139.25	136.038	0.885677
2          	176.257         	996         	998        	101            	199             	135.131     	0.298	133.25 	138.438	135.756	0.936023
3          	175.806         	994         	996        	102            	198             	134.794     	0.297	133.188	139    	135.602	1.01867 
5          	175.613         	990         	992        	103            	195             	134.646     	0.295	132.562	138.5  	135.363	1.10275 
6          	174.921         	988         	990        	104            	194             	134.31      	0.294	132.5  	138.688	135.21 	1.14344 
7          	174.904         	986         	988        	104            	193             	134.314     	0.293	132.375	139    	135.142	1.17614 
8          	174.848         	984         	986        	105            	191             	134.309     	0.291	131.375	138.5  	134.993	1.21059 
17         	173.354         	966         	968        	110            	180             	133.381     	0.281	131.312	138.375	134.321	1.49676 
18         	173.228         	964         	966        	111            	179             	133.293     	0.280	131.25 	138.438	134.161	1.54633 
23         	173.34          	954         	956        	114            	173             	133.361     	0.274	130.938	138.812	133.975	1.65398 
24         	172.884         	952         	954        	115            	172             	133.09      	0.273	130.312	138.312	133.875	1.71854 
29         	172.102         	942         	944        	118            	166             	132.619     	0.267	130.125	139.5  	133.559	1.81037 
31         	171.833         	938         	940        	119            	164             	132.444     	0.265	130    	138.625	133.385	1.88233 
37         	171.539         	926         	928        	122            	157             	132.193     	0.258	129.75 	138.25 	132.971	2.09223 
40         	171.124         	920         	922        	124            	153             	131.913     	0.254	129.625	138.375	132.784	2.1653  
42         	171.002         	916         	918        	125            	151             	131.83      	0.252	129.375	138.438	132.749	2.2322  
44         	170.586         	912         	914        	126            	148             	131.559     	0.249	129.312	138.188	132.471	2.25247 
46         	170.717         	908         	910        	127            	146             	131.646     	0.247	129.125	138.625	132.422	2.37347 
47         	170.427         	906         	908        	128            	145             	131.462     	0.246	128.875	138.875	132.253	2.40015 
53         	170.097         	894         	896        	131            	138             	131.204     	0.238	128.75 	138.438	132.085	2.49359 
59         	169.89          	882         	884        	134            	132             	131.009     	0.231	128.625	138.812	131.754	2.56044 
61         	169.959         	878         	880        	135            	130             	131.048     	0.229	128.5  	138.25 	131.721	2.61856 
64         	169.56          	872         	874        	136            	126             	130.757     	0.225	128.375	138.375	131.586	2.68392 
69         	169.437         	862         	864        	139            	121             	130.627     	0.219	128.125	139    	131.427	2.66007 
78         	169.023         	844         	846        	143            	112             	130.266     	0.208	128    	138.438	131.012	2.78153 
End Time (hh:mm:ss.ms) 2023-07-17 21:49:33.493643
Total Time (hh:mm:ss.ms) 0:00:18.161998
Individual: ([11, 12, 2, 4, 1, 3, 0, 21, 23, 14, 8, 28, 17, 6, 19, 24, 7, 27, 26, 15, 16, 10, 22, 25, 5, 20, 13, 18, 9], [0, 1, 0, 0, 1, 1, 0, 0, 0, 1, 1, 1, 0, 0, 0, 0, 0, 0, 0, 0, 0, 0, 0, 0, 0, 0, 1, 1, 0])
Fitness:  128.0
Gens:  [0, 1, 2, 3, 4, 5, 6, 7, 8, 9, 10, 11, 12, 13, 14, 15, 16, 17, 18, 19, 20, 21, 22, 23, 24, 25, 26, 27, 28, 29, 30, 31, 32, 33, 34, 35, 36, 37, 38, 39, 40, 41, 42, 43, 44, 45, 46, 47, 48, 49, 50, 51, 52, 53, 54, 55, 56, 57, 58, 59, 60, 61, 62, 63, 64, 65, 66, 67, 68, 69, 70, 71, 72, 73, 74, 75, 76, 77, 78, 79, 80, 81, 82, 83, 84, 85, 86, 87, 88, 89, 90, 91, 92, 93, 94, 95, 96, 97, 98, 99, 100, 101, 102, 103, 104, 105, 106, 107, 108, 109, 110, 111, 112, 113, 114, 115, 116, 117, 118, 119, 120, 121, 122, 123, 124, 125, 126, 127, 128, 129, 130, 131, 132, 133, 134, 135, 136, 137, 138, 139, 140, 141, 142, 143, 144, 145, 146, 147, 148, 149, 150, 151, 152, 153, 154, 155, 156, 157, 158, 159, 160, 161, 162, 163, 164, 165, 166, 167, 168, 169]
Inds:  [133.8125, 133.375, 133.25, 133.1875, 133.1875, 132.5625, 132.5, 132.375, 131.375, 131.375, 131.375, 131.375, 131.375, 131.375, 131.375, 131.375, 131.375, 131.3125, 131.25, 131.25, 131.25, 131.25, 131.25, 130.9375, 130.3125, 130.3125, 130.3125, 130.3125, 130.3125, 130.125, 130.125, 130.0, 130.0, 130.0, 130.0, 130.0, 130.0, 129.75, 129.75, 129.75, 129.625, 129.625, 129.375, 129.375, 129.3125, 129.3125, 129.125, 128.875, 128.875, 128.875, 128.875, 128.875, 128.875, 128.75, 128.75, 128.75, 128.75, 128.75, 128.75, 128.625, 128.625, 128.5, 128.5, 128.5, 128.375, 128.375, 128.375, 128.375, 128.375, 128.125, 128.125, 128.125, 128.125, 128.125, 128.125, 128.125, 128.125, 128.125, 128.0, 128.0, 128.0, 128.0, 128.0, 128.0, 128.0, 128.0, 128.0, 128.0, 128.0, 128.0, 128.0, 128.0, 128.0, 128.0, 128.0, 128.0, 128.0, 128.0, 128.0, 128.0, 128.0, 128.0, 128.0, 128.0, 128.0, 128.0, 128.0, 128.0, 128.0, 128.0, 128.0, 128.0, 128.0, 128.0, 128.0, 128.0, 128.0, 128.0, 128.0, 128.0, 128.0, 128.0, 128.0, 128.0, 128.0, 128.0, 128.0, 128.0, 128.0, 128.0, 128.0, 128.0, 128.0, 128.0, 128.0, 128.0, 128.0, 128.0, 128.0, 128.0, 128.0, 128.0, 128.0, 128.0, 128.0, 128.0, 128.0, 128.0, 128.0, 128.0, 128.0, 128.0, 128.0, 128.0, 128.0, 128.0, 128.0, 128.0, 128.0, 128.0, 128.0, 128.0, 128.0, 128.0, 128.0, 128.0, 128.0, 128.0, 128.0, 128.0]

Execution 6:
Parameters: Y=0.998
Start Time (hh:mm:ss.ms) 2023-07-17 21:49:34.347643
generations	MaxGenenerations	Populationk1	Populationk	PopulationElite	PopulationMutant	fitnessElite	alpha	min    	max    	avg    	std     
0          	0               	0           	0          	0              	0               	0           	0    	134.125	138.938	136.577	0.811914
1          	177.137         	998         	1000       	100            	200             	135.569     	0.3  	133.25 	138.688	135.998	0.868111
2          	175.894         	996         	998        	101            	199             	134.875     	0.298	133    	138.562	135.729	0.970418
3          	175.52          	994         	996        	102            	198             	134.656     	0.297	132.938	138.562	135.542	1.05696 
4          	175.437         	992         	994        	102            	196             	134.606     	0.296	132.375	138.438	135.428	1.07665 
5          	174.651         	990         	992        	103            	195             	134.166     	0.295	132.188	139.188	135.325	1.12997 
6          	174.666         	988         	990        	104            	194             	134.247     	0.294	131.812	138.562	135.251	1.20914 
9          	173.974         	982         	984        	105            	190             	133.794     	0.290	131.688	138.375	134.866	1.33542 
13         	173.831         	974         	976        	108            	185             	133.691     	0.286	131.438	138.375	134.582	1.46249 
14         	173.393         	972         	974        	109            	184             	133.415     	0.285	131.375	138.5  	134.424	1.50561 
16         	173.31          	968         	970        	110            	182             	133.354     	0.282	131.312	138.375	134.308	1.56164 
20         	173.51          	960         	962        	112            	177             	133.503     	0.278	130.938	138.75 	134.084	1.69359 
23         	172.711         	954         	956        	114            	173             	132.962     	0.274	130.875	138.438	133.867	1.72395 
24         	172.672         	952         	954        	115            	172             	132.942     	0.273	130.375	138.5  	133.881	1.76152 
26         	171.948         	948         	950        	116            	169             	132.509     	0.270	130.188	138.625	133.669	1.85775 
29         	171.851         	942         	944        	118            	166             	132.461     	0.267	130.062	138.438	133.421	1.8911  
31         	171.471         	938         	940        	119            	163             	132.183     	0.265	129.938	138.25 	133.252	2.03336 
32         	171.371         	936         	938        	119            	162             	132.131     	0.263	129.812	138.438	133.13 	2.02456 
33         	171.27          	934         	936        	120            	161             	132.078     	0.262	129.625	138.812	133.054	2.11492 
39         	171.13          	922         	924        	123            	154             	131.957     	0.255	129.5  	138.625	132.717	2.30814 
40         	170.922         	920         	922        	124            	153             	131.821     	0.254	129.438	138.125	132.642	2.3089  
42         	170.647         	916         	918        	125            	151             	131.611     	0.251	129.312	138.75 	132.451	2.35176 
47         	170.675         	906         	908        	128            	145             	131.604     	0.246	129.125	138.438	132.399	2.45253 
49         	170.342         	902         	904        	129            	143             	131.379     	0.243	129    	138.75 	132.182	2.44552 
53         	170.177         	894         	896        	131            	138             	131.24      	0.238	128.938	138.812	132.236	2.49497 
54         	170.244         	892         	894        	131            	137             	131.285     	0.237	128.875	138.625	132.118	2.50485 
58         	170.012         	884         	886        	133            	133             	131.088     	0.232	128.625	138.312	132.032	2.57515 
64         	169.874         	872         	874        	136            	126             	130.954     	0.225	128.438	138.562	131.78 	2.65068 
71         	169.414         	858         	860        	139            	119             	130.584     	0.217	128.375	138.75 	131.422	2.71464 
74         	169.395         	852         	854        	141            	116             	130.54      	0.213	128.188	138.812	131.424	2.84641 
81         	169.084         	838         	840        	144            	109             	130.267     	0.205	128    	138.312	131.05 	2.90988 
89         	168.816         	822         	824        	147            	101             	130.006     	0.195	127.625	138.5  	130.904	2.93403 
99         	168.258         	802         	804        	151            	91              	129.54      	0.183	127.562	138.438	130.402	2.98002 
End Time (hh:mm:ss.ms) 2023-07-17 21:49:52.664645
Total Time (hh:mm:ss.ms) 0:00:18.317002
Individual: ([11, 9, 20, 8, 6, 5, 25, 13, 18, 22, 10, 21, 0, 3, 2, 4, 17, 24, 7, 14, 16, 23, 15, 26, 27, 19, 28, 1, 12], [0, 0, 1, 0, 1, 1, 1, 1, 1, 1, 1, 1, 1, 0, 0, 0, 1, 0, 0, 0, 0, 0, 0, 1, 1, 1, 0, 0, 0])
Fitness:  127.5625
Gens:  [0, 1, 2, 3, 4, 5, 6, 7, 8, 9, 10, 11, 12, 13, 14, 15, 16, 17, 18, 19, 20, 21, 22, 23, 24, 25, 26, 27, 28, 29, 30, 31, 32, 33, 34, 35, 36, 37, 38, 39, 40, 41, 42, 43, 44, 45, 46, 47, 48, 49, 50, 51, 52, 53, 54, 55, 56, 57, 58, 59, 60, 61, 62, 63, 64, 65, 66, 67, 68, 69, 70, 71, 72, 73, 74, 75, 76, 77, 78, 79, 80, 81, 82, 83, 84, 85, 86, 87, 88, 89, 90, 91, 92, 93, 94, 95, 96, 97, 98, 99, 100, 101, 102, 103, 104, 105, 106, 107, 108, 109, 110, 111, 112, 113, 114, 115, 116, 117, 118, 119, 120, 121, 122, 123, 124, 125, 126, 127, 128, 129, 130, 131, 132, 133, 134, 135, 136, 137, 138, 139, 140, 141, 142, 143, 144, 145, 146, 147, 148, 149, 150, 151, 152, 153, 154, 155, 156, 157, 158, 159, 160, 161, 162, 163, 164, 165, 166, 167, 168, 169]
Inds:  [134.125, 133.25, 133.0, 132.9375, 132.375, 132.1875, 131.8125, 131.8125, 131.8125, 131.6875, 131.6875, 131.6875, 131.6875, 131.4375, 131.375, 131.375, 131.3125, 131.3125, 131.3125, 131.3125, 130.9375, 130.9375, 130.9375, 130.875, 130.375, 130.375, 130.1875, 130.1875, 130.1875, 130.0625, 130.0625, 129.9375, 129.8125, 129.625, 129.625, 129.625, 129.625, 129.625, 129.625, 129.5, 129.4375, 129.4375, 129.3125, 129.3125, 129.3125, 129.3125, 129.3125, 129.125, 129.125, 129.0, 129.0, 129.0, 129.0, 128.9375, 128.875, 128.875, 128.875, 128.875, 128.625, 128.625, 128.625, 128.625, 128.625, 128.625, 128.4375, 128.4375, 128.4375, 128.4375, 128.4375, 128.4375, 128.4375, 128.375, 128.375, 128.375, 128.1875, 128.1875, 128.1875, 128.1875, 128.1875, 128.1875, 128.1875, 128.0, 128.0, 128.0, 128.0, 128.0, 128.0, 128.0, 128.0, 127.625, 127.625, 127.625, 127.625, 127.625, 127.625, 127.625, 127.625, 127.625, 127.625, 127.5625, 127.5625, 127.5625, 127.5625, 127.5625, 127.5625, 127.5625, 127.5625, 127.5625, 127.5625, 127.5625, 127.5625, 127.5625, 127.5625, 127.5625, 127.5625, 127.5625, 127.5625, 127.5625, 127.5625, 127.5625, 127.5625, 127.5625, 127.5625, 127.5625, 127.5625, 127.5625, 127.5625, 127.5625, 127.5625, 127.5625, 127.5625, 127.5625, 127.5625, 127.5625, 127.5625, 127.5625, 127.5625, 127.5625, 127.5625, 127.5625, 127.5625, 127.5625, 127.5625, 127.5625, 127.5625, 127.5625, 127.5625, 127.5625, 127.5625, 127.5625, 127.5625, 127.5625, 127.5625, 127.5625, 127.5625, 127.5625, 127.5625, 127.5625, 127.5625, 127.5625, 127.5625, 127.5625, 127.5625, 127.5625, 127.5625, 127.5625, 127.5625, 127.5625, 127.5625, 127.5625]

Execution 7:
Parameters: Y=0.998
Start Time (hh:mm:ss.ms) 2023-07-17 21:49:53.572642
generations	MaxGenenerations	Populationk1	Populationk	PopulationElite	PopulationMutant	fitnessElite	alpha	min    	max    	avg    	std     
0          	0               	0           	0          	0              	0               	0           	0    	133.875	138.812	136.571	0.794838
1          	176.763         	998         	1000       	100            	200             	135.356     	0.3  	133.75 	138.312	136.027	0.831977
2          	176.421         	996         	998        	101            	199             	135.114     	0.298	133.188	138.562	135.842	0.952206
3          	175.767         	994         	996        	102            	198             	134.788     	0.297	133.062	138.75 	135.682	0.978775
4          	175.668         	992         	994        	102            	196             	134.749     	0.296	132.938	138.625	135.538	1.04134 
5          	175.459         	990         	992        	103            	195             	134.618     	0.295	132.562	138.625	135.443	1.08693 
9          	174.855         	982         	984        	105            	190             	134.235     	0.290	132.188	138.75 	135.063	1.23465 
12         	174.404         	976         	978        	107            	186             	133.984     	0.287	131.5  	138.375	134.804	1.31092 
21         	173.671         	958         	960        	113            	176             	133.56      	0.276	130.938	138.688	134.322	1.52016 
24         	172.863         	952         	954        	115            	172             	133.073     	0.273	130.625	138.312	134.1  	1.6826  
30         	172.278         	940         	942        	118            	165             	132.656     	0.266	130.25 	138.5  	133.332	1.95776 
31         	171.869         	938         	940        	119            	164             	132.437     	0.265	130.062	138.25 	133.168	2.03144 
32         	171.536         	936         	938        	119            	162             	132.223     	0.263	129.688	138.812	132.971	2.07949 
33         	171.234         	934         	936        	120            	161             	132.084     	0.262	129.562	138.375	132.926	2.1411  
36         	170.919         	928         	930        	122            	158             	131.845     	0.259	129.25 	138.312	132.637	2.23464 
38         	170.507         	924         	926        	123            	155             	131.591     	0.256	129.062	138    	132.39 	2.29799 
40         	170.238         	920         	922        	124            	153             	131.414     	0.254	129    	138.75 	132.313	2.39866 
41         	170.305         	918         	920        	125            	152             	131.467     	0.253	128.938	138.438	132.302	2.41226 
42         	170.116         	916         	918        	125            	151             	131.33      	0.251	128.875	138.375	132.203	2.43775 
44         	170.161         	912         	914        	126            	148             	131.354     	0.249	128.688	138.688	132.055	2.50983 
49         	169.807         	902         	904        	129            	143             	131.077     	0.243	128.438	138.625	131.988	2.5847  
54         	169.244         	892         	894        	132            	137             	130.663     	0.237	128.312	138.5  	131.681	2.73035 
60         	169.312         	880         	882        	134            	131             	130.659     	0.230	128.25 	138.625	131.442	2.77432 
61         	169.272         	878         	880        	135            	129             	130.627     	0.229	128.188	138.188	131.445	2.75369 
69         	169.211         	862         	864        	139            	121             	130.494     	0.219	128    	138.375	131.163	2.8101  
75         	169.09          	850         	852        	141            	115             	130.35      	0.212	127.938	138.312	131.189	2.91012 
77         	168.839         	846         	848        	142            	113             	130.168     	0.209	127.812	138.562	131.059	2.97244 
End Time (hh:mm:ss.ms) 2023-07-17 21:50:11.852646
Total Time (hh:mm:ss.ms) 0:00:18.280004
Individual: ([11, 9, 21, 16, 8, 25, 2, 4, 0, 24, 7, 14, 6, 17, 28, 3, 19, 27, 26, 15, 23, 5, 20, 10, 22, 18, 13, 1, 12], [0, 0, 0, 1, 1, 1, 0, 0, 0, 0, 0, 1, 1, 1, 0, 1, 0, 0, 0, 1, 1, 0, 0, 0, 0, 0, 0, 0, 0])
Fitness:  127.8125
Gens:  [0, 1, 2, 3, 4, 5, 6, 7, 8, 9, 10, 11, 12, 13, 14, 15, 16, 17, 18, 19, 20, 21, 22, 23, 24, 25, 26, 27, 28, 29, 30, 31, 32, 33, 34, 35, 36, 37, 38, 39, 40, 41, 42, 43, 44, 45, 46, 47, 48, 49, 50, 51, 52, 53, 54, 55, 56, 57, 58, 59, 60, 61, 62, 63, 64, 65, 66, 67, 68, 69, 70, 71, 72, 73, 74, 75, 76, 77, 78, 79, 80, 81, 82, 83, 84, 85, 86, 87, 88, 89, 90, 91, 92, 93, 94, 95, 96, 97, 98, 99, 100, 101, 102, 103, 104, 105, 106, 107, 108, 109, 110, 111, 112, 113, 114, 115, 116, 117, 118, 119, 120, 121, 122, 123, 124, 125, 126, 127, 128, 129, 130, 131, 132, 133, 134, 135, 136, 137, 138, 139, 140, 141, 142, 143, 144, 145, 146, 147, 148, 149, 150, 151, 152, 153, 154, 155, 156, 157, 158, 159, 160, 161, 162, 163, 164, 165, 166, 167, 168, 169]
Inds:  [133.875, 133.75, 133.1875, 133.0625, 132.9375, 132.5625, 132.5625, 132.5625, 132.5625, 132.1875, 132.1875, 132.1875, 131.5, 131.5, 131.5, 131.5, 131.5, 131.5, 131.5, 131.5, 131.5, 130.9375, 130.9375, 130.9375, 130.625, 130.625, 130.625, 130.625, 130.625, 130.625, 130.25, 130.0625, 129.6875, 129.5625, 129.5625, 129.5625, 129.25, 129.25, 129.0625, 129.0625, 129.0, 128.9375, 128.875, 128.875, 128.6875, 128.6875, 128.6875, 128.6875, 128.6875, 128.4375, 128.4375, 128.4375, 128.4375, 128.4375, 128.3125, 128.3125, 128.3125, 128.3125, 128.3125, 128.3125, 128.25, 128.1875, 128.1875, 128.1875, 128.1875, 128.1875, 128.1875, 128.1875, 128.1875, 128.0, 128.0, 128.0, 128.0, 128.0, 128.0, 127.9375, 127.9375, 127.8125, 127.8125, 127.8125, 127.8125, 127.8125, 127.8125, 127.8125, 127.8125, 127.8125, 127.8125, 127.8125, 127.8125, 127.8125, 127.8125, 127.8125, 127.8125, 127.8125, 127.8125, 127.8125, 127.8125, 127.8125, 127.8125, 127.8125, 127.8125, 127.8125, 127.8125, 127.8125, 127.8125, 127.8125, 127.8125, 127.8125, 127.8125, 127.8125, 127.8125, 127.8125, 127.8125, 127.8125, 127.8125, 127.8125, 127.8125, 127.8125, 127.8125, 127.8125, 127.8125, 127.8125, 127.8125, 127.8125, 127.8125, 127.8125, 127.8125, 127.8125, 127.8125, 127.8125, 127.8125, 127.8125, 127.8125, 127.8125, 127.8125, 127.8125, 127.8125, 127.8125, 127.8125, 127.8125, 127.8125, 127.8125, 127.8125, 127.8125, 127.8125, 127.8125, 127.8125, 127.8125, 127.8125, 127.8125, 127.8125, 127.8125, 127.8125, 127.8125, 127.8125, 127.8125, 127.8125, 127.8125, 127.8125, 127.8125, 127.8125, 127.8125, 127.8125, 127.8125, 127.8125, 127.8125, 127.8125, 127.8125, 127.8125, 127.8125]

Execution 8:
Parameters: Y=0.998
Start Time (hh:mm:ss.ms) 2023-07-17 21:50:12.788643
generations	MaxGenenerations	Populationk1	Populationk	PopulationElite	PopulationMutant	fitnessElite	alpha	min    	max   	avg    	std     
0          	0               	0           	0          	0              	0               	0           	0    	133.625	138.75	136.509	0.792653
1          	176.411         	998         	1000       	100            	200             	135.162     	0.3  	133.438	138.25	136.034	0.878772
2          	175.987         	996         	998        	101            	199             	134.876     	0.298	132.5  	139   	135.786	0.992144
4          	174.729         	992         	994        	102            	196             	134.187     	0.296	131.812	138.625	135.405	1.08402 
8          	173.887         	984         	986        	105            	191             	133.728     	0.291	131.75 	138.75 	134.874	1.30934 
9          	173.935         	982         	984        	105            	190             	133.786     	0.290	131.562	138.25 	134.69 	1.35337 
11         	173.71          	978         	980        	107            	188             	133.654     	0.288	131.5  	138.938	134.461	1.46346 
12         	173.671         	976         	978        	107            	186             	133.637     	0.287	131.25 	138.5  	134.354	1.54911 
14         	173.232         	972         	974        	109            	184             	133.352     	0.284	131.188	138.5  	134.054	1.63507 
16         	173.149         	968         	970        	110            	182             	133.29      	0.282	131.125	138.188	133.926	1.72477 
18         	172.959         	964         	966        	111            	179             	133.14      	0.280	130.875	138.375	133.819	1.81074 
20         	172.823         	960         	962        	112            	177             	133.099     	0.278	130.75 	138.375	133.742	1.80381 
21         	172.486         	958         	960        	113            	175             	132.861     	0.276	130.688	138.438	133.598	1.82123 
22         	172.425         	956         	958        	114            	174             	132.824     	0.275	130.375	138.812	133.582	1.8734  
24         	172.099         	952         	954        	115            	172             	132.647     	0.273	130.25 	138.625	133.419	1.99287 
25         	171.912         	950         	952        	115            	171             	132.529     	0.272	130.125	138.438	133.318	2.0437  
26         	171.683         	948         	950        	116            	169             	132.377     	0.270	130    	138.25 	133.215	2.05103 
28         	171.647         	944         	946        	117            	167             	132.367     	0.268	129.812	138.875	133.079	2.15903 
32         	171.313         	936         	938        	120            	162             	132.121     	0.263	129.688	138.438	132.968	2.25489 
40         	171.041         	920         	922        	124            	153             	131.866     	0.254	129.625	138.938	132.691	2.34506 
42         	171.087         	916         	918        	125            	151             	131.894     	0.252	129.5  	138.25 	132.599	2.37847 
48         	170.773         	904         	906        	128            	144             	131.628     	0.244	129.438	138.625	132.485	2.44446 
50         	170.797         	900         	902        	129            	142             	131.636     	0.242	129.375	138.625	132.396	2.48589 
51         	170.757         	898         	900        	130            	141             	131.608     	0.241	129.312	138.438	132.424	2.44817 
53         	170.632         	894         	896        	131            	138             	131.509     	0.239	129.188	138.5  	132.341	2.49618 
70         	170.382         	860         	862        	139            	120             	131.172     	0.219	129.062	138.375	131.862	2.58833 
78         	170.174         	844         	846        	142            	112             	130.961     	0.209	128.938	139.125	131.742	2.6339  
End Time (hh:mm:ss.ms) 2023-07-17 21:50:30.822644
Total Time (hh:mm:ss.ms) 0:00:18.034001
Individual: ([18, 22, 13, 11, 12, 17, 28, 1, 2, 8, 14, 6, 19, 7, 24, 20, 21, 10, 23, 26, 27, 15, 16, 0, 3, 4, 25, 5, 9], [1, 1, 1, 1, 1, 1, 0, 0, 0, 0, 0, 1, 0, 1, 1, 0, 0, 0, 0, 1, 1, 0, 0, 1, 1, 1, 0, 0, 1])
Fitness:  128.9375
Gens:  [0, 1, 2, 3, 4, 5, 6, 7, 8, 9, 10, 11, 12, 13, 14, 15, 16, 17, 18, 19, 20, 21, 22, 23, 24, 25, 26, 27, 28, 29, 30, 31, 32, 33, 34, 35, 36, 37, 38, 39, 40, 41, 42, 43, 44, 45, 46, 47, 48, 49, 50, 51, 52, 53, 54, 55, 56, 57, 58, 59, 60, 61, 62, 63, 64, 65, 66, 67, 68, 69, 70, 71, 72, 73, 74, 75, 76, 77, 78, 79, 80, 81, 82, 83, 84, 85, 86, 87, 88, 89, 90, 91, 92, 93, 94, 95, 96, 97, 98, 99, 100, 101, 102, 103, 104, 105, 106, 107, 108, 109, 110, 111, 112, 113, 114, 115, 116, 117, 118, 119, 120, 121, 122, 123, 124, 125, 126, 127, 128, 129, 130, 131, 132, 133, 134, 135, 136, 137, 138, 139, 140, 141, 142, 143, 144, 145, 146, 147, 148, 149, 150, 151, 152, 153, 154, 155, 156, 157, 158, 159, 160, 161, 162, 163, 164, 165, 166, 167, 168, 169, 170]
Inds:  [133.625, 133.4375, 132.5, 132.5, 131.8125, 131.8125, 131.8125, 131.8125, 131.75, 131.5625, 131.5625, 131.5, 131.25, 131.25, 131.1875, 131.1875, 131.125, 131.125, 130.875, 130.875, 130.75, 130.6875, 130.375, 130.375, 130.25, 130.125, 130.0, 130.0, 129.8125, 129.8125, 129.8125, 129.8125, 129.6875, 129.6875, 129.6875, 129.6875, 129.6875, 129.6875, 129.6875, 129.6875, 129.625, 129.625, 129.5, 129.5, 129.5, 129.5, 129.5, 129.5, 129.4375, 129.4375, 129.375, 129.3125, 129.3125, 129.1875, 129.1875, 129.1875, 129.1875, 129.1875, 129.1875, 129.1875, 129.1875, 129.1875, 129.1875, 129.1875, 129.1875, 129.1875, 129.1875, 129.1875, 129.1875, 129.1875, 129.0625, 129.0625, 129.0625, 129.0625, 129.0625, 129.0625, 129.0625, 129.0625, 128.9375, 128.9375, 128.9375, 128.9375, 128.9375, 128.9375, 128.9375, 128.9375, 128.9375, 128.9375, 128.9375, 128.9375, 128.9375, 128.9375, 128.9375, 128.9375, 128.9375, 128.9375, 128.9375, 128.9375, 128.9375, 128.9375, 128.9375, 128.9375, 128.9375, 128.9375, 128.9375, 128.9375, 128.9375, 128.9375, 128.9375, 128.9375, 128.9375, 128.9375, 128.9375, 128.9375, 128.9375, 128.9375, 128.9375, 128.9375, 128.9375, 128.9375, 128.9375, 128.9375, 128.9375, 128.9375, 128.9375, 128.9375, 128.9375, 128.9375, 128.9375, 128.9375, 128.9375, 128.9375, 128.9375, 128.9375, 128.9375, 128.9375, 128.9375, 128.9375, 128.9375, 128.9375, 128.9375, 128.9375, 128.9375, 128.9375, 128.9375, 128.9375, 128.9375, 128.9375, 128.9375, 128.9375, 128.9375, 128.9375, 128.9375, 128.9375, 128.9375, 128.9375, 128.9375, 128.9375, 128.9375, 128.9375, 128.9375, 128.9375, 128.9375, 128.9375, 128.9375, 128.9375, 128.9375, 128.9375, 128.9375, 128.9375, 128.9375]

Execution 9:
Parameters: Y=0.998
Start Time (hh:mm:ss.ms) 2023-07-17 21:50:31.641643
generations	MaxGenenerations	Populationk1	Populationk	PopulationElite	PopulationMutant	fitnessElite	alpha	min    	max  	avg    	std     
0          	0               	0           	0          	0              	0               	0           	0    	133.875	138.5	136.545	0.793709
1          	176.652         	998         	1000       	100            	200             	135.262     	0.3  	133.688	138.625	136.02 	0.8545  
2          	176.449         	996         	998        	101            	199             	135.163     	0.298	132.562	138.562	135.802	0.950843
4          	174.942         	992         	994        	102            	196             	134.342     	0.296	132.188	138.375	135.475	1.05229 
9          	174.36          	982         	984        	105            	190             	133.969     	0.290	131.938	138.5  	134.877	1.27842 
10         	174.096         	980         	982        	106            	189             	133.838     	0.289	131.562	138.375	134.744	1.33885 
12         	173.688         	976         	978        	107            	186             	133.628     	0.287	131.188	138.5  	134.557	1.44983 
13         	173.106         	974         	976        	108            	185             	133.28      	0.286	131.125	138.75 	134.442	1.47356 
14         	173.11          	972         	974        	109            	184             	133.298     	0.284	130.5  	138.75 	134.329	1.5041  
21         	172.221         	958         	960        	113            	175             	132.731     	0.276	130.312	138.188	133.626	1.81302 
23         	171.866         	954         	956        	114            	173             	132.491     	0.274	130.25 	138.688	133.352	1.90655 
24         	171.934         	952         	954        	115            	172             	132.556     	0.273	130    	138.938	133.331	1.95875 
27         	171.711         	946         	948        	117            	168             	132.427     	0.269	129.938	138.188	133.158	2.06464 
29         	171.457         	942         	944        	118            	166             	132.227     	0.267	129.5  	138.625	132.999	2.12394 
32         	170.837         	936         	938        	120            	162             	131.84      	0.263	129.375	138.688	132.729	2.19708 
35         	170.672         	930         	932        	121            	159             	131.716     	0.260	129.312	138.938	132.512	2.2814  
37         	170.696         	926         	928        	122            	156             	131.73      	0.257	129.125	138.438	132.51 	2.33353 
43         	170.385         	914         	916        	126            	150             	131.475     	0.250	128.938	138.5  	132.22 	2.43409 
47         	170.222         	906         	908        	128            	145             	131.351     	0.245	128.875	138.062	132.1  	2.47065 
50         	170.033         	900         	902        	129            	142             	131.193     	0.242	128.75 	138.5  	131.976	2.54052 
55         	169.805         	890         	892        	132            	136             	130.996     	0.236	128.625	138.688	131.842	2.59122 
62         	169.746         	876         	878        	135            	128             	130.892     	0.228	128.5  	138.562	131.685	2.66254 
70         	169.539         	860         	862        	139            	120             	130.672     	0.218	128.375	138.375	131.539	2.8109  
End Time (hh:mm:ss.ms) 2023-07-17 21:50:49.776643
Total Time (hh:mm:ss.ms) 0:00:18.135000
Individual: ([12, 2, 5, 17, 6, 19, 24, 7, 28, 3, 20, 10, 9, 23, 27, 26, 0, 4, 1, 25, 21, 16, 15, 14, 8, 13, 18, 22, 11], [1, 0, 0, 0, 1, 0, 0, 0, 0, 1, 0, 0, 0, 0, 0, 0, 1, 1, 0, 0, 0, 1, 1, 1, 1, 1, 1, 1, 1])
Fitness:  128.375
Gens:  [0, 1, 2, 3, 4, 5, 6, 7, 8, 9, 10, 11, 12, 13, 14, 15, 16, 17, 18, 19, 20, 21, 22, 23, 24, 25, 26, 27, 28, 29, 30, 31, 32, 33, 34, 35, 36, 37, 38, 39, 40, 41, 42, 43, 44, 45, 46, 47, 48, 49, 50, 51, 52, 53, 54, 55, 56, 57, 58, 59, 60, 61, 62, 63, 64, 65, 66, 67, 68, 69, 70, 71, 72, 73, 74, 75, 76, 77, 78, 79, 80, 81, 82, 83, 84, 85, 86, 87, 88, 89, 90, 91, 92, 93, 94, 95, 96, 97, 98, 99, 100, 101, 102, 103, 104, 105, 106, 107, 108, 109, 110, 111, 112, 113, 114, 115, 116, 117, 118, 119, 120, 121, 122, 123, 124, 125, 126, 127, 128, 129, 130, 131, 132, 133, 134, 135, 136, 137, 138, 139, 140, 141, 142, 143, 144, 145, 146, 147, 148, 149, 150, 151, 152, 153, 154, 155, 156, 157, 158, 159, 160, 161, 162, 163, 164, 165, 166, 167, 168, 169, 170]
Inds:  [133.875, 133.6875, 132.5625, 132.5625, 132.1875, 132.1875, 132.1875, 132.1875, 132.1875, 131.9375, 131.5625, 131.5625, 131.1875, 131.125, 130.5, 130.5, 130.5, 130.5, 130.5, 130.5, 130.5, 130.3125, 130.3125, 130.25, 130.0, 130.0, 130.0, 129.9375, 129.9375, 129.5, 129.5, 129.5, 129.375, 129.375, 129.375, 129.3125, 129.3125, 129.125, 129.125, 129.125, 129.125, 129.125, 129.125, 128.9375, 128.9375, 128.9375, 128.9375, 128.875, 128.875, 128.875, 128.75, 128.75, 128.75, 128.75, 128.75, 128.625, 128.625, 128.625, 128.625, 128.625, 128.625, 128.625, 128.5, 128.5, 128.5, 128.5, 128.5, 128.5, 128.5, 128.5, 128.375, 128.375, 128.375, 128.375, 128.375, 128.375, 128.375, 128.375, 128.375, 128.375, 128.375, 128.375, 128.375, 128.375, 128.375, 128.375, 128.375, 128.375, 128.375, 128.375, 128.375, 128.375, 128.375, 128.375, 128.375, 128.375, 128.375, 128.375, 128.375, 128.375, 128.375, 128.375, 128.375, 128.375, 128.375, 128.375, 128.375, 128.375, 128.375, 128.375, 128.375, 128.375, 128.375, 128.375, 128.375, 128.375, 128.375, 128.375, 128.375, 128.375, 128.375, 128.375, 128.375, 128.375, 128.375, 128.375, 128.375, 128.375, 128.375, 128.375, 128.375, 128.375, 128.375, 128.375, 128.375, 128.375, 128.375, 128.375, 128.375, 128.375, 128.375, 128.375, 128.375, 128.375, 128.375, 128.375, 128.375, 128.375, 128.375, 128.375, 128.375, 128.375, 128.375, 128.375, 128.375, 128.375, 128.375, 128.375, 128.375, 128.375, 128.375, 128.375, 128.375, 128.375, 128.375, 128.375, 128.375, 128.375, 128.375, 128.375, 128.375]

Execution 10:
Parameters: Y=0.998
Start Time (hh:mm:ss.ms) 2023-07-17 21:50:50.645643
generations	MaxGenenerations	Populationk1	Populationk	PopulationElite	PopulationMutant	fitnessElite	alpha	min    	max   	avg  	std     
0          	0               	0           	0          	0              	0               	0           	0    	134.312	139.25	136.6	0.820281
1          	177.496         	998         	1000       	100            	200             	135.794     	0.3  	133.875	138.75	136.079	0.838657
2          	176.741         	996         	998        	101            	199             	135.332     	0.298	133.75 	138.5 	135.885	0.902726
3          	176.487         	994         	996        	102            	198             	135.164     	0.297	132.312	138.312	135.726	0.949591
7          	174.634         	986         	988        	104            	193             	134.163     	0.293	132.125	138.875	135.057	1.2035  
11         	174.605         	978         	980        	107            	188             	134.181     	0.288	130.938	138.875	134.63 	1.4233  
16         	172.733         	968         	970        	110            	181             	133.04      	0.282	130.188	138.688	133.911	1.70494 
20         	171.83          	960         	962        	112            	177             	132.532     	0.277	130.125	138.688	133.336	1.9672  
23         	171.79          	954         	956        	114            	173             	132.492     	0.274	129.938	139.062	133.203	2.10532 
24         	171.65          	952         	954        	115            	172             	132.43      	0.273	129.875	138.375	133.13 	2.09073 
26         	171.331         	948         	950        	116            	169             	132.177     	0.270	129.625	138.938	133.015	2.21375 
29         	171.173         	942         	944        	118            	166             	132.097     	0.267	129.562	138.688	132.73 	2.25595 
30         	171.026         	940         	942        	118            	165             	131.991     	0.266	129.438	138.5  	132.771	2.29363 
33         	170.797         	934         	936        	120            	161             	131.817     	0.262	129.312	138.5  	132.684	2.36187 
35         	170.696         	930         	932        	121            	159             	131.752     	0.260	129.188	138.75 	132.753	2.41241 
36         	170.552         	928         	930        	122            	158             	131.664     	0.258	129    	138.5  	132.593	2.34047 
38         	170.326         	924         	926        	123            	155             	131.517     	0.256	128.938	138.438	132.492	2.40326 
42         	170.158         	916         	918        	125            	151             	131.361     	0.251	128.875	138.188	132.346	2.51882 
46         	170.31          	908         	910        	127            	146             	131.439     	0.247	128.75 	138.938	132    	2.5428  
47         	170.039         	906         	908        	128            	145             	131.255     	0.245	128.688	138.312	131.95 	2.63347 
48         	169.744         	904         	906        	128            	144             	131.042     	0.244	128.5  	138.25 	131.972	2.69536 
55         	169.369         	890         	892        	132            	136             	130.729     	0.236	128.438	138.375	131.526	2.80673 
56         	169.435         	888         	890        	133            	135             	130.774     	0.235	128.312	138.438	131.571	2.87235 
62         	169.355         	876         	878        	135            	128             	130.663     	0.227	128.188	138.438	131.436	2.89546 
141        	169.19          	718         	720        	161            	55              	129.591     	0.134	128.125	138.438	130.234	2.71827 
End Time (hh:mm:ss.ms) 2023-07-17 21:51:09.939644
Total Time (hh:mm:ss.ms) 0:00:19.294001
Individual: ([12, 1, 28, 24, 6, 14, 15, 26, 27, 17, 7, 19, 8, 20, 0, 4, 25, 5, 2, 3, 16, 23, 21, 10, 22, 13, 11, 18, 9], [1, 1, 1, 0, 0, 0, 0, 1, 1, 1, 0, 1, 1, 1, 1, 1, 0, 0, 1, 1, 1, 1, 0, 0, 0, 0, 0, 1, 0])
Fitness:  128.125
Gens:  [0, 1, 2, 3, 4, 5, 6, 7, 8, 9, 10, 11, 12, 13, 14, 15, 16, 17, 18, 19, 20, 21, 22, 23, 24, 25, 26, 27, 28, 29, 30, 31, 32, 33, 34, 35, 36, 37, 38, 39, 40, 41, 42, 43, 44, 45, 46, 47, 48, 49, 50, 51, 52, 53, 54, 55, 56, 57, 58, 59, 60, 61, 62, 63, 64, 65, 66, 67, 68, 69, 70, 71, 72, 73, 74, 75, 76, 77, 78, 79, 80, 81, 82, 83, 84, 85, 86, 87, 88, 89, 90, 91, 92, 93, 94, 95, 96, 97, 98, 99, 100, 101, 102, 103, 104, 105, 106, 107, 108, 109, 110, 111, 112, 113, 114, 115, 116, 117, 118, 119, 120, 121, 122, 123, 124, 125, 126, 127, 128, 129, 130, 131, 132, 133, 134, 135, 136, 137, 138, 139, 140, 141, 142, 143, 144, 145, 146, 147, 148, 149, 150, 151, 152, 153, 154, 155, 156, 157, 158, 159, 160, 161, 162, 163, 164, 165, 166, 167, 168, 169]
Inds:  [134.3125, 133.875, 133.75, 132.3125, 132.3125, 132.3125, 132.3125, 132.125, 132.125, 132.125, 132.125, 130.9375, 130.9375, 130.9375, 130.9375, 130.9375, 130.1875, 130.1875, 130.1875, 130.1875, 130.125, 130.125, 130.125, 129.9375, 129.875, 129.875, 129.625, 129.625, 129.625, 129.5625, 129.4375, 129.4375, 129.4375, 129.3125, 129.3125, 129.1875, 129.0, 129.0, 128.9375, 128.9375, 128.9375, 128.9375, 128.875, 128.875, 128.875, 128.875, 128.75, 128.6875, 128.5, 128.5, 128.5, 128.5, 128.5, 128.5, 128.5, 128.4375, 128.3125, 128.3125, 128.3125, 128.3125, 128.3125, 128.3125, 128.1875, 128.1875, 128.1875, 128.1875, 128.1875, 128.1875, 128.1875, 128.1875, 128.1875, 128.1875, 128.1875, 128.1875, 128.1875, 128.1875, 128.1875, 128.1875, 128.1875, 128.1875, 128.1875, 128.1875, 128.1875, 128.1875, 128.1875, 128.1875, 128.1875, 128.1875, 128.1875, 128.1875, 128.1875, 128.1875, 128.1875, 128.1875, 128.1875, 128.1875, 128.1875, 128.1875, 128.1875, 128.1875, 128.1875, 128.1875, 128.1875, 128.1875, 128.1875, 128.1875, 128.1875, 128.1875, 128.1875, 128.1875, 128.1875, 128.1875, 128.1875, 128.1875, 128.1875, 128.1875, 128.1875, 128.1875, 128.1875, 128.1875, 128.1875, 128.1875, 128.1875, 128.1875, 128.1875, 128.1875, 128.1875, 128.1875, 128.1875, 128.1875, 128.1875, 128.1875, 128.1875, 128.1875, 128.1875, 128.1875, 128.1875, 128.1875, 128.1875, 128.1875, 128.1875, 128.125, 128.125, 128.125, 128.125, 128.125, 128.125, 128.125, 128.125, 128.125, 128.125, 128.125, 128.125, 128.125, 128.125, 128.125, 128.125, 128.125, 128.125, 128.125, 128.125, 128.125, 128.125, 128.125, 128.125, 128.125, 128.125, 128.125, 128.125, 128.125]

