A-BRKGA:

Execution 1:
Parameters: Y=0.998
Start Time (hh:mm:ss.ms) 2023-07-17 21:56:54.307644
generations	MaxGenenerations	Populationk1	Populationk	PopulationElite	PopulationMutant	fitnessElite	alpha	min  	max    	avg    	std     
0          	0               	0           	0          	0              	0               	0           	0    	82.53	88.1275	85.5214	0.804857
1          	98.4544         	998         	1000       	100            	200             	84.2093     	0.3  	82.155	87.425 	84.9255	0.818134
5          	97.9776         	990         	992        	106            	192             	83.8542     	0.291	82.1275	87.425 	84.3004	1.03416 
7          	97.7739         	986         	988        	108            	189             	83.5597     	0.287	81.6775	87.5275	84.2126	1.10856 
8          	97.3204         	984         	986        	110            	187             	83.3483     	0.285	81.63  	87.7525	84.1217	1.15379 
9          	97.3076         	982         	984        	111            	185             	83.3661     	0.283	81.4525	87.3775	84.0339	1.16005 
12         	97.0086         	976         	978        	115            	179             	83.0748     	0.277	81.0025	87.7525	83.7688	1.21646 
15         	96.478          	970         	972        	119            	173             	82.7171     	0.270	80.58  	87.425 	83.4892	1.33655 
20         	95.9839         	960         	962        	125            	164             	82.3501     	0.260	80.4775	87.7525	82.9182	1.52025 
21         	95.9338         	958         	960        	126            	162             	82.3567     	0.258	80.28  	87.3025	82.8335	1.54093 
22         	95.6122         	956         	958        	128            	160             	82.0783     	0.256	80.1025	87.6775	82.7939	1.57321 
27         	95.4724         	946         	948        	134            	151             	81.9624     	0.245	80.0275	87.125 	82.4894	1.671   
31         	95.2399         	938         	940        	139            	144             	81.6628     	0.237	79.905 	87.4525	82.2511	1.73321 
32         	95.1942         	936         	938        	140            	142             	81.6777     	0.234	79.8025	87.4525	82.21  	1.74772 
33         	95.072          	934         	936        	141            	140             	81.5825     	0.232	79.68  	87.705 	82.1033	1.80046 
35         	94.9404         	930         	932        	143            	137             	81.4722     	0.228	79.455 	88.08  	81.98  	1.80427 
37         	94.6917         	926         	928        	146            	133             	81.2859     	0.223	79.4275	87.3775	81.8912	1.83219 
41         	94.6395         	918         	920        	150            	126             	81.1728     	0.215	79.2775	87.8275	81.6784	1.89405 
45         	94.5369         	910         	912        	155            	119             	81.0678     	0.206	79.23  	87.255 	81.6465	1.95089 
48         	94.399          	904         	906        	158            	114             	80.8875     	0.200	79.2025	87.7525	81.3773	1.93358 
51         	94.3006         	898         	900        	162            	109             	80.7445     	0.193	79.155 	87.3025	81.2878	1.93845 
52         	94.2723         	896         	898        	163            	107             	80.7177     	0.191	79.08  	87.105 	81.2627	1.95169 
53         	94.1458         	894         	896        	164            	105             	80.601      	0.189	78.78  	87.6775	81.1801	1.93924 
58         	93.868          	884         	886        	169            	97              	80.3419     	0.178	78.48  	87.6775	80.9671	1.95933 
77         	93.4174         	846         	848        	188            	66              	79.6538     	0.137	78.18  	87.33  	80.3159	1.99597 
85         	93.0692         	830         	832        	196            	54              	79.2432     	0.119	78.105 	87.18  	79.8963	1.93513 
86         	92.999          	828         	830        	197            	53              	79.1686     	0.117	78.03  	87.78  	79.8346	1.86333 
88         	92.9185         	824         	826        	199            	50              	79.0669     	0.112	78.03  	87.255 	79.6817	1.87853 
89         	92.9236         	822         	824        	199            	48              	79.0503     	0.110	77.955 	87.405 	79.6993	1.92872 
93         	92.8204         	814         	816        	203            	42              	78.8938     	0.101	77.88  	87.555 	79.4305	1.80263 
End Time (hh:mm:ss.ms) 2023-07-17 21:57:08.965644
Total Time (hh:mm:ss.ms) 0:00:14.658000
Individual: ([7, 36, 16, 33, 40, 24, 14, 37, 38, 35, 0, 13, 15, 10, 18, 11, 12, 39, 5, 29, 9, 31, 32, 17, 19, 2, 23, 22, 21, 20, 34, 27, 4, 8, 1, 41, 28, 25, 6, 30, 26, 3], [0, 0, 0, 0, 1, 1, 1, 1, 1, 1, 1, 1, 1, 1, 1, 1, 1, 0, 0, 0, 0, 0, 0, 0, 0, 0, 0, 0, 1, 1, 1, 1, 1, 1, 1, 1, 0, 1, 0, 1, 1, 0])
Fitness:  77.87999999999995
Gens:  [0, 1, 2, 3, 4, 5, 6, 7, 8, 9, 10, 11, 12, 13, 14, 15, 16, 17, 18, 19, 20, 21, 22, 23, 24, 25, 26, 27, 28, 29, 30, 31, 32, 33, 34, 35, 36, 37, 38, 39, 40, 41, 42, 43, 44, 45, 46, 47, 48, 49, 50, 51, 52, 53, 54, 55, 56, 57, 58, 59, 60, 61, 62, 63, 64, 65, 66, 67, 68, 69, 70, 71, 72, 73, 74, 75, 76, 77, 78, 79, 80, 81, 82, 83, 84, 85, 86, 87, 88, 89, 90, 91, 92, 93]
Inds:  [82.53, 82.155, 82.155, 82.155, 82.155, 82.12750000000001, 82.12750000000001, 81.67750000000001, 81.63, 81.4525, 81.4525, 81.4525, 81.0025, 81.0025, 81.0025, 80.57999999999998, 80.57999999999998, 80.57999999999998, 80.57999999999998, 80.57999999999998, 80.4775, 80.27999999999997, 80.10249999999999, 80.10249999999999, 80.10249999999999, 80.10249999999999, 80.10249999999999, 80.02749999999999, 80.02749999999999, 80.02749999999999, 80.02749999999999, 79.905, 79.8025, 79.67999999999998, 79.67999999999998, 79.455, 79.455, 79.4275, 79.4275, 79.4275, 79.4275, 79.27749999999997, 79.27749999999997, 79.27749999999997, 79.27749999999997, 79.22999999999999, 79.22999999999999, 79.22999999999999, 79.20249999999999, 79.20249999999999, 79.20249999999999, 79.15499999999997, 79.07999999999998, 78.77999999999999, 78.77999999999999, 78.77999999999999, 78.77999999999999, 78.77999999999999, 78.47999999999998, 78.47999999999998, 78.47999999999998, 78.47999999999998, 78.47999999999998, 78.47999999999998, 78.47999999999998, 78.47999999999998, 78.47999999999998, 78.47999999999998, 78.47999999999998, 78.47999999999998, 78.47999999999998, 78.47999999999998, 78.47999999999998, 78.47999999999998, 78.47999999999998, 78.47999999999998, 78.47999999999998, 78.17999999999996, 78.17999999999996, 78.17999999999996, 78.17999999999996, 78.17999999999996, 78.17999999999996, 78.17999999999996, 78.17999999999996, 78.10499999999996, 78.02999999999997, 78.02999999999997, 78.02999999999996, 77.95499999999996, 77.95499999999996, 77.95499999999996, 77.95499999999996, 77.87999999999995]

Execution 2:
Parameters: Y=0.998
Start Time (hh:mm:ss.ms) 2023-07-17 21:57:09.895644
generations	MaxGenenerations	Populationk1	Populationk	PopulationElite	PopulationMutant	fitnessElite	alpha	min  	max    	avg   	std     
0          	0               	0           	0          	0              	0               	0           	0    	83.13	88.0525	85.524	0.772305
1          	99.1553         	998         	1000       	100            	200             	84.6068     	0.3  	82.755	87.78  	85.0331	0.829449
2          	98.6541         	996         	998        	102            	198             	84.2523     	0.297	82.53 	87.8   	84.7546	0.856112
3          	98.3899         	994         	996        	103            	196             	84.0896     	0.295	82.3525	87.3025	84.6256	0.935737
4          	98.0805         	992         	994        	104            	194             	83.8072     	0.293	81.93  	88.455 	84.5142	1.02212 
6          	97.7533         	988         	990        	107            	191             	83.7476     	0.289	81.705 	87.48  	84.2548	1.07339 
8          	97.3824         	984         	986        	110            	187             	83.4109     	0.285	81.48  	87.3775	84.1063	1.12375 
9          	97.0559         	982         	984        	111            	185             	83.152      	0.283	81.18  	87.405 	84.0001	1.15661 
12         	96.7567         	976         	978        	115            	179             	82.9815     	0.277	80.955 	86.955 	83.6649	1.2162  
13         	96.3491         	974         	976        	116            	177             	82.6055     	0.275	80.7025	87.2   	83.5479	1.30198 
16         	96.1495         	968         	970        	120            	171             	82.5243     	0.268	80.4775	87.5   	83.1515	1.5137  
18         	95.9823         	964         	966        	123            	168             	82.4691     	0.264	80.1775	87.78  	82.8216	1.61378 
19         	95.5814         	962         	964        	124            	166             	82.1719     	0.262	79.8025	87.4525	82.6965	1.66068 
23         	95.0292         	954         	956        	129            	158             	81.6862     	0.253	79.6525	87.78  	82.2281	1.82482 
25         	94.8739         	950         	952        	132            	154             	81.5723     	0.249	79.5775	87.7525	82.0381	1.86828 
26         	94.8609         	948         	950        	133            	153             	81.5991     	0.247	79.4275	87.705 	82.0193	1.93562 
29         	94.5879         	942         	944        	137            	147             	81.3123     	0.240	79.2025	87.3775	81.8805	1.97032 
39         	94.3058         	922         	924        	148            	129             	80.9529     	0.219	79.1275	87.63  	81.4979	2.04239 
42         	94.2023         	916         	918        	152            	124             	80.8263     	0.212	79.0525	87.855 	81.466 	2.06017 
43         	94.2545         	914         	916        	153            	122             	80.9088     	0.210	78.9775	87.5275	81.3799	1.99134 
48         	94.0944         	904         	906        	159            	114             	80.6789     	0.200	78.9025	87.6775	81.208 	2.05663 
49         	94.0422         	902         	904        	160            	112             	80.6392     	0.197	78.9025	87.6775	81.1655	2.04976 
52         	94.0281         	896         	898        	163            	107             	80.5687     	0.191	78.8275	87.5275	81.1304	2.12125 
58         	93.9246         	884         	886        	169            	97              	80.3815     	0.178	78.7525	87.405 	80.911 	2.05194 
60         	93.807          	880         	882        	172            	93              	80.2551     	0.174	78.7525	87.3775	80.7657	2.03818 
62         	93.8404         	876         	878        	174            	90              	80.2489     	0.169	78.6775	87.255 	80.7408	2.05382 
68         	93.6947         	864         	866        	180            	81              	80.024      	0.156	78.6025	86.88  	80.5447	2.04918 
69         	93.5352         	862         	864        	181            	79              	79.8822     	0.154	78.5275	86.975 	80.5555	2.02826 
72         	93.539          	856         	858        	184            	74              	79.839      	0.148	78.4525	87.105 	80.3838	2.05094 
80         	93.4357         	840         	842        	191            	62              	79.611      	0.130	78.4525	86.5525	80.0891	1.96504 
81         	93.2955         	838         	840        	192            	60              	79.4934     	0.128	78.3775	87.3025	80.0541	1.95328 
83         	93.3935         	834         	836        	194            	57              	79.5192     	0.124	78.3025	87.65  	80.0292	1.96123 
91         	93.2659         	818         	820        	201            	46              	79.2706     	0.107	78.2275	86.655 	79.689 	1.86685 
End Time (hh:mm:ss.ms) 2023-07-17 21:57:24.432644
Total Time (hh:mm:ss.ms) 0:00:14.537000
Individual: ([34, 29, 4, 12, 15, 30, 26, 8, 28, 41, 1, 3, 39, 0, 5, 13, 25, 6, 10, 18, 21, 2, 33, 19, 35, 9, 7, 20, 27, 11, 22, 23, 31, 37, 36, 38, 24, 40, 17, 32, 14, 16], [0, 1, 1, 1, 0, 1, 1, 1, 1, 0, 0, 0, 0, 0, 0, 0, 0, 0, 1, 1, 1, 1, 1, 0, 0, 1, 1, 1, 1, 1, 1, 1, 1, 0, 0, 0, 1, 0, 0, 1, 1, 1])
Fitness:  78.22749999999998
Gens:  [0, 1, 2, 3, 4, 5, 6, 7, 8, 9, 10, 11, 12, 13, 14, 15, 16, 17, 18, 19, 20, 21, 22, 23, 24, 25, 26, 27, 28, 29, 30, 31, 32, 33, 34, 35, 36, 37, 38, 39, 40, 41, 42, 43, 44, 45, 46, 47, 48, 49, 50, 51, 52, 53, 54, 55, 56, 57, 58, 59, 60, 61, 62, 63, 64, 65, 66, 67, 68, 69, 70, 71, 72, 73, 74, 75, 76, 77, 78, 79, 80, 81, 82, 83, 84, 85, 86, 87, 88, 89, 90, 91, 92, 93, 94]
Inds:  [83.13000000000001, 82.755, 82.53000000000003, 82.3525, 81.93, 81.93, 81.705, 81.705, 81.48, 81.18, 81.18, 81.18, 80.95500000000003, 80.70250000000001, 80.70250000000001, 80.70250000000001, 80.4775, 80.4775, 80.1775, 79.80250000000001, 79.80250000000001, 79.80250000000001, 79.80250000000001, 79.6525, 79.6525, 79.57749999999999, 79.4275, 79.4275, 79.4275, 79.20249999999999, 79.20249999999999, 79.20249999999999, 79.20249999999999, 79.20249999999999, 79.20249999999999, 79.20249999999999, 79.20249999999999, 79.20249999999999, 79.20249999999999, 79.1275, 79.1275, 79.1275, 79.05249999999998, 78.97749999999999, 78.97749999999999, 78.97749999999999, 78.97749999999999, 78.97749999999999, 78.9025, 78.90249999999999, 78.90249999999999, 78.90249999999999, 78.82749999999999, 78.82749999999999, 78.82749999999999, 78.82749999999999, 78.82749999999999, 78.82749999999999, 78.75249999999998, 78.75249999999998, 78.75249999999997, 78.75249999999997, 78.67749999999998, 78.67749999999998, 78.67749999999998, 78.67749999999998, 78.67749999999998, 78.67749999999998, 78.6025, 78.52749999999999, 78.52749999999999, 78.52749999999999, 78.45249999999999, 78.45249999999999, 78.45249999999999, 78.45249999999999, 78.45249999999999, 78.45249999999999, 78.45249999999999, 78.45249999999999, 78.45249999999997, 78.37749999999997, 78.37749999999997, 78.30249999999998, 78.30249999999998, 78.30249999999998, 78.30249999999998, 78.30249999999998, 78.30249999999998, 78.30249999999998, 78.30249999999998, 78.22749999999998, 78.22749999999998, 78.22749999999998, 78.22749999999998]

Execution 3:
Parameters: Y=0.998
Start Time (hh:mm:ss.ms) 2023-07-17 21:57:25.362643
generations	MaxGenenerations	Populationk1	Populationk	PopulationElite	PopulationMutant	fitnessElite	alpha	min   	max   	avg    	std     
0          	0               	0           	0          	0              	0               	0           	0    	82.755	88.005	85.5662	0.813516
1          	98.6986         	998         	1000       	100            	200             	84.33       	0.3  	82.68 	87.6775	84.9002	0.832921
2          	98.5445         	996         	998        	102            	198             	84.1691     	0.297	82.305	87.6025	84.6554	0.959068
4          	98.0774         	992         	994        	104            	194             	83.8538     	0.293	82.1275	87.65  	84.3578	1.04057 
5          	97.8806         	990         	992        	106            	192             	83.7391     	0.291	82.08  	87.6775	84.2854	1.07048 
6          	97.8294         	988         	990        	107            	191             	83.702      	0.289	82.005 	88.3525	84.2182	1.1119  
7          	97.8722         	986         	988        	108            	189             	83.8314     	0.287	81.93  	87.8275	84.1495	1.11893 
8          	97.6799         	984         	986        	109            	187             	83.6147     	0.285	81.2275	87.7525	84.0551	1.15717 
12         	96.7261         	976         	978        	115            	179             	82.891      	0.277	81.18  	87.3025	83.7246	1.21388 
13         	96.6841         	974         	976        	116            	177             	82.8648     	0.275	81.105 	87.855 	83.6137	1.31574 
15         	96.6818         	970         	972        	119            	173             	82.9067     	0.271	80.8525	87.555 	83.3489	1.38122 
16         	96.3427         	968         	970        	120            	171             	82.6545     	0.268	80.6275	87.33  	83.0818	1.44465 
17         	96.0313         	966         	968        	121            	170             	82.4149     	0.266	80.28  	87.3025	82.965 	1.49113 
20         	95.7899         	960         	962        	125            	164             	82.3496     	0.260	79.98  	87.3025	82.7466	1.63239 
21         	95.2549         	958         	960        	126            	162             	81.8693     	0.258	79.83  	87.5275	82.4557	1.73042 
22         	95.1191         	956         	958        	128            	160             	81.7994     	0.255	79.83  	87.3775	82.3652	1.74072 
26         	95.2673         	948         	950        	133            	153             	81.9277     	0.247	79.605 	87.4525	82.176 	1.77755 
28         	94.8277         	944         	946        	135            	149             	81.5008     	0.243	79.5025	87.7525	82.0365	1.95944 
30         	94.7004         	940         	942        	138            	145             	81.3827     	0.238	79.38  	87.63  	81.8524	1.92806 
32         	94.5171         	936         	938        	140            	142             	81.2083     	0.234	79.305 	87.4525	81.7241	1.9688  
34         	94.5129         	932         	934        	143            	138             	81.2212     	0.230	79.23  	87.5275	81.7558	1.99918 
38         	94.3952         	924         	926        	147            	131             	81.0583     	0.221	79.155 	87.6775	81.589 	2.06313 
39         	94.3431         	922         	924        	148            	129             	81.0252     	0.219	79.08  	87.3025	81.4096	2.06241 
40         	94.183          	920         	922        	150            	127             	80.8658     	0.217	79.08  	87.555 	81.367 	2.04212 
42         	94.2306         	916         	918        	152            	124             	80.885      	0.212	78.9775	87.105 	81.3795	2.1038  
44         	94.0379         	912         	914        	154            	120             	80.6881     	0.208	78.705 	87.725 	81.203 	2.06663 
49         	93.7645         	902         	904        	160            	112             	80.4336     	0.197	78.4525	87.9775	81.0269	2.11463 
55         	93.3146         	890         	892        	167            	101             	79.9639     	0.184	78.105 	87.255 	80.5673	2.15838 
57         	93.013          	886         	888        	169            	98              	79.7482     	0.179	78.105 	87.555 	80.4937	2.18441 
62         	93.1616         	876         	878        	174            	90              	79.7866     	0.169	78.0025	87.125 	80.2849	2.21379 
65         	92.9467         	870         	872        	177            	85              	79.5527     	0.162	77.955 	88.1   	80.1752	2.31059 
66         	92.9915         	868         	870        	178            	83              	79.5803     	0.160	77.805 	87.35  	79.9438	2.17334 
72         	92.6974         	856         	858        	184            	73              	79.2254     	0.146	77.805 	87.93  	79.7637	2.27321 
74         	92.6645         	852         	854        	186            	70              	79.1578     	0.142	77.73  	88.08  	79.6968	2.2647  
75         	92.7194         	850         	852        	187            	69              	79.1829     	0.140	77.73  	87.9025	79.7413	2.3018  
76         	92.6865         	848         	850        	188            	67              	79.1355     	0.138	77.655 	87.0025	79.5816	2.22099 
79         	92.5414         	842         	844        	191            	62              	78.9624     	0.131	77.58  	87.0025	79.5128	2.2481  
81         	92.3827         	838         	840        	193            	59              	78.8034     	0.126	77.58  	87.0025	79.323 	2.1966  
83         	92.452          	834         	836        	195            	56              	78.8089     	0.122	77.43  	87.18  	79.2444	2.17394 
92         	92.2784         	816         	818        	203            	43              	78.4783     	0.102	77.355 	87.555 	78.845 	2.11141 
93         	92.1751         	814         	816        	204            	41              	78.3789     	0.100	77.28  	87.9775	78.7758	2.15146 
End Time (hh:mm:ss.ms) 2023-07-17 21:57:40.110642
Total Time (hh:mm:ss.ms) 0:00:14.747999
Individual: ([3, 29, 18, 10, 15, 4, 6, 8, 41, 1, 26, 13, 28, 25, 30, 12, 5, 39, 0, 34, 20, 21, 22, 11, 27, 9, 35, 38, 32, 16, 23, 2, 19, 17, 33, 14, 40, 24, 37, 31, 36, 7], [0, 0, 0, 0, 1, 1, 1, 1, 0, 0, 0, 0, 1, 1, 1, 0, 1, 0, 0, 0, 0, 0, 0, 0, 0, 0, 0, 0, 1, 1, 0, 1, 1, 1, 1, 1, 1, 1, 1, 1, 1, 1])
Fitness:  77.27999999999996
Gens:  [0, 1, 2, 3, 4, 5, 6, 7, 8, 9, 10, 11, 12, 13, 14, 15, 16, 17, 18, 19, 20, 21, 22, 23, 24, 25, 26, 27, 28, 29, 30, 31, 32, 33, 34, 35, 36, 37, 38, 39, 40, 41, 42, 43, 44, 45, 46, 47, 48, 49, 50, 51, 52, 53, 54, 55, 56, 57, 58, 59, 60, 61, 62, 63, 64, 65, 66, 67, 68, 69, 70, 71, 72, 73, 74, 75, 76, 77, 78, 79, 80, 81, 82, 83, 84, 85, 86, 87, 88, 89, 90, 91, 92, 93]
Inds:  [82.75500000000001, 82.68000000000002, 82.305, 82.305, 82.12750000000001, 82.08000000000001, 82.00500000000001, 81.93, 81.2275, 81.2275, 81.2275, 81.2275, 81.18000000000002, 81.105, 81.105, 80.8525, 80.6275, 80.27999999999999, 80.27999999999999, 80.27999999999999, 79.98, 79.83, 79.82999999999998, 79.82999999999998, 79.82999999999998, 79.82999999999998, 79.60499999999999, 79.60499999999999, 79.5025, 79.5025, 79.38, 79.38, 79.30499999999998, 79.30499999999998, 79.22999999999999, 79.22999999999999, 79.22999999999999, 79.22999999999999, 79.15499999999997, 79.07999999999998, 79.07999999999997, 79.07999999999997, 78.97749999999998, 78.97749999999998, 78.70499999999997, 78.70499999999997, 78.70499999999997, 78.70499999999997, 78.70499999999997, 78.45249999999999, 78.45249999999999, 78.45249999999999, 78.45249999999999, 78.45249999999999, 78.45249999999999, 78.10499999999998, 78.10499999999998, 78.10499999999996, 78.10499999999996, 78.10499999999996, 78.10499999999996, 78.10499999999996, 78.00249999999997, 78.00249999999997, 78.00249999999997, 77.95499999999997, 77.80499999999996, 77.80499999999996, 77.80499999999996, 77.80499999999996, 77.80499999999996, 77.80499999999996, 77.80499999999995, 77.80499999999995, 77.72999999999998, 77.72999999999995, 77.65499999999996, 77.65499999999996, 77.65499999999996, 77.57999999999996, 77.57999999999996, 77.57999999999994, 77.57999999999994, 77.42999999999995, 77.42999999999995, 77.42999999999995, 77.42999999999995, 77.42999999999995, 77.42999999999995, 77.42999999999995, 77.42999999999995, 77.42999999999995, 77.35499999999996, 77.27999999999996]

Execution 4:
Parameters: Y=0.998
Start Time (hh:mm:ss.ms) 2023-07-17 21:57:41.001642
generations	MaxGenenerations	Populationk1	Populationk	PopulationElite	PopulationMutant	fitnessElite	alpha	min    	max    	avg    	std     
0          	0               	0           	0          	0              	0               	0           	0    	83.4025	87.7525	85.5607	0.775681
1          	99.4206         	998         	1000       	100            	200             	84.7075     	0.3  	82.3525	87.48  	85.0258	0.783151
3          	98.1301         	994         	996        	103            	196             	83.892      	0.295	82.005 	87.33  	84.6004	0.935131
4          	97.672          	992         	994        	104            	194             	83.5698     	0.293	81.93  	87.6025	84.556 	1.0005  
6          	97.5973         	988         	990        	107            	191             	83.5164     	0.289	81.63  	87.2275	84.3622	1.07048 
8          	97.3169         	984         	986        	110            	187             	83.3922     	0.285	81.6025	87.8275	84.1412	1.14649 
10         	97.1819         	980         	982        	112            	183             	83.1992     	0.281	81.4525	87.6025	84.0202	1.21705 
12         	96.9941         	976         	978        	115            	179             	83.054      	0.277	81.405 	87.7525	83.82  	1.24003 
15         	96.9521         	970         	972        	119            	173             	83.0039     	0.271	81.105 	87.7525	83.5436	1.35295 
17         	96.6528         	966         	968        	121            	170             	82.8391     	0.266	80.955 	87.5275	83.4091	1.40717 
19         	96.4451         	962         	964        	124            	166             	82.6617     	0.262	80.88  	87.7525	83.1976	1.46181 
20         	96.4136         	960         	962        	125            	164             	82.6709     	0.260	80.805 	87.0775	83.0663	1.45058 
22         	96.2861         	956         	958        	127            	160             	82.5356     	0.256	80.58  	87.705 	82.9603	1.5205  
24         	96.0704         	952         	954        	130            	157             	82.4072     	0.252	80.58  	87.105 	82.7405	1.57319 
25         	95.9316         	950         	952        	131            	155             	82.211      	0.249	80.13  	87.555 	82.7012	1.64133 
31         	95.5143         	938         	940        	138            	144             	81.9314     	0.237	80.0275	87.8275	82.3266	1.71334 
33         	95.2972         	934         	936        	141            	140             	81.704      	0.232	79.98  	88.0525	82.1185	1.76503 
34         	95.398          	932         	934        	142            	139             	81.8433     	0.230	79.905 	87.93  	82.2649	1.82538 
35         	95.2852         	930         	932        	143            	137             	81.7398     	0.228	79.755 	87.405 	82.1451	1.79946 
37         	94.9779         	926         	928        	146            	133             	81.4364     	0.224	79.605 	87.3775	81.966 	1.80303 
40         	94.8368         	920         	922        	149            	128             	81.3138     	0.217	79.5775	87.3775	81.8281	1.89637 
42         	94.7471         	916         	918        	152            	124             	81.1944     	0.213	79.23  	87.33  	81.7786	1.90513 
46         	94.3475         	908         	910        	156            	117             	80.8664     	0.204	79.23  	87.6025	81.4947	1.93929 
47         	94.4184         	906         	908        	157            	115             	80.9259     	0.202	79.155 	88.005 	81.5004	1.9726  
48         	94.405          	904         	906        	158            	114             	80.9288     	0.200	79.08  	87.4525	81.4475	2.02134 
49         	94.2113         	902         	904        	160            	112             	80.7386     	0.198	78.93  	87.3775	81.3719	1.99955 
52         	93.9954         	896         	898        	163            	107             	80.5241     	0.191	78.855 	87.405 	81.1975	2.01451 
56         	93.9099         	888         	890        	167            	100             	80.3947     	0.182	78.705 	87.255 	80.9572	2.0563  
57         	93.7275         	886         	888        	169            	98              	80.2483     	0.180	78.63  	87.6775	80.8984	2.06384 
60         	93.7315         	880         	882        	172            	93              	80.2183     	0.174	78.63  	87.8275	80.7944	2.02065 
61         	93.7455         	878         	880        	173            	92              	80.2119     	0.171	78.48  	87.2275	80.7442	2.02558 
66         	93.5297         	868         	870        	178            	84              	79.9532     	0.161	78.48  	87.33  	80.6629	2.07868 
68         	93.4315         	864         	866        	180            	80              	79.8305     	0.156	78.33  	87.1525	80.4948	2.07116 
69         	93.2618         	862         	864        	181            	79              	79.6902     	0.154	78.255 	87.18  	80.4701	2.07017 
75         	93.2005         	850         	852        	187            	69              	79.5325     	0.141	78.18  	87.6025	80.1256	2.02988 
77         	93.2142         	846         	848        	189            	66              	79.5048     	0.136	78.105 	87.3775	80.1711	2.05855 
84         	92.966          	832         	834        	195            	55              	79.1855     	0.121	77.955 	87.18  	79.7359	1.96936 
88         	92.8343         	824         	826        	199            	49              	79.0019     	0.112	77.805 	87.03  	79.5527	1.98995 
End Time (hh:mm:ss.ms) 2023-07-17 21:57:55.272643
Total Time (hh:mm:ss.ms) 0:00:14.271001
Individual: ([12, 15, 10, 18, 24, 40, 14, 33, 2, 31, 19, 17, 32, 16, 36, 38, 27, 5, 34, 6, 8, 30, 13, 29, 4, 1, 41, 28, 25, 26, 3, 39, 0, 9, 35, 37, 23, 22, 21, 11, 20, 7], [0, 0, 1, 1, 1, 0, 0, 0, 0, 1, 1, 1, 1, 1, 1, 1, 1, 1, 0, 1, 1, 0, 1, 1, 1, 1, 1, 1, 1, 1, 0, 0, 0, 0, 1, 1, 0, 0, 0, 0, 1, 1])
Fitness:  77.80499999999996
Gens:  [0, 1, 2, 3, 4, 5, 6, 7, 8, 9, 10, 11, 12, 13, 14, 15, 16, 17, 18, 19, 20, 21, 22, 23, 24, 25, 26, 27, 28, 29, 30, 31, 32, 33, 34, 35, 36, 37, 38, 39, 40, 41, 42, 43, 44, 45, 46, 47, 48, 49, 50, 51, 52, 53, 54, 55, 56, 57, 58, 59, 60, 61, 62, 63, 64, 65, 66, 67, 68, 69, 70, 71, 72, 73, 74, 75, 76, 77, 78, 79, 80, 81, 82, 83, 84, 85, 86, 87, 88, 89, 90, 91, 92, 93]
Inds:  [83.4025, 82.3525, 82.3525, 82.00500000000001, 81.93, 81.93, 81.63, 81.63, 81.60249999999999, 81.60249999999999, 81.45250000000001, 81.45250000000001, 81.405, 81.405, 81.405, 81.105, 81.105, 80.955, 80.955, 80.88000000000001, 80.80499999999999, 80.80499999999999, 80.58000000000001, 80.58000000000001, 80.58, 80.12999999999998, 80.12999999999998, 80.12999999999998, 80.12999999999998, 80.12999999999998, 80.12999999999998, 80.0275, 80.0275, 79.97999999999999, 79.905, 79.75499999999998, 79.75499999999998, 79.60499999999998, 79.60499999999998, 79.60499999999998, 79.57749999999997, 79.57749999999997, 79.22999999999999, 79.22999999999999, 79.22999999999999, 79.22999999999999, 79.22999999999998, 79.15499999999997, 79.07999999999998, 78.92999999999996, 78.92999999999996, 78.92999999999996, 78.85499999999996, 78.85499999999996, 78.85499999999996, 78.85499999999996, 78.70499999999998, 78.62999999999998, 78.62999999999998, 78.62999999999998, 78.62999999999997, 78.47999999999998, 78.47999999999998, 78.47999999999998, 78.47999999999998, 78.47999999999998, 78.47999999999996, 78.47999999999996, 78.32999999999996, 78.25499999999997, 78.25499999999997, 78.25499999999997, 78.25499999999997, 78.25499999999997, 78.25499999999997, 78.17999999999996, 78.17999999999996, 78.10499999999996, 78.10499999999996, 78.10499999999996, 78.10499999999996, 78.10499999999996, 78.10499999999996, 78.10499999999996, 77.95499999999997, 77.95499999999997, 77.95499999999997, 77.95499999999997, 77.80499999999996, 77.80499999999996, 77.80499999999996, 77.80499999999996, 77.80499999999996, 77.80499999999996]

Execution 5:
Parameters: Y=0.998
Start Time (hh:mm:ss.ms) 2023-07-17 21:57:56.133642
generations	MaxGenenerations	Populationk1	Populationk	PopulationElite	PopulationMutant	fitnessElite	alpha	min  	max   	avg    	std     
0          	0               	0           	0          	0              	0               	0           	0    	82.98	87.855	85.5631	0.774239
1          	98.9372         	998         	1000       	100            	200             	84.4425     	0.3  	82.8025	87.3025	84.9606	0.818164
3          	98.6663         	994         	996        	103            	196             	84.209      	0.295	82.3525	87.7525	84.6225	0.961082
4          	98.1689         	992         	994        	104            	194             	83.9395     	0.293	81.7525	88.0525	84.4941	1.02469 
10         	97.3513         	980         	982        	112            	183             	83.2938     	0.281	81.4525	87.4525	84.133 	1.16532 
16         	97.0285         	968         	970        	120            	172             	83.0542     	0.269	81.3775	87.725 	83.6685	1.26686 
19         	96.9829         	962         	964        	123            	166             	83.0212     	0.262	81.2275	87.3775	83.5332	1.33025 
20         	96.7552         	960         	962        	125            	164             	82.831      	0.260	81.1525	87.95  	83.4045	1.34158 
21         	96.7767         	958         	960        	126            	162             	82.9108     	0.258	81.105 	87.6025	83.3546	1.39424 
23         	96.6475         	954         	956        	128            	159             	82.7514     	0.254	80.8525	87.725 	83.237 	1.38226 
27         	96.294          	946         	948        	133            	151             	82.4392     	0.245	80.6275	87.93  	82.9756	1.45119 
28         	96.1468         	944         	946        	135            	150             	82.4081     	0.243	80.6275	87.5275	82.9641	1.46286 
29         	96.0693         	942         	944        	136            	148             	82.2953     	0.241	80.4025	87.6025	82.8631	1.49213 
34         	95.7059         	932         	934        	142            	139             	81.9337     	0.231	80.205 	87.275 	82.545 	1.55278 
37         	95.6142         	926         	928        	145            	133             	81.9071     	0.224	79.98  	87.1525	82.3308	1.60709 
38         	95.2263         	924         	926        	147            	131             	81.5744     	0.222	79.98  	87.2275	82.2043	1.67181 
40         	95.2978         	920         	922        	149            	128             	81.6265     	0.218	79.83  	87.3775	82.2088	1.70805 
43         	95.11           	914         	916        	152            	123             	81.4494     	0.211	79.605 	87.8275	82.0712	1.75628 
47         	94.8368         	906         	908        	157            	116             	81.198      	0.202	79.53  	87.5275	81.7723	1.78638 
48         	94.7616         	904         	906        	158            	114             	81.1359     	0.200	79.455 	87.855 	81.7136	1.81567 
55         	94.6102         	890         	892        	166            	102             	80.8944     	0.185	79.38  	87.03  	81.4227	1.8059  
56         	94.4887         	888         	890        	167            	101             	80.7844     	0.183	79.305 	87.3775	81.3809	1.88089 
58         	94.3995         	884         	886        	169            	97              	80.6896     	0.179	79.23  	87.7525	81.3132	1.85833 
61         	94.3423         	878         	880        	172            	92              	80.6072     	0.172	79.2025	86.88  	81.2249	1.90923 
62         	94.2492         	876         	878        	173            	91              	80.5119     	0.170	79.155 	87.7525	81.095 	1.80547 
63         	94.3573         	874         	876        	174            	89              	80.6044     	0.168	79.08  	87.78  	81.1235	1.87467 
64         	94.2731         	872         	874        	175            	87              	80.5272     	0.166	78.855 	87.1525	81.0117	1.8477  
66         	93.9061         	868         	870        	177            	84              	80.2121     	0.161	78.855 	87.425 	80.882 	1.91558 
67         	93.9381         	866         	868        	178            	82              	80.2218     	0.159	78.63  	87.405 	80.8584	1.90395 
74         	93.6804         	852         	854        	185            	71              	79.9057     	0.144	78.555 	87.48  	80.4707	1.87805 
76         	93.5297         	848         	850        	187            	68              	79.7554     	0.139	78.48  	87.1525	80.4248	1.92231 
79         	93.6            	842         	844        	190            	64              	79.75       	0.133	78.405 	87.95  	80.3057	1.95364 
81         	93.3142         	838         	840        	192            	60              	79.504      	0.128	78.255 	87.03  	80.1087	1.84828 
83         	93.1776         	834         	836        	194            	57              	79.3616     	0.123	78.105 	86.88  	79.9787	1.9046  
87         	93.0218         	826         	828        	198            	51              	79.1636     	0.115	78.03  	86.655 	79.8062	1.88377 
90         	92.9185         	820         	822        	200            	47              	79.0273     	0.108	78.03  	87.3025	79.6558	1.85734 
93         	92.9236         	814         	816        	203            	42              	78.9708     	0.101	77.955 	87.0025	79.4836	1.83034 
End Time (hh:mm:ss.ms) 2023-07-17 21:58:10.846643
Total Time (hh:mm:ss.ms) 0:00:14.713001
Individual: ([0, 34, 20, 21, 9, 27, 5, 29, 10, 26, 6, 15, 13, 25, 30, 3, 39, 7, 36, 31, 35, 38, 22, 33, 17, 40, 32, 14, 16, 37, 23, 24, 19, 2, 11, 18, 4, 12, 8, 28, 41, 1], [0, 0, 0, 1, 1, 1, 1, 1, 0, 1, 1, 0, 0, 0, 1, 0, 0, 0, 0, 0, 0, 0, 0, 0, 0, 0, 1, 0, 1, 1, 0, 0, 1, 0, 0, 0, 1, 1, 1, 0, 0, 0])
Fitness:  77.95499999999996
Gens:  [0, 1, 2, 3, 4, 5, 6, 7, 8, 9, 10, 11, 12, 13, 14, 15, 16, 17, 18, 19, 20, 21, 22, 23, 24, 25, 26, 27, 28, 29, 30, 31, 32, 33, 34, 35, 36, 37, 38, 39, 40, 41, 42, 43, 44, 45, 46, 47, 48, 49, 50, 51, 52, 53, 54, 55, 56, 57, 58, 59, 60, 61, 62, 63, 64, 65, 66, 67, 68, 69, 70, 71, 72, 73, 74, 75, 76, 77, 78, 79, 80, 81, 82, 83, 84, 85, 86, 87, 88, 89, 90, 91, 92, 93]
Inds:  [82.98000000000002, 82.80250000000002, 82.80250000000002, 82.35249999999999, 81.75250000000001, 81.75250000000001, 81.75250000000001, 81.75250000000001, 81.75250000000001, 81.75250000000001, 81.4525, 81.4525, 81.4525, 81.4525, 81.4525, 81.4525, 81.3775, 81.3775, 81.3775, 81.22750000000002, 81.1525, 81.105, 81.105, 80.85249999999999, 80.85249999999999, 80.85249999999999, 80.85249999999999, 80.62750000000001, 80.6275, 80.4025, 80.4025, 80.4025, 80.4025, 80.4025, 80.20500000000001, 80.20500000000001, 80.20500000000001, 79.98000000000002, 79.98, 79.98, 79.83, 79.83, 79.83, 79.60499999999999, 79.60499999999999, 79.60499999999999, 79.60499999999999, 79.53, 79.45499999999998, 79.45499999999998, 79.45499999999998, 79.45499999999998, 79.45499999999998, 79.45499999999998, 79.45499999999998, 79.37999999999997, 79.30499999999996, 79.30499999999996, 79.22999999999999, 79.22999999999999, 79.22999999999999, 79.20249999999997, 79.15499999999999, 79.08, 78.85499999999999, 78.85499999999999, 78.85499999999998, 78.62999999999997, 78.62999999999997, 78.62999999999997, 78.62999999999997, 78.62999999999997, 78.62999999999997, 78.62999999999997, 78.55499999999999, 78.55499999999999, 78.47999999999998, 78.47999999999998, 78.47999999999998, 78.40499999999999, 78.40499999999999, 78.25499999999997, 78.25499999999997, 78.10499999999998, 78.10499999999998, 78.10499999999998, 78.10499999999998, 78.02999999999997, 78.02999999999997, 78.02999999999997, 78.02999999999996, 78.02999999999996, 78.02999999999996, 77.95499999999996]

Execution 6:
Parameters: Y=0.998
Start Time (hh:mm:ss.ms) 2023-07-17 21:58:11.718648
generations	MaxGenenerations	Populationk1	Populationk	PopulationElite	PopulationMutant	fitnessElite	alpha	min  	max    	avg    	std    
0          	0               	0           	0          	0              	0               	0           	0    	82.83	87.9775	85.5615	0.82418
2          	98.6492         	996         	998        	102            	198             	84.1627     	0.297	82.755	88.155 	84.7183	0.910629
3          	98.7282         	994         	996        	103            	196             	84.3531     	0.295	82.1275	87.855 	84.5703	0.951611
5          	97.862          	990         	992        	106            	192             	83.7114     	0.291	81.0025	87.425 	84.3337	1.04201 
11         	96.5161         	978         	980        	113            	181             	82.8248     	0.279	80.9275	87.575 	83.8234	1.22972 
19         	96.5915         	962         	964        	124            	166             	82.8855     	0.262	80.8525	87.8275	83.2702	1.40898 
21         	96.3427         	958         	960        	126            	162             	82.585      	0.258	80.805 	87.3025	83.1226	1.45307 
22         	96.2375         	956         	958        	127            	160             	82.4707     	0.256	80.805 	87.63  	83.0298	1.51682 
23         	96.3006         	954         	956        	129            	159             	82.5407     	0.254	80.7025	87.3025	83.0186	1.51854 
24         	96.1154         	952         	954        	130            	157             	82.3666     	0.252	80.58  	87.8275	82.8441	1.5463  
25         	96.0704         	950         	952        	131            	155             	82.3921     	0.250	80.4775	87.3025	82.8512	1.57496 
29         	95.9717         	942         	944        	136            	148             	82.2832     	0.241	80.2525	87.33  	82.549 	1.62206 
30         	95.5847         	940         	942        	137            	146             	81.9463     	0.239	80.15  	87.4525	82.4705	1.66222 
33         	95.4717         	934         	936        	141            	140             	81.8338     	0.232	80.1025	87.2275	82.3894	1.65907 
34         	95.3865         	932         	934        	142            	139             	81.747      	0.230	79.8775	87.6025	82.2785	1.72219 
39         	95.0952         	922         	924        	148            	130             	81.4681     	0.220	79.775 	87.705 	82.0781	1.78711 
43         	94.9874         	914         	916        	153            	123             	81.3417     	0.211	79.7275	87.18  	81.8223	1.8674  
45         	94.9632         	910         	912        	155            	119             	81.3079     	0.207	79.3525	88.8025	81.8339	1.90505 
53         	94.5501         	894         	896        	164            	106             	80.9058     	0.190	79.25  	87.105 	81.4622	1.88213 
54         	94.3482         	892         	894        	165            	104             	80.724      	0.187	79.08  	87.8275	81.3497	1.90303 
57         	94.1406         	886         	888        	168            	99              	80.5278     	0.181	79.005 	87.78  	81.2543	1.97674 
63         	94.1078         	874         	876        	174            	89              	80.4136     	0.168	78.9025	87.6775	81.0113	1.99903 
67         	93.9063         	866         	868        	178            	82              	80.1863     	0.159	78.7525	87.5275	80.813 	1.98555 
73         	93.9109         	854         	856        	184            	73              	80.0985     	0.146	78.7525	87.2275	80.6884	2.01679 
75         	93.7648         	850         	852        	186            	70              	79.9466     	0.142	78.725 	87.255 	80.557 	1.99286 
77         	93.7743         	846         	848        	188            	67              	79.9183     	0.137	78.6025	86.955 	80.4882	1.95724 
80         	93.5352         	840         	842        	191            	62              	79.6875     	0.131	78.555 	87.0025	80.2862	1.97902 
82         	93.614          	836         	838        	193            	59              	79.7036     	0.126	78.5275	87.0025	80.3126	2.03889 
85         	93.4969         	830         	832        	195            	55              	79.5652     	0.120	78.4525	87.48  	79.9717	1.89557 
88         	93.5391         	824         	826        	198            	50              	79.5242     	0.113	78.3775	87.4525	79.9783	1.91134 
94         	93.3463         	812         	814        	203            	42              	79.2766     	0.100	78.3025	86.9   	79.6938	1.89943 
End Time (hh:mm:ss.ms) 2023-07-17 21:58:26.671642
Total Time (hh:mm:ss.ms) 0:00:14.952994
Individual: ([35, 31, 37, 32, 24, 19, 17, 33, 2, 27, 39, 6, 30, 25, 5, 36, 16, 14, 40, 23, 38, 21, 22, 20, 18, 15, 12, 3, 1, 26, 10, 11, 9, 34, 0, 4, 8, 41, 28, 13, 29, 7], [0, 0, 0, 0, 0, 1, 1, 0, 0, 1, 1, 1, 0, 0, 0, 0, 0, 0, 1, 1, 1, 0, 0, 0, 0, 1, 1, 1, 0, 0, 1, 1, 1, 1, 1, 1, 1, 1, 1, 1, 0, 1])
Fitness:  78.30249999999998
Gens:  [0, 1, 2, 3, 4, 5, 6, 7, 8, 9, 10, 11, 12, 13, 14, 15, 16, 17, 18, 19, 20, 21, 22, 23, 24, 25, 26, 27, 28, 29, 30, 31, 32, 33, 34, 35, 36, 37, 38, 39, 40, 41, 42, 43, 44, 45, 46, 47, 48, 49, 50, 51, 52, 53, 54, 55, 56, 57, 58, 59, 60, 61, 62, 63, 64, 65, 66, 67, 68, 69, 70, 71, 72, 73, 74, 75, 76, 77, 78, 79, 80, 81, 82, 83, 84, 85, 86, 87, 88, 89, 90, 91, 92, 93, 94]
Inds:  [82.82999999999998, 82.82999999999998, 82.755, 82.1275, 82.1275, 81.00250000000001, 81.00250000000001, 81.00250000000001, 81.00250000000001, 81.00250000000001, 81.00250000000001, 80.92750000000001, 80.92750000000001, 80.92750000000001, 80.92750000000001, 80.92750000000001, 80.92750000000001, 80.92750000000001, 80.92750000000001, 80.85250000000002, 80.85250000000002, 80.80500000000002, 80.80499999999999, 80.7025, 80.58000000000001, 80.47750000000002, 80.47750000000002, 80.47750000000002, 80.47750000000002, 80.2525, 80.15, 80.15, 80.15, 80.10249999999998, 79.8775, 79.8775, 79.8775, 79.8775, 79.8775, 79.775, 79.775, 79.775, 79.775, 79.72749999999999, 79.72749999999999, 79.35249999999998, 79.35249999999998, 79.35249999999998, 79.35249999999998, 79.35249999999998, 79.35249999999998, 79.35249999999998, 79.35249999999998, 79.24999999999999, 79.07999999999998, 79.07999999999998, 79.07999999999998, 79.00499999999998, 79.00499999999998, 79.00499999999998, 79.00499999999998, 79.00499999999998, 79.00499999999998, 78.90249999999997, 78.90249999999997, 78.90249999999997, 78.90249999999997, 78.75249999999998, 78.75249999999998, 78.75249999999998, 78.75249999999998, 78.75249999999998, 78.75249999999998, 78.75249999999997, 78.75249999999997, 78.72499999999997, 78.72499999999997, 78.60249999999998, 78.60249999999998, 78.60249999999998, 78.55499999999998, 78.55499999999998, 78.52749999999997, 78.52749999999997, 78.52749999999997, 78.45249999999997, 78.45249999999997, 78.45249999999997, 78.37749999999997, 78.37749999999997, 78.37749999999997, 78.37749999999997, 78.37749999999997, 78.37749999999997, 78.30249999999998]

Execution 7:
Parameters: Y=0.998
Start Time (hh:mm:ss.ms) 2023-07-17 21:58:27.609642
generations	MaxGenenerations	Populationk1	Populationk	PopulationElite	PopulationMutant	fitnessElite	alpha	min   	max   	avg    	std     
0          	0               	0           	0          	0              	0               	0           	0    	83.355	88.025	85.5862	0.787632
1          	99.4182         	998         	1000       	100            	200             	84.756      	0.3  	82.53 	87.6775	85.0333	0.827055
2          	98.3657         	996         	998        	102            	198             	84.0638     	0.297	82.38 	87.405 	84.8113	0.884607
3          	98.1334         	994         	996        	103            	196             	83.867      	0.295	82.155	87.48  	84.6149	0.960872
6          	97.9389         	988         	990        	107            	191             	83.7851     	0.289	82.005	87.78  	84.3459	1.09995 
7          	97.7601         	986         	988        	108            	189             	83.6666     	0.287	81.33 	87.8   	84.2739	1.10616 
10         	96.8972         	980         	982        	112            	183             	83.0608     	0.281	81.3025	87.9025	84.0673	1.19278 
12         	96.8881         	976         	978        	115            	179             	83.0494     	0.277	81.255 	87.95  	83.8282	1.26159 
17         	96.8514         	966         	968        	121            	170             	82.9769     	0.266	81.105 	87.705 	83.5117	1.35671 
18         	96.6726         	964         	966        	122            	168             	82.8529     	0.264	80.805 	87.3025	83.3869	1.37243 
20         	96.2755         	960         	962        	125            	164             	82.5492     	0.260	80.73  	88.005 	83.1439	1.41226 
21         	96.2835         	958         	960        	126            	162             	82.6103     	0.258	80.58  	87.33  	83.0731	1.45878 
23         	96.0416         	954         	956        	129            	159             	82.3841     	0.254	80.28  	87.6775	82.8558	1.53383 
24         	95.684          	952         	954        	130            	157             	82.1436     	0.251	80.205 	88.7   	82.7349	1.64524 
29         	95.532          	942         	944        	136            	147             	81.9297     	0.241	79.98  	87.48  	82.3212	1.7503  
31         	95.4267         	938         	940        	139            	144             	81.9298     	0.237	79.905 	87.7525	82.2992	1.80225 
33         	95.2423         	934         	936        	141            	140             	81.7209     	0.232	79.905 	87.7525	82.1556	1.82053 
34         	95.2513         	932         	934        	142            	138             	81.7155     	0.230	79.8025	88.2775	82.0775	1.83431 
35         	95.2292         	930         	932        	143            	137             	81.7398     	0.228	79.755 	87.7525	82.0207	1.84859 
36         	95.0725         	928         	930        	145            	135             	81.5654     	0.226	79.68  	86.88  	81.9875	1.84703 
37         	94.8174         	926         	928        	146            	133             	81.2933     	0.224	79.68  	87.78  	81.8911	1.85819 
38         	94.9884         	924         	926        	147            	131             	81.479      	0.222	79.53  	87.33  	81.9443	1.8864  
40         	94.6763         	920         	922        	149            	128             	81.1724     	0.217	79.53  	87.4525	81.7411	1.86549 
42         	94.7332         	916         	918        	152            	124             	81.205      	0.213	79.305 	87.8275	81.6754	1.90132 
49         	94.4368         	902         	904        	159            	112             	80.8764     	0.198	79.23  	87.425 	81.3916	1.96351 
51         	94.3952         	898         	900        	162            	109             	80.831      	0.194	79.005 	87.3775	81.3774	1.97567 
55         	94.0744         	890         	892        	166            	102             	80.5227     	0.185	78.93  	87.555 	81.1472	1.9735  
60         	94.0095         	880         	882        	171            	94              	80.3956     	0.174	78.78  	87.5275	80.9997	2.0291  
66         	93.845          	868         	870        	177            	84              	80.1727     	0.161	78.78  	87.05  	80.7811	1.99937 
68         	93.8628         	864         	866        	179            	81              	80.1511     	0.157	78.63  	87.63  	80.7452	2.03948 
74         	93.6804         	852         	854        	185            	71              	79.9057     	0.144	78.555 	87.105 	80.4914	2.01579 
76         	93.5488         	848         	850        	187            	68              	79.77       	0.139	78.48  	87.63  	80.3576	2.01406 
78         	93.4263         	844         	846        	189            	65              	79.6421     	0.135	78.255 	87.0025	80.3509	2.05008 
84         	93.1445         	832         	834        	195            	56              	79.3203     	0.121	78.105 	87.0775	79.8855	1.92357 
87         	93.0358         	826         	828        	198            	51              	79.1725     	0.115	78.03  	86.75  	79.6974	1.92394 
89         	92.8678         	822         	824        	200            	48              	79.0161     	0.110	78.03  	87.4525	79.5969	1.93533 
90         	92.9604         	820         	822        	200            	47              	79.0525     	0.108	77.88  	87.2275	79.685 	1.98357 
End Time (hh:mm:ss.ms) 2023-07-17 21:58:42.080643
Total Time (hh:mm:ss.ms) 0:00:14.471001
Individual: ([39, 0, 5, 20, 22, 23, 38, 11, 21, 13, 6, 30, 12, 8, 28, 25, 41, 1, 3, 26, 4, 29, 9, 31, 2, 24, 33, 14, 40, 17, 19, 37, 32, 16, 36, 35, 7, 34, 27, 18, 10, 15], [0, 0, 0, 1, 1, 1, 1, 1, 1, 0, 0, 0, 1, 1, 1, 1, 0, 0, 0, 1, 0, 0, 0, 0, 1, 1, 1, 1, 0, 0, 0, 0, 1, 1, 0, 1, 1, 0, 1, 0, 0, 1])
Fitness:  77.87999999999995
Gens:  [0, 1, 2, 3, 4, 5, 6, 7, 8, 9, 10, 11, 12, 13, 14, 15, 16, 17, 18, 19, 20, 21, 22, 23, 24, 25, 26, 27, 28, 29, 30, 31, 32, 33, 34, 35, 36, 37, 38, 39, 40, 41, 42, 43, 44, 45, 46, 47, 48, 49, 50, 51, 52, 53, 54, 55, 56, 57, 58, 59, 60, 61, 62, 63, 64, 65, 66, 67, 68, 69, 70, 71, 72, 73, 74, 75, 76, 77, 78, 79, 80, 81, 82, 83, 84, 85, 86, 87, 88, 89, 90, 91, 92, 93]
Inds:  [83.35500000000002, 82.53, 82.38000000000002, 82.15499999999999, 82.15499999999999, 82.15499999999999, 82.00500000000002, 81.32999999999998, 81.32999999999998, 81.32999999999998, 81.30250000000001, 81.30250000000001, 81.255, 81.255, 81.255, 81.255, 81.255, 81.10499999999999, 80.805, 80.805, 80.72999999999998, 80.58, 80.58, 80.28, 80.205, 80.205, 80.205, 80.205, 80.205, 79.98, 79.98, 79.90500000000002, 79.90500000000002, 79.90499999999999, 79.80250000000001, 79.75499999999998, 79.67999999999999, 79.67999999999998, 79.53, 79.53, 79.52999999999999, 79.52999999999999, 79.30499999999999, 79.30499999999999, 79.30499999999999, 79.30499999999999, 79.30499999999999, 79.30499999999999, 79.30499999999999, 79.22999999999998, 79.22999999999998, 79.005, 79.005, 79.005, 79.005, 78.92999999999996, 78.92999999999996, 78.92999999999996, 78.92999999999996, 78.92999999999996, 78.77999999999999, 78.77999999999999, 78.77999999999999, 78.77999999999999, 78.77999999999999, 78.77999999999999, 78.77999999999997, 78.77999999999997, 78.63, 78.63, 78.63, 78.63, 78.63, 78.63, 78.55499999999998, 78.55499999999998, 78.47999999999999, 78.47999999999999, 78.25499999999997, 78.25499999999997, 78.25499999999997, 78.25499999999997, 78.25499999999997, 78.25499999999997, 78.10499999999996, 78.10499999999996, 78.10499999999996, 78.02999999999997, 78.02999999999997, 78.02999999999996, 77.87999999999995, 77.87999999999995, 77.87999999999995, 77.87999999999995]

Execution 8:
Parameters: Y=0.998
Start Time (hh:mm:ss.ms) 2023-07-17 21:58:43.013642
generations	MaxGenenerations	Populationk1	Populationk	PopulationElite	PopulationMutant	fitnessElite	alpha	min  	max   	avg    	std     
0          	0               	0           	0          	0              	0               	0           	0    	83.13	88.155	85.5046	0.780486
1          	99.1756         	998         	1000       	100            	200             	84.6375     	0.3  	82.755	87.9775	84.9495	0.78525 
2          	98.6932         	996         	998        	102            	198             	84.3112     	0.297	82.1275	87.5275	84.7903	0.879763
4          	97.9301         	992         	994        	104            	194             	83.8246     	0.293	82.1275	87.48  	84.4809	0.997756
5          	97.8473         	990         	992        	106            	192             	83.6895     	0.291	81.6775	88.005 	84.4187	1.00924 
8          	97.335          	984         	986        	110            	187             	83.3698     	0.285	81.255 	87.575 	84.1888	1.10974 
11         	96.817          	978         	980        	113            	181             	83.0072     	0.279	80.805 	87.4525	84.0175	1.18446 
17         	96.3242         	966         	968        	121            	170             	82.6584     	0.266	80.655 	87.63  	83.3766	1.3885  
21         	96.0641         	958         	960        	126            	162             	82.3796     	0.258	80.505 	87.7525	82.811 	1.57433 
22         	95.9666         	956         	958        	127            	160             	82.3621     	0.256	80.43  	87.105 	82.6876	1.61959 
25         	95.9204         	950         	952        	131            	155             	82.3166     	0.249	80.205 	88.005 	82.6254	1.69043 
26         	95.6573         	948         	950        	132            	153             	82.1373     	0.247	80.13  	87.48  	82.4981	1.68634 
27         	95.4675         	946         	948        	134            	151             	81.9347     	0.245	79.98  	87.125 	82.4602	1.69587 
28         	95.2211         	944         	946        	135            	149             	81.7183     	0.243	79.68  	87.18  	82.3645	1.73182 
41         	94.9741         	918         	920        	150            	126             	81.4115     	0.215	79.605 	87.855 	81.7986	1.8612  
42         	94.9132         	916         	918        	151            	124             	81.3672     	0.213	79.38  	87.555 	81.8417	1.86964 
47         	94.5261         	906         	908        	157            	116             	80.9705     	0.202	79.23  	87.3775	81.4766	1.86899 
52         	94.4377         	896         	898        	163            	107             	80.8571     	0.191	79.155 	87.275 	81.3837	1.97415 
53         	94.2671         	894         	896        	164            	105             	80.6952     	0.189	79.005 	87.1525	81.2663	1.9545  
56         	94.0847         	888         	890        	167            	100             	80.5154     	0.183	78.93  	87.2   	81.0921	1.96501 
62         	93.9903         	876         	878        	173            	90              	80.3422     	0.170	78.78  	87.4525	80.9166	1.95664 
68         	93.8628         	864         	866        	179            	81              	80.1511     	0.157	78.705 	87.63  	80.72  	1.99605 
73         	93.6712         	854         	856        	184            	73              	79.9117     	0.146	78.63  	87.03  	80.542 	1.97773 
76         	93.6241         	848         	850        	187            	68              	79.8252     	0.139	78.555 	87.7525	80.4113	2.03052 
77         	93.6421         	846         	848        	188            	67              	79.8213     	0.137	78.48  	87.7525	80.3841	1.9094  
79         	93.4263         	842         	844        	190            	63              	79.6237     	0.133	78.255 	86.655 	80.2333	1.92848 
84         	93.3176         	832         	834        	195            	56              	79.4364     	0.122	78.18  	87.255 	80.0528	1.90844 
92         	92.9993         	816         	818        	202            	44              	79.0689     	0.104	78.03  	87.255 	79.6153	1.87875 
End Time (hh:mm:ss.ms) 2023-07-17 21:58:57.780644
Total Time (hh:mm:ss.ms) 0:00:14.767002
Individual: ([26, 1, 41, 8, 15, 4, 27, 29, 6, 12, 25, 28, 30, 13, 10, 20, 39, 0, 7, 31, 32, 24, 2, 23, 38, 37, 40, 19, 17, 33, 14, 16, 36, 11, 22, 9, 34, 5, 35, 21, 18, 3], [1, 1, 1, 0, 1, 0, 1, 0, 0, 1, 0, 0, 0, 1, 1, 0, 0, 0, 0, 0, 0, 0, 0, 1, 1, 0, 0, 1, 1, 1, 1, 1, 1, 0, 0, 1, 1, 0, 0, 0, 0, 1])
Fitness:  78.02999999999996
Gens:  [0, 1, 2, 3, 4, 5, 6, 7, 8, 9, 10, 11, 12, 13, 14, 15, 16, 17, 18, 19, 20, 21, 22, 23, 24, 25, 26, 27, 28, 29, 30, 31, 32, 33, 34, 35, 36, 37, 38, 39, 40, 41, 42, 43, 44, 45, 46, 47, 48, 49, 50, 51, 52, 53, 54, 55, 56, 57, 58, 59, 60, 61, 62, 63, 64, 65, 66, 67, 68, 69, 70, 71, 72, 73, 74, 75, 76, 77, 78, 79, 80, 81, 82, 83, 84, 85, 86, 87, 88, 89, 90, 91, 92, 93]
Inds:  [83.13000000000001, 82.75499999999998, 82.12750000000003, 82.12750000000003, 82.1275, 81.67749999999998, 81.67749999999998, 81.67749999999998, 81.255, 81.255, 81.255, 80.805, 80.805, 80.805, 80.805, 80.805, 80.805, 80.65500000000002, 80.65500000000002, 80.65500000000002, 80.65500000000002, 80.505, 80.42999999999999, 80.42999999999999, 80.42999999999999, 80.20500000000001, 80.13000000000001, 79.98, 79.67999999999999, 79.67999999999999, 79.67999999999999, 79.67999999999999, 79.67999999999999, 79.67999999999999, 79.67999999999999, 79.67999999999999, 79.67999999999999, 79.67999999999999, 79.67999999999999, 79.67999999999999, 79.67999999999999, 79.605, 79.38000000000001, 79.38000000000001, 79.38000000000001, 79.38000000000001, 79.38000000000001, 79.22999999999999, 79.22999999999999, 79.22999999999999, 79.22999999999999, 79.22999999999999, 79.155, 79.00500000000001, 79.00500000000001, 79.00500000000001, 78.92999999999999, 78.92999999999999, 78.92999999999999, 78.92999999999999, 78.92999999999999, 78.92999999999999, 78.77999999999999, 78.77999999999999, 78.77999999999999, 78.77999999999999, 78.77999999999999, 78.77999999999999, 78.70499999999998, 78.70499999999998, 78.70499999999998, 78.70499999999998, 78.70499999999998, 78.62999999999998, 78.62999999999998, 78.62999999999998, 78.55499999999998, 78.47999999999998, 78.47999999999998, 78.25499999999997, 78.25499999999997, 78.25499999999997, 78.25499999999997, 78.25499999999997, 78.17999999999996, 78.17999999999996, 78.17999999999996, 78.17999999999996, 78.17999999999996, 78.17999999999996, 78.17999999999996, 78.17999999999996, 78.02999999999996, 78.02999999999996]

Execution 9:
Parameters: Y=0.998
Start Time (hh:mm:ss.ms) 2023-07-17 21:58:58.680644
generations	MaxGenenerations	Populationk1	Populationk	PopulationElite	PopulationMutant	fitnessElite	alpha	min   	max   	avg    	std     
0          	0               	0           	0          	0              	0               	0           	0    	83.205	87.875	85.5681	0.777042
1          	99.2095         	998         	1000       	100            	200             	84.606      	0.3  	82.755	87.705	85.0487	0.827095
2          	98.6393         	996         	998        	102            	198             	84.23       	0.297	81.7525	87.5275	84.786 	0.887278
8          	97.5122         	984         	986        	109            	187             	83.552      	0.285	81.405 	87.725 	84.078 	1.13791 
9          	97.0341         	982         	984        	111            	185             	83.1968     	0.283	81.1525	87.7525	84.0457	1.16415 
13         	96.675          	974         	976        	116            	177             	82.8785     	0.275	80.955 	87.93  	83.6468	1.27086 
14         	96.5373         	972         	974        	117            	175             	82.8596     	0.273	80.805 	87.255 	83.5985	1.3616  
16         	96.2664         	968         	970        	120            	171             	82.5921     	0.268	80.505 	87.65  	83.2434	1.44337 
18         	95.9142         	964         	966        	123            	168             	82.3502     	0.264	80.3275	88.005 	83.0266	1.51246 
21         	95.6975         	958         	960        	126            	162             	82.1672     	0.258	80.2525	87.4525	82.7453	1.6327  
25         	95.5364         	950         	952        	131            	155             	81.9571     	0.249	80.205 	87.4525	82.4457	1.70255 
26         	95.5516         	948         	950        	133            	153             	82          	0.247	80.1025	87.6775	82.4258	1.71686 
28         	95.4777         	944         	946        	135            	149             	81.9533     	0.243	79.9525	88.4275	82.3429	1.82025 
29         	95.4369         	942         	944        	136            	147             	81.9977     	0.241	79.8025	87.5275	82.3871	1.78321 
30         	95.0863         	940         	942        	138            	145             	81.6488     	0.239	79.7275	88.005 	82.1934	1.82746 
34         	94.9399         	932         	934        	142            	138             	81.4561     	0.230	79.6525	87.3775	81.9842	1.86006 
35         	94.8791         	930         	932        	143            	137             	81.4163     	0.228	79.5775	87.63  	81.9478	1.82288 
38         	94.8234         	924         	926        	147            	131             	81.3482     	0.221	79.5775	87.9775	81.8836	1.94352 
40         	94.8662         	920         	922        	149            	128             	81.3638     	0.217	79.455 	87.78  	81.8631	1.93671 
42         	94.6955         	916         	918        	152            	124             	81.2039     	0.213	79.4275	87.3025	81.74  	1.89467 
46         	94.5827         	908         	910        	156            	117             	81.0253     	0.204	79.4275	87.0775	81.5825	1.95796 
47         	94.5543         	906         	908        	157            	116             	80.9782     	0.202	79.38  	87.3025	81.5219	1.9269  
48         	94.5403         	904         	906        	158            	114             	80.969      	0.200	79.3525	87.48  	81.5715	1.96152 
49         	94.5411         	902         	904        	159            	112             	80.9655     	0.198	79.155 	88.025 	81.4165	1.9436  
51         	94.3148         	898         	900        	162            	109             	80.779      	0.193	79.1275	87.405 	81.3746	1.96053 
52         	94.2589         	896         	898        	163            	107             	80.715      	0.191	79.08  	87.5275	81.278 	1.99955 
54         	94.1265         	892         	894        	165            	104             	80.5646     	0.187	78.9775	87.255 	81.2442	2.01896 
56         	94.0134         	888         	890        	167            	100             	80.4547     	0.182	78.9025	87.425 	81.1489	2.07778 
62         	93.9716         	876         	878        	173            	90              	80.332      	0.170	78.8275	87.5275	80.9325	2.03748 
65         	93.8541         	870         	872        	176            	86              	80.1896     	0.163	78.6775	87.6025	80.754 	2.01594 
67         	93.7229         	866         	868        	179            	82              	80.0666     	0.159	78.6025	87.4525	80.6698	2.07455 
70         	93.755          	860         	862        	181            	78              	80.0465     	0.152	78.5275	87.3025	80.6249	2.06442 
75         	93.7218         	850         	852        	186            	70              	79.9235     	0.142	78.4525	87.03  	80.3891	2.03993 
82         	93.5391         	836         	838        	193            	59              	79.6448     	0.126	78.4525	86.955 	80.1392	1.96844 
84         	93.3655         	832         	834        	195            	56              	79.4882     	0.122	78.3775	87.18  	79.9992	1.99395 
85         	93.3235         	830         	832        	196            	54              	79.4336     	0.119	78.3775	87.555 	80.0174	1.9594  
87         	93.4216         	826         	828        	197            	52              	79.4584     	0.115	78.3025	87.63  	79.8927	1.94525 
89         	93.2902         	822         	824        	199            	49              	79.3243     	0.111	78.3025	87.7525	79.8401	1.90321 
90         	93.3411         	820         	822        	200            	47              	79.3354     	0.109	78.2275	87.03  	79.7699	1.91578 
92         	93.1868         	816         	818        	202            	44              	79.1883     	0.104	78.0775	87.5275	79.724 	1.95368 
End Time (hh:mm:ss.ms) 2023-07-17 21:59:13.533643
Total Time (hh:mm:ss.ms) 0:00:14.852999
Individual: ([16, 14, 36, 7, 5, 8, 41, 28, 25, 39, 0, 27, 4, 26, 30, 13, 15, 10, 18, 11, 22, 2, 23, 31, 9, 29, 20, 21, 38, 37, 24, 32, 40, 33, 17, 19, 35, 34, 12, 6, 1, 3], [0, 0, 1, 1, 1, 1, 0, 1, 1, 0, 0, 1, 1, 0, 0, 1, 1, 1, 1, 1, 1, 1, 1, 1, 1, 1, 0, 1, 0, 0, 1, 1, 0, 1, 0, 0, 0, 0, 0, 1, 0, 0])
Fitness:  78.07749999999996
Gens:  [0, 1, 2, 3, 4, 5, 6, 7, 8, 9, 10, 11, 12, 13, 14, 15, 16, 17, 18, 19, 20, 21, 22, 23, 24, 25, 26, 27, 28, 29, 30, 31, 32, 33, 34, 35, 36, 37, 38, 39, 40, 41, 42, 43, 44, 45, 46, 47, 48, 49, 50, 51, 52, 53, 54, 55, 56, 57, 58, 59, 60, 61, 62, 63, 64, 65, 66, 67, 68, 69, 70, 71, 72, 73, 74, 75, 76, 77, 78, 79, 80, 81, 82, 83, 84, 85, 86, 87, 88, 89, 90, 91, 92, 93, 94]
Inds:  [83.20500000000003, 82.75500000000001, 81.75250000000003, 81.75250000000003, 81.75250000000003, 81.75250000000003, 81.75250000000003, 81.75250000000003, 81.405, 81.15249999999999, 81.15249999999999, 81.15249999999999, 81.15249999999999, 80.955, 80.80500000000002, 80.80500000000002, 80.505, 80.505, 80.32749999999997, 80.32749999999997, 80.32749999999997, 80.25249999999998, 80.25249999999998, 80.25249999999998, 80.25249999999998, 80.205, 80.10249999999998, 80.10249999999998, 79.9525, 79.80249999999998, 79.72749999999998, 79.72749999999998, 79.72749999999998, 79.72749999999998, 79.65249999999999, 79.5775, 79.5775, 79.5775, 79.57749999999999, 79.57749999999999, 79.455, 79.455, 79.4275, 79.4275, 79.4275, 79.4275, 79.42749999999998, 79.38, 79.35249999999998, 79.15499999999997, 79.15499999999997, 79.12749999999998, 79.07999999999998, 79.07999999999998, 78.97749999999996, 78.97749999999996, 78.90249999999997, 78.90249999999997, 78.90249999999997, 78.90249999999997, 78.90249999999997, 78.90249999999997, 78.82749999999997, 78.82749999999997, 78.82749999999997, 78.67749999999998, 78.67749999999998, 78.60249999999996, 78.60249999999996, 78.60249999999996, 78.52749999999996, 78.52749999999996, 78.52749999999996, 78.52749999999996, 78.52749999999996, 78.45249999999997, 78.45249999999997, 78.45249999999997, 78.45249999999997, 78.45249999999997, 78.45249999999997, 78.45249999999997, 78.45249999999996, 78.45249999999996, 78.37749999999998, 78.37749999999997, 78.37749999999997, 78.30249999999998, 78.30249999999998, 78.30249999999997, 78.22749999999996, 78.22749999999996, 78.07749999999996, 78.07749999999996, 78.07749999999996]

Execution 10:
Parameters: Y=0.998
Start Time (hh:mm:ss.ms) 2023-07-17 21:59:14.416644
generations	MaxGenenerations	Populationk1	Populationk	PopulationElite	PopulationMutant	fitnessElite	alpha	min    	max    	avg    	std     
0          	0               	0           	0          	0              	0               	0           	0    	82.8775	87.9775	85.5557	0.791254
1          	98.8393         	998         	1000       	100            	200             	84.4075     	0.3  	82.605 	87.855 	84.9293	0.815177
2          	98.4901         	996         	998        	102            	198             	84.1693     	0.297	82.4275	87.5275	84.7276	0.877247
3          	98.2141         	994         	996        	103            	196             	83.9367     	0.295	82.38  	87.3775	84.6239	0.973087
4          	98.128          	992         	994        	104            	194             	83.8487     	0.293	82.23  	87.4525	84.4557	0.990483
5          	97.964          	990         	992        	106            	192             	83.7541     	0.291	81.6775	87.8275	84.3989	1.02613 
7          	97.4428         	986         	988        	108            	189             	83.541      	0.287	81.1525	88.005 	84.2137	1.14259 
8          	96.7874         	984         	986        	110            	187             	83.1091     	0.285	81.03  	87.275 	84.0994	1.14944 
11         	96.4963         	978         	980        	114            	181             	82.7685     	0.279	80.805 	87.65  	83.8141	1.23304 
16         	96.2664         	968         	970        	120            	171             	82.5921     	0.268	80.805 	87.6025	83.2568	1.42274 
18         	96.3584         	964         	966        	122            	168             	82.6911     	0.264	80.43  	87.9025	83.1501	1.44873 
21         	95.8681         	958         	960        	126            	162             	82.309      	0.258	80.205 	87.405 	82.8461	1.57089 
24         	95.5372         	952         	954        	130            	157             	82.0114     	0.251	80.13  	87.705 	82.6434	1.61816 
27         	95.4856         	946         	948        	134            	151             	81.9581     	0.245	80.055 	87.03  	82.5077	1.6426  
29         	95.3963         	942         	944        	136            	147             	81.8696     	0.241	79.98  	87.5275	82.4293	1.68064 
30         	95.2978         	940         	942        	137            	146             	81.7849     	0.239	79.605 	87.5275	82.3721	1.69661 
44         	94.785          	912         	914        	154            	121             	81.1902     	0.209	79.605 	87.705 	81.7326	1.84786 
46         	94.8031         	908         	910        	156            	117             	81.1779     	0.205	79.455 	87.425 	81.7085	1.87504 
48         	94.6528         	904         	906        	158            	114             	81.0545     	0.200	79.305 	87.405 	81.6563	1.85691 
55         	94.5077         	890         	892        	166            	102             	80.846      	0.185	79.155 	87.3025	81.3928	1.85525 
59         	94.2865         	882         	884        	170            	96              	80.6101     	0.176	79.08  	87.105 	81.2263	1.86001 
63         	94.0893         	874         	876        	174            	89              	80.3794     	0.168	78.93  	87.63  	80.9968	1.86878 
67         	94.188          	866         	868        	178            	83              	80.4242     	0.159	78.855 	88.6525	80.9455	1.91488 
70         	93.8638         	860         	862        	181            	78              	80.1056     	0.152	78.78  	87.33  	80.7369	1.90576 
73         	93.7745         	854         	856        	184            	73              	79.9881     	0.146	78.705 	87.1525	80.701 	1.94439 
77         	93.8209         	846         	848        	188            	67              	79.9535     	0.137	78.63  	87.875 	80.5521	1.866   
78         	93.7545         	844         	846        	189            	65              	79.8849     	0.135	78.555 	87.2275	80.4088	1.8842  
84         	93.5067         	832         	834        	194            	56              	79.593      	0.122	78.48  	87.275 	80.1535	1.92256 
85         	93.4633         	830         	832        	195            	55              	79.5376     	0.120	78.405 	86.9275	80.1547	1.87236 
88         	93.295          	824         	826        	198            	50              	79.3637     	0.113	78.33  	86.9   	79.918 	1.79558 
End Time (hh:mm:ss.ms) 2023-07-17 21:59:29.039644
Total Time (hh:mm:ss.ms) 0:00:14.623000
Individual: ([34, 29, 10, 18, 27, 11, 21, 38, 36, 9, 20, 15, 6, 3, 12, 5, 39, 22, 2, 19, 37, 23, 24, 17, 40, 32, 33, 14, 16, 35, 31, 7, 0, 4, 30, 8, 28, 25, 13, 41, 1, 26], [0, 1, 1, 1, 1, 1, 1, 1, 1, 1, 1, 1, 1, 1, 1, 1, 0, 1, 1, 1, 1, 1, 0, 0, 1, 1, 1, 1, 1, 0, 0, 1, 1, 1, 1, 1, 1, 1, 1, 0, 0, 1])
Fitness:  78.32999999999997
Gens:  [0, 1, 2, 3, 4, 5, 6, 7, 8, 9, 10, 11, 12, 13, 14, 15, 16, 17, 18, 19, 20, 21, 22, 23, 24, 25, 26, 27, 28, 29, 30, 31, 32, 33, 34, 35, 36, 37, 38, 39, 40, 41, 42, 43, 44, 45, 46, 47, 48, 49, 50, 51, 52, 53, 54, 55, 56, 57, 58, 59, 60, 61, 62, 63, 64, 65, 66, 67, 68, 69, 70, 71, 72, 73, 74, 75, 76, 77, 78, 79, 80, 81, 82, 83, 84, 85, 86, 87, 88, 89, 90, 91, 92, 93, 94]
Inds:  [82.8775, 82.605, 82.42750000000002, 82.38, 82.23, 81.67750000000002, 81.67750000000002, 81.15250000000002, 81.03, 81.03, 81.03, 80.80500000000002, 80.80500000000002, 80.80500000000002, 80.80500000000002, 80.80500000000002, 80.80499999999999, 80.80499999999999, 80.42999999999998, 80.42999999999998, 80.42999999999998, 80.205, 80.205, 80.205, 80.13, 80.13, 80.13, 80.05499999999999, 80.05499999999999, 79.97999999999999, 79.605, 79.605, 79.605, 79.605, 79.605, 79.605, 79.605, 79.605, 79.605, 79.605, 79.605, 79.605, 79.605, 79.605, 79.60499999999999, 79.60499999999999, 79.45499999999998, 79.45499999999998, 79.305, 79.305, 79.305, 79.305, 79.305, 79.305, 79.305, 79.15499999999997, 79.15499999999997, 79.15499999999997, 79.15499999999997, 79.07999999999998, 79.07999999999998, 79.07999999999998, 79.07999999999998, 78.92999999999999, 78.92999999999999, 78.92999999999999, 78.92999999999999, 78.85499999999999, 78.85499999999999, 78.85499999999999, 78.78, 78.78, 78.78, 78.70499999999998, 78.70499999999998, 78.70499999999998, 78.70499999999998, 78.62999999999998, 78.55499999999996, 78.55499999999996, 78.55499999999996, 78.55499999999996, 78.55499999999996, 78.55499999999996, 78.47999999999998, 78.40499999999996, 78.40499999999996, 78.40499999999996, 78.32999999999997, 78.32999999999997, 78.32999999999997, 78.32999999999997, 78.32999999999997, 78.32999999999997, 78.32999999999997]

