A-BRKGA:

Execution 1:
Parameters: Y=0.998
Start Time (hh:mm:ss.ms) 2023-07-17 21:20:07.565630
generations	MaxGenenerations	Populationk1	Populationk	PopulationElite	PopulationMutant	fitnessElite	alpha	min   	max   	avg    	std     
0          	0               	0           	0          	0              	0               	0           	0    	83.875	87.875	86.4848	0.539113
6          	99.9583         	988         	990        	107            	191             	84.9625     	0.289	83.75 	87.625	85.4453	0.881205
7          	99.8093         	986         	988        	108            	189             	84.8659     	0.287	83.5  	87.75 	85.4154	0.915048
9          	99.5612         	982         	984        	111            	185             	84.7422     	0.283	83.375	87.875	85.2543	0.956098
11         	99.3376         	978         	980        	113            	181             	84.5294     	0.279	83.25 	87.625	85.1936	1.02888 
12         	99.2135         	976         	978        	114            	179             	84.4655     	0.277	83    	88    	85.1455	1.0422  
13         	98.9898         	974         	976        	116            	178             	84.3788     	0.275	82.875	87.625	84.994 	1.04618 
16         	98.7913         	968         	970        	119            	172             	84.1895     	0.269	82.375	87.75 	84.6445	1.18541 
17         	98.1952         	966         	968        	121            	170             	83.8123     	0.267	82.25 	87.75 	84.5538	1.25072 
21         	98.0462         	958         	960        	126            	163             	83.6756     	0.259	82.125	87.75 	84.2287	1.37961 
25         	97.9217         	950         	952        	130            	156             	83.5681     	0.250	81.875	87.5  	83.9941	1.42096 
33         	97.6236         	934         	936        	140            	141             	83.2817     	0.234	81.75 	87.625	83.6775	1.56239 
End Time (hh:mm:ss.ms) 2023-07-17 21:20:15.810629
Total Time (hh:mm:ss.ms) 0:00:08.244999
Individual: ([17, 15, 10, 8, 4, 7, 11, 2, 9, 0, 3, 5, 1, 16, 13, 6, 14, 12], [1, 1, 1, 0, 0, 0, 0, 1, 0, 0, 0, 0, 0, 0, 0, 0, 0, 1])
Fitness:  81.75
Gens:  [0, 1, 2, 3, 4, 5, 6, 7, 8, 9, 10, 11, 12, 13, 14, 15, 16, 17, 18, 19, 20, 21, 22, 23, 24, 25, 26, 27, 28, 29, 30, 31, 32, 33, 34, 35, 36, 37, 38, 39, 40, 41, 42, 43, 44, 45, 46, 47, 48, 49, 50, 51, 52, 53, 54, 55, 56, 57, 58, 59, 60, 61, 62, 63, 64, 65, 66, 67, 68, 69, 70, 71, 72, 73, 74, 75, 76, 77, 78, 79, 80, 81, 82, 83, 84, 85, 86, 87, 88, 89, 90, 91, 92, 93, 94, 95, 96, 97, 98]
Inds:  [83.875, 83.875, 83.875, 83.875, 83.875, 83.875, 83.75, 83.5, 83.5, 83.375, 83.375, 83.25, 83.0, 82.875, 82.875, 82.875, 82.375, 82.25, 82.25, 82.25, 82.25, 82.125, 82.125, 82.125, 82.125, 81.875, 81.875, 81.875, 81.875, 81.875, 81.875, 81.875, 81.875, 81.75, 81.75, 81.75, 81.75, 81.75, 81.75, 81.75, 81.75, 81.75, 81.75, 81.75, 81.75, 81.75, 81.75, 81.75, 81.75, 81.75, 81.75, 81.75, 81.75, 81.75, 81.75, 81.75, 81.75, 81.75, 81.75, 81.75, 81.75, 81.75, 81.75, 81.75, 81.75, 81.75, 81.75, 81.75, 81.75, 81.75, 81.75, 81.75, 81.75, 81.75, 81.75, 81.75, 81.75, 81.75, 81.75, 81.75, 81.75, 81.75, 81.75, 81.75, 81.75, 81.75, 81.75, 81.75, 81.75, 81.75, 81.75, 81.75, 81.75, 81.75, 81.75, 81.75, 81.75, 81.75, 81.75]

Execution 2:
Parameters: Y=0.998
Start Time (hh:mm:ss.ms) 2023-07-17 21:20:16.565629
generations	MaxGenenerations	Populationk1	Populationk	PopulationElite	PopulationMutant	fitnessElite	alpha	min   	max	avg   	std     
0          	0               	0           	0          	0              	0               	0           	0    	84.625	88 	86.466	0.497431
1          	100.928         	998         	1000       	100            	200             	85.6375     	0.3  	84.25 	88 	86.1206	0.579341
4          	100.405         	992         	994        	104            	194             	85.2423     	0.294	83.875	87.625	85.818 	0.71013 
7          	99.9583         	986         	988        	108            	189             	84.955      	0.287	83.75 	87.75 	85.6476	0.77018 
9          	99.8343         	982         	984        	111            	185             	84.8859     	0.283	83.25 	87.625	85.5663	0.839176
13         	99.2135         	974         	976        	116            	178             	84.4567     	0.275	83    	87.875	85.3303	0.949809
18         	98.9403         	964         	966        	122            	168             	84.2618     	0.265	82.5  	87.625	85.0325	1.05783 
24         	98.295          	952         	954        	129            	157             	83.766      	0.253	82.25 	87.5  	84.6111	1.20356 
33         	97.9727         	934         	936        	140            	142             	83.4527     	0.234	81.875	87.75 	84.0395	1.47049 
42         	97.526          	916         	918        	150            	126             	83.0626     	0.215	81.75 	87.75 	83.6562	1.59164 
End Time (hh:mm:ss.ms) 2023-07-17 21:20:24.825630
Total Time (hh:mm:ss.ms) 0:00:08.260001
Individual: ([17, 14, 6, 3, 0, 9, 7, 4, 8, 15, 10, 5, 1, 13, 16, 11, 2, 12], [1, 1, 1, 1, 1, 1, 1, 1, 1, 1, 1, 0, 0, 1, 1, 0, 1, 1])
Fitness:  81.75
Gens:  [0, 1, 2, 3, 4, 5, 6, 7, 8, 9, 10, 11, 12, 13, 14, 15, 16, 17, 18, 19, 20, 21, 22, 23, 24, 25, 26, 27, 28, 29, 30, 31, 32, 33, 34, 35, 36, 37, 38, 39, 40, 41, 42, 43, 44, 45, 46, 47, 48, 49, 50, 51, 52, 53, 54, 55, 56, 57, 58, 59, 60, 61, 62, 63, 64, 65, 66, 67, 68, 69, 70, 71, 72, 73, 74, 75, 76, 77, 78, 79, 80, 81, 82, 83, 84, 85, 86, 87, 88, 89, 90, 91, 92, 93, 94, 95, 96, 97, 98]
Inds:  [84.625, 84.25, 84.25, 84.25, 83.875, 83.875, 83.875, 83.75, 83.75, 83.25, 83.25, 83.25, 83.25, 83.0, 83.0, 83.0, 83.0, 83.0, 82.5, 82.5, 82.5, 82.5, 82.5, 82.5, 82.25, 82.25, 82.25, 82.25, 82.25, 82.25, 82.25, 82.25, 82.25, 81.875, 81.875, 81.875, 81.875, 81.875, 81.875, 81.875, 81.875, 81.875, 81.75, 81.75, 81.75, 81.75, 81.75, 81.75, 81.75, 81.75, 81.75, 81.75, 81.75, 81.75, 81.75, 81.75, 81.75, 81.75, 81.75, 81.75, 81.75, 81.75, 81.75, 81.75, 81.75, 81.75, 81.75, 81.75, 81.75, 81.75, 81.75, 81.75, 81.75, 81.75, 81.75, 81.75, 81.75, 81.75, 81.75, 81.75, 81.75, 81.75, 81.75, 81.75, 81.75, 81.75, 81.75, 81.75, 81.75, 81.75, 81.75, 81.75, 81.75, 81.75, 81.75, 81.75, 81.75, 81.75, 81.75]

Execution 3:
Parameters: Y=0.998
Start Time (hh:mm:ss.ms) 2023-07-17 21:20:25.579629
generations	MaxGenenerations	Populationk1	Populationk	PopulationElite	PopulationMutant	fitnessElite	alpha	min 	max  	avg    	std    
0          	0               	0           	0          	0              	0               	0           	0    	84.5	87.75	86.4784	0.51157
1          	100.728         	998         	1000       	100            	200             	85.475      	0.3  	84.25	87.5 	86.0913	0.599642
2          	100.38          	996         	998        	102            	198             	85.2185     	0.298	84.125	87.625	85.9329	0.689558
4          	100.231         	992         	994        	104            	194             	85.1173     	0.294	84    	88    	85.7245	0.744888
7          	100.107         	986         	988        	108            	189             	85.044      	0.288	83.625	87.75 	85.5729	0.83211 
8          	99.6853         	984         	986        	109            	187             	84.8046     	0.285	83.25 	87.625	85.5224	0.844117
13         	99.288          	974         	976        	116            	178             	84.5602     	0.275	83.125	87.75 	85.2644	0.951172
20         	99.1141         	960         	962        	124            	165             	84.3679     	0.261	82.875	87.625	84.8693	1.06209 
25         	98.7418         	950         	952        	130            	156             	84.0377     	0.251	82.75 	87.75 	84.6296	1.15792 
26         	98.6423         	948         	950        	131            	154             	83.9966     	0.249	82.5  	87.5  	84.5225	1.16335 
32         	98.3196         	936         	938        	138            	143             	83.7143     	0.236	82.25 	88    	84.324 	1.29806 
35         	98.0217         	930         	932        	142            	138             	83.4896     	0.230	82    	87.875	84.1015	1.34328 
41         	97.7238         	918         	920        	149            	128             	83.227      	0.218	81.875	87.5  	83.7221	1.5124  
End Time (hh:mm:ss.ms) 2023-07-17 21:20:34.254630
Total Time (hh:mm:ss.ms) 0:00:08.675001
Individual: ([12, 6, 14, 2, 16, 0, 3, 13, 1, 5, 10, 15, 8, 9, 11, 7, 4, 17], [0, 0, 0, 0, 0, 1, 1, 0, 1, 1, 0, 0, 1, 1, 1, 1, 0, 0])
Fitness:  81.875
Gens:  [0, 1, 2, 3, 4, 5, 6, 7, 8, 9, 10, 11, 12, 13, 14, 15, 16, 17, 18, 19, 20, 21, 22, 23, 24, 25, 26, 27, 28, 29, 30, 31, 32, 33, 34, 35, 36, 37, 38, 39, 40, 41, 42, 43, 44, 45, 46, 47, 48, 49, 50, 51, 52, 53, 54, 55, 56, 57, 58, 59, 60, 61, 62, 63, 64, 65, 66, 67, 68, 69, 70, 71, 72, 73, 74, 75, 76, 77, 78, 79, 80, 81, 82, 83, 84, 85, 86, 87, 88, 89, 90, 91, 92, 93, 94, 95, 96, 97, 98]
Inds:  [84.5, 84.25, 84.125, 84.125, 84.0, 84.0, 84.0, 83.625, 83.25, 83.25, 83.25, 83.25, 83.25, 83.125, 83.125, 83.125, 83.125, 83.125, 83.125, 83.125, 82.875, 82.875, 82.875, 82.875, 82.875, 82.75, 82.5, 82.5, 82.5, 82.5, 82.5, 82.5, 82.25, 82.25, 82.25, 82.0, 82.0, 82.0, 82.0, 82.0, 82.0, 81.875, 81.875, 81.875, 81.875, 81.875, 81.875, 81.875, 81.875, 81.875, 81.875, 81.875, 81.875, 81.875, 81.875, 81.875, 81.875, 81.875, 81.875, 81.875, 81.875, 81.875, 81.875, 81.875, 81.875, 81.875, 81.875, 81.875, 81.875, 81.875, 81.875, 81.875, 81.875, 81.875, 81.875, 81.875, 81.875, 81.875, 81.875, 81.875, 81.875, 81.875, 81.875, 81.875, 81.875, 81.875, 81.875, 81.875, 81.875, 81.875, 81.875, 81.875, 81.875, 81.875, 81.875, 81.875, 81.875, 81.875, 81.875]

Execution 4:
Parameters: Y=0.998
Start Time (hh:mm:ss.ms) 2023-07-17 21:20:34.994628
generations	MaxGenenerations	Populationk1	Populationk	PopulationElite	PopulationMutant	fitnessElite	alpha	min   	max	avg    	std     
0          	0               	0           	0          	0              	0               	0           	0    	84.875	88 	86.4881	0.490344
1          	101.226         	998         	1000       	100            	200             	85.8125     	0.3  	84.5  	87.75	86.1752	0.558006
2          	100.728         	996         	998        	102            	198             	85.4685     	0.298	84.375	87.625	86.0161	0.599368
4          	100.554         	992         	994        	104            	194             	85.3306     	0.294	84.25 	87.625	85.9015	0.678686
5          	100.405         	990         	992        	105            	193             	85.2356     	0.292	84.125	87.75 	85.8173	0.707152
6          	100.281         	988         	990        	107            	191             	85.1764     	0.290	84    	87.375	85.7022	0.725099
7          	100.057         	986         	988        	108            	189             	84.972      	0.288	83.75 	87.875	85.6105	0.764055
9          	99.8343         	982         	984        	111            	185             	84.8859     	0.283	83.5  	87.75 	85.4819	0.822562
14         	99.5114         	972         	974        	117            	176             	84.6297     	0.273	83.375	87.75 	85.2509	0.897052
15         	99.3873         	970         	972        	118            	174             	84.5642     	0.271	83.125	87.625	85.1923	0.950779
20         	99.0893         	960         	962        	124            	165             	84.3351     	0.261	83    	87.5  	84.9839	1.0533  
22         	98.965          	956         	958        	127            	161             	84.2556     	0.257	82.625	87.625	84.8927	1.07717 
29         	98.5672         	942         	944        	135            	149             	83.9625     	0.243	82.5  	87.625	84.5649	1.2132  
33         	98.3689         	934         	936        	139            	142             	83.7628     	0.234	82.125	87.625	84.4319	1.27066 
51         	97.8482         	898         	900        	159            	111             	83.1882     	0.197	82    	87.5  	83.6253	1.4945  
End Time (hh:mm:ss.ms) 2023-07-17 21:20:43.461630
Total Time (hh:mm:ss.ms) 0:00:08.467002
Individual: ([12, 14, 6, 1, 3, 5, 10, 15, 8, 13, 16, 0, 9, 2, 11, 7, 4, 17], [0, 1, 1, 1, 0, 1, 0, 0, 1, 0, 0, 1, 1, 0, 1, 1, 1, 0])
Fitness:  82.0
Gens:  [0, 1, 2, 3, 4, 5, 6, 7, 8, 9, 10, 11, 12, 13, 14, 15, 16, 17, 18, 19, 20, 21, 22, 23, 24, 25, 26, 27, 28, 29, 30, 31, 32, 33, 34, 35, 36, 37, 38, 39, 40, 41, 42, 43, 44, 45, 46, 47, 48, 49, 50, 51, 52, 53, 54, 55, 56, 57, 58, 59, 60, 61, 62, 63, 64, 65, 66, 67, 68, 69, 70, 71, 72, 73, 74, 75, 76, 77, 78, 79, 80, 81, 82, 83, 84, 85, 86, 87, 88, 89, 90, 91, 92, 93, 94, 95, 96, 97, 98]
Inds:  [84.875, 84.5, 84.375, 84.375, 84.25, 84.125, 84.0, 83.75, 83.75, 83.5, 83.5, 83.5, 83.5, 83.5, 83.375, 83.125, 83.125, 83.125, 83.125, 83.125, 83.0, 83.0, 82.625, 82.625, 82.625, 82.625, 82.625, 82.625, 82.625, 82.5, 82.5, 82.5, 82.5, 82.125, 82.125, 82.125, 82.125, 82.125, 82.125, 82.125, 82.125, 82.125, 82.125, 82.125, 82.125, 82.125, 82.125, 82.125, 82.125, 82.125, 82.125, 82.0, 82.0, 82.0, 82.0, 82.0, 82.0, 82.0, 82.0, 82.0, 82.0, 82.0, 82.0, 82.0, 82.0, 82.0, 82.0, 82.0, 82.0, 82.0, 82.0, 82.0, 82.0, 82.0, 82.0, 82.0, 82.0, 82.0, 82.0, 82.0, 82.0, 82.0, 82.0, 82.0, 82.0, 82.0, 82.0, 82.0, 82.0, 82.0, 82.0, 82.0, 82.0, 82.0, 82.0, 82.0, 82.0, 82.0, 82.0]

Execution 5:
Parameters: Y=0.998
Start Time (hh:mm:ss.ms) 2023-07-17 21:20:44.215630
generations	MaxGenenerations	Populationk1	Populationk	PopulationElite	PopulationMutant	fitnessElite	alpha	min 	max   	avg    	std     
0          	0               	0           	0          	0              	0               	0           	0    	84.5	87.875	86.4605	0.521299
1          	100.754         	998         	1000       	100            	200             	85.5125     	0.3  	84.125	87.875	86.1276	0.601702
3          	100.231         	994         	996        	103            	196             	85.124      	0.296	83.875	87.75 	85.7833	0.734223
6          	100.008         	988         	990        	107            	191             	85.035      	0.290	83.375	87.5  	85.5385	0.816049
9          	99.3873         	982         	984        	111            	185             	84.6171     	0.283	83.25 	87.75 	85.3867	0.919506
13         	99.2383         	974         	976        	116            	178             	84.4912     	0.275	83    	87.75 	85.1046	1.01936 
15         	98.9155         	970         	972        	118            	174             	84.2566     	0.271	82.875	87.625	84.9543	1.04849 
19         	98.816          	962         	964        	123            	167             	84.1928     	0.263	82.625	87.75 	84.7353	1.14516 
23         	98.4686         	954         	956        	128            	159             	83.9016     	0.255	82.5  	87.5  	84.551 	1.21701 
26         	98.3196         	948         	950        	131            	154             	83.7769     	0.249	82.375	87.875	84.399 	1.28399 
28         	98.1707         	944         	946        	134            	150             	83.6612     	0.244	82.125	87.625	84.343 	1.32096 
32         	97.8482         	936         	938        	139            	143             	83.3969     	0.236	82    	87.875	84.1243	1.39035 
39         	97.7238         	922         	924        	146            	131             	83.25       	0.222	81.875	87.625	83.8623	1.5098  
End Time (hh:mm:ss.ms) 2023-07-17 21:20:52.500631
Total Time (hh:mm:ss.ms) 0:00:08.285001
Individual: ([12, 2, 14, 6, 13, 3, 5, 1, 16, 11, 9, 7, 15, 10, 0, 8, 4, 17], [0, 0, 1, 1, 1, 0, 0, 0, 1, 1, 0, 1, 1, 1, 1, 0, 0, 0])
Fitness:  81.875
Gens:  [0, 1, 2, 3, 4, 5, 6, 7, 8, 9, 10, 11, 12, 13, 14, 15, 16, 17, 18, 19, 20, 21, 22, 23, 24, 25, 26, 27, 28, 29, 30, 31, 32, 33, 34, 35, 36, 37, 38, 39, 40, 41, 42, 43, 44, 45, 46, 47, 48, 49, 50, 51, 52, 53, 54, 55, 56, 57, 58, 59, 60, 61, 62, 63, 64, 65, 66, 67, 68, 69, 70, 71, 72, 73, 74, 75, 76, 77, 78, 79, 80, 81, 82, 83, 84, 85, 86, 87, 88, 89, 90, 91, 92, 93, 94, 95, 96, 97, 98]
Inds:  [84.5, 84.125, 84.125, 83.875, 83.875, 83.875, 83.375, 83.375, 83.375, 83.25, 83.25, 83.25, 83.25, 83.0, 83.0, 82.875, 82.875, 82.875, 82.875, 82.625, 82.625, 82.625, 82.625, 82.5, 82.5, 82.5, 82.375, 82.375, 82.125, 82.125, 82.125, 82.125, 82.0, 82.0, 82.0, 82.0, 82.0, 82.0, 82.0, 81.875, 81.875, 81.875, 81.875, 81.875, 81.875, 81.875, 81.875, 81.875, 81.875, 81.875, 81.875, 81.875, 81.875, 81.875, 81.875, 81.875, 81.875, 81.875, 81.875, 81.875, 81.875, 81.875, 81.875, 81.875, 81.875, 81.875, 81.875, 81.875, 81.875, 81.875, 81.875, 81.875, 81.875, 81.875, 81.875, 81.875, 81.875, 81.875, 81.875, 81.875, 81.875, 81.875, 81.875, 81.875, 81.875, 81.875, 81.875, 81.875, 81.875, 81.875, 81.875, 81.875, 81.875, 81.875, 81.875, 81.875, 81.875, 81.875, 81.875]

Execution 6:
Parameters: Y=0.998
Start Time (hh:mm:ss.ms) 2023-07-17 21:20:53.211630
generations	MaxGenenerations	Populationk1	Populationk	PopulationElite	PopulationMutant	fitnessElite	alpha	min 	max   	avg    	std     
0          	0               	0           	0          	0              	0               	0           	0    	84.5	88.125	86.4916	0.510155
1          	100.804         	998         	1000       	100            	200             	85.5875     	0.3  	84.375	87.75 	86.131 	0.569116
4          	100.63          	992         	994        	104            	194             	85.4409     	0.294	83.875	87.75 	85.8167	0.720598
5          	99.9833         	990         	992        	105            	193             	85.0065     	0.291	83.375	87.625	85.7361	0.748502
9          	99.4122         	982         	984        	111            	185             	84.6526     	0.283	83.25 	87.75 	85.2999	0.893262
11         	99.2135         	978         	980        	113            	181             	84.4743     	0.279	83    	87.75 	85.1265	0.975609
14         	98.9155         	972         	974        	117            	176             	84.2659     	0.273	82.625	87.625	84.86  	1.08186 
19         	98.5179         	962         	964        	123            	167             	84.0082     	0.263	82.375	87.875	84.5113	1.24733 
22         	98.1707         	956         	958        	127            	161             	83.7254     	0.257	82.25 	87.625	84.238 	1.37644 
24         	98.0217         	952         	954        	129            	157             	83.6103     	0.253	82.125	87.625	84.1161	1.41987 
27         	97.9217         	946         	948        	133            	152             	83.5447     	0.246	82    	87.75 	84.0367	1.49192 
40         	97.6993         	920         	922        	148            	129             	83.2109     	0.220	81.875	87.625	83.578 	1.57718 
End Time (hh:mm:ss.ms) 2023-07-17 21:21:01.513630
Total Time (hh:mm:ss.ms) 0:00:08.302000
Individual: ([17, 0, 3, 5, 1, 13, 6, 14, 11, 7, 4, 15, 10, 8, 9, 16, 2, 12], [1, 0, 0, 0, 0, 0, 0, 0, 1, 1, 1, 1, 1, 1, 1, 1, 1, 1])
Fitness:  81.875
Gens:  [0, 1, 2, 3, 4, 5, 6, 7, 8, 9, 10, 11, 12, 13, 14, 15, 16, 17, 18, 19, 20, 21, 22, 23, 24, 25, 26, 27, 28, 29, 30, 31, 32, 33, 34, 35, 36, 37, 38, 39, 40, 41, 42, 43, 44, 45, 46, 47, 48, 49, 50, 51, 52, 53, 54, 55, 56, 57, 58, 59, 60, 61, 62, 63, 64, 65, 66, 67, 68, 69, 70, 71, 72, 73, 74, 75, 76, 77, 78, 79, 80, 81, 82, 83, 84, 85, 86, 87, 88, 89, 90, 91, 92, 93, 94, 95, 96, 97, 98]
Inds:  [84.5, 84.375, 84.375, 84.375, 83.875, 83.375, 83.375, 83.375, 83.375, 83.25, 83.25, 83.0, 83.0, 83.0, 82.625, 82.625, 82.625, 82.625, 82.625, 82.375, 82.375, 82.375, 82.25, 82.25, 82.125, 82.125, 82.125, 82.0, 82.0, 82.0, 82.0, 82.0, 82.0, 82.0, 82.0, 82.0, 82.0, 82.0, 82.0, 82.0, 81.875, 81.875, 81.875, 81.875, 81.875, 81.875, 81.875, 81.875, 81.875, 81.875, 81.875, 81.875, 81.875, 81.875, 81.875, 81.875, 81.875, 81.875, 81.875, 81.875, 81.875, 81.875, 81.875, 81.875, 81.875, 81.875, 81.875, 81.875, 81.875, 81.875, 81.875, 81.875, 81.875, 81.875, 81.875, 81.875, 81.875, 81.875, 81.875, 81.875, 81.875, 81.875, 81.875, 81.875, 81.875, 81.875, 81.875, 81.875, 81.875, 81.875, 81.875, 81.875, 81.875, 81.875, 81.875, 81.875, 81.875, 81.875, 81.875]

Execution 7:
Parameters: Y=0.998
Start Time (hh:mm:ss.ms) 2023-07-17 21:21:02.262628
generations	MaxGenenerations	Populationk1	Populationk	PopulationElite	PopulationMutant	fitnessElite	alpha	min	max   	avg    	std     
0          	0               	0           	0          	0              	0               	0           	0    	85 	88.125	86.4774	0.503771
1          	101.4           	998         	1000       	100            	200             	85.9375     	0.3  	84.5	88    	86.1513	0.578125
3          	100.703         	994         	996        	103            	196             	85.4251     	0.296	84.25	87.75 	85.8959	0.670223
4          	100.43          	992         	994        	104            	194             	85.2791     	0.294	84   	87.75 	85.7995	0.709034
6          	100.107         	988         	990        	107            	191             	85.0513     	0.290	83.5 	87.75 	85.645 	0.781179
8          	99.5363         	984         	986        	109            	187             	84.7152     	0.285	83.375	87.75 	85.4663	0.827945
10         	99.3624         	980         	982        	112            	183             	84.573      	0.281	83.125	87.75 	85.3083	0.920673
11         	99.0893         	978         	980        	113            	181             	84.4191     	0.279	83    	87.5  	85.2063	0.94314 
14         	98.9403         	972         	974        	117            	176             	84.3002     	0.273	82.5  	87.5  	84.9051	1.07145 
16         	98.3689         	968         	970        	119            	172             	83.9486     	0.269	82.375	87.5  	84.6588	1.15239 
18         	98.1952         	964         	966        	122            	168             	83.8014     	0.265	82.25 	87.5  	84.5599	1.23057 
20         	98.0217         	960         	962        	124            	165             	83.6541     	0.261	82.125	87.625	84.3883	1.31047 
24         	97.8972         	952         	954        	129            	157             	83.5482     	0.253	81.875	87.875	83.9923	1.55916 
End Time (hh:mm:ss.ms) 2023-07-17 21:21:10.692630
Total Time (hh:mm:ss.ms) 0:00:08.430002
Individual: ([17, 10, 15, 8, 4, 7, 11, 16, 0, 9, 2, 1, 5, 3, 13, 6, 14, 12], [1, 0, 0, 1, 0, 0, 0, 0, 1, 1, 0, 1, 1, 1, 0, 0, 0, 1])
Fitness:  81.875
Gens:  [0, 1, 2, 3, 4, 5, 6, 7, 8, 9, 10, 11, 12, 13, 14, 15, 16, 17, 18, 19, 20, 21, 22, 23, 24, 25, 26, 27, 28, 29, 30, 31, 32, 33, 34, 35, 36, 37, 38, 39, 40, 41, 42, 43, 44, 45, 46, 47, 48, 49, 50, 51, 52, 53, 54, 55, 56, 57, 58, 59, 60, 61, 62, 63, 64, 65, 66, 67, 68, 69, 70, 71, 72, 73, 74, 75, 76, 77, 78, 79, 80, 81, 82, 83, 84, 85, 86, 87, 88, 89, 90, 91, 92, 93, 94, 95, 96, 97, 98]
Inds:  [85.0, 84.5, 84.5, 84.25, 84.0, 84.0, 83.5, 83.5, 83.375, 83.375, 83.125, 83.0, 83.0, 83.0, 82.5, 82.5, 82.375, 82.375, 82.25, 82.25, 82.125, 82.125, 82.125, 82.125, 81.875, 81.875, 81.875, 81.875, 81.875, 81.875, 81.875, 81.875, 81.875, 81.875, 81.875, 81.875, 81.875, 81.875, 81.875, 81.875, 81.875, 81.875, 81.875, 81.875, 81.875, 81.875, 81.875, 81.875, 81.875, 81.875, 81.875, 81.875, 81.875, 81.875, 81.875, 81.875, 81.875, 81.875, 81.875, 81.875, 81.875, 81.875, 81.875, 81.875, 81.875, 81.875, 81.875, 81.875, 81.875, 81.875, 81.875, 81.875, 81.875, 81.875, 81.875, 81.875, 81.875, 81.875, 81.875, 81.875, 81.875, 81.875, 81.875, 81.875, 81.875, 81.875, 81.875, 81.875, 81.875, 81.875, 81.875, 81.875, 81.875, 81.875, 81.875, 81.875, 81.875, 81.875, 81.875]

Execution 8:
Parameters: Y=0.998
Start Time (hh:mm:ss.ms) 2023-07-17 21:21:11.438629
generations	MaxGenenerations	Populationk1	Populationk	PopulationElite	PopulationMutant	fitnessElite	alpha	min   	max  	avg    	std     
0          	0               	0           	0          	0              	0               	0           	0    	84.375	87.75	86.4543	0.532683
1          	100.579         	998         	1000       	100            	200             	85.3875     	0.3  	84.25 	87.875	86.1116	0.579068
2          	100.455         	996         	998        	102            	198             	85.3303     	0.298	84.125	87.875	85.9147	0.65894 
5          	100.231         	990         	992        	105            	193             	85.1106     	0.292	84    	87.75 	85.6624	0.758157
7          	100.132         	986         	988        	108            	189             	85.0801     	0.288	83.625	87.625	85.5971	0.844991
8          	99.6604         	984         	986        	109            	187             	84.7688     	0.285	83.5  	87.625	85.5193	0.833935
10         	99.4865         	980         	982        	112            	183             	84.6276     	0.281	83.25 	87.75 	85.4385	0.877955
16         	99.2135         	968         	970        	119            	172             	84.4302     	0.269	83.125	87.875	85.1985	0.956375
19         	99.1141         	962         	964        	123            	167             	84.3775     	0.263	83    	87.5  	85.1275	1.00062 
20         	98.8908         	960         	962        	124            	165             	84.1771     	0.261	82.875	87.5  	85.0382	1.00905 
21         	98.7418         	958         	960        	125            	163             	84.0751     	0.259	82.75 	87.5  	84.9996	1.06992 
23         	98.6176         	954         	956        	128            	159             	83.995      	0.255	82.625	87.625	84.8897	1.10626 
24         	98.4686         	952         	954        	129            	158             	83.8914     	0.253	82.375	87.625	84.8079	1.13357 
25         	98.1707         	950         	952        	130            	156             	83.6933     	0.251	82.25 	87.875	84.6863	1.18348 
30         	98.0217         	940         	942        	136            	147             	83.5445     	0.240	82.125	87.875	84.0835	1.42488 
33         	97.8972         	934         	936        	140            	142             	83.4448     	0.234	82    	87.5  	83.8575	1.51792 
End Time (hh:mm:ss.ms) 2023-07-17 21:21:19.755630
Total Time (hh:mm:ss.ms) 0:00:08.317001
Individual: ([12, 14, 2, 0, 16, 13, 3, 8, 9, 4, 15, 10, 5, 1, 6, 11, 7, 17], [0, 1, 0, 0, 1, 1, 0, 1, 1, 1, 1, 1, 0, 0, 0, 1, 1, 0])
Fitness:  82.0
Gens:  [0, 1, 2, 3, 4, 5, 6, 7, 8, 9, 10, 11, 12, 13, 14, 15, 16, 17, 18, 19, 20, 21, 22, 23, 24, 25, 26, 27, 28, 29, 30, 31, 32, 33, 34, 35, 36, 37, 38, 39, 40, 41, 42, 43, 44, 45, 46, 47, 48, 49, 50, 51, 52, 53, 54, 55, 56, 57, 58, 59, 60, 61, 62, 63, 64, 65, 66, 67, 68, 69, 70, 71, 72, 73, 74, 75, 76, 77, 78, 79, 80, 81, 82, 83, 84, 85, 86, 87, 88, 89, 90, 91, 92, 93, 94, 95, 96, 97, 98]
Inds:  [84.375, 84.25, 84.125, 84.125, 84.125, 84.0, 84.0, 83.625, 83.5, 83.5, 83.25, 83.25, 83.25, 83.25, 83.25, 83.25, 83.125, 83.125, 83.125, 83.0, 82.875, 82.75, 82.75, 82.625, 82.375, 82.25, 82.25, 82.25, 82.25, 82.25, 82.125, 82.125, 82.125, 82.0, 82.0, 82.0, 82.0, 82.0, 82.0, 82.0, 82.0, 82.0, 82.0, 82.0, 82.0, 82.0, 82.0, 82.0, 82.0, 82.0, 82.0, 82.0, 82.0, 82.0, 82.0, 82.0, 82.0, 82.0, 82.0, 82.0, 82.0, 82.0, 82.0, 82.0, 82.0, 82.0, 82.0, 82.0, 82.0, 82.0, 82.0, 82.0, 82.0, 82.0, 82.0, 82.0, 82.0, 82.0, 82.0, 82.0, 82.0, 82.0, 82.0, 82.0, 82.0, 82.0, 82.0, 82.0, 82.0, 82.0, 82.0, 82.0, 82.0, 82.0, 82.0, 82.0, 82.0, 82.0, 82.0]

Execution 9:
Parameters: Y=0.998
Start Time (hh:mm:ss.ms) 2023-07-17 21:21:20.543631
generations	MaxGenenerations	Populationk1	Populationk	PopulationElite	PopulationMutant	fitnessElite	alpha	min  	max  	avg    	std     
0          	0               	0           	0          	0              	0               	0           	0    	84.25	87.75	86.4771	0.522337
1          	100.43          	998         	1000       	100            	200             	85.3        	0.3  	83.875	87.875	86.0417	0.616778
2          	100.008         	996         	998        	102            	198             	85.067      	0.298	83.75 	87.5  	85.8444	0.705332
4          	99.8593         	992         	994        	104            	194             	84.9627     	0.293	83.25 	87.625	85.5406	0.825477
6          	99.2383         	988         	990        	107            	191             	84.5547     	0.289	83.125	87.5  	85.2713	0.931547
10         	99.0645         	980         	982        	112            	183             	84.3932     	0.281	83    	87.5  	84.8895	1.05308 
11         	98.8908         	978         	980        	113            	181             	84.259      	0.279	82.5  	87.625	84.8483	1.0892  
18         	98.295          	964         	966        	122            	168             	83.8271     	0.265	82.25 	87.625	84.267 	1.34595 
21         	97.9972         	958         	960        	126            	163             	83.6107     	0.259	82    	87.75 	84.0783	1.42624 
25         	97.7238         	950         	952        	130            	156             	83.4112     	0.250	81.875	87.5  	83.9133	1.50909 
34         	97.5748         	932         	934        	141            	140             	83.2111     	0.232	81.75 	87.875	83.5892	1.66556 
End Time (hh:mm:ss.ms) 2023-07-17 21:21:28.794631
Total Time (hh:mm:ss.ms) 0:00:08.251000
Individual: ([17, 7, 9, 11, 6, 14, 2, 16, 13, 1, 5, 3, 0, 8, 10, 15, 4, 12], [1, 0, 0, 0, 0, 0, 0, 0, 0, 1, 1, 1, 1, 0, 0, 0, 0, 1])
Fitness:  81.75
Gens:  [0, 1, 2, 3, 4, 5, 6, 7, 8, 9, 10, 11, 12, 13, 14, 15, 16, 17, 18, 19, 20, 21, 22, 23, 24, 25, 26, 27, 28, 29, 30, 31, 32, 33, 34, 35, 36, 37, 38, 39, 40, 41, 42, 43, 44, 45, 46, 47, 48, 49, 50, 51, 52, 53, 54, 55, 56, 57, 58, 59, 60, 61, 62, 63, 64, 65, 66, 67, 68, 69, 70, 71, 72, 73, 74, 75, 76, 77, 78, 79, 80, 81, 82, 83, 84, 85, 86, 87, 88, 89, 90, 91, 92, 93, 94, 95, 96, 97, 98]
Inds:  [84.25, 83.875, 83.75, 83.75, 83.25, 83.25, 83.125, 83.125, 83.125, 83.125, 83.0, 82.5, 82.5, 82.5, 82.5, 82.5, 82.5, 82.5, 82.25, 82.25, 82.25, 82.0, 82.0, 82.0, 82.0, 81.875, 81.875, 81.875, 81.875, 81.875, 81.875, 81.875, 81.875, 81.875, 81.75, 81.75, 81.75, 81.75, 81.75, 81.75, 81.75, 81.75, 81.75, 81.75, 81.75, 81.75, 81.75, 81.75, 81.75, 81.75, 81.75, 81.75, 81.75, 81.75, 81.75, 81.75, 81.75, 81.75, 81.75, 81.75, 81.75, 81.75, 81.75, 81.75, 81.75, 81.75, 81.75, 81.75, 81.75, 81.75, 81.75, 81.75, 81.75, 81.75, 81.75, 81.75, 81.75, 81.75, 81.75, 81.75, 81.75, 81.75, 81.75, 81.75, 81.75, 81.75, 81.75, 81.75, 81.75, 81.75, 81.75, 81.75, 81.75, 81.75, 81.75, 81.75, 81.75, 81.75, 81.75]

Execution 10:
Parameters: Y=0.998
Start Time (hh:mm:ss.ms) 2023-07-17 21:21:29.600630
generations	MaxGenenerations	Populationk1	Populationk	PopulationElite	PopulationMutant	fitnessElite	alpha	min  	max  	avg    	std     
0          	0               	0           	0          	0              	0               	0           	0    	84.75	87.75	86.5062	0.501957
1          	101.026         	998         	1000       	100            	200             	85.65       	0.3  	84.25	87.5 	86.1584	0.571256
2          	100.38          	996         	998        	102            	198             	85.2185     	0.298	84   	87.875	85.9267	0.63752 
4          	100.107         	992         	994        	104            	194             	85.0658     	0.294	83.25	87.5  	85.6765	0.711995
6          	99.2631         	988         	990        	107            	191             	84.5909     	0.289	82.875	87.75 	85.3497	0.884183
8          	98.7418         	984         	986        	109            	187             	84.1969     	0.285	82.75 	87.5  	85.1439	0.982462
15         	98.6176         	970         	972        	118            	174             	84.0741     	0.271	82.375	87.75 	84.6267	1.20834 
22         	98.2198         	956         	958        	127            	161             	83.7898     	0.257	82.125	87.75 	84.2144	1.38087 
27         	97.9217         	946         	948        	133            	152             	83.5447     	0.246	82    	87.625	84.0754	1.43209 
32         	97.6749         	936         	938        	139            	143             	83.2713     	0.236	81.875	87.75 	83.9757	1.49299 
40         	97.526          	920         	922        	148            	129             	83.0851     	0.220	81.75 	87.625	83.7049	1.55814 
End Time (hh:mm:ss.ms) 2023-07-17 21:21:37.783630
Total Time (hh:mm:ss.ms) 0:00:08.183000
Individual: ([12, 2, 1, 5, 3, 13, 6, 14, 11, 16, 0, 10, 15, 4, 7, 9, 8, 17], [0, 0, 1, 1, 1, 0, 0, 0, 0, 0, 1, 0, 0, 0, 0, 0, 0, 0])
Fitness:  81.75
Gens:  [0, 1, 2, 3, 4, 5, 6, 7, 8, 9, 10, 11, 12, 13, 14, 15, 16, 17, 18, 19, 20, 21, 22, 23, 24, 25, 26, 27, 28, 29, 30, 31, 32, 33, 34, 35, 36, 37, 38, 39, 40, 41, 42, 43, 44, 45, 46, 47, 48, 49, 50, 51, 52, 53, 54, 55, 56, 57, 58, 59, 60, 61, 62, 63, 64, 65, 66, 67, 68, 69, 70, 71, 72, 73, 74, 75, 76, 77, 78, 79, 80, 81, 82, 83, 84, 85, 86, 87, 88, 89, 90, 91, 92, 93, 94, 95, 96, 97, 98]
Inds:  [84.75, 84.25, 84.0, 84.0, 83.25, 83.25, 82.875, 82.875, 82.75, 82.75, 82.75, 82.75, 82.75, 82.75, 82.75, 82.375, 82.375, 82.375, 82.375, 82.375, 82.375, 82.375, 82.125, 82.125, 82.125, 82.125, 82.125, 82.0, 82.0, 82.0, 82.0, 82.0, 81.875, 81.875, 81.875, 81.875, 81.875, 81.875, 81.875, 81.875, 81.75, 81.75, 81.75, 81.75, 81.75, 81.75, 81.75, 81.75, 81.75, 81.75, 81.75, 81.75, 81.75, 81.75, 81.75, 81.75, 81.75, 81.75, 81.75, 81.75, 81.75, 81.75, 81.75, 81.75, 81.75, 81.75, 81.75, 81.75, 81.75, 81.75, 81.75, 81.75, 81.75, 81.75, 81.75, 81.75, 81.75, 81.75, 81.75, 81.75, 81.75, 81.75, 81.75, 81.75, 81.75, 81.75, 81.75, 81.75, 81.75, 81.75, 81.75, 81.75, 81.75, 81.75, 81.75, 81.75, 81.75, 81.75, 81.75]

