A-BRKGA:

Execution 1:
Parameters: Y=0.999
Start Time (hh:mm:ss.ms) 2023-07-17 21:29:25.115000
generations	MaxGenenerations	Populationk1	Populationk	PopulationElite	PopulationMutant	fitnessElite	alpha	min  	max    	avg    	std     
0          	0               	0           	0          	0              	0               	0           	0    	110.5	114.375	112.665	0.628386
1          	123.897         	999         	1000       	100            	200             	111.662     	0.3  	110  	114.125	112.217	0.725269
2          	123.305         	998         	999        	102            	199             	111.231     	0.298	109.625	114.625	111.997	0.801958
5          	122.931         	995         	996        	105            	195             	111.056     	0.293	109.125	114.375	111.75 	0.886978
7          	122.324         	993         	994        	107            	192             	110.576     	0.290	108.875	114    	111.568	0.967124
15         	122.059         	985         	986        	116            	181             	110.364     	0.277	108.75 	114    	111.129	1.16589 
16         	121.889         	984         	985        	117            	179             	110.196     	0.275	108.5  	114.125	111.12 	1.16592 
18         	121.654         	982         	983        	119            	176             	110.098     	0.272	107.75 	114.25 	111    	1.21813 
29         	120.828         	971         	972        	131            	161             	109.462     	0.253	107.625	114    	110.228	1.5333  
30         	120.628         	970         	971        	132            	160             	109.231     	0.251	107.375	113.875	109.943	1.58823 
33         	120.363         	967         	968        	136            	155             	109.041     	0.246	107.25 	114.375	109.657	1.74428 
35         	120.223         	965         	966        	138            	153             	108.924     	0.243	107.125	113.875	109.533	1.82277 
38         	120.052         	962         	963        	141            	148             	108.734     	0.238	106.875	114.125	109.358	1.85797 
41         	119.832         	959         	960        	144            	144             	108.624     	0.233	106.75 	114.125	109.24 	1.91129 
53         	119.647         	947         	948        	157            	128             	108.295     	0.213	106.625	114.375	108.914	2.02751 
55         	119.522         	945         	946        	159            	125             	108.197     	0.209	106.375	114.5  	108.777	2.05522 
60         	119.272         	940         	941        	164            	119             	107.984     	0.201	106.25 	114.625	108.638	2.07111 
63         	119.087         	937         	938        	167            	115             	107.768     	0.195	106.125	114    	108.553	2.07923 
End Time (hh:mm:ss.ms) 2023-07-17 21:29:37.242000
Total Time (hh:mm:ss.ms) 0:00:12.127000
Individual: ([9, 11, 21, 2, 1, 22, 14, 6, 5, 15, 13, 12, 20, 0, 4, 17, 18, 8, 19, 16, 7, 3, 10], [0, 0, 1, 1, 1, 1, 1, 1, 1, 1, 1, 1, 1, 1, 1, 0, 0, 0, 0, 0, 0, 0, 0])
Fitness:  106.125
Gens:  [0, 1, 2, 3, 4, 5, 6, 7, 8, 9, 10, 11, 12, 13, 14, 15, 16, 17, 18, 19, 20, 21, 22, 23, 24, 25, 26, 27, 28, 29, 30, 31, 32, 33, 34, 35, 36, 37, 38, 39, 40, 41, 42, 43, 44, 45, 46, 47, 48, 49, 50, 51, 52, 53, 54, 55, 56, 57, 58, 59, 60, 61, 62, 63, 64, 65, 66, 67, 68, 69, 70, 71, 72, 73, 74, 75, 76, 77, 78, 79, 80, 81, 82, 83, 84, 85, 86, 87, 88, 89, 90, 91, 92, 93, 94, 95, 96, 97, 98, 99, 100, 101, 102, 103, 104, 105, 106, 107, 108, 109, 110, 111, 112, 113, 114, 115, 116, 117, 118, 119]
Inds:  [110.5, 110.0, 109.625, 109.625, 109.625, 109.125, 109.125, 108.875, 108.875, 108.875, 108.875, 108.875, 108.875, 108.875, 108.875, 108.75, 108.5, 108.5, 107.75, 107.75, 107.75, 107.75, 107.75, 107.75, 107.75, 107.75, 107.75, 107.75, 107.75, 107.625, 107.375, 107.375, 107.375, 107.25, 107.25, 107.125, 107.125, 107.125, 106.875, 106.875, 106.875, 106.75, 106.75, 106.75, 106.75, 106.75, 106.75, 106.75, 106.75, 106.75, 106.75, 106.75, 106.75, 106.625, 106.625, 106.375, 106.375, 106.375, 106.375, 106.375, 106.25, 106.25, 106.25, 106.125, 106.125, 106.125, 106.125, 106.125, 106.125, 106.125, 106.125, 106.125, 106.125, 106.125, 106.125, 106.125, 106.125, 106.125, 106.125, 106.125, 106.125, 106.125, 106.125, 106.125, 106.125, 106.125, 106.125, 106.125, 106.125, 106.125, 106.125, 106.125, 106.125, 106.125, 106.125, 106.125, 106.125, 106.125, 106.125, 106.125, 106.125, 106.125, 106.125, 106.125, 106.125, 106.125, 106.125, 106.125, 106.125, 106.125, 106.125, 106.125, 106.125, 106.125, 106.125, 106.125, 106.125, 106.125, 106.125, 106.125]

Execution 2:
Parameters: Y=0.999
Start Time (hh:mm:ss.ms) 2023-07-17 21:29:38.032002
generations	MaxGenenerations	Populationk1	Populationk	PopulationElite	PopulationMutant	fitnessElite	alpha	min   	max    	avg   	std     
0          	0               	0           	0          	0              	0               	0           	0    	110.25	114.375	112.65	0.620534
1          	123.616         	999         	1000       	100            	200             	111.487     	0.3  	110.125	114.25 	112.186	0.684945
2          	123.461         	998         	999        	102            	199             	111.356     	0.298	109.875	114    	112.031	0.758365
5          	123.15          	995         	996        	105            	195             	111.086     	0.293	109.75 	114.375	111.768	0.876381
7          	123.071         	993         	994        	107            	192             	111.129     	0.290	109.625	114.375	111.641	0.905183
10         	122.916         	990         	991        	110            	188             	110.98      	0.285	109.25 	114.125	111.555	0.938634
14         	122.464         	986         	987        	115            	182             	110.609     	0.278	109.125	114.125	111.445	1.0054  
15         	122.324         	985         	986        	116            	181             	110.511     	0.277	109    	114.25 	111.363	1.04443 
17         	122.169         	983         	984        	118            	178             	110.369     	0.273	108.75 	114    	111.177	1.10186 
18         	121.889         	982         	983        	119            	176             	110.179     	0.272	108.5  	114    	111.095	1.15864 
20         	121.639         	980         	981        	121            	174             	110.045     	0.268	108.25 	113.875	110.773	1.2192  
23         	121.359         	977         	978        	125            	169             	109.832     	0.263	107.75 	114.25 	110.447	1.34189 
25         	120.783         	975         	976        	127            	166             	109.409     	0.260	107.5  	114.125	110.188	1.46514 
26         	120.503         	974         	975        	128            	165             	109.213     	0.258	107.25 	114.5  	110.003	1.51754 
28         	120.268         	972         	973        	130            	162             	109.099     	0.255	107.125	114.375	109.785	1.65871 
30         	120.082         	970         	971        	133            	159             	108.887     	0.251	107    	113.75 	109.543	1.7458  
31         	119.897         	969         	970        	134            	158             	108.687     	0.249	106.75 	114.375	109.484	1.84764 
34         	119.662         	966         	967        	137            	154             	108.556     	0.244	106.625	114.25 	109.212	1.99798 
37         	119.507         	963         	964        	140            	150             	108.393     	0.239	106.5  	113.875	108.917	2.02989 
38         	119.352         	962         	963        	141            	148             	108.255     	0.237	106.375	114    	108.968	2.09143 
48         	119.242         	952         	953        	152            	135             	108.089     	0.221	106.25 	114.125	108.744	2.16098 
78         	119.042         	922         	923        	182            	95              	107.508     	0.170	106.125	114.375	107.981	2.12456 
End Time (hh:mm:ss.ms) 2023-07-17 21:29:50.752001
Total Time (hh:mm:ss.ms) 0:00:12.719999
Individual: ([9, 11, 16, 19, 8, 15, 13, 12, 20, 5, 6, 14, 22, 3, 21, 7, 18, 17, 0, 4, 2, 1, 10], [0, 0, 1, 1, 1, 1, 1, 0, 1, 0, 0, 0, 0, 1, 1, 0, 1, 1, 1, 1, 1, 1, 0])
Fitness:  106.125
Gens:  [0, 1, 2, 3, 4, 5, 6, 7, 8, 9, 10, 11, 12, 13, 14, 15, 16, 17, 18, 19, 20, 21, 22, 23, 24, 25, 26, 27, 28, 29, 30, 31, 32, 33, 34, 35, 36, 37, 38, 39, 40, 41, 42, 43, 44, 45, 46, 47, 48, 49, 50, 51, 52, 53, 54, 55, 56, 57, 58, 59, 60, 61, 62, 63, 64, 65, 66, 67, 68, 69, 70, 71, 72, 73, 74, 75, 76, 77, 78, 79, 80, 81, 82, 83, 84, 85, 86, 87, 88, 89, 90, 91, 92, 93, 94, 95, 96, 97, 98, 99, 100, 101, 102, 103, 104, 105, 106, 107, 108, 109, 110, 111, 112, 113, 114, 115, 116, 117, 118, 119]
Inds:  [110.25, 110.125, 109.875, 109.875, 109.875, 109.75, 109.75, 109.625, 109.625, 109.625, 109.25, 109.25, 109.25, 109.25, 109.125, 109.0, 109.0, 108.75, 108.5, 108.5, 108.25, 108.25, 108.25, 107.75, 107.75, 107.5, 107.25, 107.25, 107.125, 107.125, 107.0, 106.75, 106.75, 106.75, 106.625, 106.625, 106.625, 106.5, 106.375, 106.375, 106.375, 106.375, 106.375, 106.375, 106.375, 106.375, 106.375, 106.375, 106.25, 106.25, 106.25, 106.25, 106.25, 106.25, 106.25, 106.25, 106.25, 106.25, 106.25, 106.25, 106.25, 106.25, 106.25, 106.25, 106.25, 106.25, 106.25, 106.25, 106.25, 106.25, 106.25, 106.25, 106.25, 106.25, 106.25, 106.25, 106.25, 106.25, 106.125, 106.125, 106.125, 106.125, 106.125, 106.125, 106.125, 106.125, 106.125, 106.125, 106.125, 106.125, 106.125, 106.125, 106.125, 106.125, 106.125, 106.125, 106.125, 106.125, 106.125, 106.125, 106.125, 106.125, 106.125, 106.125, 106.125, 106.125, 106.125, 106.125, 106.125, 106.125, 106.125, 106.125, 106.125, 106.125, 106.125, 106.125, 106.125, 106.125, 106.125, 106.125]

Execution 3:
Parameters: Y=0.999
Start Time (hh:mm:ss.ms) 2023-07-17 21:29:51.531999
generations	MaxGenenerations	Populationk1	Populationk	PopulationElite	PopulationMutant	fitnessElite	alpha	min    	max  	avg    	std     
0          	0               	0           	0          	0              	0               	0           	0    	110.125	114.5	112.659	0.626798
2          	123.43          	998         	999        	102            	199             	111.281     	0.298	109.875	114.25	112.001	0.756846
3          	123.18          	997         	998        	103            	197             	111.173     	0.296	109.75 	114.25	111.9  	0.830511
5          	123.04          	995         	996        	105            	195             	111.071     	0.293	109.25 	114   	111.763	0.887754
8          	122.526         	992         	993        	108            	190             	110.801     	0.288	109.125	114.125	111.506	0.970069
9          	122.324         	991         	992        	109            	189             	110.56      	0.286	108.625	114    	111.43 	1.00555 
11         	121.81          	989         	990        	112            	186             	110.291     	0.283	108.5  	114    	111.299	1.08296 
15         	121.609         	985         	986        	116            	180             	110.023     	0.276	108.25 	114.125	110.878	1.26085 
16         	121.344         	984         	985        	117            	179             	109.867     	0.275	108    	114.125	110.737	1.3039  
18         	121.048         	982         	983        	119            	176             	109.631     	0.271	107.75 	114.125	110.456	1.38435 
19         	120.783         	981         	982        	121            	175             	109.472     	0.270	107.625	113.875	110.302	1.4805  
23         	120.673         	977         	978        	125            	169             	109.404     	0.263	107.375	114.375	110.029	1.63897 
29         	120.348         	971         	972        	131            	161             	109.054     	0.253	107.125	114.25 	109.658	1.7393  
32         	120.082         	968         	969        	135            	157             	108.864     	0.248	106.875	114.375	109.544	1.78067 
40         	119.817         	960         	961        	143            	146             	108.607     	0.234	106.625	114.125	109.164	1.91168 
41         	119.522         	959         	960        	145            	144             	108.373     	0.233	106.5  	114.125	109.098	1.928   
46         	119.397         	954         	955        	150            	137             	108.241     	0.224	106.25 	114.25 	108.895	1.98983 
56         	119.102         	944         	945        	160            	124             	107.885     	0.207	106.125	114    	108.559	2.12297 
61         	118.991         	939         	940        	165            	117             	107.768     	0.199	105.875	114.375	108.271	2.16128 
81         	118.666         	919         	920        	185            	91              	107.217     	0.165	105.75 	114.25 	107.718	2.20346 
End Time (hh:mm:ss.ms) 2023-07-17 21:30:03.693001
Total Time (hh:mm:ss.ms) 0:00:12.161002
Individual: ([9, 11, 20, 14, 22, 0, 17, 18, 7, 16, 19, 8, 15, 13, 12, 6, 5, 21, 1, 3, 4, 2, 10], [0, 0, 0, 0, 0, 0, 0, 0, 1, 1, 1, 1, 1, 1, 1, 1, 1, 1, 1, 1, 1, 1, 0])
Fitness:  105.75
Gens:  [0, 1, 2, 3, 4, 5, 6, 7, 8, 9, 10, 11, 12, 13, 14, 15, 16, 17, 18, 19, 20, 21, 22, 23, 24, 25, 26, 27, 28, 29, 30, 31, 32, 33, 34, 35, 36, 37, 38, 39, 40, 41, 42, 43, 44, 45, 46, 47, 48, 49, 50, 51, 52, 53, 54, 55, 56, 57, 58, 59, 60, 61, 62, 63, 64, 65, 66, 67, 68, 69, 70, 71, 72, 73, 74, 75, 76, 77, 78, 79, 80, 81, 82, 83, 84, 85, 86, 87, 88, 89, 90, 91, 92, 93, 94, 95, 96, 97, 98, 99, 100, 101, 102, 103, 104, 105, 106, 107, 108, 109, 110, 111, 112, 113, 114, 115, 116, 117, 118, 119]
Inds:  [110.125, 110.125, 109.875, 109.75, 109.75, 109.25, 109.25, 109.25, 109.125, 108.625, 108.625, 108.5, 108.5, 108.5, 108.5, 108.25, 108.0, 108.0, 107.75, 107.625, 107.625, 107.625, 107.625, 107.375, 107.375, 107.375, 107.375, 107.375, 107.375, 107.125, 107.125, 107.125, 106.875, 106.875, 106.875, 106.875, 106.875, 106.875, 106.875, 106.875, 106.625, 106.5, 106.5, 106.5, 106.5, 106.5, 106.25, 106.25, 106.25, 106.25, 106.25, 106.25, 106.25, 106.25, 106.25, 106.25, 106.125, 106.125, 106.125, 106.125, 106.125, 105.875, 105.875, 105.875, 105.875, 105.875, 105.875, 105.875, 105.875, 105.875, 105.875, 105.875, 105.875, 105.875, 105.875, 105.875, 105.875, 105.875, 105.875, 105.875, 105.875, 105.75, 105.75, 105.75, 105.75, 105.75, 105.75, 105.75, 105.75, 105.75, 105.75, 105.75, 105.75, 105.75, 105.75, 105.75, 105.75, 105.75, 105.75, 105.75, 105.75, 105.75, 105.75, 105.75, 105.75, 105.75, 105.75, 105.75, 105.75, 105.75, 105.75, 105.75, 105.75, 105.75, 105.75, 105.75, 105.75, 105.75, 105.75, 105.75]

Execution 4:
Parameters: Y=0.999
Start Time (hh:mm:ss.ms) 2023-07-17 21:30:04.430001
generations	MaxGenenerations	Populationk1	Populationk	PopulationElite	PopulationMutant	fitnessElite	alpha	min  	max    	avg    	std     
0          	0               	0           	0          	0              	0               	0           	0    	110.5	114.875	112.673	0.620059
1          	123.959         	999         	1000       	100            	200             	111.812     	0.3  	110.25	114.375	112.288	0.678087
2          	123.616         	998         	999        	102            	199             	111.481     	0.298	109.625	114.375	112.137	0.743113
4          	122.9           	996         	997        	104            	196             	110.99      	0.295	109.5  	114    	111.895	0.824332
7          	122.729         	993         	994        	107            	192             	110.806     	0.290	109.25 	113.875	111.642	0.912861
10         	122.464         	990         	991        	110            	188             	110.641     	0.285	109    	113.875	111.32 	1.03388 
12         	122.2           	988         	989        	113            	185             	110.48      	0.281	108.625	114.125	111.153	1.12238 
14         	121.764         	986         	987        	115            	182             	110.158     	0.278	108.5  	114.25 	110.942	1.17922 
17         	121.609         	983         	984        	118            	178             	110.005     	0.273	108.375	114.125	110.715	1.31338 
18         	121.484         	982         	983        	119            	176             	109.939     	0.272	108    	114.125	110.62 	1.33409 
20         	121.048         	980         	981        	122            	173             	109.612     	0.268	107.625	114.25 	110.34 	1.41292 
23         	120.643         	977         	978        	125            	169             	109.338     	0.263	107.5  	114    	110.137	1.55041 
28         	120.518         	972         	973        	130            	162             	109.223     	0.255	107.125	114.375	109.842	1.71563 
32         	120.067         	968         	969        	135            	157             	108.832     	0.248	107    	114    	109.506	1.81895 
36         	119.942         	964         	965        	139            	151             	108.722     	0.241	106.875	114.125	109.372	1.87703 
39         	119.862         	961         	962        	142            	147             	108.709     	0.236	106.75 	114.125	109.258	1.92988 
47         	119.677         	953         	954        	151            	136             	108.423     	0.223	106.625	114.375	108.964	1.97524 
53         	119.492         	947         	948        	157            	128             	108.169     	0.212	106.5  	114    	108.78 	2.04301 
End Time (hh:mm:ss.ms) 2023-07-17 21:30:16.680006
Total Time (hh:mm:ss.ms) 0:00:12.250005
Individual: ([10, 7, 5, 17, 18, 8, 19, 16, 11, 21, 2, 3, 4, 0, 20, 12, 13, 15, 6, 14, 22, 1, 9], [1, 0, 0, 0, 0, 0, 0, 0, 0, 1, 1, 0, 0, 0, 0, 0, 0, 0, 0, 0, 0, 0, 1])
Fitness:  106.5
Gens:  [0, 1, 2, 3, 4, 5, 6, 7, 8, 9, 10, 11, 12, 13, 14, 15, 16, 17, 18, 19, 20, 21, 22, 23, 24, 25, 26, 27, 28, 29, 30, 31, 32, 33, 34, 35, 36, 37, 38, 39, 40, 41, 42, 43, 44, 45, 46, 47, 48, 49, 50, 51, 52, 53, 54, 55, 56, 57, 58, 59, 60, 61, 62, 63, 64, 65, 66, 67, 68, 69, 70, 71, 72, 73, 74, 75, 76, 77, 78, 79, 80, 81, 82, 83, 84, 85, 86, 87, 88, 89, 90, 91, 92, 93, 94, 95, 96, 97, 98, 99, 100, 101, 102, 103, 104, 105, 106, 107, 108, 109, 110, 111, 112, 113, 114, 115, 116, 117, 118, 119, 120]
Inds:  [110.5, 110.25, 109.625, 109.625, 109.5, 109.5, 109.5, 109.25, 109.25, 109.25, 109.0, 109.0, 108.625, 108.625, 108.5, 108.5, 108.5, 108.375, 108.0, 108.0, 107.625, 107.625, 107.625, 107.5, 107.5, 107.5, 107.5, 107.5, 107.125, 107.125, 107.125, 107.125, 107.0, 107.0, 107.0, 107.0, 106.875, 106.875, 106.875, 106.75, 106.75, 106.75, 106.75, 106.75, 106.75, 106.75, 106.75, 106.625, 106.625, 106.625, 106.625, 106.625, 106.625, 106.5, 106.5, 106.5, 106.5, 106.5, 106.5, 106.5, 106.5, 106.5, 106.5, 106.5, 106.5, 106.5, 106.5, 106.5, 106.5, 106.5, 106.5, 106.5, 106.5, 106.5, 106.5, 106.5, 106.5, 106.5, 106.5, 106.5, 106.5, 106.5, 106.5, 106.5, 106.5, 106.5, 106.5, 106.5, 106.5, 106.5, 106.5, 106.5, 106.5, 106.5, 106.5, 106.5, 106.5, 106.5, 106.5, 106.5, 106.5, 106.5, 106.5, 106.5, 106.5, 106.5, 106.5, 106.5, 106.5, 106.5, 106.5, 106.5, 106.5, 106.5, 106.5, 106.5, 106.5, 106.5, 106.5, 106.5, 106.5]

Execution 5:
Parameters: Y=0.999
Start Time (hh:mm:ss.ms) 2023-07-17 21:30:17.446001
generations	MaxGenenerations	Populationk1	Populationk	PopulationElite	PopulationMutant	fitnessElite	alpha	min   	max  	avg    	std     
0          	0               	0           	0          	0              	0               	0           	0    	110.25	114.5	112.665	0.648231
2          	123.601         	998         	999        	102            	199             	111.444     	0.298	109.875	114.25	111.983	0.769002
3          	123.18          	997         	998        	103            	197             	111.173     	0.296	109.75 	114.25	111.915	0.828053
5          	123.071         	995         	996        	105            	195             	111.144     	0.293	109.25 	114   	111.722	0.898684
9          	122.464         	991         	992        	109            	189             	110.649     	0.286	108.875	114.125	111.499	1.02345 
14         	122.044         	986         	987        	115            	182             	110.338     	0.278	108.5  	114.125	111.11 	1.15808 
15         	121.624         	985         	986        	116            	180             	110.058     	0.276	108.375	114.375	111.013	1.19034 
16         	121.514         	984         	985        	117            	179             	110.027     	0.275	108.25 	114.5  	110.841	1.28453 
18         	121.419         	982         	983        	119            	176             	110.018     	0.271	107.875	114.125	110.521	1.36273 
19         	120.923         	981         	982        	121            	175             	109.564     	0.270	107.75 	114.375	110.285	1.44108 
21         	120.828         	979         	980        	123            	172             	109.552     	0.266	107.625	114    	110.093	1.56254 
22         	120.628         	978         	979        	124            	171             	109.316     	0.265	107.5  	114.375	110.015	1.62249 
24         	120.563         	976         	977        	126            	168             	109.366     	0.261	107.125	114.5  	109.86 	1.68927 
26         	120.112         	974         	975        	128            	165             	108.998     	0.258	106.625	114.375	109.648	1.77831 
34         	119.522         	966         	967        	137            	154             	108.461     	0.244	106.25 	114.125	109.098	2.13627 
48         	119.102         	952         	953        	152            	135             	107.991     	0.221	106.125	114    	108.552	2.27347 
End Time (hh:mm:ss.ms) 2023-07-17 21:30:30.026000
Total Time (hh:mm:ss.ms) 0:00:12.579999
Individual: ([9, 11, 5, 4, 1, 14, 22, 3, 0, 17, 20, 6, 12, 13, 15, 18, 7, 16, 19, 8, 21, 2, 10], [0, 0, 0, 0, 1, 0, 0, 1, 0, 0, 0, 0, 0, 0, 0, 1, 1, 0, 1, 1, 1, 1, 0])
Fitness:  106.125
Gens:  [0, 1, 2, 3, 4, 5, 6, 7, 8, 9, 10, 11, 12, 13, 14, 15, 16, 17, 18, 19, 20, 21, 22, 23, 24, 25, 26, 27, 28, 29, 30, 31, 32, 33, 34, 35, 36, 37, 38, 39, 40, 41, 42, 43, 44, 45, 46, 47, 48, 49, 50, 51, 52, 53, 54, 55, 56, 57, 58, 59, 60, 61, 62, 63, 64, 65, 66, 67, 68, 69, 70, 71, 72, 73, 74, 75, 76, 77, 78, 79, 80, 81, 82, 83, 84, 85, 86, 87, 88, 89, 90, 91, 92, 93, 94, 95, 96, 97, 98, 99, 100, 101, 102, 103, 104, 105, 106, 107, 108, 109, 110, 111, 112, 113, 114, 115, 116, 117, 118, 119]
Inds:  [110.25, 110.25, 109.875, 109.75, 109.75, 109.25, 109.25, 109.25, 109.25, 108.875, 108.875, 108.875, 108.875, 108.875, 108.5, 108.375, 108.25, 108.25, 107.875, 107.75, 107.75, 107.625, 107.5, 107.5, 107.125, 107.125, 106.625, 106.625, 106.625, 106.625, 106.625, 106.625, 106.625, 106.625, 106.25, 106.25, 106.25, 106.25, 106.25, 106.25, 106.25, 106.25, 106.25, 106.25, 106.25, 106.25, 106.25, 106.25, 106.125, 106.125, 106.125, 106.125, 106.125, 106.125, 106.125, 106.125, 106.125, 106.125, 106.125, 106.125, 106.125, 106.125, 106.125, 106.125, 106.125, 106.125, 106.125, 106.125, 106.125, 106.125, 106.125, 106.125, 106.125, 106.125, 106.125, 106.125, 106.125, 106.125, 106.125, 106.125, 106.125, 106.125, 106.125, 106.125, 106.125, 106.125, 106.125, 106.125, 106.125, 106.125, 106.125, 106.125, 106.125, 106.125, 106.125, 106.125, 106.125, 106.125, 106.125, 106.125, 106.125, 106.125, 106.125, 106.125, 106.125, 106.125, 106.125, 106.125, 106.125, 106.125, 106.125, 106.125, 106.125, 106.125, 106.125, 106.125, 106.125, 106.125, 106.125, 106.125]

Execution 6:
Parameters: Y=0.999
Start Time (hh:mm:ss.ms) 2023-07-17 21:30:30.759001
generations	MaxGenenerations	Populationk1	Populationk	PopulationElite	PopulationMutant	fitnessElite	alpha	min   	max    	avg    	std     
0          	0               	0           	0          	0              	0               	0           	0    	110.75	114.375	112.634	0.613159
1          	124.177         	999         	1000       	100            	200             	111.838     	0.3  	110.25	114.5  	112.279	0.683133
2          	123.632         	998         	999        	102            	199             	111.518     	0.298	109.75	114    	112.127	0.749245
4          	123.025         	996         	997        	104            	196             	111.041     	0.295	109.5 	114.375	111.792	0.835298
5          	122.775         	995         	996        	105            	195             	110.931     	0.293	109.125	114.5  	111.758	0.908793
7          	122.294         	993         	994        	107            	192             	110.503     	0.290	108.75 	114.25 	111.518	0.967447
9          	121.95          	991         	992        	109            	189             	110.4       	0.286	108.625	114.375	111.269	1.09781 
10         	121.794         	990         	991        	110            	188             	110.265     	0.285	108.5  	114.125	111.144	1.14012 
12         	121.639         	988         	989        	113            	185             	110.121     	0.281	108.375	114.375	110.961	1.19365 
13         	121.514         	987         	988        	114            	183             	110.056     	0.280	108.25 	114.25 	110.877	1.23409 
15         	121.359         	985         	986        	116            	180             	109.912     	0.276	108    	114.375	110.643	1.30177 
17         	121.094         	983         	984        	118            	178             	109.744     	0.273	107.75 	114.25 	110.419	1.3887  
19         	120.828         	981         	982        	121            	175             	109.574     	0.270	107.25 	114.5  	110.281	1.48047 
22         	120.208         	978         	979        	124            	170             	109.039     	0.265	107    	114.375	110.03 	1.60097 
26         	119.927         	974         	975        	128            	165             	108.808     	0.258	106.875	114.375	109.666	1.7283  
28         	119.772         	972         	973        	131            	162             	108.659     	0.254	106.75 	114.375	109.499	1.82854 
29         	119.692         	971         	972        	132            	161             	108.681     	0.253	106.625	114.25 	109.409	1.88324 
34         	119.522         	966         	967        	137            	154             	108.461     	0.244	106.375	113.75 	109.104	1.99782 
35         	119.197         	965         	966        	138            	152             	108.167     	0.242	106.25 	113.875	108.974	2.02342 
40         	119.146         	960         	961        	144            	145             	108.185     	0.234	106.125	114.25 	108.775	2.21277 
41         	118.976         	959         	960        	145            	144             	108.016     	0.232	105.75 	114    	108.755	2.18132 
End Time (hh:mm:ss.ms) 2023-07-17 21:30:43.434001
Total Time (hh:mm:ss.ms) 0:00:12.675000
Individual: ([9, 7, 17, 0, 2, 4, 3, 22, 14, 6, 5, 18, 15, 13, 12, 20, 8, 19, 16, 11, 21, 1, 10], [0, 0, 1, 1, 0, 0, 0, 1, 1, 1, 1, 0, 1, 1, 1, 1, 0, 0, 0, 0, 1, 0, 0])
Fitness:  105.75
Gens:  [0, 1, 2, 3, 4, 5, 6, 7, 8, 9, 10, 11, 12, 13, 14, 15, 16, 17, 18, 19, 20, 21, 22, 23, 24, 25, 26, 27, 28, 29, 30, 31, 32, 33, 34, 35, 36, 37, 38, 39, 40, 41, 42, 43, 44, 45, 46, 47, 48, 49, 50, 51, 52, 53, 54, 55, 56, 57, 58, 59, 60, 61, 62, 63, 64, 65, 66, 67, 68, 69, 70, 71, 72, 73, 74, 75, 76, 77, 78, 79, 80, 81, 82, 83, 84, 85, 86, 87, 88, 89, 90, 91, 92, 93, 94, 95, 96, 97, 98, 99, 100, 101, 102, 103, 104, 105, 106, 107, 108, 109, 110, 111, 112, 113, 114, 115, 116, 117, 118, 119]
Inds:  [110.75, 110.25, 109.75, 109.75, 109.5, 109.125, 109.125, 108.75, 108.75, 108.625, 108.5, 108.5, 108.375, 108.25, 108.25, 108.0, 108.0, 107.75, 107.75, 107.25, 107.25, 107.25, 107.0, 107.0, 107.0, 107.0, 106.875, 106.875, 106.75, 106.625, 106.625, 106.625, 106.625, 106.625, 106.375, 106.25, 106.25, 106.25, 106.25, 106.25, 106.125, 105.75, 105.75, 105.75, 105.75, 105.75, 105.75, 105.75, 105.75, 105.75, 105.75, 105.75, 105.75, 105.75, 105.75, 105.75, 105.75, 105.75, 105.75, 105.75, 105.75, 105.75, 105.75, 105.75, 105.75, 105.75, 105.75, 105.75, 105.75, 105.75, 105.75, 105.75, 105.75, 105.75, 105.75, 105.75, 105.75, 105.75, 105.75, 105.75, 105.75, 105.75, 105.75, 105.75, 105.75, 105.75, 105.75, 105.75, 105.75, 105.75, 105.75, 105.75, 105.75, 105.75, 105.75, 105.75, 105.75, 105.75, 105.75, 105.75, 105.75, 105.75, 105.75, 105.75, 105.75, 105.75, 105.75, 105.75, 105.75, 105.75, 105.75, 105.75, 105.75, 105.75, 105.75, 105.75, 105.75, 105.75, 105.75, 105.75]

Execution 7:
Parameters: Y=0.999
Start Time (hh:mm:ss.ms) 2023-07-17 21:30:44.224002
generations	MaxGenenerations	Populationk1	Populationk	PopulationElite	PopulationMutant	fitnessElite	alpha	min	max   	avg    	std    
0          	0               	0           	0          	0              	0               	0           	0    	110	114.75	112.636	0.62327
2          	123.351         	998         	999        	102            	199             	111.343     	0.298	109.875	114.25	111.996	0.791709
4          	123.18          	996         	997        	104            	196             	111.166     	0.295	109.625	114   	111.782	0.892926
5          	122.869         	995         	996        	105            	195             	110.909     	0.293	109.5  	114.25	111.654	0.902588
7          	122.775         	993         	994        	107            	192             	110.915     	0.290	109.375	114.25 	111.587	0.953149
9          	122.651         	991         	992        	109            	189             	110.846     	0.286	109.25 	114    	111.472	0.990903
10         	122.449         	990         	991        	110            	188             	110.605     	0.285	108.5  	114.125	111.415	1.04167 
11         	121.624         	989         	990        	112            	186             	110.095     	0.283	108.25 	114.125	111.3  	1.1036  
16         	121.344         	984         	985        	117            	179             	109.867     	0.275	108    	114.25 	110.679	1.30141 
19         	121.094         	981         	982        	120            	175             	109.723     	0.270	107.5  	114.125	110.356	1.43683 
23         	120.548         	977         	978        	125            	169             	109.345     	0.263	107.375	114    	110.117	1.59076 
25         	120.378         	975         	976        	127            	166             	109.163     	0.260	107.25 	114    	109.943	1.62316 
27         	120.238         	973         	974        	129            	164             	109.047     	0.256	107.125	114.125	109.793	1.72008 
28         	120.082         	972         	973        	130            	162             	108.91      	0.255	106.875	114.125	109.683	1.76801 
30         	119.847         	970         	971        	133            	159             	108.793     	0.251	106.5  	114.125	109.515	1.85816 
35         	119.367         	965         	966        	138            	152             	108.323     	0.243	106.25 	114.25 	109.088	1.9719  
39         	119.131         	961         	962        	143            	147             	108.169     	0.236	106    	113.75 	108.98 	2.05575 
48         	118.851         	952         	953        	152            	134             	107.85      	0.220	105.875	114    	108.468	2.21654 
End Time (hh:mm:ss.ms) 2023-07-17 21:30:56.232000
Total Time (hh:mm:ss.ms) 0:00:12.007998
Individual: ([10, 2, 1, 0, 17, 20, 12, 13, 15, 8, 19, 7, 18, 6, 14, 22, 3, 4, 21, 5, 11, 16, 9], [1, 0, 0, 0, 0, 0, 1, 0, 0, 0, 0, 0, 0, 0, 0, 0, 1, 1, 0, 0, 1, 1, 1])
Fitness:  105.875
Gens:  [0, 1, 2, 3, 4, 5, 6, 7, 8, 9, 10, 11, 12, 13, 14, 15, 16, 17, 18, 19, 20, 21, 22, 23, 24, 25, 26, 27, 28, 29, 30, 31, 32, 33, 34, 35, 36, 37, 38, 39, 40, 41, 42, 43, 44, 45, 46, 47, 48, 49, 50, 51, 52, 53, 54, 55, 56, 57, 58, 59, 60, 61, 62, 63, 64, 65, 66, 67, 68, 69, 70, 71, 72, 73, 74, 75, 76, 77, 78, 79, 80, 81, 82, 83, 84, 85, 86, 87, 88, 89, 90, 91, 92, 93, 94, 95, 96, 97, 98, 99, 100, 101, 102, 103, 104, 105, 106, 107, 108, 109, 110, 111, 112, 113, 114, 115, 116, 117, 118, 119]
Inds:  [110.0, 110.0, 109.875, 109.875, 109.625, 109.5, 109.5, 109.375, 109.375, 109.25, 108.5, 108.25, 108.25, 108.25, 108.25, 108.25, 108.0, 108.0, 108.0, 107.5, 107.5, 107.5, 107.5, 107.375, 107.375, 107.25, 107.25, 107.125, 106.875, 106.875, 106.5, 106.5, 106.5, 106.5, 106.5, 106.25, 106.25, 106.25, 106.25, 106.0, 106.0, 106.0, 106.0, 106.0, 106.0, 106.0, 106.0, 106.0, 105.875, 105.875, 105.875, 105.875, 105.875, 105.875, 105.875, 105.875, 105.875, 105.875, 105.875, 105.875, 105.875, 105.875, 105.875, 105.875, 105.875, 105.875, 105.875, 105.875, 105.875, 105.875, 105.875, 105.875, 105.875, 105.875, 105.875, 105.875, 105.875, 105.875, 105.875, 105.875, 105.875, 105.875, 105.875, 105.875, 105.875, 105.875, 105.875, 105.875, 105.875, 105.875, 105.875, 105.875, 105.875, 105.875, 105.875, 105.875, 105.875, 105.875, 105.875, 105.875, 105.875, 105.875, 105.875, 105.875, 105.875, 105.875, 105.875, 105.875, 105.875, 105.875, 105.875, 105.875, 105.875, 105.875, 105.875, 105.875, 105.875, 105.875, 105.875, 105.875]

Execution 8:
Parameters: Y=0.999
Start Time (hh:mm:ss.ms) 2023-07-17 21:30:57.014000
generations	MaxGenenerations	Populationk1	Populationk	PopulationElite	PopulationMutant	fitnessElite	alpha	min	max  	avg    	std     
0          	0               	0           	0          	0              	0               	0           	0    	110	114.5	112.639	0.677734
3          	123.336         	997         	998        	103            	197             	111.298     	0.296	109.75	113.875	111.918	0.86399 
4          	122.994         	996         	997        	104            	196             	110.967     	0.295	109.375	114    	111.763	0.876601
7          	122.605         	993         	994        	107            	192             	110.754     	0.290	109.25 	114.125	111.545	0.981745
10         	122.48          	990         	991        	110            	188             	110.677     	0.285	109.125	114.25 	111.415	1.0648  
11         	122.34          	989         	990        	112            	186             	110.579     	0.283	109    	114.125	111.418	1.0606  
14         	122.154         	986         	987        	115            	182             	110.359     	0.278	108.875	113.75 	111.232	1.07767 
19         	122.075         	981         	982        	120            	175             	110.363     	0.270	108.75 	114.125	111.064	1.14855 
20         	121.904         	980         	981        	121            	174             	110.195     	0.268	108.375	114.625	111.028	1.19244 
23         	121.499         	977         	978        	125            	169             	109.925     	0.263	108.125	114.25 	110.832	1.22596 
25         	121.188         	975         	976        	127            	167             	109.655     	0.260	107.875	113.875	110.678	1.27975 
29         	120.938         	971         	972        	131            	161             	109.492     	0.253	107.5  	114.5  	110.314	1.41848 
34         	120.488         	966         	967        	137            	154             	109.094     	0.245	107.375	114    	109.814	1.66062 
36         	120.378         	964         	965        	139            	151             	109.038     	0.241	107.25 	114.375	109.661	1.73991 
38         	120.268         	962         	963        	141            	149             	108.979     	0.238	107.125	114.125	109.59 	1.81664 
42         	120.082         	958         	959        	145            	143             	108.747     	0.231	107    	114.125	109.299	1.9198  
50         	119.972         	950         	951        	154            	132             	108.61      	0.218	106.875	114.5  	109.142	1.97776 
55         	119.802         	945         	946        	159            	126             	108.396     	0.209	106.75 	114    	109.012	1.99329 
64         	119.677         	936         	937        	168            	114             	108.21      	0.194	106.625	114.25 	108.664	1.99102 
66         	119.507         	934         	935        	170            	111             	108.035     	0.191	106.5  	114.25 	108.486	2.06267 
76         	119.337         	924         	925        	180            	98              	107.764     	0.174	106.375	114    	108.228	2.06885 
End Time (hh:mm:ss.ms) 2023-07-17 21:31:09.182001
Total Time (hh:mm:ss.ms) 0:00:12.168001
Individual: ([10, 2, 6, 14, 22, 1, 4, 3, 12, 0, 5, 17, 20, 13, 15, 18, 8, 19, 7, 21, 11, 16, 9], [1, 0, 0, 0, 0, 0, 0, 0, 0, 0, 1, 0, 0, 0, 0, 0, 0, 0, 0, 0, 1, 1, 1])
Fitness:  106.375
Gens:  [0, 1, 2, 3, 4, 5, 6, 7, 8, 9, 10, 11, 12, 13, 14, 15, 16, 17, 18, 19, 20, 21, 22, 23, 24, 25, 26, 27, 28, 29, 30, 31, 32, 33, 34, 35, 36, 37, 38, 39, 40, 41, 42, 43, 44, 45, 46, 47, 48, 49, 50, 51, 52, 53, 54, 55, 56, 57, 58, 59, 60, 61, 62, 63, 64, 65, 66, 67, 68, 69, 70, 71, 72, 73, 74, 75, 76, 77, 78, 79, 80, 81, 82, 83, 84, 85, 86, 87, 88, 89, 90, 91, 92, 93, 94, 95, 96, 97, 98, 99, 100, 101, 102, 103, 104, 105, 106, 107, 108, 109, 110, 111, 112, 113, 114, 115, 116, 117, 118, 119, 120]
Inds:  [110.0, 110.0, 110.0, 109.75, 109.375, 109.375, 109.375, 109.25, 109.25, 109.25, 109.125, 109.0, 109.0, 109.0, 108.875, 108.875, 108.875, 108.875, 108.875, 108.75, 108.375, 108.375, 108.375, 108.125, 108.125, 107.875, 107.875, 107.875, 107.875, 107.5, 107.5, 107.5, 107.5, 107.5, 107.375, 107.375, 107.25, 107.25, 107.125, 107.125, 107.125, 107.125, 107.0, 107.0, 107.0, 107.0, 107.0, 107.0, 107.0, 107.0, 106.875, 106.875, 106.875, 106.875, 106.875, 106.75, 106.75, 106.75, 106.75, 106.75, 106.75, 106.75, 106.75, 106.75, 106.625, 106.625, 106.5, 106.5, 106.5, 106.5, 106.5, 106.5, 106.5, 106.5, 106.5, 106.5, 106.375, 106.375, 106.375, 106.375, 106.375, 106.375, 106.375, 106.375, 106.375, 106.375, 106.375, 106.375, 106.375, 106.375, 106.375, 106.375, 106.375, 106.375, 106.375, 106.375, 106.375, 106.375, 106.375, 106.375, 106.375, 106.375, 106.375, 106.375, 106.375, 106.375, 106.375, 106.375, 106.375, 106.375, 106.375, 106.375, 106.375, 106.375, 106.375, 106.375, 106.375, 106.375, 106.375, 106.375, 106.375]

Execution 9:
Parameters: Y=0.999
Start Time (hh:mm:ss.ms) 2023-07-17 21:31:09.946000
generations	MaxGenenerations	Populationk1	Populationk	PopulationElite	PopulationMutant	fitnessElite	alpha	min    	max    	avg    	std     
0          	0               	0           	0          	0              	0               	0           	0    	110.625	114.625	112.636	0.615749
2          	124.052         	998         	999        	102            	199             	111.781     	0.298	109.875	114.375	112.094	0.712971
5          	123.211         	995         	996        	105            	195             	111.232     	0.293	109.625	114.125	111.807	0.851476
6          	122.885         	994         	995        	106            	193             	110.938     	0.291	109.5  	114.125	111.731	0.891128
7          	122.745         	993         	994        	107            	192             	110.842     	0.290	109.125	114    	111.629	0.902058
13         	122.34          	987         	988        	114            	183             	110.562     	0.280	108.75 	114.25 	111.344	1.07582 
18         	121.904         	982         	983        	119            	176             	110.213     	0.272	108.25 	114.375	111.016	1.16362 
19         	121.374         	981         	982        	120            	175             	109.906     	0.270	108    	114    	110.918	1.24386 
24         	121.033         	976         	977        	126            	168             	109.539     	0.261	107.75 	114.25 	110.282	1.40568 
25         	120.798         	975         	976        	127            	166             	109.442     	0.260	107.5  	114    	110.104	1.4994  
27         	120.533         	973         	974        	129            	164             	109.266     	0.256	107.375	114    	109.936	1.60227 
29         	120.348         	971         	972        	131            	161             	109.054     	0.253	107.25 	114.5  	109.764	1.70601 
30         	120.268         	970         	971        	133            	159             	109.075     	0.251	107.125	114.125	109.67 	1.72565 
31         	120.082         	969         	970        	134            	158             	108.875     	0.250	107    	114.125	109.615	1.8101  
32         	119.942         	968         	969        	135            	157             	108.769     	0.248	106.875	114.125	109.509	1.78129 
35         	119.787         	965         	966        	138            	152             	108.608     	0.243	106.625	114.125	109.302	1.87367 
37         	119.507         	963         	964        	140            	150             	108.393     	0.239	106.5  	114.375	109.239	1.96859 
38         	119.412         	962         	963        	141            	148             	108.374     	0.238	106.375	114.25 	109.031	1.96856 
40         	119.212         	960         	961        	144            	145             	108.134     	0.234	106.25 	114    	108.983	2.04984 
45         	119.116         	955         	956        	149            	139             	108.059     	0.226	106.125	114    	108.723	2.18858 
81         	118.947         	919         	920        	185            	92              	107.428     	0.165	106    	114.375	108.019	2.19152 
End Time (hh:mm:ss.ms) 2023-07-17 21:31:21.915000
Total Time (hh:mm:ss.ms) 0:00:11.969000
Individual: ([10, 0, 17, 20, 13, 15, 18, 8, 19, 16, 7, 5, 4, 3, 1, 2, 6, 12, 14, 22, 21, 11, 9], [1, 0, 0, 0, 0, 0, 0, 0, 0, 0, 0, 0, 0, 0, 0, 0, 0, 1, 0, 0, 0, 1, 1])
Fitness:  106.0
Gens:  [0, 1, 2, 3, 4, 5, 6, 7, 8, 9, 10, 11, 12, 13, 14, 15, 16, 17, 18, 19, 20, 21, 22, 23, 24, 25, 26, 27, 28, 29, 30, 31, 32, 33, 34, 35, 36, 37, 38, 39, 40, 41, 42, 43, 44, 45, 46, 47, 48, 49, 50, 51, 52, 53, 54, 55, 56, 57, 58, 59, 60, 61, 62, 63, 64, 65, 66, 67, 68, 69, 70, 71, 72, 73, 74, 75, 76, 77, 78, 79, 80, 81, 82, 83, 84, 85, 86, 87, 88, 89, 90, 91, 92, 93, 94, 95, 96, 97, 98, 99, 100, 101, 102, 103, 104, 105, 106, 107, 108, 109, 110, 111, 112, 113, 114, 115, 116, 117, 118, 119]
Inds:  [110.625, 110.625, 109.875, 109.875, 109.875, 109.625, 109.5, 109.125, 109.125, 109.125, 109.125, 109.125, 109.125, 108.75, 108.75, 108.75, 108.75, 108.75, 108.25, 108.0, 108.0, 108.0, 108.0, 108.0, 107.75, 107.5, 107.5, 107.375, 107.375, 107.25, 107.125, 107.0, 106.875, 106.875, 106.875, 106.625, 106.625, 106.5, 106.375, 106.375, 106.25, 106.25, 106.25, 106.25, 106.25, 106.125, 106.125, 106.125, 106.125, 106.125, 106.125, 106.125, 106.125, 106.125, 106.125, 106.125, 106.125, 106.125, 106.125, 106.125, 106.125, 106.125, 106.125, 106.125, 106.125, 106.125, 106.125, 106.125, 106.125, 106.125, 106.125, 106.125, 106.125, 106.125, 106.125, 106.125, 106.125, 106.125, 106.125, 106.125, 106.125, 106.0, 106.0, 106.0, 106.0, 106.0, 106.0, 106.0, 106.0, 106.0, 106.0, 106.0, 106.0, 106.0, 106.0, 106.0, 106.0, 106.0, 106.0, 106.0, 106.0, 106.0, 106.0, 106.0, 106.0, 106.0, 106.0, 106.0, 106.0, 106.0, 106.0, 106.0, 106.0, 106.0, 106.0, 106.0, 106.0, 106.0, 106.0, 106.0]

Execution 10:
Parameters: Y=0.999
Start Time (hh:mm:ss.ms) 2023-07-17 21:31:22.687999
generations	MaxGenenerations	Populationk1	Populationk	PopulationElite	PopulationMutant	fitnessElite	alpha	min    	max  	avg    	std     
0          	0               	0           	0          	0              	0               	0           	0    	110.125	114.5	112.649	0.659914
2          	123.461         	998         	999        	102            	199             	111.356     	0.298	109.625	114.25	112.009	0.774445
4          	122.916         	996         	997        	104            	196             	111.027     	0.295	109.5  	114.25 	111.698	0.902584
5          	122.76          	995         	996        	105            	195             	110.894     	0.293	109.375	114    	111.585	0.931421
8          	122.62          	992         	993        	108            	190             	110.782     	0.288	109.125	114.25 	111.298	1.03047 
9          	122.34          	991         	992        	109            	189             	110.595     	0.286	109    	114.125	111.178	1.05694 
10         	122.184         	990         	991        	110            	188             	110.462     	0.285	108.5  	114    	111.097	1.10686 
11         	121.609         	989         	990        	112            	186             	110.06      	0.283	108.375	114    	111.013	1.17138 
13         	121.544         	987         	988        	114            	183             	110.127     	0.280	108.25 	114.25 	110.831	1.22831 
14         	121.359         	986         	987        	115            	182             	109.921     	0.278	108.125	114    	110.718	1.24287 
17         	121.234         	983         	984        	118            	178             	109.835     	0.273	108    	114.25 	110.443	1.38622 
19         	121.063         	981         	982        	120            	175             	109.655     	0.270	107.625	115.125	110.265	1.47773 
23         	120.688         	977         	978        	125            	169             	109.437     	0.263	107.5  	114.5  	110.044	1.59285 
27         	120.533         	973         	974        	129            	164             	109.266     	0.256	107.375	114.25 	109.886	1.67175 
30         	120.348         	970         	971        	133            	159             	109.043     	0.251	107.125	114.25 	109.722	1.73402 
31         	120.097         	969         	970        	134            	158             	108.907     	0.250	107    	114.375	109.703	1.77675 
34         	119.957         	966         	967        	137            	154             	108.776     	0.244	106.875	114.375	109.464	1.84861 
38         	119.802         	962         	963        	141            	148             	108.602     	0.238	106.75 	114    	109.342	1.93789 
41         	119.677         	959         	960        	144            	144             	108.499     	0.233	106.625	114.125	109.196	1.9925  
45         	119.492         	955         	956        	149            	139             	108.266     	0.226	106.5  	114.125	108.971	2.03772 
46         	119.382         	954         	955        	150            	137             	108.213     	0.224	106.25 	114.375	108.938	2.07931 
55         	119.072         	945         	946        	159            	125             	107.846     	0.209	106.125	113.875	108.58 	2.12148 
End Time (hh:mm:ss.ms) 2023-07-17 21:31:34.833000
Total Time (hh:mm:ss.ms) 0:00:12.145001
Individual: ([10, 1, 3, 22, 14, 12, 6, 5, 0, 17, 18, 15, 13, 20, 7, 4, 2, 21, 11, 16, 19, 8, 9], [1, 1, 1, 1, 1, 0, 1, 1, 0, 0, 0, 1, 1, 1, 1, 0, 0, 0, 1, 1, 1, 1, 1])
Fitness:  106.125
Gens:  [0, 1, 2, 3, 4, 5, 6, 7, 8, 9, 10, 11, 12, 13, 14, 15, 16, 17, 18, 19, 20, 21, 22, 23, 24, 25, 26, 27, 28, 29, 30, 31, 32, 33, 34, 35, 36, 37, 38, 39, 40, 41, 42, 43, 44, 45, 46, 47, 48, 49, 50, 51, 52, 53, 54, 55, 56, 57, 58, 59, 60, 61, 62, 63, 64, 65, 66, 67, 68, 69, 70, 71, 72, 73, 74, 75, 76, 77, 78, 79, 80, 81, 82, 83, 84, 85, 86, 87, 88, 89, 90, 91, 92, 93, 94, 95, 96, 97, 98, 99, 100, 101, 102, 103, 104, 105, 106, 107, 108, 109, 110, 111, 112, 113, 114, 115, 116, 117, 118, 119]
Inds:  [110.125, 110.125, 109.625, 109.625, 109.5, 109.375, 109.375, 109.375, 109.125, 109.0, 108.5, 108.375, 108.375, 108.25, 108.125, 108.125, 108.125, 108.0, 108.0, 107.625, 107.625, 107.625, 107.625, 107.5, 107.5, 107.5, 107.5, 107.375, 107.375, 107.375, 107.125, 107.0, 107.0, 107.0, 106.875, 106.875, 106.875, 106.875, 106.75, 106.75, 106.75, 106.625, 106.625, 106.625, 106.625, 106.5, 106.25, 106.25, 106.25, 106.25, 106.25, 106.25, 106.25, 106.25, 106.25, 106.125, 106.125, 106.125, 106.125, 106.125, 106.125, 106.125, 106.125, 106.125, 106.125, 106.125, 106.125, 106.125, 106.125, 106.125, 106.125, 106.125, 106.125, 106.125, 106.125, 106.125, 106.125, 106.125, 106.125, 106.125, 106.125, 106.125, 106.125, 106.125, 106.125, 106.125, 106.125, 106.125, 106.125, 106.125, 106.125, 106.125, 106.125, 106.125, 106.125, 106.125, 106.125, 106.125, 106.125, 106.125, 106.125, 106.125, 106.125, 106.125, 106.125, 106.125, 106.125, 106.125, 106.125, 106.125, 106.125, 106.125, 106.125, 106.125, 106.125, 106.125, 106.125, 106.125, 106.125, 106.125]

