A-BRKGA:

Execution 1:
Parameters: Y=0.998
Start Time (hh:mm:ss.ms) 2023-07-17 21:16:11.180098
generations	MaxGenenerations	Populationk1	Populationk	PopulationElite	PopulationMutant	fitnessElite	alpha	min   	max  	avg    	std     
0          	0               	0           	0          	0              	0               	0           	0    	72.375	75.75	74.2578	0.573996
1          	84.2268         	998         	1000       	100            	200             	73.3875     	0.3  	71.75 	75.75	73.7986	0.638594
4          	83.5203         	992         	994        	105            	194             	72.9579     	0.292	71.125	75.625	73.3223	0.825671
7          	82.7306         	986         	988        	110            	187             	72.374      	0.285	71    	76    	73.1067	0.971685
8          	82.668          	984         	986        	111            	185             	72.4153     	0.283	70.75 	75.5  	72.9841	0.97507 
11         	82.2945         	978         	980        	116            	178             	72.0596     	0.275	70.5  	75.625	72.5556	1.12316 
14         	82.0037         	972         	974        	121            	172             	71.8415     	0.268	70.25 	75.5  	72.3358	1.21203 
18         	81.6924         	964         	966        	127            	163             	71.5742     	0.258	70    	75.625	72.0882	1.26981 
19         	81.4425         	962         	964        	129            	161             	71.4389     	0.255	69.875	75.625	72.0096	1.32053 
23         	81.2767         	954         	956        	135            	153             	71.258      	0.245	69.75 	75.5  	71.8247	1.48633 
End Time (hh:mm:ss.ms) 2023-07-17 21:16:17.680097
Total Time (hh:mm:ss.ms) 0:00:06.499999
Individual: ([15, 5, 4, 13, 7, 8, 6, 0, 12, 10, 1, 9, 3, 14, 2, 11], [1, 0, 1, 1, 1, 1, 0, 0, 1, 1, 1, 1, 1, 1, 1, 1])
Fitness:  69.75
Gens:  [0, 1, 2, 3, 4, 5, 6, 7, 8, 9, 10, 11, 12, 13, 14, 15, 16, 17, 18, 19, 20, 21, 22, 23, 24, 25, 26, 27, 28, 29, 30, 31, 32, 33, 34, 35, 36, 37, 38, 39, 40, 41, 42, 43, 44, 45, 46, 47, 48, 49, 50, 51, 52, 53, 54, 55, 56, 57, 58, 59, 60, 61, 62, 63, 64, 65, 66, 67, 68, 69, 70, 71, 72, 73, 74, 75, 76, 77, 78, 79, 80, 81, 82]
Inds:  [72.375, 71.75, 71.75, 71.75, 71.125, 71.125, 71.125, 71.0, 70.75, 70.75, 70.75, 70.5, 70.5, 70.5, 70.25, 70.25, 70.25, 70.25, 70.0, 69.875, 69.875, 69.875, 69.875, 69.75, 69.75, 69.75, 69.75, 69.75, 69.75, 69.75, 69.75, 69.75, 69.75, 69.75, 69.75, 69.75, 69.75, 69.75, 69.75, 69.75, 69.75, 69.75, 69.75, 69.75, 69.75, 69.75, 69.75, 69.75, 69.75, 69.75, 69.75, 69.75, 69.75, 69.75, 69.75, 69.75, 69.75, 69.75, 69.75, 69.75, 69.75, 69.75, 69.75, 69.75, 69.75, 69.75, 69.75, 69.75, 69.75, 69.75, 69.75, 69.75, 69.75, 69.75, 69.75, 69.75, 69.75, 69.75, 69.75, 69.75, 69.75, 69.75, 69.75]

Execution 2:
Parameters: Y=0.998
Start Time (hh:mm:ss.ms) 2023-07-17 21:16:18.414096
generations	MaxGenenerations	Populationk1	Populationk	PopulationElite	PopulationMutant	fitnessElite	alpha	min   	max  	avg    	std     
0          	0               	0           	0          	0              	0               	0           	0    	72.125	75.75	74.2495	0.565022
1          	83.9358         	998         	1000       	100            	200             	73.2125     	0.3  	71.875	75.5 	73.773 	0.657545
3          	83.6239         	994         	996        	103            	196             	72.9821     	0.295	71.5  	75.625	73.5492	0.780899
4          	83.1877         	992         	994        	105            	194             	72.7077     	0.292	71    	75.5  	73.3933	0.801647
9          	82.5646         	982         	984        	113            	183             	72.2277     	0.280	70.75 	75.625	72.6626	1.07689 
10         	82.3151         	980         	982        	115            	180             	72.1059     	0.278	70.5  	75.5  	72.5362	1.14571 
12         	82.0037         	976         	978        	118            	176             	71.8659     	0.273	70.375	75.375	72.318 	1.24316 
13         	81.8378         	974         	976        	119            	174             	71.7284     	0.270	70.25 	75.5  	72.2423	1.29878 
14         	81.7129         	972         	974        	121            	172             	71.658      	0.268	70.125	75.5  	72.1809	1.28859 
15         	81.5675         	970         	972        	122            	170             	71.553      	0.265	69.75 	75.5  	72.0983	1.37791 
22         	81.1516         	956         	958        	133            	155             	71.2084     	0.248	69.625	75.625	71.7351	1.5892  
End Time (hh:mm:ss.ms) 2023-07-17 21:16:24.599097
Total Time (hh:mm:ss.ms) 0:00:06.185001
Individual: ([11, 2, 14, 6, 8, 7, 4, 0, 3, 1, 10, 12, 9, 13, 5, 15], [0, 0, 1, 1, 0, 0, 0, 0, 0, 0, 0, 0, 0, 0, 1, 0])
Fitness:  69.625
Gens:  [0, 1, 2, 3, 4, 5, 6, 7, 8, 9, 10, 11, 12, 13, 14, 15, 16, 17, 18, 19, 20, 21, 22, 23, 24, 25, 26, 27, 28, 29, 30, 31, 32, 33, 34, 35, 36, 37, 38, 39, 40, 41, 42, 43, 44, 45, 46, 47, 48, 49, 50, 51, 52, 53, 54, 55, 56, 57, 58, 59, 60, 61, 62, 63, 64, 65, 66, 67, 68, 69, 70, 71, 72, 73, 74, 75, 76, 77, 78, 79, 80, 81]
Inds:  [72.125, 71.875, 71.875, 71.5, 71.0, 71.0, 71.0, 71.0, 71.0, 70.75, 70.5, 70.5, 70.375, 70.25, 70.125, 69.75, 69.75, 69.75, 69.75, 69.75, 69.75, 69.75, 69.625, 69.625, 69.625, 69.625, 69.625, 69.625, 69.625, 69.625, 69.625, 69.625, 69.625, 69.625, 69.625, 69.625, 69.625, 69.625, 69.625, 69.625, 69.625, 69.625, 69.625, 69.625, 69.625, 69.625, 69.625, 69.625, 69.625, 69.625, 69.625, 69.625, 69.625, 69.625, 69.625, 69.625, 69.625, 69.625, 69.625, 69.625, 69.625, 69.625, 69.625, 69.625, 69.625, 69.625, 69.625, 69.625, 69.625, 69.625, 69.625, 69.625, 69.625, 69.625, 69.625, 69.625, 69.625, 69.625, 69.625, 69.625, 69.625, 69.625]

Execution 3:
Parameters: Y=0.998
Start Time (hh:mm:ss.ms) 2023-07-17 21:16:25.328097
generations	MaxGenenerations	Populationk1	Populationk	PopulationElite	PopulationMutant	fitnessElite	alpha	min   	max   	avg    	std     
0          	0               	0           	0          	0              	0               	0           	0    	72.375	75.875	74.2535	0.588526
1          	84.2478         	998         	1000       	100            	200             	73.425      	0.3  	72    	75.625	73.851 	0.611311
2          	83.7694         	996         	998        	102            	198             	73.0788     	0.297	71.5  	75.625	73.6841	0.664824
5          	83.2293         	990         	992        	107            	191             	72.7704     	0.290	71.125	75.625	73.2284	0.854536
6          	82.7514         	988         	990        	108            	189             	72.4206     	0.287	70.875	75.5  	73.154 	0.875903
9          	82.4399         	982         	984        	113            	183             	72.1727     	0.280	70.75 	75.75 	72.8386	1.00565 
10         	82.3357         	980         	982        	115            	180             	72.1407     	0.278	70.625	75.5  	72.7671	1.01774 
12         	82.1696         	976         	978        	118            	176             	71.9911     	0.273	70.375	75.5  	72.4962	1.12636 
13         	81.8583         	974         	976        	119            	174             	71.7622     	0.270	70.125	75.5  	72.3995	1.19516 
16         	81.5675         	968         	970        	124            	167             	71.5398     	0.263	70    	75.5  	72.1356	1.28488 
18         	81.4017         	964         	966        	127            	163             	71.388      	0.258	69.75 	75.625	71.9265	1.34869 
22         	81.1516         	956         	958        	133            	155             	71.2084     	0.248	69.625	75.625	71.818 	1.44259 
End Time (hh:mm:ss.ms) 2023-07-17 21:16:31.761098
Total Time (hh:mm:ss.ms) 0:00:06.433001
Individual: ([15, 4, 5, 8, 0, 3, 9, 12, 10, 1, 13, 7, 6, 14, 2, 11], [1, 1, 0, 0, 0, 0, 1, 1, 1, 1, 0, 1, 0, 1, 1, 1])
Fitness:  69.625
Gens:  [0, 1, 2, 3, 4, 5, 6, 7, 8, 9, 10, 11, 12, 13, 14, 15, 16, 17, 18, 19, 20, 21, 22, 23, 24, 25, 26, 27, 28, 29, 30, 31, 32, 33, 34, 35, 36, 37, 38, 39, 40, 41, 42, 43, 44, 45, 46, 47, 48, 49, 50, 51, 52, 53, 54, 55, 56, 57, 58, 59, 60, 61, 62, 63, 64, 65, 66, 67, 68, 69, 70, 71, 72, 73, 74, 75, 76, 77, 78, 79, 80, 81]
Inds:  [72.375, 72.0, 71.5, 71.5, 71.5, 71.125, 70.875, 70.875, 70.875, 70.75, 70.625, 70.625, 70.375, 70.125, 70.125, 70.125, 70.0, 70.0, 69.75, 69.75, 69.75, 69.75, 69.625, 69.625, 69.625, 69.625, 69.625, 69.625, 69.625, 69.625, 69.625, 69.625, 69.625, 69.625, 69.625, 69.625, 69.625, 69.625, 69.625, 69.625, 69.625, 69.625, 69.625, 69.625, 69.625, 69.625, 69.625, 69.625, 69.625, 69.625, 69.625, 69.625, 69.625, 69.625, 69.625, 69.625, 69.625, 69.625, 69.625, 69.625, 69.625, 69.625, 69.625, 69.625, 69.625, 69.625, 69.625, 69.625, 69.625, 69.625, 69.625, 69.625, 69.625, 69.625, 69.625, 69.625, 69.625, 69.625, 69.625, 69.625, 69.625, 69.625]

Execution 4:
Parameters: Y=0.998
Start Time (hh:mm:ss.ms) 2023-07-17 21:16:32.506098
generations	MaxGenenerations	Populationk1	Populationk	PopulationElite	PopulationMutant	fitnessElite	alpha	min   	max   	avg    	std     
0          	0               	0           	0          	0              	0               	0           	0    	72.375	75.625	74.2627	0.587601
1          	84.2057         	998         	1000       	100            	200             	73.35       	0.3  	71.875	75.625	73.8308	0.63966 
2          	83.6239         	996         	998        	102            	198             	72.991      	0.297	71.75 	75.625	73.6696	0.705446
3          	83.4785         	994         	996        	103            	196             	72.8939     	0.295	71.125	75.5  	73.4798	0.762151
8          	82.7306         	984         	986        	111            	185             	72.3635     	0.283	70.75 	75.625	72.94  	0.940557
14         	82.3151         	972         	974        	121            	172             	72.0585     	0.268	70.625	75.625	72.5871	1.13617 
15         	82.1696         	970         	972        	122            	170             	71.9546     	0.265	70.375	75.75 	72.5366	1.16043 
17         	81.8583         	966         	968        	125            	165             	71.7122     	0.260	70.125	75.375	72.3991	1.18024 
22         	81.5471         	956         	958        	133            	155             	71.4296     	0.248	69.75 	75.5  	72.0388	1.30016 
26         	81.1313         	948         	950        	139            	146             	71.1206     	0.238	69.625	75.5  	71.6353	1.4687  
End Time (hh:mm:ss.ms) 2023-07-17 21:16:39.245097
Total Time (hh:mm:ss.ms) 0:00:06.738999
Individual: ([11, 2, 14, 0, 3, 9, 1, 10, 12, 13, 7, 8, 6, 5, 4, 15], [0, 0, 0, 1, 0, 0, 0, 0, 0, 0, 1, 1, 1, 1, 1, 0])
Fitness:  69.625
Gens:  [0, 1, 2, 3, 4, 5, 6, 7, 8, 9, 10, 11, 12, 13, 14, 15, 16, 17, 18, 19, 20, 21, 22, 23, 24, 25, 26, 27, 28, 29, 30, 31, 32, 33, 34, 35, 36, 37, 38, 39, 40, 41, 42, 43, 44, 45, 46, 47, 48, 49, 50, 51, 52, 53, 54, 55, 56, 57, 58, 59, 60, 61, 62, 63, 64, 65, 66, 67, 68, 69, 70, 71, 72, 73, 74, 75, 76, 77, 78, 79, 80, 81]
Inds:  [72.375, 71.875, 71.75, 71.125, 71.125, 71.125, 71.125, 71.125, 70.75, 70.75, 70.75, 70.75, 70.75, 70.75, 70.625, 70.375, 70.375, 70.125, 70.125, 70.125, 70.125, 70.125, 69.75, 69.75, 69.75, 69.75, 69.625, 69.625, 69.625, 69.625, 69.625, 69.625, 69.625, 69.625, 69.625, 69.625, 69.625, 69.625, 69.625, 69.625, 69.625, 69.625, 69.625, 69.625, 69.625, 69.625, 69.625, 69.625, 69.625, 69.625, 69.625, 69.625, 69.625, 69.625, 69.625, 69.625, 69.625, 69.625, 69.625, 69.625, 69.625, 69.625, 69.625, 69.625, 69.625, 69.625, 69.625, 69.625, 69.625, 69.625, 69.625, 69.625, 69.625, 69.625, 69.625, 69.625, 69.625, 69.625, 69.625, 69.625, 69.625, 69.625]

Execution 5:
Parameters: Y=0.998
Start Time (hh:mm:ss.ms) 2023-07-17 21:16:40.014097
generations	MaxGenenerations	Populationk1	Populationk	PopulationElite	PopulationMutant	fitnessElite	alpha	min  	max  	avg    	std     
0          	0               	0           	0          	0              	0               	0           	0    	71.75	75.75	74.2442	0.574183
1          	83.4994         	998         	1000       	100            	200             	72.95       	0.3  	71.5 	75.5 	73.6592	0.666182
3          	83.1668         	994         	996        	103            	196             	72.6808     	0.295	71.375	75.5 	73.3593	0.802913
4          	83.0214         	992         	994        	105            	194             	72.5827     	0.292	71.25 	75.5 	73.239 	0.876864
5          	82.876          	990         	992        	107            	191             	72.484      	0.290	70.875	75.625	73.1242	0.915977
7          	82.4811         	986         	988        	110            	187             	72.2666     	0.285	70.625	75.875	72.841 	1.00218 
10         	82.1696         	980         	982        	115            	180             	72.0155     	0.278	70.5  	75.5  	72.4162	1.15524 
11         	82.0037         	978         	980        	116            	178             	71.8781     	0.275	70.375	75.5  	72.3253	1.23826 
14         	81.8378         	972         	974        	121            	172             	71.7161     	0.268	70.125	75.375	72.0992	1.36065 
16         	81.5675         	968         	970        	124            	167             	71.5398     	0.263	70    	75.375	71.9429	1.44316 
18         	81.4425         	964         	966        	127            	163             	71.4527     	0.258	69.75 	75.75 	71.799 	1.46991 
23         	81.1313         	954         	956        	135            	152             	71.1632     	0.245	69.625	75.75 	71.6436	1.54024 
End Time (hh:mm:ss.ms) 2023-07-17 21:16:46.655099
Total Time (hh:mm:ss.ms) 0:00:06.641002
Individual: ([15, 4, 7, 3, 9, 12, 10, 1, 13, 5, 8, 0, 14, 6, 2, 11], [1, 1, 1, 0, 1, 1, 1, 1, 0, 0, 0, 0, 1, 0, 1, 1])
Fitness:  69.625
Gens:  [0, 1, 2, 3, 4, 5, 6, 7, 8, 9, 10, 11, 12, 13, 14, 15, 16, 17, 18, 19, 20, 21, 22, 23, 24, 25, 26, 27, 28, 29, 30, 31, 32, 33, 34, 35, 36, 37, 38, 39, 40, 41, 42, 43, 44, 45, 46, 47, 48, 49, 50, 51, 52, 53, 54, 55, 56, 57, 58, 59, 60, 61, 62, 63, 64, 65, 66, 67, 68, 69, 70, 71, 72, 73, 74, 75, 76, 77, 78, 79, 80, 81, 82]
Inds:  [71.75, 71.5, 71.5, 71.375, 71.25, 70.875, 70.875, 70.625, 70.625, 70.625, 70.5, 70.375, 70.375, 70.375, 70.125, 70.125, 70.0, 70.0, 69.75, 69.75, 69.75, 69.75, 69.75, 69.625, 69.625, 69.625, 69.625, 69.625, 69.625, 69.625, 69.625, 69.625, 69.625, 69.625, 69.625, 69.625, 69.625, 69.625, 69.625, 69.625, 69.625, 69.625, 69.625, 69.625, 69.625, 69.625, 69.625, 69.625, 69.625, 69.625, 69.625, 69.625, 69.625, 69.625, 69.625, 69.625, 69.625, 69.625, 69.625, 69.625, 69.625, 69.625, 69.625, 69.625, 69.625, 69.625, 69.625, 69.625, 69.625, 69.625, 69.625, 69.625, 69.625, 69.625, 69.625, 69.625, 69.625, 69.625, 69.625, 69.625, 69.625, 69.625, 69.625]

Execution 6:
Parameters: Y=0.998
Start Time (hh:mm:ss.ms) 2023-07-17 21:16:47.436097
generations	MaxGenenerations	Populationk1	Populationk	PopulationElite	PopulationMutant	fitnessElite	alpha	min  	max  	avg    	std     
0          	0               	0           	0          	0              	0               	0           	0    	72.25	75.75	74.2271	0.587201
1          	84.0813         	998         	1000       	100            	200             	73.3        	0.3  	72.125	75.75	73.8438	0.654165
2          	83.9358         	996         	998        	102            	198             	73.2039     	0.297	71.75 	75.5 	73.6339	0.717501
4          	83.5203         	992         	994        	105            	194             	72.9579     	0.292	71.375	75.75 	73.3524	0.827166
8          	83.0214         	984         	986        	111            	185             	72.5429     	0.283	71.25 	75.625	73.0553	0.931593
9          	82.8968         	982         	984        	113            	183             	72.4781     	0.280	71.125	75.5  	73.0353	0.934298
10         	82.7306         	980         	982        	114            	181             	72.3423     	0.278	71    	75.625	72.9902	0.965896
13         	82.5852         	974         	976        	119            	174             	72.2192     	0.270	70.875	75.5  	72.7848	1.01147 
17         	82.3986         	966         	968        	125            	166             	72.0176     	0.261	70.75 	75.5  	72.5353	1.09864 
18         	82.2945         	964         	966        	127            	163             	71.9788     	0.258	70.625	75.5  	72.4479	1.14294 
21         	82.1491         	958         	960        	131            	157             	71.8501     	0.251	70.5  	75.5  	72.2965	1.22906 
23         	82.0242         	954         	956        	134            	153             	71.7626     	0.246	70.375	75.5  	72.1968	1.26221 
29         	81.8788         	942         	944        	143            	141             	71.5909     	0.231	70.25 	75.5  	71.9618	1.32093 
38         	81.7333         	924         	926        	156            	123             	71.3759     	0.209	70.125	75.5  	71.7936	1.39336 
50         	81.5471         	900         	902        	172            	99              	71.0691     	0.179	70    	75.375	71.4254	1.43911 
End Time (hh:mm:ss.ms) 2023-07-17 21:16:54.150099
Total Time (hh:mm:ss.ms) 0:00:06.714002
Individual: ([6, 13, 9, 1, 10, 12, 3, 8, 5, 4, 7, 0, 14, 2, 11, 15], [1, 1, 1, 0, 0, 0, 1, 1, 1, 1, 1, 0, 1, 1, 1, 0])
Fitness:  70.0
Gens:  [0, 1, 2, 3, 4, 5, 6, 7, 8, 9, 10, 11, 12, 13, 14, 15, 16, 17, 18, 19, 20, 21, 22, 23, 24, 25, 26, 27, 28, 29, 30, 31, 32, 33, 34, 35, 36, 37, 38, 39, 40, 41, 42, 43, 44, 45, 46, 47, 48, 49, 50, 51, 52, 53, 54, 55, 56, 57, 58, 59, 60, 61, 62, 63, 64, 65, 66, 67, 68, 69, 70, 71, 72, 73, 74, 75, 76, 77, 78, 79, 80, 81, 82]
Inds:  [72.25, 72.125, 71.75, 71.75, 71.375, 71.375, 71.375, 71.375, 71.25, 71.125, 71.0, 71.0, 71.0, 70.875, 70.875, 70.875, 70.875, 70.75, 70.625, 70.625, 70.625, 70.5, 70.5, 70.375, 70.375, 70.375, 70.375, 70.375, 70.375, 70.25, 70.25, 70.25, 70.25, 70.25, 70.25, 70.25, 70.25, 70.25, 70.125, 70.125, 70.125, 70.125, 70.125, 70.125, 70.125, 70.125, 70.125, 70.125, 70.125, 70.125, 70.0, 70.0, 70.0, 70.0, 70.0, 70.0, 70.0, 70.0, 70.0, 70.0, 70.0, 70.0, 70.0, 70.0, 70.0, 70.0, 70.0, 70.0, 70.0, 70.0, 70.0, 70.0, 70.0, 70.0, 70.0, 70.0, 70.0, 70.0, 70.0, 70.0, 70.0, 70.0, 70.0]

Execution 7:
Parameters: Y=0.998
Start Time (hh:mm:ss.ms) 2023-07-17 21:16:54.906098
generations	MaxGenenerations	Populationk1	Populationk	PopulationElite	PopulationMutant	fitnessElite	alpha	min   	max   	avg    	std     
0          	0               	0           	0          	0              	0               	0           	0    	72.125	75.625	74.2523	0.571753
1          	83.9148         	998         	1000       	100            	200             	73.175      	0.3  	71.75 	75.625	73.7883	0.644196
3          	83.4367         	994         	996        	103            	196             	72.8201     	0.295	71.375	75.375	73.4813	0.769007
5          	83.0214         	990         	992        	107            	191             	72.5728     	0.290	71.25 	75.625	73.2369	0.844948
6          	82.8968         	988         	990        	108            	189             	72.5097     	0.287	71.125	75.5  	73.1741	0.880043
8          	82.7306         	984         	986        	111            	185             	72.3635     	0.283	71    	75.5  	73     	0.92723 
9          	82.5852         	982         	984        	113            	183             	72.2628     	0.280	70.875	75.5  	72.9584	0.94968 
11         	82.4399         	978         	980        	116            	178             	72.1503     	0.275	70.75 	75.625	72.8943	1.04863 
12         	82.3151         	976         	978        	118            	176             	72.0822     	0.273	70.625	75.5  	72.7663	1.06009 
14         	82.1285         	972         	974        	121            	172             	71.8996     	0.268	70.5  	75.625	72.5669	1.13615 
15         	82.0242         	970         	972        	122            	170             	71.8626     	0.265	70.125	75.75 	72.4353	1.19512 
21         	81.5879         	958         	960        	132            	157             	71.5054     	0.250	70    	75.5  	72.0249	1.36862 
22         	81.4221         	956         	958        	133            	155             	71.3663     	0.248	69.75 	75.375	71.9004	1.35539 
29         	81.1719         	942         	944        	143            	140             	71.1361     	0.231	69.625	75.5  	71.6152	1.57027 
End Time (hh:mm:ss.ms) 2023-07-17 21:17:01.660098
Total Time (hh:mm:ss.ms) 0:00:06.754000
Individual: ([15, 4, 7, 13, 9, 1, 10, 12, 3, 14, 0, 8, 5, 6, 2, 11], [1, 1, 0, 1, 0, 0, 0, 0, 1, 1, 1, 1, 1, 0, 1, 1])
Fitness:  69.625
Gens:  [0, 1, 2, 3, 4, 5, 6, 7, 8, 9, 10, 11, 12, 13, 14, 15, 16, 17, 18, 19, 20, 21, 22, 23, 24, 25, 26, 27, 28, 29, 30, 31, 32, 33, 34, 35, 36, 37, 38, 39, 40, 41, 42, 43, 44, 45, 46, 47, 48, 49, 50, 51, 52, 53, 54, 55, 56, 57, 58, 59, 60, 61, 62, 63, 64, 65, 66, 67, 68, 69, 70, 71, 72, 73, 74, 75, 76, 77, 78, 79, 80, 81]
Inds:  [72.125, 71.75, 71.75, 71.375, 71.375, 71.25, 71.125, 71.125, 71.0, 70.875, 70.875, 70.75, 70.625, 70.625, 70.5, 70.125, 70.125, 70.125, 70.125, 70.125, 70.125, 70.0, 69.75, 69.75, 69.75, 69.75, 69.75, 69.75, 69.75, 69.625, 69.625, 69.625, 69.625, 69.625, 69.625, 69.625, 69.625, 69.625, 69.625, 69.625, 69.625, 69.625, 69.625, 69.625, 69.625, 69.625, 69.625, 69.625, 69.625, 69.625, 69.625, 69.625, 69.625, 69.625, 69.625, 69.625, 69.625, 69.625, 69.625, 69.625, 69.625, 69.625, 69.625, 69.625, 69.625, 69.625, 69.625, 69.625, 69.625, 69.625, 69.625, 69.625, 69.625, 69.625, 69.625, 69.625, 69.625, 69.625, 69.625, 69.625, 69.625, 69.625]

Execution 8:
Parameters: Y=0.998
Start Time (hh:mm:ss.ms) 2023-07-17 21:17:02.441096
generations	MaxGenenerations	Populationk1	Populationk	PopulationElite	PopulationMutant	fitnessElite	alpha	min   	max  	avg    	std     
0          	0               	0           	0          	0              	0               	0           	0    	71.875	75.75	74.2266	0.599531
1          	83.6449         	998         	1000       	100            	200             	73.0375     	0.3  	71.75 	75.625	73.7579	0.684185
4          	83.4785         	992         	994        	105            	194             	72.8846     	0.292	71.5  	75.375	73.3266	0.788428
6          	83.146          	988         	990        	108            	189             	72.6159     	0.287	71.125	75.5  	73.1742	0.892766
7          	82.7306         	986         	988        	110            	187             	72.374      	0.285	71    	75.5  	73.0969	0.921521
8          	82.5852         	984         	986        	111            	185             	72.2737     	0.283	70.625	75.375	73.0127	0.928632
16         	82.1491         	968         	970        	124            	168             	71.9095     	0.263	70.5  	75.625	72.4143	1.19393 
17         	82.0242         	966         	968        	125            	165             	71.8376     	0.260	70.25 	75.5  	72.3798	1.15852 
21         	81.7333         	958         	960        	131            	157             	71.5994     	0.251	70    	75.625	72.1486	1.27031 
24         	81.4221         	952         	954        	136            	151             	71.3393     	0.243	69.875	75.375	71.9053	1.32688 
32         	81.297          	936         	938        	148            	134             	71.1615     	0.223	69.75 	75.5  	71.5502	1.52084 
34         	81.1313         	932         	934        	151            	130             	71.0072     	0.218	69.625	75.375	71.4607	1.48335 
End Time (hh:mm:ss.ms) 2023-07-17 21:17:08.889097
Total Time (hh:mm:ss.ms) 0:00:06.448001
Individual: ([15, 8, 7, 4, 5, 6, 3, 9, 1, 10, 12, 13, 0, 14, 2, 11], [1, 0, 0, 0, 0, 0, 0, 0, 0, 0, 0, 0, 0, 1, 1, 1])
Fitness:  69.625
Gens:  [0, 1, 2, 3, 4, 5, 6, 7, 8, 9, 10, 11, 12, 13, 14, 15, 16, 17, 18, 19, 20, 21, 22, 23, 24, 25, 26, 27, 28, 29, 30, 31, 32, 33, 34, 35, 36, 37, 38, 39, 40, 41, 42, 43, 44, 45, 46, 47, 48, 49, 50, 51, 52, 53, 54, 55, 56, 57, 58, 59, 60, 61, 62, 63, 64, 65, 66, 67, 68, 69, 70, 71, 72, 73, 74, 75, 76, 77, 78, 79, 80, 81]
Inds:  [71.875, 71.75, 71.75, 71.75, 71.5, 71.5, 71.125, 71.0, 70.625, 70.625, 70.625, 70.625, 70.625, 70.625, 70.625, 70.625, 70.5, 70.25, 70.25, 70.25, 70.25, 70.0, 70.0, 70.0, 69.875, 69.875, 69.875, 69.875, 69.875, 69.875, 69.875, 69.875, 69.75, 69.75, 69.625, 69.625, 69.625, 69.625, 69.625, 69.625, 69.625, 69.625, 69.625, 69.625, 69.625, 69.625, 69.625, 69.625, 69.625, 69.625, 69.625, 69.625, 69.625, 69.625, 69.625, 69.625, 69.625, 69.625, 69.625, 69.625, 69.625, 69.625, 69.625, 69.625, 69.625, 69.625, 69.625, 69.625, 69.625, 69.625, 69.625, 69.625, 69.625, 69.625, 69.625, 69.625, 69.625, 69.625, 69.625, 69.625, 69.625, 69.625]

Execution 9:
Parameters: Y=0.998
Start Time (hh:mm:ss.ms) 2023-07-17 21:17:09.650096
generations	MaxGenenerations	Populationk1	Populationk	PopulationElite	PopulationMutant	fitnessElite	alpha	min  	max   	avg    	std     
0          	0               	0           	0          	0              	0               	0           	0    	72.25	75.875	74.2708	0.570121
1          	84.1023         	998         	1000       	100            	200             	73.3375     	0.3  	71.75	75.75 	73.823 	0.650608
2          	83.4994         	996         	998        	102            	198             	72.9404     	0.297	71.5 	75.5  	73.5956	0.743604
3          	83.1668         	994         	996        	103            	196             	72.6808     	0.295	71.25	75.5  	73.4248	0.766012
7          	82.876          	986         	988        	110            	187             	72.4635     	0.285	71.125	75.5  	73.0114	0.954812
8          	82.7306         	984         	986        	111            	185             	72.3635     	0.283	70.75 	75.625	72.9074	0.958181
10         	82.3151         	980         	982        	115            	180             	72.1059     	0.278	70.25 	75.5  	72.6909	1.08056 
14         	81.7333         	972         	974        	121            	172             	71.6915     	0.268	70.125	75.625	72.2994	1.24075 
16         	81.5879         	968         	970        	124            	167             	71.5728     	0.263	70    	75.375	72.1028	1.2976  
17         	81.4017         	966         	968        	126            	165             	71.4012     	0.260	69.75 	75.75 	72.0335	1.32087 
26         	81.111          	948         	950        	139            	146             	71.0908     	0.238	69.625	75.625	71.5327	1.53673 
End Time (hh:mm:ss.ms) 2023-07-17 21:17:16.213097
Total Time (hh:mm:ss.ms) 0:00:06.563001
Individual: ([15, 5, 4, 7, 13, 9, 12, 10, 1, 3, 0, 8, 6, 14, 2, 11], [1, 1, 1, 1, 1, 1, 1, 1, 1, 1, 1, 1, 0, 1, 1, 1])
Fitness:  69.625
Gens:  [0, 1, 2, 3, 4, 5, 6, 7, 8, 9, 10, 11, 12, 13, 14, 15, 16, 17, 18, 19, 20, 21, 22, 23, 24, 25, 26, 27, 28, 29, 30, 31, 32, 33, 34, 35, 36, 37, 38, 39, 40, 41, 42, 43, 44, 45, 46, 47, 48, 49, 50, 51, 52, 53, 54, 55, 56, 57, 58, 59, 60, 61, 62, 63, 64, 65, 66, 67, 68, 69, 70, 71, 72, 73, 74, 75, 76, 77, 78, 79, 80, 81]
Inds:  [72.25, 71.75, 71.5, 71.25, 71.25, 71.25, 71.25, 71.125, 70.75, 70.75, 70.25, 70.25, 70.25, 70.25, 70.125, 70.125, 70.0, 69.75, 69.75, 69.75, 69.75, 69.75, 69.75, 69.75, 69.75, 69.75, 69.625, 69.625, 69.625, 69.625, 69.625, 69.625, 69.625, 69.625, 69.625, 69.625, 69.625, 69.625, 69.625, 69.625, 69.625, 69.625, 69.625, 69.625, 69.625, 69.625, 69.625, 69.625, 69.625, 69.625, 69.625, 69.625, 69.625, 69.625, 69.625, 69.625, 69.625, 69.625, 69.625, 69.625, 69.625, 69.625, 69.625, 69.625, 69.625, 69.625, 69.625, 69.625, 69.625, 69.625, 69.625, 69.625, 69.625, 69.625, 69.625, 69.625, 69.625, 69.625, 69.625, 69.625, 69.625, 69.625]

Execution 10:
Parameters: Y=0.998
Start Time (hh:mm:ss.ms) 2023-07-17 21:17:16.945096
generations	MaxGenenerations	Populationk1	Populationk	PopulationElite	PopulationMutant	fitnessElite	alpha	min   	max  	avg    	std     
0          	0               	0           	0          	0              	0               	0           	0    	72.125	75.75	74.2502	0.566651
1          	83.9358         	998         	1000       	100            	200             	73.2125     	0.3  	71.875	75.5 	73.7734	0.680869
2          	83.603          	996         	998        	102            	198             	72.9538     	0.297	71.625	75.75	73.559 	0.741546
3          	83.3539         	994         	996        	103            	196             	72.8427     	0.295	71.375	75.5 	73.4385	0.778532
4          	83.0214         	992         	994        	105            	194             	72.5827     	0.292	71.25 	75.5 	73.3024	0.820463
8          	82.876          	984         	986        	111            	185             	72.4532     	0.283	71.125	75.5  	72.9533	0.936351
9          	82.7306         	982         	984        	113            	183             	72.3529     	0.280	70.875	75.625	72.966 	0.972807
12         	82.4192         	976         	978        	118            	176             	72.1049     	0.273	70.75 	75.5  	72.7376	1.02324 
13         	82.2945         	974         	976        	119            	174             	72.0365     	0.270	70.625	75.375	72.736 	1.0485  
16         	82.1696         	968         	970        	124            	168             	71.9425     	0.263	70.5  	75.625	72.5798	1.11379 
17         	82.0242         	966         	968        	125            	165             	71.8376     	0.260	70.375	75.5  	72.5089	1.14745 
18         	81.8583         	964         	966        	127            	163             	71.6996     	0.258	69.875	75.5  	72.4074	1.17102 
25         	81.3377         	950         	952        	138            	148             	71.3209     	0.240	69.75 	75.375	71.8092	1.39897 
46         	81.0907         	908         	910        	167            	107             	70.7896     	0.189	69.625	75.375	71.2533	1.54617 
End Time (hh:mm:ss.ms) 2023-07-17 21:17:23.471098
Total Time (hh:mm:ss.ms) 0:00:06.526002
Individual: ([11, 2, 14, 0, 8, 3, 9, 12, 10, 1, 13, 4, 7, 6, 5, 15], [0, 0, 0, 1, 1, 0, 1, 1, 1, 1, 0, 1, 1, 1, 1, 0])
Fitness:  69.625
Gens:  [0, 1, 2, 3, 4, 5, 6, 7, 8, 9, 10, 11, 12, 13, 14, 15, 16, 17, 18, 19, 20, 21, 22, 23, 24, 25, 26, 27, 28, 29, 30, 31, 32, 33, 34, 35, 36, 37, 38, 39, 40, 41, 42, 43, 44, 45, 46, 47, 48, 49, 50, 51, 52, 53, 54, 55, 56, 57, 58, 59, 60, 61, 62, 63, 64, 65, 66, 67, 68, 69, 70, 71, 72, 73, 74, 75, 76, 77, 78, 79, 80, 81]
Inds:  [72.125, 71.875, 71.625, 71.375, 71.25, 71.25, 71.25, 71.25, 71.125, 70.875, 70.875, 70.875, 70.75, 70.625, 70.625, 70.625, 70.5, 70.375, 69.875, 69.875, 69.875, 69.875, 69.875, 69.875, 69.875, 69.75, 69.75, 69.75, 69.75, 69.75, 69.75, 69.75, 69.75, 69.75, 69.75, 69.75, 69.75, 69.75, 69.75, 69.75, 69.75, 69.75, 69.75, 69.75, 69.75, 69.75, 69.625, 69.625, 69.625, 69.625, 69.625, 69.625, 69.625, 69.625, 69.625, 69.625, 69.625, 69.625, 69.625, 69.625, 69.625, 69.625, 69.625, 69.625, 69.625, 69.625, 69.625, 69.625, 69.625, 69.625, 69.625, 69.625, 69.625, 69.625, 69.625, 69.625, 69.625, 69.625, 69.625, 69.625, 69.625, 69.625]

