A-BRKGA:

Execution 1:
Parameters: Y=0.997
Start Time (hh:mm:ss.ms) 2023-07-17 21:21:38.574629
generations	MaxGenenerations	Populationk1	Populationk	PopulationElite	PopulationMutant	fitnessElite	alpha	min   	max   	avg    	std     
0          	0               	0           	0          	0              	0               	0           	0    	84.625	87.875	86.4794	0.514899
1          	110.195         	997         	1000       	100            	200             	85.6        	0.3  	84.5  	87.625	86.1398	0.563151
2          	109.95          	994         	997        	101            	198             	85.4318     	0.298	83.875	87.75 	86.0015	0.63937 
3          	109.177         	991         	994        	102            	196             	85.0233     	0.296	83.75 	87.875	85.8517	0.695375
4          	109.056         	988         	991        	103            	194             	84.9648     	0.294	83.25 	87.5  	85.6915	0.768681
6          	108.282         	982         	985        	106            	190             	84.4858     	0.290	83    	87.75 	85.3616	0.924548
11         	108.12          	967         	970        	111            	180             	84.4075     	0.281	82.875	87.75 	84.7848	1.13382 
12         	107.876         	964         	967        	112            	179             	84.2381     	0.279	82.5  	87.625	84.6892	1.19506 
17         	107.468         	949         	952        	117            	169             	83.9862     	0.270	82.375	87.875	84.41  	1.32083 
20         	107.144         	940         	943        	120            	163             	83.7307     	0.264	82.25 	87.375	84.2419	1.37794 
25         	106.942         	925         	928        	124            	154             	83.5575     	0.255	82.125	88    	84.1216	1.43668 
29         	106.94          	913         	916        	128            	147             	83.5489     	0.247	82    	87.875	84.0167	1.46373 
36         	106.616         	892         	895        	134            	135             	83.2596     	0.234	81.875	87.625	83.845 	1.55533 
41         	106.494         	877         	880        	138            	126             	83.1399     	0.224	81.75 	87.5  	83.5727	1.60337 
End Time (hh:mm:ss.ms) 2023-07-17 21:21:46.871637
Total Time (hh:mm:ss.ms) 0:00:08.297008
Individual: ([12, 14, 6, 13, 16, 2, 9, 0, 3, 10, 15, 5, 1, 11, 7, 8, 4, 17], [0, 1, 1, 1, 1, 1, 0, 0, 0, 0, 0, 0, 0, 1, 1, 0, 0, 0])
Fitness:  81.75
Gens:  [0, 1, 2, 3, 4, 5, 6, 7, 8, 9, 10, 11, 12, 13, 14, 15, 16, 17, 18, 19, 20, 21, 22, 23, 24, 25, 26, 27, 28, 29, 30, 31, 32, 33, 34, 35, 36, 37, 38, 39, 40, 41, 42, 43, 44, 45, 46, 47, 48, 49, 50, 51, 52, 53, 54, 55, 56, 57, 58, 59, 60, 61, 62, 63, 64, 65, 66, 67, 68, 69, 70, 71, 72, 73, 74, 75, 76, 77, 78, 79, 80, 81, 82, 83, 84, 85, 86, 87, 88, 89, 90, 91, 92, 93, 94, 95, 96, 97, 98, 99, 100, 101, 102, 103, 104, 105, 106, 107]
Inds:  [84.625, 84.5, 83.875, 83.75, 83.25, 83.25, 83.0, 83.0, 83.0, 83.0, 83.0, 82.875, 82.5, 82.5, 82.5, 82.5, 82.5, 82.375, 82.375, 82.375, 82.25, 82.25, 82.25, 82.25, 82.25, 82.125, 82.125, 82.125, 82.125, 82.0, 82.0, 82.0, 82.0, 82.0, 82.0, 82.0, 81.875, 81.875, 81.875, 81.875, 81.875, 81.75, 81.75, 81.75, 81.75, 81.75, 81.75, 81.75, 81.75, 81.75, 81.75, 81.75, 81.75, 81.75, 81.75, 81.75, 81.75, 81.75, 81.75, 81.75, 81.75, 81.75, 81.75, 81.75, 81.75, 81.75, 81.75, 81.75, 81.75, 81.75, 81.75, 81.75, 81.75, 81.75, 81.75, 81.75, 81.75, 81.75, 81.75, 81.75, 81.75, 81.75, 81.75, 81.75, 81.75, 81.75, 81.75, 81.75, 81.75, 81.75, 81.75, 81.75, 81.75, 81.75, 81.75, 81.75, 81.75, 81.75, 81.75, 81.75, 81.75, 81.75, 81.75, 81.75, 81.75, 81.75, 81.75, 81.75]

Execution 2:
Parameters: Y=0.997
Start Time (hh:mm:ss.ms) 2023-07-17 21:21:47.616630
generations	MaxGenenerations	Populationk1	Populationk	PopulationElite	PopulationMutant	fitnessElite	alpha	min  	max  	avg    	std     
0          	0               	0           	0          	0              	0               	0           	0    	84.25	88.25	86.4578	0.539412
1          	109.83          	997         	1000       	100            	200             	85.45       	0.3  	84.125	87.875	86.0534	0.605785
3          	109.544         	991         	994        	102            	196             	85.2363     	0.296	84    	87.75 	85.8194	0.737051
4          	109.34          	988         	991        	103            	194             	85.1044     	0.294	83.75 	87.875	85.7567	0.760264
9          	109.178         	973         	976        	108            	184             	85.0341     	0.285	83.5  	87.625	85.4933	0.87447 
10         	108.648         	970         	973        	110            	182             	84.6692     	0.283	83.375	87.5  	85.4202	0.917594
11         	108.445         	967         	970        	111            	181             	84.5364     	0.281	83.125	87.875	85.3541	0.908929
18         	108.201         	946         	949        	117            	167             	84.3672     	0.268	83    	87.75 	85.0388	1.0611  
21         	108.079         	937         	940        	120            	162             	84.2821     	0.262	82.75 	87.625	84.9074	1.09161 
26         	107.753         	922         	925        	125            	153             	84.0497     	0.253	82.625	87.625	84.7808	1.17463 
27         	107.51          	919         	922        	126            	151             	83.8832     	0.251	82.5  	87.625	84.677 	1.19451 
33         	107.307         	901         	904        	131            	140             	83.7018     	0.240	82.375	87.5  	84.5628	1.21698 
38         	107.225         	886         	889        	135            	132             	83.6166     	0.230	82.25 	87.75 	84.4008	1.27895 
48         	107.022         	856         	859        	142            	115             	83.3904     	0.212	82.125	87.625	83.9943	1.37565 
52         	106.899         	844         	847        	145            	109             	83.2758     	0.204	82    	87.625	83.846 	1.40546 
59         	106.817         	823         	826        	150            	98              	83.1484     	0.191	81.875	87.625	83.6531	1.45105 
End Time (hh:mm:ss.ms) 2023-07-17 21:21:56.242630
Total Time (hh:mm:ss.ms) 0:00:08.626000
Individual: ([12, 14, 6, 1, 5, 3, 16, 13, 0, 9, 2, 11, 15, 10, 8, 4, 7, 17], [0, 1, 1, 1, 1, 1, 1, 1, 1, 1, 0, 1, 1, 1, 0, 0, 1, 0])
Fitness:  81.875
Gens:  [0, 1, 2, 3, 4, 5, 6, 7, 8, 9, 10, 11, 12, 13, 14, 15, 16, 17, 18, 19, 20, 21, 22, 23, 24, 25, 26, 27, 28, 29, 30, 31, 32, 33, 34, 35, 36, 37, 38, 39, 40, 41, 42, 43, 44, 45, 46, 47, 48, 49, 50, 51, 52, 53, 54, 55, 56, 57, 58, 59, 60, 61, 62, 63, 64, 65, 66, 67, 68, 69, 70, 71, 72, 73, 74, 75, 76, 77, 78, 79, 80, 81, 82, 83, 84, 85, 86, 87, 88, 89, 90, 91, 92, 93, 94, 95, 96, 97, 98, 99, 100, 101, 102, 103, 104, 105, 106, 107]
Inds:  [84.25, 84.125, 84.125, 84.0, 83.75, 83.75, 83.75, 83.75, 83.75, 83.5, 83.375, 83.125, 83.125, 83.125, 83.125, 83.125, 83.125, 83.125, 83.0, 83.0, 83.0, 82.75, 82.75, 82.75, 82.75, 82.75, 82.625, 82.5, 82.5, 82.5, 82.5, 82.5, 82.5, 82.375, 82.375, 82.375, 82.375, 82.375, 82.25, 82.25, 82.25, 82.25, 82.25, 82.25, 82.25, 82.25, 82.25, 82.25, 82.125, 82.125, 82.125, 82.125, 82.0, 82.0, 82.0, 82.0, 82.0, 82.0, 82.0, 81.875, 81.875, 81.875, 81.875, 81.875, 81.875, 81.875, 81.875, 81.875, 81.875, 81.875, 81.875, 81.875, 81.875, 81.875, 81.875, 81.875, 81.875, 81.875, 81.875, 81.875, 81.875, 81.875, 81.875, 81.875, 81.875, 81.875, 81.875, 81.875, 81.875, 81.875, 81.875, 81.875, 81.875, 81.875, 81.875, 81.875, 81.875, 81.875, 81.875, 81.875, 81.875, 81.875, 81.875, 81.875, 81.875, 81.875, 81.875, 81.875]

Execution 3:
Parameters: Y=0.997
Start Time (hh:mm:ss.ms) 2023-07-17 21:21:57.022630
generations	MaxGenenerations	Populationk1	Populationk	PopulationElite	PopulationMutant	fitnessElite	alpha	min	max   	avg    	std     
0          	0               	0           	0          	0              	0               	0           	0    	84 	88.125	86.4959	0.529415
1          	109.463         	997         	1000       	100            	200             	85.2375     	0.3  	83.625	87.75 	86.0346	0.613135
4          	108.811         	988         	991        	103            	194             	84.8029     	0.294	83.25 	87.875	85.5037	0.842966
7          	108.364         	979         	982        	107            	188             	84.5502     	0.288	83.125	87.875	85.0921	1.02992 
10         	108.16          	970         	973        	110            	182             	84.4001     	0.283	82.875	87.625	84.8613	1.17401 
14         	107.876         	958         	961        	114            	175             	84.22       	0.275	82.75 	87.875	84.6686	1.29153 
15         	107.753         	955         	958        	115            	173             	84.1543     	0.274	82.625	87.625	84.6152	1.29286 
19         	107.55          	943         	946        	118            	165             	83.991      	0.266	82.375	87.625	84.3555	1.39556 
End Time (hh:mm:ss.ms) 2023-07-17 21:22:05.520630
Total Time (hh:mm:ss.ms) 0:00:08.498000
Individual: ([12, 11, 16, 0, 7, 9, 15, 10, 6, 14, 2, 3, 13, 1, 5, 8, 4, 17], [0, 0, 0, 1, 0, 0, 1, 1, 0, 0, 0, 1, 0, 1, 1, 0, 0, 0])
Fitness:  82.375
Gens:  [0, 1, 2, 3, 4, 5, 6, 7, 8, 9, 10, 11, 12, 13, 14, 15, 16, 17, 18, 19, 20, 21, 22, 23, 24, 25, 26, 27, 28, 29, 30, 31, 32, 33, 34, 35, 36, 37, 38, 39, 40, 41, 42, 43, 44, 45, 46, 47, 48, 49, 50, 51, 52, 53, 54, 55, 56, 57, 58, 59, 60, 61, 62, 63, 64, 65, 66, 67, 68, 69, 70, 71, 72, 73, 74, 75, 76, 77, 78, 79, 80, 81, 82, 83, 84, 85, 86, 87, 88, 89, 90, 91, 92, 93, 94, 95, 96, 97, 98, 99, 100, 101, 102, 103, 104, 105, 106, 107, 108]
Inds:  [84.0, 83.625, 83.625, 83.625, 83.25, 83.25, 83.25, 83.125, 83.125, 83.125, 82.875, 82.875, 82.875, 82.875, 82.75, 82.625, 82.625, 82.625, 82.625, 82.375, 82.375, 82.375, 82.375, 82.375, 82.375, 82.375, 82.375, 82.375, 82.375, 82.375, 82.375, 82.375, 82.375, 82.375, 82.375, 82.375, 82.375, 82.375, 82.375, 82.375, 82.375, 82.375, 82.375, 82.375, 82.375, 82.375, 82.375, 82.375, 82.375, 82.375, 82.375, 82.375, 82.375, 82.375, 82.375, 82.375, 82.375, 82.375, 82.375, 82.375, 82.375, 82.375, 82.375, 82.375, 82.375, 82.375, 82.375, 82.375, 82.375, 82.375, 82.375, 82.375, 82.375, 82.375, 82.375, 82.375, 82.375, 82.375, 82.375, 82.375, 82.375, 82.375, 82.375, 82.375, 82.375, 82.375, 82.375, 82.375, 82.375, 82.375, 82.375, 82.375, 82.375, 82.375, 82.375, 82.375, 82.375, 82.375, 82.375, 82.375, 82.375, 82.375, 82.375, 82.375, 82.375, 82.375, 82.375, 82.375, 82.375]

Execution 4:
Parameters: Y=0.997
Start Time (hh:mm:ss.ms) 2023-07-17 21:22:06.306629
generations	MaxGenenerations	Populationk1	Populationk	PopulationElite	PopulationMutant	fitnessElite	alpha	min 	max  	avg    	std     
0          	0               	0           	0          	0              	0               	0           	0    	84.5	87.75	86.4925	0.523157
1          	109.991         	997         	1000       	100            	200             	85.475      	0.3  	84.25	88   	86.0371	0.589981
3          	109.624         	991         	994        	102            	196             	85.2502     	0.296	83.875	87.75 	85.8297	0.69674 
5          	109.177         	985         	988        	104            	192             	85.0091     	0.292	83.75 	87.625	85.6641	0.750124
7          	109.015         	979         	982        	106            	188             	84.906      	0.288	83.625	87.75 	85.5373	0.840274
10         	108.811         	970         	973        	110            	182             	84.7588     	0.283	83.5  	87.625	85.4044	0.898797
11         	108.648         	967         	970        	111            	181             	84.6616     	0.281	83.375	87.875	85.3238	0.888568
13         	108.567         	961         	964        	113            	177             	84.6255     	0.277	83.25 	87.75 	85.2094	0.970147
16         	108.364         	952         	955        	115            	171             	84.4754     	0.272	82.75 	87.5  	85.0068	1.01109 
18         	107.672         	946         	949        	118            	167             	84.0586     	0.268	82.625	87.5  	84.791 	1.12858 
25         	107.469         	925         	928        	124            	155             	83.8698     	0.255	82.5  	87.75 	84.3097	1.33709 
27         	107.347         	919         	922        	126            	151             	83.7892     	0.251	82.375	88.125	84.284 	1.34748 
28         	107.346         	916         	919        	127            	149             	83.8107     	0.249	82.25 	87.625	84.2867	1.35038 
End Time (hh:mm:ss.ms) 2023-07-17 21:22:15.321631
Total Time (hh:mm:ss.ms) 0:00:09.015002
Individual: ([12, 6, 11, 8, 4, 7, 16, 2, 14, 9, 0, 3, 10, 15, 5, 1, 13, 17], [0, 1, 1, 0, 0, 0, 1, 1, 1, 0, 0, 0, 0, 0, 0, 0, 1, 0])
Fitness:  82.25
Gens:  [0, 1, 2, 3, 4, 5, 6, 7, 8, 9, 10, 11, 12, 13, 14, 15, 16, 17, 18, 19, 20, 21, 22, 23, 24, 25, 26, 27, 28, 29, 30, 31, 32, 33, 34, 35, 36, 37, 38, 39, 40, 41, 42, 43, 44, 45, 46, 47, 48, 49, 50, 51, 52, 53, 54, 55, 56, 57, 58, 59, 60, 61, 62, 63, 64, 65, 66, 67, 68, 69, 70, 71, 72, 73, 74, 75, 76, 77, 78, 79, 80, 81, 82, 83, 84, 85, 86, 87, 88, 89, 90, 91, 92, 93, 94, 95, 96, 97, 98, 99, 100, 101, 102, 103, 104, 105, 106, 107, 108]
Inds:  [84.5, 84.25, 84.25, 83.875, 83.875, 83.75, 83.75, 83.625, 83.625, 83.625, 83.5, 83.375, 83.375, 83.25, 83.25, 83.25, 82.75, 82.75, 82.625, 82.625, 82.625, 82.625, 82.625, 82.625, 82.625, 82.5, 82.5, 82.375, 82.25, 82.25, 82.25, 82.25, 82.25, 82.25, 82.25, 82.25, 82.25, 82.25, 82.25, 82.25, 82.25, 82.25, 82.25, 82.25, 82.25, 82.25, 82.25, 82.25, 82.25, 82.25, 82.25, 82.25, 82.25, 82.25, 82.25, 82.25, 82.25, 82.25, 82.25, 82.25, 82.25, 82.25, 82.25, 82.25, 82.25, 82.25, 82.25, 82.25, 82.25, 82.25, 82.25, 82.25, 82.25, 82.25, 82.25, 82.25, 82.25, 82.25, 82.25, 82.25, 82.25, 82.25, 82.25, 82.25, 82.25, 82.25, 82.25, 82.25, 82.25, 82.25, 82.25, 82.25, 82.25, 82.25, 82.25, 82.25, 82.25, 82.25, 82.25, 82.25, 82.25, 82.25, 82.25, 82.25, 82.25, 82.25, 82.25, 82.25, 82.25]

Execution 5:
Parameters: Y=0.997
Start Time (hh:mm:ss.ms) 2023-07-17 21:22:16.137630
generations	MaxGenenerations	Populationk1	Populationk	PopulationElite	PopulationMutant	fitnessElite	alpha	min   	max   	avg    	std     
0          	0               	0           	0          	0              	0               	0           	0    	84.625	88.125	86.4772	0.511109
1          	110.278         	997         	1000       	100            	200             	85.675      	0.3  	84    	88    	86.1422	0.577525
4          	109.299         	988         	991        	103            	194             	85.0676     	0.294	83.625	87.625	85.7249	0.738101
10         	108.811         	970         	973        	110            	182             	84.7588     	0.283	83.25 	87.625	85.3781	0.8792  
14         	108.282         	958         	961        	114            	175             	84.423      	0.275	83.125	87.75 	85.1994	0.959369
15         	108.201         	955         	958        	115            	173             	84.3928     	0.274	83    	87.875	85.1635	0.993347
22         	107.998         	934         	937        	121            	160             	84.2076     	0.261	82.875	87.625	84.8754	1.13285 
24         	107.957         	928         	931        	123            	156             	84.1941     	0.257	82.625	87.5  	84.8082	1.13144 
25         	107.469         	925         	928        	124            	155             	83.8698     	0.255	82.5  	87.75 	84.6668	1.16842 
28         	107.428         	916         	919        	127            	149             	83.8423     	0.249	82.25 	87.875	84.4436	1.30189 
30         	107.022         	910         	913        	128            	146             	83.5712     	0.245	82    	87.5  	84.1849	1.35291 
36         	106.697         	892         	895        	134            	135             	83.3185     	0.234	81.875	87.75 	83.8568	1.5209  
57         	106.534         	829         	832        	149            	101             	82.9955     	0.194	81.75 	87.375	83.3454	1.59088 
End Time (hh:mm:ss.ms) 2023-07-17 21:22:25.478631
Total Time (hh:mm:ss.ms) 0:00:09.341001
Individual: ([12, 2, 16, 13, 6, 14, 11, 9, 8, 4, 15, 10, 5, 1, 3, 0, 7, 17], [0, 0, 0, 0, 0, 0, 1, 0, 0, 0, 1, 1, 0, 0, 1, 1, 1, 0])
Fitness:  81.75
Gens:  [0, 1, 2, 3, 4, 5, 6, 7, 8, 9, 10, 11, 12, 13, 14, 15, 16, 17, 18, 19, 20, 21, 22, 23, 24, 25, 26, 27, 28, 29, 30, 31, 32, 33, 34, 35, 36, 37, 38, 39, 40, 41, 42, 43, 44, 45, 46, 47, 48, 49, 50, 51, 52, 53, 54, 55, 56, 57, 58, 59, 60, 61, 62, 63, 64, 65, 66, 67, 68, 69, 70, 71, 72, 73, 74, 75, 76, 77, 78, 79, 80, 81, 82, 83, 84, 85, 86, 87, 88, 89, 90, 91, 92, 93, 94, 95, 96, 97, 98, 99, 100, 101, 102, 103, 104, 105, 106, 107]
Inds:  [84.625, 84.0, 84.0, 84.0, 83.625, 83.625, 83.625, 83.625, 83.625, 83.625, 83.25, 83.25, 83.25, 83.25, 83.125, 83.0, 83.0, 83.0, 83.0, 83.0, 83.0, 83.0, 82.875, 82.875, 82.625, 82.5, 82.5, 82.5, 82.25, 82.25, 82.0, 82.0, 82.0, 82.0, 82.0, 82.0, 81.875, 81.875, 81.875, 81.875, 81.875, 81.875, 81.875, 81.875, 81.875, 81.875, 81.875, 81.875, 81.875, 81.875, 81.875, 81.875, 81.875, 81.875, 81.875, 81.875, 81.875, 81.75, 81.75, 81.75, 81.75, 81.75, 81.75, 81.75, 81.75, 81.75, 81.75, 81.75, 81.75, 81.75, 81.75, 81.75, 81.75, 81.75, 81.75, 81.75, 81.75, 81.75, 81.75, 81.75, 81.75, 81.75, 81.75, 81.75, 81.75, 81.75, 81.75, 81.75, 81.75, 81.75, 81.75, 81.75, 81.75, 81.75, 81.75, 81.75, 81.75, 81.75, 81.75, 81.75, 81.75, 81.75, 81.75, 81.75, 81.75, 81.75, 81.75, 81.75]

Execution 6:
Parameters: Y=0.997
Start Time (hh:mm:ss.ms) 2023-07-17 21:22:26.376631
generations	MaxGenenerations	Populationk1	Populationk	PopulationElite	PopulationMutant	fitnessElite	alpha	min 	max   	avg    	std     
0          	0               	0           	0          	0              	0               	0           	0    	84.5	87.875	86.4839	0.531571
1          	110.032         	997         	1000       	100            	200             	85.5125     	0.3  	84.125	87.75 	86.0958	0.604238
4          	109.544         	988         	991        	103            	194             	85.2295     	0.294	83.875	87.75 	85.7279	0.74611 
6          	109.177         	982         	985        	105            	190             	85.002      	0.290	83.75 	87.625	85.6567	0.776229
8          	109.015         	976         	979        	108            	186             	84.8986     	0.287	83.5  	87.625	85.5767	0.842785
12         	108.73          	964         	967        	112            	179             	84.724      	0.279	83.375	87.5  	85.3355	0.942049
14         	108.486         	958         	961        	114            	175             	84.5481     	0.276	83.25 	88.125	85.2192	1.00718 
15         	108.486         	955         	958        	114            	173             	84.5867     	0.274	82.875	87.75 	85.1605	1.04016 
21         	107.835         	937         	940        	120            	162             	84.1238     	0.262	82.75 	88    	84.7616	1.14886 
22         	107.794         	934         	937        	121            	160             	84.1204     	0.261	82.625	87.5  	84.7248	1.16723 
24         	107.51          	928         	931        	123            	156             	83.9111     	0.257	82.5  	87.625	84.596 	1.25126 
26         	107.267         	922         	925        	125            	153             	83.7353     	0.253	82.375	87.875	84.4374	1.29157 
30         	107.185         	910         	913        	128            	146             	83.6659     	0.245	82.25 	87.5  	84.2529	1.32207 
35         	106.982         	895         	898        	133            	137             	83.4913     	0.236	82.125	87.5  	84.1047	1.39593 
44         	106.779         	868         	871        	140            	122             	83.2772     	0.219	82    	87.625	83.7932	1.49512 
59         	106.737         	823         	826        	150            	98              	83.1001     	0.191	81.875	87.5  	83.5421	1.52826 
73         	106.534         	781         	784        	158            	78              	82.8228     	0.164	81.75 	87.625	83.1399	1.50818 
End Time (hh:mm:ss.ms) 2023-07-17 21:22:35.243632
Total Time (hh:mm:ss.ms) 0:00:08.867001
Individual: ([12, 11, 16, 3, 10, 15, 4, 7, 9, 0, 13, 5, 1, 6, 14, 2, 8, 17], [0, 0, 0, 0, 0, 0, 0, 0, 0, 0, 0, 0, 0, 0, 0, 0, 0, 0])
Fitness:  81.75
Gens:  [0, 1, 2, 3, 4, 5, 6, 7, 8, 9, 10, 11, 12, 13, 14, 15, 16, 17, 18, 19, 20, 21, 22, 23, 24, 25, 26, 27, 28, 29, 30, 31, 32, 33, 34, 35, 36, 37, 38, 39, 40, 41, 42, 43, 44, 45, 46, 47, 48, 49, 50, 51, 52, 53, 54, 55, 56, 57, 58, 59, 60, 61, 62, 63, 64, 65, 66, 67, 68, 69, 70, 71, 72, 73, 74, 75, 76, 77, 78, 79, 80, 81, 82, 83, 84, 85, 86, 87, 88, 89, 90, 91, 92, 93, 94, 95, 96, 97, 98, 99, 100, 101, 102, 103, 104, 105, 106, 107]
Inds:  [84.5, 84.125, 84.125, 84.125, 83.875, 83.875, 83.75, 83.75, 83.5, 83.5, 83.5, 83.5, 83.375, 83.375, 83.25, 82.875, 82.875, 82.875, 82.875, 82.875, 82.875, 82.75, 82.625, 82.625, 82.5, 82.5, 82.375, 82.375, 82.375, 82.375, 82.25, 82.25, 82.25, 82.25, 82.25, 82.125, 82.125, 82.125, 82.125, 82.125, 82.125, 82.125, 82.125, 82.125, 82.0, 82.0, 82.0, 82.0, 82.0, 82.0, 82.0, 82.0, 82.0, 82.0, 82.0, 82.0, 82.0, 82.0, 82.0, 81.875, 81.875, 81.875, 81.875, 81.875, 81.875, 81.875, 81.875, 81.875, 81.875, 81.875, 81.875, 81.875, 81.875, 81.75, 81.75, 81.75, 81.75, 81.75, 81.75, 81.75, 81.75, 81.75, 81.75, 81.75, 81.75, 81.75, 81.75, 81.75, 81.75, 81.75, 81.75, 81.75, 81.75, 81.75, 81.75, 81.75, 81.75, 81.75, 81.75, 81.75, 81.75, 81.75, 81.75, 81.75, 81.75, 81.75, 81.75, 81.75]

Execution 7:
Parameters: Y=0.997
Start Time (hh:mm:ss.ms) 2023-07-17 21:22:36.074630
generations	MaxGenenerations	Populationk1	Populationk	PopulationElite	PopulationMutant	fitnessElite	alpha	min  	max  	avg    	std     
0          	0               	0           	0          	0              	0               	0           	0    	84.75	87.75	86.4596	0.504242
1          	110.316         	997         	1000       	100            	200             	85.65       	0.3  	84.625	87.75	86.1337	0.561231
2          	110.154         	994         	997        	101            	198             	85.5568     	0.298	84.125	87.5 	85.9637	0.624282
3          	109.421         	991         	994        	102            	196             	85.1252     	0.296	83.75 	87.5 	85.8488	0.689362
4          	108.933         	988         	991        	103            	194             	84.8543     	0.294	83.625	87.75	85.7386	0.732395
7          	108.852         	979         	982        	106            	188             	84.817      	0.288	83.25 	87.75 	85.5405	0.87778 
12         	108.323         	964         	967        	112            	179             	84.4736     	0.279	83    	87.625	85.1989	1.00061 
14         	108.038         	958         	961        	114            	175             	84.3107     	0.275	82.875	87.625	85.0012	1.05985 
15         	107.835         	955         	958        	115            	173             	84.1767     	0.274	82.75 	88    	84.9708	1.0882  
18         	107.632         	946         	949        	118            	167             	84.025      	0.268	82.625	87.625	84.5908	1.21305 
20         	107.469         	940         	943        	119            	164             	83.9151     	0.264	82.5  	87.625	84.4213	1.29542 
25         	107.226         	925         	928        	124            	154             	83.7124     	0.255	82.375	87.5  	84.1159	1.40443 
26         	107.144         	922         	925        	125            	153             	83.6733     	0.253	82.25 	87.5  	84.1369	1.41487 
35         	106.982         	895         	898        	133            	137             	83.4913     	0.236	82.125	87.5  	83.8859	1.51999 
36         	106.819         	892         	895        	134            	135             	83.3853     	0.234	82    	87.875	83.8286	1.53244 
43         	106.657         	871         	874        	139            	123             	83.2168     	0.221	81.875	87.875	83.5908	1.5782  
End Time (hh:mm:ss.ms) 2023-07-17 21:22:44.984630
Total Time (hh:mm:ss.ms) 0:00:08.910000
Individual: ([17, 8, 0, 16, 11, 2, 14, 6, 1, 5, 13, 3, 10, 15, 4, 7, 9, 12], [1, 1, 0, 1, 0, 1, 1, 1, 1, 1, 1, 0, 0, 0, 0, 0, 0, 1])
Fitness:  81.875
Gens:  [0, 1, 2, 3, 4, 5, 6, 7, 8, 9, 10, 11, 12, 13, 14, 15, 16, 17, 18, 19, 20, 21, 22, 23, 24, 25, 26, 27, 28, 29, 30, 31, 32, 33, 34, 35, 36, 37, 38, 39, 40, 41, 42, 43, 44, 45, 46, 47, 48, 49, 50, 51, 52, 53, 54, 55, 56, 57, 58, 59, 60, 61, 62, 63, 64, 65, 66, 67, 68, 69, 70, 71, 72, 73, 74, 75, 76, 77, 78, 79, 80, 81, 82, 83, 84, 85, 86, 87, 88, 89, 90, 91, 92, 93, 94, 95, 96, 97, 98, 99, 100, 101, 102, 103, 104, 105, 106, 107]
Inds:  [84.75, 84.625, 84.125, 83.75, 83.625, 83.625, 83.625, 83.25, 83.25, 83.25, 83.25, 83.25, 83.0, 83.0, 82.875, 82.75, 82.75, 82.75, 82.625, 82.625, 82.5, 82.5, 82.5, 82.5, 82.5, 82.375, 82.25, 82.25, 82.25, 82.25, 82.25, 82.25, 82.25, 82.25, 82.25, 82.125, 82.0, 82.0, 82.0, 82.0, 82.0, 82.0, 82.0, 81.875, 81.875, 81.875, 81.875, 81.875, 81.875, 81.875, 81.875, 81.875, 81.875, 81.875, 81.875, 81.875, 81.875, 81.875, 81.875, 81.875, 81.875, 81.875, 81.875, 81.875, 81.875, 81.875, 81.875, 81.875, 81.875, 81.875, 81.875, 81.875, 81.875, 81.875, 81.875, 81.875, 81.875, 81.875, 81.875, 81.875, 81.875, 81.875, 81.875, 81.875, 81.875, 81.875, 81.875, 81.875, 81.875, 81.875, 81.875, 81.875, 81.875, 81.875, 81.875, 81.875, 81.875, 81.875, 81.875, 81.875, 81.875, 81.875, 81.875, 81.875, 81.875, 81.875, 81.875, 81.875]

Execution 8:
Parameters: Y=0.997
Start Time (hh:mm:ss.ms) 2023-07-17 21:22:45.826629
generations	MaxGenenerations	Populationk1	Populationk	PopulationElite	PopulationMutant	fitnessElite	alpha	min  	max	avg    	std     
0          	0               	0           	0          	0              	0               	0           	0    	84.75	88 	86.4802	0.538967
1          	110.399         	997         	1000       	100            	200             	85.725      	0.3  	84.625	87.625	86.1157	0.583549
2          	110.112         	994         	997        	101            	198             	85.5196     	0.298	84.25 	87.875	85.9804	0.654143
4          	109.665         	988         	991        	103            	194             	85.2809     	0.294	84.125	87.5  	85.7869	0.722765
5          	109.421         	985         	988        	104            	192             	85.1128     	0.292	84    	87.5  	85.6647	0.758555
6          	109.258         	982         	985        	105            	190             	85.018      	0.290	83.875	87.5  	85.5983	0.790902
7          	109.095         	979         	982        	106            	188             	84.9226     	0.289	83.75 	87.5  	85.4754	0.805657
8          	108.933         	976         	979        	108            	186             	84.8268     	0.287	83.5  	87.75 	85.4285	0.855246
9          	108.689         	973         	976        	109            	184             	84.7124     	0.285	83.375	87.75 	85.3813	0.84609 
10         	108.526         	970         	973        	110            	182             	84.6149     	0.283	83.25 	88    	85.291 	0.913157
12         	108.364         	964         	967        	112            	179             	84.5086     	0.279	83.125	87.625	85.0988	0.977755
13         	108.16          	961         	964        	113            	177             	84.3751     	0.277	82.75 	87.875	84.9503	1.01488 
14         	107.753         	958         	961        	114            	175             	84.1638     	0.275	82.625	87.875	84.7492	1.12814 
16         	107.51          	952         	955        	116            	171             	83.9855     	0.272	82.5  	87.625	84.4697	1.20426 
17         	107.347         	949         	952        	117            	169             	83.8847     	0.270	82.375	88    	84.4019	1.27265 
18         	107.305         	946         	949        	118            	167             	83.8843     	0.268	82.25 	87.625	84.3175	1.30957 
21         	107.062         	937         	940        	120            	162             	83.6945     	0.262	82.125	87.625	84.1901	1.39644 
23         	106.859         	931         	934        	122            	158             	83.5485     	0.258	82    	87.5  	84.1147	1.42758 
32         	106.777         	904         	907        	130            	142             	83.4214     	0.241	81.875	87.625	83.8674	1.54495 
33         	106.534         	901         	904        	131            	140             	83.2546     	0.239	81.75 	87.75 	83.7442	1.52366 
End Time (hh:mm:ss.ms) 2023-07-17 21:22:55.660628
Total Time (hh:mm:ss.ms) 0:00:09.833999
Individual: ([17, 14, 6, 13, 16, 1, 5, 10, 15, 4, 7, 0, 3, 8, 9, 11, 2, 12], [1, 1, 1, 1, 1, 1, 1, 0, 0, 0, 0, 0, 0, 1, 1, 0, 1, 1])
Fitness:  81.75
Gens:  [0, 1, 2, 3, 4, 5, 6, 7, 8, 9, 10, 11, 12, 13, 14, 15, 16, 17, 18, 19, 20, 21, 22, 23, 24, 25, 26, 27, 28, 29, 30, 31, 32, 33, 34, 35, 36, 37, 38, 39, 40, 41, 42, 43, 44, 45, 46, 47, 48, 49, 50, 51, 52, 53, 54, 55, 56, 57, 58, 59, 60, 61, 62, 63, 64, 65, 66, 67, 68, 69, 70, 71, 72, 73, 74, 75, 76, 77, 78, 79, 80, 81, 82, 83, 84, 85, 86, 87, 88, 89, 90, 91, 92, 93, 94, 95, 96, 97, 98, 99, 100, 101, 102, 103, 104, 105, 106, 107]
Inds:  [84.75, 84.625, 84.25, 84.25, 84.125, 84.0, 83.875, 83.75, 83.5, 83.375, 83.25, 83.25, 83.125, 82.75, 82.625, 82.625, 82.5, 82.375, 82.25, 82.25, 82.25, 82.125, 82.125, 82.0, 82.0, 82.0, 82.0, 82.0, 82.0, 82.0, 82.0, 82.0, 81.875, 81.75, 81.75, 81.75, 81.75, 81.75, 81.75, 81.75, 81.75, 81.75, 81.75, 81.75, 81.75, 81.75, 81.75, 81.75, 81.75, 81.75, 81.75, 81.75, 81.75, 81.75, 81.75, 81.75, 81.75, 81.75, 81.75, 81.75, 81.75, 81.75, 81.75, 81.75, 81.75, 81.75, 81.75, 81.75, 81.75, 81.75, 81.75, 81.75, 81.75, 81.75, 81.75, 81.75, 81.75, 81.75, 81.75, 81.75, 81.75, 81.75, 81.75, 81.75, 81.75, 81.75, 81.75, 81.75, 81.75, 81.75, 81.75, 81.75, 81.75, 81.75, 81.75, 81.75, 81.75, 81.75, 81.75, 81.75, 81.75, 81.75, 81.75, 81.75, 81.75, 81.75, 81.75, 81.75]

Execution 9:
Parameters: Y=0.997
Start Time (hh:mm:ss.ms) 2023-07-17 21:22:56.495630
generations	MaxGenenerations	Populationk1	Populationk	PopulationElite	PopulationMutant	fitnessElite	alpha	min 	max	avg    	std   
0          	0               	0           	0          	0              	0               	0           	0    	84.5	88 	86.4843	0.5293
1          	110.074         	997         	1000       	100            	200             	85.55       	0.3  	84.125	87.75	86.1324	0.581464
3          	109.462         	991         	994        	102            	196             	85.1622     	0.296	83.625	87.75 	85.8174	0.693738
7          	108.77          	979         	982        	107            	188             	84.7447     	0.288	83.375	87.625	85.3392	0.867847
8          	108.486         	976         	979        	108            	186             	84.5952     	0.287	83.125	87.875	85.2526	0.902094
13         	108.16          	961         	964        	113            	177             	84.3751     	0.277	82.875	87.75 	84.9052	1.04794 
14         	107.876         	958         	961        	114            	175             	84.22       	0.275	82.75 	87.5  	84.8113	1.09402 
18         	107.632         	946         	949        	118            	167             	84.025      	0.268	82.625	87.625	84.592 	1.2168  
21         	107.469         	937         	940        	120            	162             	83.9061     	0.262	82.5  	87.5  	84.4406	1.27704 
24         	107.347         	928         	931        	123            	156             	83.8179     	0.257	82.25 	87.875	84.3407	1.31804 
28         	107.022         	916         	919        	127            	149             	83.5913     	0.249	82.125	88    	84.1336	1.39285 
30         	106.859         	910         	913        	129            	145             	83.4765     	0.245	82    	87.625	84.0345	1.45191 
41         	106.697         	877         	880        	138            	127             	83.2657     	0.225	81.875	87.625	83.742 	1.52493 
42         	106.534         	874         	877        	138            	125             	83.1574     	0.223	81.75 	87.75 	83.6588	1.54094 
End Time (hh:mm:ss.ms) 2023-07-17 21:23:06.329632
Total Time (hh:mm:ss.ms) 0:00:09.834002
Individual: ([17, 7, 11, 16, 3, 5, 1, 6, 14, 9, 8, 10, 15, 4, 0, 13, 2, 12], [1, 0, 0, 0, 0, 0, 0, 0, 0, 0, 0, 0, 0, 0, 0, 0, 1, 1])
Fitness:  81.75
Gens:  [0, 1, 2, 3, 4, 5, 6, 7, 8, 9, 10, 11, 12, 13, 14, 15, 16, 17, 18, 19, 20, 21, 22, 23, 24, 25, 26, 27, 28, 29, 30, 31, 32, 33, 34, 35, 36, 37, 38, 39, 40, 41, 42, 43, 44, 45, 46, 47, 48, 49, 50, 51, 52, 53, 54, 55, 56, 57, 58, 59, 60, 61, 62, 63, 64, 65, 66, 67, 68, 69, 70, 71, 72, 73, 74, 75, 76, 77, 78, 79, 80, 81, 82, 83, 84, 85, 86, 87, 88, 89, 90, 91, 92, 93, 94, 95, 96, 97, 98, 99, 100, 101, 102, 103, 104, 105, 106, 107]
Inds:  [84.5, 84.125, 84.125, 83.625, 83.625, 83.625, 83.625, 83.375, 83.125, 83.125, 83.125, 83.125, 83.125, 82.875, 82.75, 82.75, 82.75, 82.75, 82.625, 82.625, 82.625, 82.5, 82.5, 82.5, 82.25, 82.25, 82.25, 82.25, 82.125, 82.125, 82.0, 82.0, 82.0, 82.0, 82.0, 82.0, 82.0, 82.0, 82.0, 82.0, 82.0, 81.875, 81.75, 81.75, 81.75, 81.75, 81.75, 81.75, 81.75, 81.75, 81.75, 81.75, 81.75, 81.75, 81.75, 81.75, 81.75, 81.75, 81.75, 81.75, 81.75, 81.75, 81.75, 81.75, 81.75, 81.75, 81.75, 81.75, 81.75, 81.75, 81.75, 81.75, 81.75, 81.75, 81.75, 81.75, 81.75, 81.75, 81.75, 81.75, 81.75, 81.75, 81.75, 81.75, 81.75, 81.75, 81.75, 81.75, 81.75, 81.75, 81.75, 81.75, 81.75, 81.75, 81.75, 81.75, 81.75, 81.75, 81.75, 81.75, 81.75, 81.75, 81.75, 81.75, 81.75, 81.75, 81.75, 81.75]

Execution 10:
Parameters: Y=0.997
Start Time (hh:mm:ss.ms) 2023-07-17 21:23:07.121631
generations	MaxGenenerations	Populationk1	Populationk	PopulationElite	PopulationMutant	fitnessElite	alpha	min   	max  	avg    	std     
0          	0               	0           	0          	0              	0               	0           	0    	84.875	87.75	86.4843	0.509383
1          	110.479         	997         	1000       	100            	200             	85.7375     	0.3  	84.375	87.625	86.1206	0.576786
3          	109.787         	991         	994        	102            	196             	85.3382     	0.296	84    	87.875	85.8749	0.689964
4          	109.381         	988         	991        	103            	194             	85.1412     	0.294	83.875	87.75 	85.7458	0.709205
5          	109.177         	985         	988        	104            	192             	85.0091     	0.292	83.75 	87.625	85.6632	0.745939
8          	108.933         	976         	979        	108            	186             	84.8268     	0.287	83.625	87.5  	85.4704	0.852615
9          	108.77          	973         	976        	109            	184             	84.7305     	0.285	83.5  	87.75 	85.3966	0.880853
11         	108.771         	967         	970        	111            	181             	84.7673     	0.281	82.5  	87.625	85.2706	0.935784
16         	107.428         	952         	955        	116            	171             	83.9624     	0.272	82.375	88    	84.9145	1.08574 
21         	107.225         	937         	940        	120            	162             	83.787      	0.262	82.25 	87.875	84.6427	1.19528 
22         	107.102         	934         	937        	121            	160             	83.7169     	0.260	82.125	87.625	84.5865	1.2102  
28         	106.94          	916         	919        	127            	149             	83.5596     	0.249	82    	87.625	84.3422	1.34317 
40         	106.697         	880         	883        	137            	128             	83.2763     	0.226	81.875	87.625	84.0338	1.51238 
69         	106.494         	793         	796        	156            	83              	82.8441     	0.172	81.75 	87.75 	83.5244	1.55177 
End Time (hh:mm:ss.ms) 2023-07-17 21:23:15.587631
Total Time (hh:mm:ss.ms) 0:00:08.466000
Individual: ([12, 2, 16, 3, 5, 1, 13, 0, 8, 15, 10, 9, 11, 6, 14, 7, 4, 17], [0, 0, 0, 0, 0, 0, 1, 1, 0, 1, 1, 1, 0, 0, 0, 1, 1, 0])
Fitness:  81.75
Gens:  [0, 1, 2, 3, 4, 5, 6, 7, 8, 9, 10, 11, 12, 13, 14, 15, 16, 17, 18, 19, 20, 21, 22, 23, 24, 25, 26, 27, 28, 29, 30, 31, 32, 33, 34, 35, 36, 37, 38, 39, 40, 41, 42, 43, 44, 45, 46, 47, 48, 49, 50, 51, 52, 53, 54, 55, 56, 57, 58, 59, 60, 61, 62, 63, 64, 65, 66, 67, 68, 69, 70, 71, 72, 73, 74, 75, 76, 77, 78, 79, 80, 81, 82, 83, 84, 85, 86, 87, 88, 89, 90, 91, 92, 93, 94, 95, 96, 97, 98, 99, 100, 101, 102, 103, 104, 105, 106, 107]
Inds:  [84.875, 84.375, 84.375, 84.0, 83.875, 83.75, 83.75, 83.75, 83.625, 83.5, 83.5, 82.5, 82.5, 82.5, 82.5, 82.5, 82.375, 82.375, 82.375, 82.375, 82.375, 82.25, 82.125, 82.125, 82.125, 82.125, 82.125, 82.125, 82.0, 82.0, 82.0, 82.0, 82.0, 82.0, 82.0, 82.0, 82.0, 82.0, 82.0, 82.0, 81.875, 81.875, 81.875, 81.875, 81.875, 81.875, 81.875, 81.875, 81.875, 81.875, 81.875, 81.875, 81.875, 81.875, 81.875, 81.875, 81.875, 81.875, 81.875, 81.875, 81.875, 81.875, 81.875, 81.875, 81.875, 81.875, 81.875, 81.875, 81.875, 81.75, 81.75, 81.75, 81.75, 81.75, 81.75, 81.75, 81.75, 81.75, 81.75, 81.75, 81.75, 81.75, 81.75, 81.75, 81.75, 81.75, 81.75, 81.75, 81.75, 81.75, 81.75, 81.75, 81.75, 81.75, 81.75, 81.75, 81.75, 81.75, 81.75, 81.75, 81.75, 81.75, 81.75, 81.75, 81.75, 81.75, 81.75, 81.75]

